CTD cast

DATE:  10-Apr-2016 13:47:59
latitude:  0.0004
longitude:  93.4416
 P (db)   z (m)    T (^oC)  S (psu)
0.0000 0.0000 30.9550 33.0058
2.0000 1.9890 30.9514 33.0050
4.0000 3.9780 30.9479 33.0042
6.0000 5.9670 30.9435 33.0039
8.0000 7.9559 30.8665 33.0179
10.0000 9.9448 30.8010 33.0454
12.0000 11.9337 30.6911 33.1273
14.0000 13.9226 30.6067 33.2257
16.0000 15.9115 30.6111 33.1922
18.0000 17.9003 30.5804 33.2087
20.0000 19.8892 30.5470 33.2484
22.0000 21.8780 30.5451 33.2588
24.0000 23.8668 30.5462 33.2857
26.0000 25.8555 30.5397 33.3221
28.0000 27.8443 30.5443 33.3187
30.0000 29.8330 30.5165 33.3711
32.0000 31.8217 30.4977 33.3935
34.0000 33.8104 30.3614 33.5768
36.0000 35.7991 29.9925 33.8802
38.0000 37.7878 29.8858 33.9392
40.0000 39.7764 29.7434 33.9381
42.0000 41.7650 29.1978 34.1036
44.0000 43.7536 28.5071 34.3336
46.0000 45.7422 27.9495 34.5411
48.0000 47.7308 27.6230 34.6897
50.0000 49.7193 27.5250 34.7818
52.0000 51.7078 27.3031 34.9592
54.0000 53.6963 27.0456 34.9462
56.0000 55.6848 26.8700 34.9258
58.0000 57.6733 26.7857 34.9219
60.0000 59.6617 26.6424 34.9416
62.0000 61.6501 26.5064 35.0263
64.0000 63.6385 26.4277 35.1366
66.0000 65.6269 26.0244 35.2685
68.0000 67.6153 25.5892 35.2698
70.0000 69.6036 25.2536 35.2967
72.0000 71.5920 25.0928 35.3094
74.0000 73.5803 24.5404 35.3337
76.0000 75.5686 24.0875 35.3354
78.0000 77.5568 23.8338 35.3324
80.0000 79.5451 23.5624 35.3213
82.0000 81.5333 23.4645 35.3310
84.0000 83.5215 23.3400 35.3366
86.0000 85.5097 23.2888 35.3404
88.0000 87.4979 23.1749 35.3409
90.0000 89.4861 22.9459 35.3318
92.0000 91.4742 22.8331 35.3243
94.0000 93.4623 22.7776 35.3210
96.0000 95.4504 22.6517 35.3194
98.0000 97.4385 22.6366 35.3199
100.0000 99.4265 22.6186 35.3181
102.0000 101.4146 22.5264 35.3226
104.0000 103.4026 21.9644 35.3069
106.0000 105.3906 21.8804 35.3055
108.0000 107.3786 21.8201 35.3050
110.0000 109.3666 21.7895 35.3050
112.0000 111.3545 21.7657 35.3040
114.0000 113.3424 21.7403 35.3039
116.0000 115.3303 21.5684 35.2975
118.0000 117.3182 21.2111 35.2875
120.0000 119.3061 21.0754 35.2855
122.0000 121.2939 21.0209 35.3005
124.0000 123.2818 20.7423 35.2950
126.0000 125.2696 20.3523 35.2653
128.0000 127.2573 19.9403 35.2486
130.0000 129.2451 19.6446 35.2378
132.0000 131.2329 19.4221 35.2272
134.0000 133.2206 19.0575 35.2161
136.0000 135.2083 18.9135 35.2091
138.0000 137.1960 18.8189 35.2072
140.0000 139.1837 18.7822 35.2077
142.0000 141.1713 18.6717 35.2076
144.0000 143.1590 18.5083 35.2037
146.0000 145.1466 18.3404 35.2000
148.0000 147.1342 18.1900 35.1901
150.0000 149.1218 18.0739 35.1828
152.0000 151.1093 17.7537 35.1671
154.0000 153.0969 17.5674 35.1566
156.0000 155.0844 17.5070 35.1529
158.0000 157.0719 17.4730 35.1522
160.0000 159.0594 17.4375 35.1542
162.0000 161.0468 17.3804 35.1620
164.0000 163.0343 17.1264 35.1472
166.0000 165.0217 16.9379 35.1506
168.0000 167.0091 16.9235 35.1617
170.0000 168.9965 16.9119 35.1662
172.0000 170.9839 16.8703 35.1690
174.0000 172.9712 16.7118 35.1674
176.0000 174.9585 16.4712 35.1621
178.0000 176.9458 16.1453 35.1576
180.0000 178.9331 15.2505 35.1474
182.0000 180.9204 14.9363 35.1336
184.0000 182.9077 14.7805 35.1297
186.0000 184.8949 14.6585 35.1266
188.0000 186.8821 14.5877 35.1279
190.0000 188.8693 14.5053 35.1262
192.0000 190.8565 14.4776 35.1264
194.0000 192.8436 14.4719 35.1274
196.0000 194.8308 14.4609 35.1282
198.0000 196.8179 14.4499 35.1284
200.0000 198.8050 14.4487 35.1296
202.0000 200.7921 14.4438 35.1298
204.0000 202.7791 14.4350 35.1291
206.0000 204.7661 14.4170 35.1276
208.0000 206.7532 14.2515 35.1250
210.0000 208.7402 13.9394 35.1255
212.0000 210.7271 13.8994 35.1241
214.0000 212.7141 13.8916 35.1241
216.0000 214.7011 13.7968 35.1218
218.0000 216.6880 13.7575 35.1223
220.0000 218.6749 13.7303 35.1219
222.0000 220.6618 13.7070 35.1212
224.0000 222.6487 13.6855 35.1198
226.0000 224.6355 13.6330 35.1159
228.0000 226.6223 13.5793 35.1138
230.0000 228.6091 13.5680 35.1132
232.0000 230.5959 13.5638 35.1130
234.0000 232.5827 13.5476 35.1120
236.0000 234.5695 13.5115 35.1104
238.0000 236.5562 13.4679 35.1089
240.0000 238.5429 13.4519 35.1101
242.0000 240.5296 13.4445 35.1119
244.0000 242.5163 13.4409 35.1128
246.0000 244.5029 13.4045 35.1106
248.0000 246.4896 13.3825 35.1092
250.0000 248.4762 13.3726 35.1093
252.0000 250.4628 13.3572 35.1086
254.0000 252.4494 13.3259 35.1068
256.0000 254.4359 13.3111 35.1063
258.0000 256.4225 13.3102 35.1086
260.0000 258.4090 13.3122 35.1096
262.0000 260.3955 13.3130 35.1101
264.0000 262.3820 13.3140 35.1109
266.0000 264.3685 13.3135 35.1120
268.0000 266.3549 13.3061 35.1117
270.0000 268.3413 13.2876 35.1108
272.0000 270.3278 13.2584 35.1097
274.0000 272.3141 13.2317 35.1084
276.0000 274.3005 13.2141 35.1074
278.0000 276.2868 13.1697 35.1046
280.0000 278.2732 13.0136 35.0976
282.0000 280.2595 12.9464 35.0947
284.0000 282.2458 12.9419 35.0946
286.0000 284.2321 12.9412 35.0947
288.0000 286.2183 12.9422 35.0947
290.0000 288.2045 12.9402 35.0949
292.0000 290.1908 12.9401 35.0954
294.0000 292.1769 12.9359 35.0953
296.0000 294.1631 12.9217 35.0947
298.0000 296.1493 12.8965 35.0939
300.0000 298.1354 12.8480 35.0919
302.0000 300.1216 12.8035 35.0897
304.0000 302.1077 12.7813 35.0885
306.0000 304.0938 12.7245 35.0858
308.0000 306.0798 12.5614 35.0788
310.0000 308.0658 12.5307 35.0786
312.0000 310.0519 12.5253 35.0786
314.0000 312.0378 12.5179 35.0786
316.0000 314.0238 12.5089 35.0782
318.0000 316.0099 12.5016 35.0782
320.0000 317.9958 12.4827 35.0777
322.0000 319.9817 12.4543 35.0775
324.0000 321.9676 12.4422 35.0775
326.0000 323.9535 12.4338 35.0778
328.0000 325.9394 12.4160 35.0765
330.0000 327.9252 12.3964 35.0746
332.0000 329.9111 12.3696 35.0733
334.0000 331.8969 12.3561 35.0728
336.0000 333.8827 12.3322 35.0720
338.0000 335.8685 12.3220 35.0724
340.0000 337.8542 12.3199 35.0727
342.0000 339.8399 12.3161 35.0727
344.0000 341.8257 12.3063 35.0719
346.0000 343.8114 12.2935 35.0719
348.0000 345.7971 12.2771 35.0717
350.0000 347.7827 12.2523 35.0699
352.0000 349.7683 12.1535 35.0628
354.0000 351.7540 11.9486 35.0525
356.0000 353.7396 11.8275 35.0464
358.0000 355.7252 11.5784 35.0355
360.0000 357.7108 11.5103 35.0321
362.0000 359.6963 11.4847 35.0312
364.0000 361.6818 11.4692 35.0312
366.0000 363.6673 11.4318 35.0298
368.0000 365.6528 11.3476 35.0258
370.0000 367.6383 11.2961 35.0227
372.0000 369.6237 11.2780 35.0241
374.0000 371.6092 11.2699 35.0247
376.0000 373.5946 11.2684 35.0256
378.0000 375.5800 11.2684 35.0259
380.0000 377.5654 11.2584 35.0268
382.0000 379.5507 11.2296 35.0257
384.0000 381.5360 11.2081 35.0243
386.0000 383.5214 11.1736 35.0226
388.0000 385.5067 11.1406 35.0223
390.0000 387.4919 11.0662 35.0180
392.0000 389.4772 11.0313 35.0151
394.0000 391.4624 11.0236 35.0146
396.0000 393.4477 10.9998 35.0131
398.0000 395.4329 10.9856 35.0123
400.0000 397.4181 10.9830 35.0132
402.0000 399.4033 10.9652 35.0132
404.0000 401.3884 10.9501 35.0132
406.0000 403.3735 10.9313 35.0143
408.0000 405.3586 10.9001 35.0151
410.0000 407.3437 10.8708 35.0154
412.0000 409.3288 10.8536 35.0156
414.0000 411.3138 10.8498 35.0170
416.0000 413.2988 10.8437 35.0169
418.0000 415.2838 10.8073 35.0136
420.0000 417.2689 10.7791 35.0109
422.0000 419.2538 10.7304 35.0081
424.0000 421.2388 10.7198 35.0083
426.0000 423.2237 10.7035 35.0067
428.0000 425.2086 10.6753 35.0040
430.0000 427.1936 10.6633 35.0037
432.0000 429.1784 10.6455 35.0026
434.0000 431.1632 10.6327 35.0013
436.0000 433.1481 10.6232 35.0007
438.0000 435.1329 10.6202 35.0008
440.0000 437.1178 10.6151 35.0011
442.0000 439.1025 10.6105 35.0011
444.0000 441.0873 10.6086 35.0009
446.0000 443.0720 10.5910 35.0004
448.0000 445.0568 10.5694 34.9999
450.0000 447.0415 10.5442 34.9981
452.0000 449.0261 10.5111 34.9962
454.0000 451.0108 10.5079 34.9959
456.0000 452.9955 10.5059 34.9961
458.0000 454.9802 10.4971 34.9968
460.0000 456.9648 10.4686 34.9957
462.0000 458.9493 10.4141 34.9919
464.0000 460.9339 10.3137 34.9855
466.0000 462.9185 10.2762 34.9816
468.0000 464.9030 10.2113 34.9763
470.0000 466.8875 10.1600 34.9738
472.0000 468.8720 10.1198 34.9728
474.0000 470.8564 10.0830 34.9745
476.0000 472.8409 10.0732 34.9747
478.0000 474.8254 10.0734 34.9752
480.0000 476.8098 10.0704 34.9751
482.0000 478.7942 10.0070 34.9699
484.0000 480.7786 9.9355 34.9667
486.0000 482.7630 9.9377 34.9700
488.0000 484.7473 9.9355 34.9723
490.0000 486.7316 9.9269 34.9746
492.0000 488.7160 9.9248 34.9768
494.0000 490.7002 9.9260 34.9786
496.0000 492.6845 9.9326 34.9812
498.0000 494.6687 9.9350 34.9842
500.0000 496.6530 9.9382 34.9875
502.0000 498.6372 9.9273 34.9872
504.0000 500.6214 9.9060 34.9850
506.0000 502.6056 9.8699 34.9847
508.0000 504.5897 9.8564 34.9905
510.0000 506.5739 9.8395 34.9945
512.0000 508.5580 9.8222 34.9946
514.0000 510.5421 9.8165 34.9970
516.0000 512.5262 9.8190 34.9989
518.0000 514.5103 9.8238 35.0006
520.0000 516.4943 9.8248 35.0013
522.0000 518.4783 9.7843 34.9981
524.0000 520.4623 9.7314 34.9986
526.0000 522.4463 9.6704 35.0004
528.0000 524.4302 9.5956 34.9988
530.0000 526.4142 9.5637 34.9967
532.0000 528.3981 9.5548 34.9957
534.0000 530.3820 9.5297 34.9936
536.0000 532.3659 9.4879 34.9908
538.0000 534.3498 9.4728 34.9892
540.0000 536.3336 9.4571 34.9888
542.0000 538.3174 9.4297 34.9882
544.0000 540.3013 9.4060 34.9872
546.0000 542.2851 9.3970 34.9866
548.0000 544.2689 9.3747 34.9852
550.0000 546.2526 9.3556 34.9851
552.0000 548.2363 9.3565 34.9879
554.0000 550.2202 9.3617 34.9903
556.0000 552.2037 9.3641 34.9914
558.0000 554.1874 9.3669 34.9925
560.0000 556.1711 9.3707 34.9938
562.0000 558.1547 9.3729 34.9944
564.0000 560.1383 9.3759 34.9955
566.0000 562.1219 9.3634 34.9964
568.0000 564.1056 9.3446 34.9952
570.0000 566.0891 9.3125 34.9924
572.0000 568.0726 9.2874 34.9951
574.0000 570.0562 9.2804 34.9973
576.0000 572.0397 9.2702 34.9981
578.0000 574.0232 9.2538 34.9979
580.0000 576.0067 9.2406 34.9974
582.0000 577.9902 9.2248 34.9966
584.0000 579.9735 9.1924 34.9956
586.0000 581.9570 9.1719 34.9967
588.0000 583.9404 9.1565 34.9988
590.0000 585.9238 9.1405 34.9978
592.0000 587.9071 9.1276 34.9966
594.0000 589.8904 9.1227 34.9968
596.0000 591.8738 9.1002 34.9948
598.0000 593.8571 9.0688 34.9929
600.0000 595.8403 9.0605 34.9923
602.0000 597.8237 9.0497 34.9922
604.0000 599.8068 9.0225 34.9914
606.0000 601.7900 9.0114 34.9910
608.0000 603.7733 9.0078 34.9907
610.0000 605.7565 9.0045 34.9908
612.0000 607.7396 8.9985 34.9908
614.0000 609.7228 8.9902 34.9904
616.0000 611.7060 8.9789 34.9898
618.0000 613.6891 8.9708 34.9889
620.0000 615.6721 8.9536 34.9872
622.0000 617.6552 8.9427 34.9889
624.0000 619.6382 8.9459 34.9939
626.0000 621.6213 8.9446 34.9949
628.0000 623.6043 8.9440 34.9950
630.0000 625.5873 8.9418 34.9954
632.0000 627.5703 8.9398 34.9955
634.0000 629.5533 8.9384 34.9956
636.0000 631.5362 8.9374 34.9956
638.0000 633.5191 8.9366 34.9956
640.0000 635.5020 8.9359 34.9957
642.0000 637.4849 8.9348 34.9957
644.0000 639.4678 8.9344 34.9958
646.0000 641.4506 8.9341 34.9960
648.0000 643.4334 8.9348 34.9968
650.0000 645.4163 8.9354 34.9980
652.0000 647.3990 8.9295 34.9976
654.0000 649.3818 8.9287 34.9987
656.0000 651.3646 8.9337 35.0008
658.0000 653.3473 8.9254 35.0005
660.0000 655.3300 8.9116 34.9996
662.0000 657.3127 8.8958 34.9991
664.0000 659.2955 8.8652 34.9977
666.0000 661.2780 8.8489 34.9985
668.0000 663.2607 8.8433 35.0015
670.0000 665.2433 8.8285 35.0027
672.0000 667.2259 8.8140 35.0037
674.0000 669.2084 8.8070 35.0041
676.0000 671.1910 8.7970 35.0061
678.0000 673.1736 8.7408 35.0119
680.0000 675.1561 8.7039 35.0136
682.0000 677.1386 8.6274 35.0145
684.0000 679.1211 8.6053 35.0136
686.0000 681.1035 8.5725 35.0131
688.0000 683.0860 8.5576 35.0127
690.0000 685.0685 8.5532 35.0125
692.0000 687.0509 8.5457 35.0122
694.0000 689.0333 8.5374 35.0118
696.0000 691.0157 8.5263 35.0111
698.0000 692.9980 8.5033 35.0099
700.0000 694.9803 8.4699 35.0078
702.0000 696.9626 8.4577 35.0070
704.0000 698.9449 8.4477 35.0061
706.0000 700.9272 8.4369 35.0055
708.0000 702.9094 8.4306 35.0068
710.0000 704.8917 8.4243 35.0068
712.0000 706.8740 8.4169 35.0064
714.0000 708.8561 8.4096 35.0055
716.0000 710.8383 8.3886 35.0036
718.0000 712.8206 8.3688 35.0020
720.0000 714.8027 8.3649 35.0016
722.0000 716.7847 8.3600 35.0011
724.0000 718.7668 8.3578 35.0011
726.0000 720.7490 8.3572 35.0011
728.0000 722.7310 8.3581 35.0018
730.0000 724.7131 8.3573 35.0027
732.0000 726.6951 8.3501 35.0021
734.0000 728.6772 8.3429 35.0012
736.0000 730.6591 8.3360 35.0003
738.0000 732.6411 8.3207 34.9978
740.0000 734.6231 8.3058 34.9952
742.0000 736.6049 8.2947 34.9936
744.0000 738.5869 8.2909 34.9929
746.0000 740.5688 8.2876 34.9927
748.0000 742.5507 8.2833 34.9924
750.0000 744.5325 8.2822 34.9922
752.0000 746.5144 8.2792 34.9919
754.0000 748.4962 8.2774 34.9917
756.0000 750.4780 8.2777 34.9921
758.0000 752.4598 8.2764 34.9923
760.0000 754.4417 8.2738 34.9921
762.0000 756.4233 8.2719 34.9919
764.0000 758.4050 8.2648 34.9909
766.0000 760.3868 8.2537 34.9897
768.0000 762.3685 8.2331 34.9878
770.0000 764.3502 8.2013 34.9859
772.0000 766.3318 8.1674 34.9847
774.0000 768.3135 8.1595 34.9843
776.0000 770.2950 8.1553 34.9840
778.0000 772.2767 8.1457 34.9838
780.0000 774.2582 8.1369 34.9836
782.0000 776.2399 8.1309 34.9835
784.0000 778.2213 8.1202 34.9830
786.0000 780.2029 8.1104 34.9827
788.0000 782.1844 8.0992 34.9822
790.0000 784.1658 8.0895 34.9840
792.0000 786.1473 8.0898 34.9867
794.0000 788.1288 8.0916 34.9881
796.0000 790.1102 8.0939 34.9899
798.0000 792.0916 8.0966 34.9920
800.0000 794.0731 8.1011 34.9945
802.0000 796.0544 8.1042 34.9954
804.0000 798.0357 8.1075 34.9964
806.0000 800.0170 8.1081 34.9965
808.0000 801.9984 8.1088 34.9969
810.0000 803.9797 8.1103 34.9978
812.0000 805.9609 8.1084 34.9976
814.0000 807.9422 8.1020 34.9979
816.0000 809.9235 8.0747 34.9982
818.0000 811.9047 8.0511 34.9973
820.0000 813.8859 8.0471 34.9966
822.0000 815.8671 8.0433 34.9958
824.0000 817.8482 8.0396 34.9952
826.0000 819.8293 8.0355 34.9947
828.0000 821.8105 8.0323 34.9941
830.0000 823.7916 8.0282 34.9935
832.0000 825.7727 8.0245 34.9930
834.0000 827.7538 8.0189 34.9922
836.0000 829.7349 8.0086 34.9908
838.0000 831.7158 7.9970 34.9894
840.0000 833.6968 7.9936 34.9889
842.0000 835.6779 7.9906 34.9886
844.0000 837.6589 7.9882 34.9883
846.0000 839.6398 7.9865 34.9884
848.0000 841.6207 7.9850 34.9886
850.0000 843.6017 7.9833 34.9885
852.0000 845.5825 7.9791 34.9882
854.0000 847.5634 7.9570 34.9869
856.0000 849.5444 7.9392 34.9856
858.0000 851.5251 7.9256 34.9849
860.0000 853.5059 7.9083 34.9840
862.0000 855.4868 7.8835 34.9827
864.0000 857.4677 7.8719 34.9819
866.0000 859.4483 7.8629 34.9814
868.0000 861.4291 7.8579 34.9815
870.0000 863.4099 7.8544 34.9816
872.0000 865.3905 7.8524 34.9816
874.0000 867.3712 7.8514 34.9820
876.0000 869.3519 7.8509 34.9825
878.0000 871.3326 7.8507 34.9835
880.0000 873.3132 7.8523 34.9848
882.0000 875.2938 7.8536 34.9861
884.0000 877.2745 7.8249 34.9835
886.0000 879.2550 7.8059 34.9815
888.0000 881.2355 7.8049 34.9812
890.0000 883.2161 7.8027 34.9809
892.0000 885.1967 7.7964 34.9805
894.0000 887.1771 7.7831 34.9795
896.0000 889.1576 7.7740 34.9788
898.0000 891.1381 7.7610 34.9781
900.0000 893.1185 7.7436 34.9771
902.0000 895.0989 7.7330 34.9762
904.0000 897.0794 7.7057 34.9739
906.0000 899.0598 7.6464 34.9698
908.0000 901.0402 7.6024 34.9671
910.0000 903.0204 7.5876 34.9667
912.0000 905.0009 7.5834 34.9668
914.0000 906.9811 7.5782 34.9668
916.0000 908.9615 7.5680 34.9662
918.0000 910.9417 7.5469 34.9652
920.0000 912.9221 7.5279 34.9640
922.0000 914.9022 7.4987 34.9633
924.0000 916.8824 7.4832 34.9635
926.0000 918.8628 7.4680 34.9628
928.0000 920.8428 7.4549 34.9622
930.0000 922.8231 7.4201 34.9602
932.0000 924.8032 7.3692 34.9578
934.0000 926.7833 7.3547 34.9570
936.0000 928.7634 7.3529 34.9570
938.0000 930.7436 7.3477 34.9569
940.0000 932.7236 7.3411 34.9568
942.0000 934.7036 7.3372 34.9566
944.0000 936.6837 7.3290 34.9562
946.0000 938.6637 7.3264 34.9559
948.0000 940.6437 7.3253 34.9560
950.0000 942.6237 7.3206 34.9558
952.0000 944.6036 7.3125 34.9554
954.0000 946.5836 7.2905 34.9547
956.0000 948.5635 7.2665 34.9538
958.0000 950.5435 7.2516 34.9541
960.0000 952.5233 7.2086 34.9530
962.0000 954.5032 7.1724 34.9524
964.0000 956.4831 7.1529 34.9519
966.0000 958.4628 7.1436 34.9515
968.0000 960.4427 7.1357 34.9509
970.0000 962.4224 7.1298 34.9506
972.0000 964.4022 7.1181 34.9498
974.0000 966.3820 7.1079 34.9497
976.0000 968.3617 7.1024 34.9502
978.0000 970.3415 7.0923 34.9503
980.0000 972.3211 7.0691 34.9495
982.0000 974.3008 7.0273 34.9465
984.0000 976.2805 6.9784 34.9471
986.0000 978.2601 6.9017 34.9418
988.0000 980.2397 6.8518 34.9385
990.0000 982.2193 6.8385 34.9375
992.0000 984.1990 6.8363 34.9375
994.0000 986.1785 6.8338 34.9378
996.0000 988.1581 6.8303 34.9380
998.0000 990.1375 6.8172 34.9378
1000.0000 992.1171 6.7984 34.9374
1002.0000 994.0966 6.7810 34.9363
1004.0000 996.0760 6.7615 34.9356
1006.0000 998.0555 6.7611 34.9367
1008.0000 1000.0350 6.7595 34.9368
1010.0000 1002.0143 6.7587 34.9374
1012.0000 1003.9938 6.7612 34.9390
1014.0000 1005.9731 6.7635 34.9406
1016.0000 1007.9525 6.7604 34.9408
1018.0000 1009.9318 6.7472 34.9395
1020.0000 1011.9112 6.7236 34.9378
1022.0000 1013.8906 6.7020 34.9359
1024.0000 1015.8697 6.6546 34.9319
1026.0000 1017.8489 6.6088 34.9291
1028.0000 1019.8282 6.5863 34.9271
1030.0000 1021.8076 6.5686 34.9255
1032.0000 1023.7866 6.5669 34.9253
1034.0000 1025.7659 6.5651 34.9255
1036.0000 1027.7451 6.5578 34.9249
1038.0000 1029.7242 6.5505 34.9241
1040.0000 1031.7034 6.5401 34.9230
1042.0000 1033.6825 6.5263 34.9219
1044.0000 1035.6616 6.5154 34.9209
1046.0000 1037.6406 6.5073 34.9204
1048.0000 1039.6198 6.4979 34.9196
1050.0000 1041.5988 6.4419 34.9176
1052.0000 1043.5778 6.4186 34.9160
1054.0000 1045.5569 6.4132 34.9157
1056.0000 1047.5358 6.4086 34.9156
1058.0000 1049.5149 6.4064 34.9157
1060.0000 1051.4937 6.4039 34.9158
1062.0000 1053.4727 6.4028 34.9161
1064.0000 1055.4517 6.4021 34.9163
1066.0000 1057.4304 6.3996 34.9160
1068.0000 1059.4094 6.3991 34.9160
1070.0000 1061.3882 6.4002 34.9165
1072.0000 1063.3671 6.4019 34.9171
1074.0000 1065.3458 6.4032 34.9174
1076.0000 1067.3247 6.4045 34.9176
1078.0000 1069.3035 6.4057 34.9179
1080.0000 1071.2821 6.3939 34.9174
1082.0000 1073.2609 6.3348 34.9150
1084.0000 1075.2397 6.3033 34.9133
1086.0000 1077.2184 6.2984 34.9134
1088.0000 1079.1970 6.3016 34.9146
1090.0000 1081.1757 6.2989 34.9145
1092.0000 1083.1544 6.2975 34.9145
1094.0000 1085.1329 6.2963 34.9144
1096.0000 1087.1116 6.2938 34.9142
1098.0000 1089.0903 6.2900 34.9146
1100.0000 1091.0687 6.2929 34.9161
1102.0000 1093.0474 6.2876 34.9158
1104.0000 1095.0259 6.2817 34.9153
1106.0000 1097.0044 6.2741 34.9151
1108.0000 1098.9829 6.2677 34.9148
1110.0000 1100.9613 6.2657 34.9146
1112.0000 1102.9399 6.2646 34.9145
1114.0000 1104.9182 6.2503 34.9136
1116.0000 1106.8966 6.2357 34.9126
1118.0000 1108.8751 6.2352 34.9124
1120.0000 1110.8535 6.2246 34.9115
1122.0000 1112.8319 6.2061 34.9099
1124.0000 1114.8103 6.1474 34.9065
1126.0000 1116.7885 6.1379 34.9052
1128.0000 1118.7667 6.1125 34.9039
1130.0000 1120.7451 6.0865 34.9025
1132.0000 1122.7235 6.0770 34.9021
1134.0000 1124.7017 6.0708 34.9026
1136.0000 1126.6799 6.0726 34.9050
1138.0000 1128.6582 6.0739 34.9061
1140.0000 1130.6364 6.0750 34.9067
1142.0000 1132.6144 6.0748 34.9069
1144.0000 1134.5927 6.0739 34.9071
1146.0000 1136.5709 6.0734 34.9072
1148.0000 1138.5490 6.0732 34.9074
1150.0000 1140.5271 6.0720 34.9072
1152.0000 1142.5052 6.0709 34.9071
1154.0000 1144.4833 6.0712 34.9072
1156.0000 1146.4612 6.0690 34.9072
1158.0000 1148.4392 6.0672 34.9071
1160.0000 1150.4174 6.0666 34.9069
1162.0000 1152.3953 6.0655 34.9069
1164.0000 1154.3733 6.0634 34.9069
1166.0000 1156.3513 6.0596 34.9065
1168.0000 1158.3292 6.0340 34.9049
1170.0000 1160.3071 5.9209 34.8997
1172.0000 1162.2850 5.7251 34.8896
1174.0000 1164.2628 5.7009 34.8877
1176.0000 1166.2407 5.6987 34.8880
1178.0000 1168.2186 5.6968 34.8882
1180.0000 1170.1964 5.6932 34.8882
1182.0000 1172.1743 5.6923 34.8886
1184.0000 1174.1520 5.6900 34.8889
1186.0000 1176.1299 5.6859 34.8890
1188.0000 1178.1077 5.6856 34.8892
1190.0000 1180.0853 5.6804 34.8891
1192.0000 1182.0631 5.6725 34.8891
1194.0000 1184.0408 5.6690 34.8891
1196.0000 1186.0184 5.6550 34.8886
1198.0000 1187.9960 5.6394 34.8880
1200.0000 1189.9738 5.6117 34.8867
1202.0000 1191.9513 5.5848 34.8854
1204.0000 1193.9290 5.5657 34.8843
1206.0000 1195.9066 5.5551 34.8837
1208.0000 1197.8840 5.5515 34.8836
1210.0000 1199.8616 5.5505 34.8836
1212.0000 1201.8392 5.5500 34.8836
1214.0000 1203.8168 5.5503 34.8839
1216.0000 1205.7943 5.5504 34.8840
1218.0000 1207.7716 5.5506 34.8840
1220.0000 1209.7490 5.5507 34.8841
1222.0000 1211.7264 5.5504 34.8841
1224.0000 1213.7039 5.5500 34.8841
1226.0000 1215.6813 5.5502 34.8842
1228.0000 1217.6587 5.5506 34.8843
1230.0000 1219.6361 5.5508 34.8842
1232.0000 1221.6134 5.5505 34.8842
1234.0000 1223.5907 5.5504 34.8841
1236.0000 1225.5681 5.5500 34.8840
1238.0000 1227.5454 5.5495 34.8840
1240.0000 1229.5227 5.5488 34.8839
1242.0000 1231.4999 5.5474 34.8837
1244.0000 1233.4772 5.5232 34.8806
1246.0000 1235.4542 5.4255 34.8725
1248.0000 1237.4316 5.3945 34.8696
1250.0000 1239.4088 5.3879 34.8698
1252.0000 1241.3859 5.3654 34.8681
1254.0000 1243.3630 5.3254 34.8703
1256.0000 1245.3402 5.2986 34.8714
1258.0000 1247.3173 5.2719 34.8703
1260.0000 1249.2944 5.2518 34.8694
1262.0000 1251.2715 5.2211 34.8683
1264.0000 1253.2485 5.2021 34.8680
1266.0000 1255.2255 5.1949 34.8677
1268.0000 1257.2025 5.1826 34.8670
1270.0000 1259.1794 5.1716 34.8667
1272.0000 1261.1565 5.1564 34.8663
1274.0000 1263.1333 5.1400 34.8659
1276.0000 1265.1102 5.1192 34.8653
1278.0000 1267.0873 5.0961 34.8642
1280.0000 1269.0640 5.0761 34.8643
1282.0000 1271.0409 5.0739 34.8650
1284.0000 1273.0178 5.0724 34.8650
1286.0000 1274.9945 5.0710 34.8654
1288.0000 1276.9714 5.0609 34.8658
1290.0000 1278.9482 5.0455 34.8657
1292.0000 1280.9252 5.0393 34.8660
1294.0000 1282.9017 5.0183 34.8661
1296.0000 1284.8785 4.9933 34.8645
1298.0000 1286.8553 4.9813 34.8637
1300.0000 1288.8319 4.9592 34.8617
1302.0000 1290.8087 4.9495 34.8608
1304.0000 1292.7854 4.9455 34.8608
1306.0000 1294.7622 4.9439 34.8612
1308.0000 1296.7388 4.9445 34.8615
1310.0000 1298.7155 4.9460 34.8620
1312.0000 1300.6920 4.9380 34.8620
1314.0000 1302.6686 4.9301 34.8613
1316.0000 1304.6451 4.9215 34.8614
1318.0000 1306.6217 4.9141 34.8609
1320.0000 1308.5983 4.9090 34.8605
1322.0000 1310.5747 4.9050 34.8604
1324.0000 1312.5513 4.9009 34.8604
1326.0000 1314.5277 4.8866 34.8598
1328.0000 1316.5040 4.8800 34.8601
1330.0000 1318.4805 4.8749 34.8602
1332.0000 1320.4570 4.8734 34.8604
1334.0000 1322.4333 4.8702 34.8604
1336.0000 1324.4097 4.8577 34.8597
1338.0000 1326.3861 4.8492 34.8593
1340.0000 1328.3624 4.8462 34.8588
1342.0000 1330.3386 4.8420 34.8586
1344.0000 1332.3149 4.8393 34.8586
1346.0000 1334.2914 4.8309 34.8583
1348.0000 1336.2675 4.8219 34.8577
1350.0000 1338.2438 4.8211 34.8577
1352.0000 1340.2200 4.8197 34.8578
1354.0000 1342.1963 4.8167 34.8575
1356.0000 1344.1725 4.8156 34.8575
1358.0000 1346.1487 4.8128 34.8573
1360.0000 1348.1249 4.8088 34.8567
1362.0000 1350.1008 4.8003 34.8561
1364.0000 1352.0770 4.7941 34.8557
1366.0000 1354.0532 4.7881 34.8552
1368.0000 1356.0293 4.7782 34.8546
1370.0000 1358.0051 4.7704 34.8542
1372.0000 1359.9813 4.7684 34.8541
1374.0000 1361.9574 4.7676 34.8540
1376.0000 1363.9332 4.7657 34.8540
1378.0000 1365.9093 4.7529 34.8542
1380.0000 1367.8853 4.7440 34.8541
1382.0000 1369.8613 4.7309 34.8538
1384.0000 1371.8372 4.7238 34.8537
1386.0000 1373.8131 4.7211 34.8537
1388.0000 1375.7891 4.7178 34.8536
1390.0000 1377.7648 4.7143 34.8538
1392.0000 1379.7407 4.7123 34.8538
1394.0000 1381.7166 4.7109 34.8537
1396.0000 1383.6924 4.7072 34.8543
1398.0000 1385.6681 4.6959 34.8541
1400.0000 1387.6439 4.6788 34.8534
1402.0000 1389.6196 4.6600 34.8522
1404.0000 1391.5955 4.6180 34.8503
1406.0000 1393.5713 4.6039 34.8495
1408.0000 1395.5470 4.5937 34.8487
1410.0000 1397.5226 4.5714 34.8473
1412.0000 1399.4983 4.5536 34.8463
1414.0000 1401.4739 4.5488 34.8464
1416.0000 1403.4496 4.5417 34.8462
1418.0000 1405.4252 4.5349 34.8456
1420.0000 1407.4009 4.5292 34.8451
1422.0000 1409.3765 4.5289 34.8452
1424.0000 1411.3519 4.5180 34.8446
1426.0000 1413.3274 4.5062 34.8441
1428.0000 1415.3030 4.5019 34.8439
1430.0000 1417.2786 4.4983 34.8437
1432.0000 1419.2539 4.4967 34.8437
1434.0000 1421.2295 4.4923 34.8437
1436.0000 1423.2050 4.4831 34.8435
1438.0000 1425.1804 4.4758 34.8435
1440.0000 1427.1558 4.4748 34.8435
1442.0000 1429.1311 4.4736 34.8436
1444.0000 1431.1066 4.4732 34.8437
1446.0000 1433.0818 4.4724 34.8437
1448.0000 1435.0571 4.4717 34.8435
1450.0000 1437.0326 4.4715 34.8436
1452.0000 1439.0078 4.4710 34.8435
1454.0000 1440.9832 4.4708 34.8435
1456.0000 1442.9585 4.4706 34.8437
1458.0000 1444.9337 4.4704 34.8436
1460.0000 1446.9087 4.4672 34.8435
1462.0000 1448.8842 4.4565 34.8433
1464.0000 1450.8594 4.4496 34.8434
1466.0000 1452.8344 4.4469 34.8436
1468.0000 1454.8096 4.4444 34.8434
1470.0000 1456.7847 4.4404 34.8434
1472.0000 1458.7596 4.4351 34.8431
1474.0000 1460.7350 4.4289 34.8425
1476.0000 1462.7101 4.4168 34.8418
1478.0000 1464.6852 4.4039 34.8408
1480.0000 1466.6602 4.3957 34.8402
1482.0000 1468.6351 4.3867 34.8399
1484.0000 1470.6101 4.3815 34.8396
1486.0000 1472.5851 4.3729 34.8394
1488.0000 1474.5601 4.3687 34.8393
1490.0000 1476.5352 4.3683 34.8393
1492.0000 1478.5100 4.3688 34.8397
1494.0000 1480.4849 4.3691 34.8398
1496.0000 1482.4600 4.3693 34.8398
1498.0000 1484.4347 4.3697 34.8400
1500.0000 1486.4094 4.3699 34.8400
1502.0000 1488.3844 4.3696 34.8400
1504.0000 1490.3593 4.3081 34.8373
1506.0000 1492.3341 4.2363 34.8331
1508.0000 1494.3087 4.1992 34.8317
1510.0000 1496.2836 4.1846 34.8310
1512.0000 1498.2584 4.1716 34.8301
1514.0000 1500.2329 4.1525 34.8294
1516.0000 1502.2078 4.1433 34.8294
1518.0000 1504.1825 4.1391 34.8295
1520.0000 1506.1572 4.1332 34.8295
1522.0000 1508.1317 4.1274 34.8295
1524.0000 1510.1063 4.1231 34.8293
1526.0000 1512.0812 4.1219 34.8291
1528.0000 1514.0557 4.1194 34.8290
1530.0000 1516.0303 4.1101 34.8283
1532.0000 1518.0048 4.1032 34.8279
1534.0000 1519.9795 4.1021 34.8278
1536.0000 1521.9539 4.0999 34.8277
1538.0000 1523.9283 4.0982 34.8277
1540.0000 1525.9028 4.0943 34.8275
1542.0000 1527.8772 4.0909 34.8276
1544.0000 1529.8518 4.0916 34.8280
1546.0000 1531.8263 4.0930 34.8287
1548.0000 1533.8005 4.0829 34.8280
1550.0000 1535.7749 4.0748 34.8273
1552.0000 1537.7495 4.0724 34.8271
1554.0000 1539.7239 4.0680 34.8267
1556.0000 1541.6980 4.0654 34.8263
1558.0000 1543.6724 4.0621 34.8259
1560.0000 1545.6469 4.0563 34.8252
1562.0000 1547.6210 4.0540 34.8251
1564.0000 1549.5952 4.0524 34.8249
1566.0000 1551.5695 4.0499 34.8247
1568.0000 1553.5438 4.0457 34.8244
1570.0000 1555.5179 4.0382 34.8236
1572.0000 1557.4922 4.0330 34.8232
1574.0000 1559.4663 4.0274 34.8232
1576.0000 1561.4404 4.0245 34.8234
1578.0000 1563.4147 4.0232 34.8232
1580.0000 1565.3887 4.0222 34.8236
1582.0000 1567.3629 4.0186 34.8237
1584.0000 1569.3369 4.0081 34.8233
1586.0000 1571.3109 3.9931 34.8226
1588.0000 1573.2850 3.9893 34.8224
1590.0000 1575.2590 3.9872 34.8225
1592.0000 1577.2332 3.9829 34.8224
1594.0000 1579.2070 3.9743 34.8223
1596.0000 1581.1812 3.9705 34.8222
1598.0000 1583.1550 3.9676 34.8220
1600.0000 1585.1289 3.9631 34.8218
1602.0000 1587.1029 3.9590 34.8217
1604.0000 1589.0767 3.9561 34.8216
1606.0000 1591.0507 3.9541 34.8215
1608.0000 1593.0245 3.9524 34.8214
1610.0000 1594.9984 3.9380 34.8207
1612.0000 1596.9722 3.8981 34.8200
1614.0000 1598.9459 3.8885 34.8193
1616.0000 1600.9198 3.8884 34.8191
1618.0000 1602.8936 3.8830 34.8193
1620.0000 1604.8673 3.8783 34.8192
1622.0000 1606.8409 3.8737 34.8189
1624.0000 1608.8148 3.8726 34.8188
1626.0000 1610.7885 3.8720 34.8188
1628.0000 1612.7621 3.8709 34.8186
1630.0000 1614.7360 3.8707 34.8187
1632.0000 1616.7094 3.8708 34.8188
1634.0000 1618.6830 3.8701 34.8187
1636.0000 1620.6567 3.8693 34.8186
1638.0000 1622.6301 3.8656 34.8185
1640.0000 1624.6038 3.8620 34.8182
1642.0000 1626.5774 3.8492 34.8177
1644.0000 1628.5510 3.8164 34.8159
1646.0000 1630.5243 3.7634 34.8143
1648.0000 1632.4979 3.7567 34.8138
1650.0000 1634.4714 3.7552 34.8137
1652.0000 1636.4447 3.7525 34.8138
1654.0000 1638.4183 3.7290 34.8130
1656.0000 1640.3917 3.7090 34.8126
1658.0000 1642.3651 3.7033 34.8127
1660.0000 1644.3385 3.7027 34.8128
1662.0000 1646.3118 3.7019 34.8130
1664.0000 1648.2852 3.7017 34.8130
1666.0000 1650.2585 3.7013 34.8131
1668.0000 1652.2318 3.7001 34.8132
1670.0000 1654.2051 3.6993 34.8132
1672.0000 1656.1785 3.6988 34.8132
1674.0000 1658.1516 3.6983 34.8132
1676.0000 1660.1248 3.6970 34.8132
1678.0000 1662.0983 3.6943 34.8132
1680.0000 1664.0712 3.6875 34.8130
1682.0000 1666.0444 3.6635 34.8117
1684.0000 1668.0177 3.6284 34.8102
1686.0000 1669.9906 3.6223 34.8101
1688.0000 1671.9640 3.6214 34.8100
1690.0000 1673.9371 3.6202 34.8099
1692.0000 1675.9100 3.6192 34.8098
1694.0000 1677.8832 3.6171 34.8099
1696.0000 1679.8563 3.6172 34.8100
1698.0000 1681.8292 3.6173 34.8103
1700.0000 1683.8022 3.6159 34.8103
1702.0000 1685.7751 3.6104 34.8098
1704.0000 1687.7483 3.5987 34.8094
1706.0000 1689.7214 3.5903 34.8090
1708.0000 1691.6942 3.5829 34.8087
1710.0000 1693.6671 3.5755 34.8084
1712.0000 1695.6400 3.5643 34.8078
1714.0000 1697.6129 3.5457 34.8073
1716.0000 1699.5857 3.5403 34.8071
1718.0000 1701.5586 3.5373 34.8069
1720.0000 1703.5315 3.5292 34.8065
1722.0000 1705.5043 3.5156 34.8064
1724.0000 1707.4772 3.5041 34.8060
1726.0000 1709.4500 3.4967 34.8058
1728.0000 1711.4225 3.4920 34.8054
1730.0000 1713.3954 3.4865 34.8051
1732.0000 1715.3680 3.4736 34.8046
1734.0000 1717.3408 3.4532 34.8036
1736.0000 1719.3134 3.4197 34.8020
1738.0000 1721.2860 3.4068 34.8011
1740.0000 1723.2588 3.4016 34.8014
1742.0000 1725.2313 3.4008 34.8015
1744.0000 1727.2040 3.4003 34.8015
1746.0000 1729.1765 3.4000 34.8015
1748.0000 1731.1490 3.3997 34.8015
1750.0000 1733.1218 3.3999 34.8018
1752.0000 1735.0942 3.4001 34.8019
1754.0000 1737.0668 3.4001 34.8018
1756.0000 1739.0392 3.4001 34.8018
1758.0000 1741.0118 3.4001 34.8019
1760.0000 1742.9844 3.4001 34.8019
1762.0000 1744.9567 3.3996 34.8019
1764.0000 1746.9292 3.3994 34.8020
1766.0000 1748.9015 3.3994 34.8018
1768.0000 1750.8740 3.3995 34.8019
1770.0000 1752.8461 3.3977 34.8020
1772.0000 1754.8186 3.3885 34.8017
1774.0000 1756.7911 3.3771 34.8012
1776.0000 1758.7632 3.3716 34.8009
1778.0000 1760.7355 3.3661 34.8006
1780.0000 1762.7080 3.3577 34.8004
1782.0000 1764.6803 3.3459 34.8000
1784.0000 1766.6522 3.3309 34.7991
1786.0000 1768.6248 3.3188 34.7983
1788.0000 1770.5968 3.3070 34.7976
1790.0000 1772.5690 3.2858 34.7963
1792.0000 1774.5413 3.2770 34.7962
1794.0000 1776.5135 3.2686 34.7959
1796.0000 1778.4855 3.2313 34.7942
1798.0000 1780.4575 3.1945 34.7928
1800.0000 1782.4296 3.1662 34.7916
1802.0000 1784.4019 3.1515 34.7911
1804.0000 1786.3738 3.1394 34.7909
1806.0000 1788.3459 3.1322 34.7909
1808.0000 1790.3180 3.1244 34.7908
1810.0000 1792.2899 3.1185 34.7907
1812.0000 1794.2620 3.1137 34.7907
1814.0000 1796.2341 3.1087 34.7907
1816.0000 1798.2059 3.1040 34.7907
1818.0000 1800.1776 3.0970 34.7906
1820.0000 1802.1498 3.0861 34.7902
1822.0000 1804.1216 3.0790 34.7895
1824.0000 1806.0933 3.0742 34.7890
1826.0000 1808.0652 3.0734 34.7889
1828.0000 1810.0372 3.0724 34.7889
1830.0000 1812.0089 3.0717 34.7889
1832.0000 1813.9808 3.0718 34.7890
1834.0000 1815.9525 3.0713 34.7888
1836.0000 1817.9244 3.0693 34.7885
1838.0000 1819.8959 3.0672 34.7883
1840.0000 1821.8678 3.0629 34.7880
1842.0000 1823.8395 3.0439 34.7867
1844.0000 1825.8113 3.0051 34.7849
1846.0000 1827.7830 2.9853 34.7845
1848.0000 1829.7546 2.9823 34.7842
1850.0000 1831.7263 2.9816 34.7845
1852.0000 1833.6979 2.9817 34.7846
1854.0000 1835.6694 2.9819 34.7847
1856.0000 1837.6411 2.9815 34.7848
1858.0000 1839.6128 2.9813 34.7848
1860.0000 1841.5841 2.9813 34.7849
1862.0000 1843.5558 2.9809 34.7850
1864.0000 1845.5272 2.9809 34.7849
1866.0000 1847.4987 2.9811 34.7851
1868.0000 1849.4702 2.9806 34.7851
1870.0000 1851.4419 2.9784 34.7849
1872.0000 1853.4130 2.9739 34.7846
1874.0000 1855.3845 2.9661 34.7843
1876.0000 1857.3558 2.9488 34.7836
1878.0000 1859.3275 2.9442 34.7836
1880.0000 1861.2987 2.9445 34.7838
1882.0000 1863.2700 2.9447 34.7837
1884.0000 1865.2415 2.9451 34.7838
1886.0000 1867.2125 2.9454 34.7840
1888.0000 1869.1840 2.9454 34.7841
1890.0000 1871.1553 2.9456 34.7840
1892.0000 1873.1267 2.9457 34.7839
1894.0000 1875.0975 2.9460 34.7842
1896.0000 1877.0690 2.9461 34.7844
1898.0000 1879.0403 2.9466 34.7844
1900.0000 1881.0114 2.9470 34.7846
1902.0000 1882.9825 2.9475 34.7847
1904.0000 1884.9536 2.9464 34.7844
1906.0000 1886.9249 2.9429 34.7844
1908.0000 1888.8958 2.9415 34.7845
1910.0000 1890.8669 2.9406 34.7843
1912.0000 1892.8380 2.9394 34.7843
1914.0000 1894.8091 2.9388 34.7842
1916.0000 1896.7803 2.9379 34.7842
1918.0000 1898.7512 2.9351 34.7840
1920.0000 1900.7224 2.9338 34.7839
1922.0000 1902.6931 2.9313 34.7837
1924.0000 1904.6641 2.9288 34.7836
1926.0000 1906.6354 2.9251 34.7832
1928.0000 1908.6060 2.9203 34.7828
1930.0000 1910.5770 2.9151 34.7826
1932.0000 1912.5479 2.9106 34.7825
1934.0000 1914.5187 2.9071 34.7821
1936.0000 1916.4895 2.9050 34.7820
1938.0000 1918.4603 2.9006 34.7820
1940.0000 1920.4314 2.8967 34.7818
1942.0000 1922.4019 2.8952 34.7816
1944.0000 1924.3729 2.8919 34.7813
1946.0000 1926.3438 2.8867 34.7813
1948.0000 1928.3142 2.8804 34.7812
1950.0000 1930.2850 2.8736 34.7811
1952.0000 1932.2559 2.8685 34.7809
1954.0000 1934.2267 2.8653 34.7809
1956.0000 1936.1970 2.8618 34.7808
1958.0000 1938.1677 2.8541 34.7803
1960.0000 1940.1385 2.8476 34.7800
1962.0000 1942.1090 2.8454 34.7800
1964.0000 1944.0796 2.8428 34.7799
1966.0000 1946.0504 2.8417 34.7796
1968.0000 1948.0209 2.8389 34.7794
1970.0000 1949.9912 2.8326 34.7792
1972.0000 1951.9619 2.8327 34.7791
1974.0000 1953.9325 2.8312 34.7791
1976.0000 1955.9030 2.8267 34.7787
1978.0000 1957.8732 2.8219 34.7786
1980.0000 1959.8438 2.8182 34.7786
1982.0000 1961.8143 2.8090 34.7782
1984.0000 1963.7845 2.8019 34.7780
1986.0000 1965.7550 2.7915 34.7773
1988.0000 1967.7256 2.7844 34.7771
1990.0000 1969.6957 2.7793 34.7768
1992.0000 1971.6660 2.7749 34.7766
1994.0000 1973.6367 2.7736 34.7766
1996.0000 1975.6067 2.7729 34.7768
1998.0000 1977.5771 2.7726 34.7768
2000.0000 1979.5475 2.7715 34.7768
2002.0000 1981.5177 2.7675 34.7768
2004.0000 1983.4877 2.7660 34.7768
2006.0000 1985.4579 2.7639 34.7765
2008.0000 1987.4283 2.7611 34.7763
2010.0000 1989.3983 2.7534 34.7759
2012.0000 1991.3685 2.7487 34.7757
2014.0000 1993.3387 2.7434 34.7754
2016.0000 1995.3090 2.7365 34.7752
2018.0000 1997.2788 2.7248 34.7747
2020.0000 1999.2489 2.7188 34.7743
2022.0000 2001.2191 2.7108 34.7739
2024.0000 2003.1892 2.7029 34.7735
2026.0000 2005.1592 2.6971 34.7734
2028.0000 2007.1294 2.6944 34.7731
2030.0000 2009.0994 2.6881 34.7729
2032.0000 2011.0692 2.6845 34.7728
2034.0000 2013.0392 2.6778 34.7726
2036.0000 2015.0094 2.6727 34.7725
2038.0000 2016.9790 2.6723 34.7726
2040.0000 2018.9490 2.6701 34.7724
2042.0000 2020.9189 2.6671 34.7724
2044.0000 2022.8887 2.6639 34.7723
2046.0000 2024.8585 2.6607 34.7723
2048.0000 2026.8285 2.6589 34.7722
2050.0000 2028.7983 2.6580 34.7722
2052.0000 2030.7678 2.6579 34.7720
2054.0000 2032.7379 2.6580 34.7722
2056.0000 2034.7076 2.6577 34.7723
2058.0000 2036.6772 2.6575 34.7724
2060.0000 2038.6470 2.6576 34.7725
2062.0000 2040.6168 2.6573 34.7724
2064.0000 2042.5864 2.6561 34.7724
2066.0000 2044.5560 2.6552 34.7724
2068.0000 2046.5258 2.6546 34.7725
2070.0000 2048.4956 2.6517 34.7721
2072.0000 2050.4648 2.6446 34.7718
2074.0000 2052.4348 2.6422 34.7719
2076.0000 2054.4043 2.6412 34.7719
2078.0000 2056.3738 2.6398 34.7719
2080.0000 2058.3433 2.6367 34.7720
2082.0000 2060.3127 2.6300 34.7720
2084.0000 2062.2825 2.6284 34.7718
2086.0000 2064.2517 2.6277 34.7719
2088.0000 2066.2214 2.6273 34.7719
2090.0000 2068.1909 2.6228 34.7715
2092.0000 2070.1604 2.5983 34.7703
2094.0000 2072.1296 2.5800 34.7694
2096.0000 2074.0991 2.5685 34.7688
2098.0000 2076.0686 2.5628 34.7686
2100.0000 2078.0378 2.5597 34.7685
2102.0000 2080.0071 2.5575 34.7684
2104.0000 2081.9766 2.5566 34.7684
2106.0000 2083.9458 2.5557 34.7684
2108.0000 2085.9153 2.5553 34.7686
2110.0000 2087.8843 2.5552 34.7685
2112.0000 2089.8538 2.5554 34.7683
2114.0000 2091.8230 2.5551 34.7685
2116.0000 2093.7920 2.5545 34.7686
2118.0000 2095.7612 2.5545 34.7685
2120.0000 2097.7305 2.5544 34.7686
2122.0000 2099.6995 2.5545 34.7686
2124.0000 2101.6689 2.5546 34.7686
2126.0000 2103.6379 2.5544 34.7685
2128.0000 2105.6069 2.5543 34.7685
2130.0000 2107.5762 2.5542 34.7685
2132.0000 2109.5454 2.5542 34.7684
2134.0000 2111.5142 2.5515 34.7683
2136.0000 2113.4832 2.5475 34.7679
2138.0000 2115.4524 2.5446 34.7677
2140.0000 2117.4214 2.5440 34.7676
2142.0000 2119.3904 2.5440 34.7676
2144.0000 2121.3591 2.5429 34.7677
2146.0000 2123.3281 2.5423 34.7676
2148.0000 2125.2971 2.5421 34.7674
2150.0000 2127.2661 2.5409 34.7675
2152.0000 2129.2351 2.5401 34.7674
2154.0000 2131.2039 2.5391 34.7674
2156.0000 2133.1726 2.5386 34.7673
2158.0000 2135.1414 2.5373 34.7672
2160.0000 2137.1104 2.5351 34.7671
2162.0000 2139.0791 2.5339 34.7670
2164.0000 2141.0479 2.5311 34.7669
2166.0000 2143.0166 2.5280 34.7665
2168.0000 2144.9856 2.5221 34.7662
2170.0000 2146.9541 2.5174 34.7658
2172.0000 2148.9231 2.5003 34.7650
2174.0000 2150.8916 2.4838 34.7644
2176.0000 2152.8601 2.4801 34.7642
2178.0000 2154.8289 2.4778 34.7640
2180.0000 2156.7976 2.4778 34.7641
2182.0000 2158.7664 2.4731 34.7640
2184.0000 2160.7346 2.4643 34.7637
2186.0000 2162.7031 2.4555 34.7635
2188.0000 2164.6719 2.4484 34.7630
2190.0000 2166.6404 2.4431 34.7627
2192.0000 2168.6089 2.4301 34.7625
2194.0000 2170.5776 2.4188 34.7621
2196.0000 2172.5459 2.4108 34.7618
2198.0000 2174.5144 2.4021 34.7615
2200.0000 2176.4829 2.3966 34.7613
2202.0000 2178.4514 2.3915 34.7611
2204.0000 2180.4197 2.3883 34.7610
2206.0000 2182.3882 2.3846 34.7610
2208.0000 2184.3567 2.3813 34.7610
2210.0000 2186.3247 2.3809 34.7611
2212.0000 2188.2932 2.3810 34.7611
2214.0000 2190.2615 2.3806 34.7614
2216.0000 2192.2300 2.3802 34.7612
2218.0000 2194.1982 2.3794 34.7612
2220.0000 2196.1665 2.3788 34.7613
2222.0000 2198.1348 2.3784 34.7612
2224.0000 2200.1030 2.3784 34.7612
2226.0000 2202.0713 2.3787 34.7614
2228.0000 2204.0396 2.3788 34.7614
2230.0000 2206.0076 2.3789 34.7612
2232.0000 2207.9758 2.3790 34.7613
2234.0000 2209.9441 2.3787 34.7613
2236.0000 2211.9121 2.3781 34.7614
2238.0000 2213.8801 2.3774 34.7615
2240.0000 2215.8481 2.3765 34.7614
2242.0000 2217.8164 2.3732 34.7613
2244.0000 2219.7844 2.3653 34.7608
2246.0000 2221.7524 2.3446 34.7599
2248.0000 2223.7207 2.3315 34.7594
2250.0000 2225.6885 2.3266 34.7589
2252.0000 2227.6562 2.3217 34.7587
2254.0000 2229.6243 2.3179 34.7586
2256.0000 2231.5925 2.3164 34.7586
2258.0000 2233.5601 2.3149 34.7585
2260.0000 2235.5283 2.3142 34.7586
2262.0000 2237.4961 2.3134 34.7586
2264.0000 2239.4641 2.3120 34.7585
2266.0000 2241.4319 2.3078 34.7583
2268.0000 2243.3999 2.3071 34.7583
2270.0000 2245.3674 2.3046 34.7582
2272.0000 2247.3352 2.3011 34.7581
2274.0000 2249.3030 2.2988 34.7581
2276.0000 2251.2708 2.2980 34.7581
2278.0000 2253.2388 2.2969 34.7580
2280.0000 2255.2063 2.2949 34.7580
2282.0000 2257.1741 2.2932 34.7578
2284.0000 2259.1421 2.2873 34.7576
2286.0000 2261.1094 2.2864 34.7575
2288.0000 2263.0771 2.2863 34.7574
2290.0000 2265.0449 2.2859 34.7574
2292.0000 2267.0125 2.2859 34.7576
2294.0000 2268.9797 2.2859 34.7576
2296.0000 2270.9475 2.2858 34.7575
2298.0000 2272.9153 2.2851 34.7575
2300.0000 2274.8826 2.2830 34.7574
2302.0000 2276.8501 2.2809 34.7572
2304.0000 2278.8179 2.2799 34.7572
2306.0000 2280.7854 2.2755 34.7569
2308.0000 2282.7527 2.2639 34.7564
2310.0000 2284.7202 2.2538 34.7558
2312.0000 2286.6877 2.2480 34.7554
2314.0000 2288.6550 2.2455 34.7553
2316.0000 2290.6226 2.2450 34.7555
2318.0000 2292.5901 2.2422 34.7554
2320.0000 2294.5574 2.2377 34.7552
2322.0000 2296.5247 2.2345 34.7551
2324.0000 2298.4917 2.2304 34.7548
2326.0000 2300.4592 2.2261 34.7546
2328.0000 2302.4263 2.2198 34.7544
2330.0000 2304.3938 2.2129 34.7543
2332.0000 2306.3611 2.2106 34.7541
2334.0000 2308.3281 2.2084 34.7538
2336.0000 2310.2957 2.2065 34.7539
2338.0000 2312.2629 2.2053 34.7537
2340.0000 2314.2302 2.2037 34.7538
2342.0000 2316.1970 2.2020 34.7537
2344.0000 2318.1643 2.2005 34.7536
2346.0000 2320.1316 2.1994 34.7536
2348.0000 2322.0986 2.1985 34.7535
2350.0000 2324.0657 2.1979 34.7534
2352.0000 2326.0330 2.1974 34.7534
2354.0000 2328.0000 2.1972 34.7534
2356.0000 2329.9668 2.1968 34.7534
2358.0000 2331.9338 2.1959 34.7534
2360.0000 2333.9009 2.1932 34.7535
2362.0000 2335.8679 2.1910 34.7532
2364.0000 2337.8350 2.1895 34.7531
2366.0000 2339.8020 2.1850 34.7531
2368.0000 2341.7690 2.1825 34.7531
2370.0000 2343.7358 2.1794 34.7528
2372.0000 2345.7026 2.1747 34.7528
2374.0000 2347.6697 2.1714 34.7527
2376.0000 2349.6365 2.1704 34.7527
2378.0000 2351.6033 2.1702 34.7526
2380.0000 2353.5703 2.1695 34.7525
2382.0000 2355.5371 2.1629 34.7523
2384.0000 2357.5039 2.1568 34.7520
2386.0000 2359.4707 2.1529 34.7517
2388.0000 2361.4373 2.1489 34.7516
2390.0000 2363.4041 2.1469 34.7514
2392.0000 2365.3708 2.1425 34.7512
2394.0000 2367.3376 2.1401 34.7511
2396.0000 2369.3040 2.1388 34.7511
2398.0000 2371.2708 2.1375 34.7511
2400.0000 2373.2375 2.1354 34.7510
2402.0000 2375.2041 2.1340 34.7510
2404.0000 2377.1707 2.1323 34.7509
2406.0000 2379.1372 2.1315 34.7508
2408.0000 2381.1040 2.1311 34.7509
2410.0000 2383.0703 2.1310 34.7509
2412.0000 2385.0371 2.1301 34.7507
2414.0000 2387.0037 2.1223 34.7502
2416.0000 2388.9700 2.1122 34.7499
2418.0000 2390.9365 2.1069 34.7497
2420.0000 2392.9028 2.1056 34.7497
2422.0000 2394.8696 2.1043 34.7495
2424.0000 2396.8357 2.1032 34.7494
2426.0000 2398.8022 2.1026 34.7496
2428.0000 2400.7686 2.1021 34.7496
2430.0000 2402.7351 2.1019 34.7496
2432.0000 2404.7014 2.1013 34.7496
2434.0000 2406.6677 2.1010 34.7496
2436.0000 2408.6343 2.1005 34.7498
2438.0000 2410.6001 2.1003 34.7495
2440.0000 2412.5667 2.1002 34.7494
2442.0000 2414.5332 2.1004 34.7495
2444.0000 2416.4995 2.1005 34.7496
2446.0000 2418.4656 2.1005 34.7497
2448.0000 2420.4319 2.1006 34.7495
2450.0000 2422.3982 2.1004 34.7495
2452.0000 2424.3640 2.1001 34.7496
2454.0000 2426.3303 2.0999 34.7495
2456.0000 2428.2966 2.0994 34.7495
2458.0000 2430.2625 2.0989 34.7495
2460.0000 2432.2285 2.0986 34.7495
2462.0000 2434.1948 2.0985 34.7495
2464.0000 2436.1609 2.0983 34.7495
2466.0000 2438.1267 2.0984 34.7495
2468.0000 2440.0928 2.0985 34.7494
2470.0000 2442.0588 2.0987 34.7493
2472.0000 2444.0251 2.0990 34.7495
2474.0000 2445.9910 2.0991 34.7497
2476.0000 2447.9570 2.0991 34.7494
2478.0000 2449.9231 2.0991 34.7495
2480.0000 2451.8887 2.0990 34.7494
2482.0000 2453.8547 2.0990 34.7494
2484.0000 2455.8208 2.0991 34.7495
2486.0000 2457.7864 2.0991 34.7495
2488.0000 2459.7524 2.0990 34.7493
2490.0000 2461.7180 2.0989 34.7494
2492.0000 2463.6838 2.0987 34.7495
2494.0000 2465.6499 2.0988 34.7493
2496.0000 2467.6157 2.0988 34.7495
2498.0000 2469.5815 2.0989 34.7493
2500.0000 2471.5471 2.0991 34.7494
2502.0000 2473.5129 2.0995 34.7494
2504.0000 2475.4788 2.0994 34.7494
2506.0000 2477.4443 2.0992 34.7495
2508.0000 2479.4099 2.0991 34.7493
2510.0000 2481.3755 2.0995 34.7494
2512.0000 2483.3416 2.0997 34.7495
2514.0000 2485.3069 2.0997 34.7494
2516.0000 2487.2727 2.0998 34.7494
2518.0000 2489.2383 2.0997 34.7494
2520.0000 2491.2036 2.0999 34.7496
2522.0000 2493.1692 2.0999 34.7495
2524.0000 2495.1348 2.0998 34.7494
2526.0000 2497.1003 2.0999 34.7493
2528.0000 2499.0659 2.1001 34.7494
2530.0000 2501.0315 2.1003 34.7494
2532.0000 2502.9968 2.1004 34.7495
2534.0000 2504.9622 2.1007 34.7495
2536.0000 2506.9275 2.1007 34.7495
2538.0000 2508.8931 2.1006 34.7494
2540.0000 2510.8586 2.0988 34.7493
2542.0000 2512.8240 2.0930 34.7490
2544.0000 2514.7893 2.0902 34.7489
2546.0000 2516.7546 2.0887 34.7489
2548.0000 2518.7197 2.0865 34.7488
2550.0000 2520.6853 2.0841 34.7487
2552.0000 2522.6504 2.0832 34.7487
2554.0000 2524.6157 2.0810 34.7485
2556.0000 2526.5811 2.0741 34.7483
2558.0000 2528.5464 2.0704 34.7481
2560.0000 2530.5115 2.0699 34.7482
2562.0000 2532.4766 2.0700 34.7481
2564.0000 2534.4419 2.0700 34.7481
2566.0000 2536.4070 2.0695 34.7482
2568.0000 2538.3723 2.0675 34.7480
2570.0000 2540.3374 2.0615 34.7478
2572.0000 2542.3025 2.0535 34.7476
2574.0000 2544.2676 2.0491 34.7474
2576.0000 2546.2324 2.0473 34.7471
2578.0000 2548.1975 2.0467 34.7470
2580.0000 2550.1628 2.0469 34.7471
2582.0000 2552.1274 2.0471 34.7472
2584.0000 2554.0928 2.0471 34.7472
2586.0000 2556.0576 2.0472 34.7473
2588.0000 2558.0227 2.0473 34.7473
2590.0000 2559.9875 2.0472 34.7473
2592.0000 2561.9526 2.0472 34.7472
2594.0000 2563.9175 2.0470 34.7473
2596.0000 2565.8823 2.0469 34.7473
2598.0000 2567.8469 2.0470 34.7472
2600.0000 2569.8120 2.0471 34.7474
2602.0000 2571.7769 2.0471 34.7473
2604.0000 2573.7417 2.0469 34.7473
2606.0000 2575.7065 2.0468 34.7473
2608.0000 2577.6711 2.0469 34.7472
2610.0000 2579.6357 2.0468 34.7472
2612.0000 2581.6008 2.0462 34.7473
2614.0000 2583.5657 2.0459 34.7473
2616.0000 2585.5305 2.0457 34.7473
2618.0000 2587.4946 2.0455 34.7472
2620.0000 2589.4597 2.0451 34.7472
2622.0000 2591.4246 2.0451 34.7471
2624.0000 2593.3887 2.0454 34.7472
2626.0000 2595.3535 2.0450 34.7473
2628.0000 2597.3181 2.0439 34.7472
2630.0000 2599.2830 2.0430 34.7471
2632.0000 2601.2473 2.0418 34.7471
2634.0000 2603.2119 2.0387 34.7470
2636.0000 2605.1765 2.0375 34.7469
2638.0000 2607.1409 2.0367 34.7469
2640.0000 2609.1055 2.0363 34.7468
2642.0000 2611.0698 2.0360 34.7466
2644.0000 2613.0344 2.0347 34.7467
2646.0000 2614.9988 2.0338 34.7466
2648.0000 2616.9634 2.0317 34.7464
2650.0000 2618.9277 2.0287 34.7462
2652.0000 2620.8918 2.0276 34.7463
2654.0000 2622.8562 2.0255 34.7462
2656.0000 2624.8210 2.0239 34.7461
2658.0000 2626.7852 2.0233 34.7460
2660.0000 2628.7495 2.0225 34.7461
2662.0000 2630.7136 2.0222 34.7461
2664.0000 2632.6782 2.0221 34.7461
2666.0000 2634.6423 2.0219 34.7461
2668.0000 2636.6067 2.0216 34.7461
2670.0000 2638.5708 2.0211 34.7460
2672.0000 2640.5349 2.0206 34.7460
2674.0000 2642.4993 2.0192 34.7459
2676.0000 2644.4634 2.0174 34.7459
2678.0000 2646.4277 2.0147 34.7457
2680.0000 2648.3916 2.0100 34.7456
2682.0000 2650.3560 2.0077 34.7454
2684.0000 2652.3201 2.0045 34.7453
2686.0000 2654.2842 1.9966 34.7450
2688.0000 2656.2480 1.9943 34.7447
2690.0000 2658.2122 1.9900 34.7446
2692.0000 2660.1763 1.9856 34.7445
2694.0000 2662.1401 1.9825 34.7444
2696.0000 2664.1042 1.9816 34.7445
2698.0000 2666.0681 1.9813 34.7443
2700.0000 2668.0320 1.9812 34.7444
2702.0000 2669.9961 1.9807 34.7443
2704.0000 2671.9600 1.9799 34.7443
2706.0000 2673.9238 1.9778 34.7442
2708.0000 2675.8879 1.9755 34.7440
2710.0000 2677.8516 1.9733 34.7439
2712.0000 2679.8157 1.9691 34.7438
2714.0000 2681.7795 1.9638 34.7435
2716.0000 2683.7432 1.9589 34.7433
2718.0000 2685.7070 1.9572 34.7432
2720.0000 2687.6707 1.9524 34.7432
2722.0000 2689.6345 1.9493 34.7430
2724.0000 2691.5984 1.9484 34.7428
2726.0000 2693.5623 1.9480 34.7428
2728.0000 2695.5259 1.9469 34.7427
2730.0000 2697.4895 1.9450 34.7429
2732.0000 2699.4531 1.9428 34.7429
2734.0000 2701.4170 1.9404 34.7426
2736.0000 2703.3804 1.9364 34.7424
2738.0000 2705.3442 1.9326 34.7423
2740.0000 2707.3079 1.9298 34.7421
2742.0000 2709.2712 1.9284 34.7422
2744.0000 2711.2349 1.9284 34.7421
2746.0000 2713.1985 1.9278 34.7424
2748.0000 2715.1619 1.9271 34.7425
2750.0000 2717.1252 1.9267 34.7422
2752.0000 2719.0891 1.9261 34.7423
2754.0000 2721.0527 1.9252 34.7423
2756.0000 2723.0156 1.9244 34.7422
2758.0000 2724.9795 1.9232 34.7421
2760.0000 2726.9429 1.9192 34.7420
2762.0000 2728.9060 1.9154 34.7418
2764.0000 2730.8696 1.9134 34.7417
2766.0000 2732.8330 1.9123 34.7415
2768.0000 2734.7964 1.9109 34.7416
2770.0000 2736.7598 1.9097 34.7416
2772.0000 2738.7231 1.9080 34.7414
2774.0000 2740.6863 1.9073 34.7413
2776.0000 2742.6497 1.9067 34.7413
2778.0000 2744.6128 1.9059 34.7415
2780.0000 2746.5759 1.9037 34.7413
2782.0000 2748.5393 1.9013 34.7413
2784.0000 2750.5024 1.8999 34.7410
2786.0000 2752.4661 1.8990 34.7409
2788.0000 2754.4292 1.8978 34.7409
2790.0000 2756.3918 1.8965 34.7410
2792.0000 2758.3555 1.8953 34.7409
2794.0000 2760.3186 1.8933 34.7407
2796.0000 2762.2812 1.8884 34.7406
2798.0000 2764.2446 1.8835 34.7405
2800.0000 2766.2078 1.8795 34.7404
2802.0000 2768.1707 1.8776 34.7403
2804.0000 2770.1335 1.8761 34.7403
2806.0000 2772.0967 1.8748 34.7403
2808.0000 2774.0601 1.8746 34.7403
2810.0000 2776.0227 1.8740 34.7402
2812.0000 2777.9856 1.8731 34.7402
2814.0000 2779.9487 1.8712 34.7401
2816.0000 2781.9116 1.8697 34.7401
2818.0000 2783.8745 1.8686 34.7402
2820.0000 2785.8374 1.8680 34.7401
2822.0000 2787.8003 1.8678 34.7402
2824.0000 2789.7632 1.8674 34.7402
2826.0000 2791.7261 1.8657 34.7402
2828.0000 2793.6890 1.8636 34.7400
2830.0000 2795.6516 1.8613 34.7398
2832.0000 2797.6143 1.8570 34.7397
2834.0000 2799.5771 1.8545 34.7397
2836.0000 2801.5400 1.8534 34.7395
2838.0000 2803.5027 1.8527 34.7395
2840.0000 2805.4653 1.8525 34.7396
2842.0000 2807.4280 1.8524 34.7395
2844.0000 2809.3906 1.8526 34.7397
2846.0000 2811.3533 1.8527 34.7397
2848.0000 2813.3162 1.8528 34.7396
2850.0000 2815.2788 1.8529 34.7396
2852.0000 2817.2410 1.8531 34.7396
2854.0000 2819.2039 1.8534 34.7396
2856.0000 2821.1665 1.8535 34.7396
2858.0000 2823.1289 1.8536 34.7397
2860.0000 2825.0916 1.8537 34.7396
2862.0000 2827.0544 1.8538 34.7396
2864.0000 2829.0168 1.8535 34.7396
2866.0000 2830.9790 1.8532 34.7396
2868.0000 2832.9417 1.8530 34.7395
2870.0000 2834.9041 1.8530 34.7395
2872.0000 2836.8665 1.8531 34.7395
2874.0000 2838.8289 1.8533 34.7396
2876.0000 2840.7915 1.8530 34.7397
2878.0000 2842.7537 1.8527 34.7396
2880.0000 2844.7161 1.8525 34.7395
2882.0000 2846.6782 1.8521 34.7395
2884.0000 2848.6409 1.8516 34.7395
2886.0000 2850.6030 1.8509 34.7395
2888.0000 2852.5652 1.8506 34.7394
2890.0000 2854.5276 1.8498 34.7395
2892.0000 2856.4900 1.8487 34.7394
2894.0000 2858.4521 1.8480 34.7393
2896.0000 2860.4143 1.8479 34.7394
2898.0000 2862.3767 1.8479 34.7392
2900.0000 2864.3386 1.8473 34.7391
2902.0000 2866.3010 1.8471 34.7392
2904.0000 2868.2632 1.8472 34.7391
2906.0000 2870.2251 1.8470 34.7391
2908.0000 2872.1873 1.8468 34.7392
2910.0000 2874.1494 1.8467 34.7392
2912.0000 2876.1116 1.8468 34.7391
2914.0000 2878.0735 1.8469 34.7392
2916.0000 2880.0356 1.8460 34.7392
2918.0000 2881.9976 1.8448 34.7389
2920.0000 2883.9595 1.8428 34.7390
2922.0000 2885.9214 1.8419 34.7390
2924.0000 2887.8838 1.8418 34.7391
2926.0000 2889.8455 1.8420 34.7389
2928.0000 2891.8076 1.8404 34.7389
2930.0000 2893.7693 1.8363 34.7388
2932.0000 2895.7314 1.8327 34.7385
2934.0000 2897.6929 1.8301 34.7384
2936.0000 2899.6550 1.8255 34.7382
2938.0000 2901.6169 1.8205 34.7380
2940.0000 2903.5789 1.8186 34.7379
2942.0000 2905.5405 1.8137 34.7377
2944.0000 2907.5024 1.8095 34.7375
2946.0000 2909.4641 1.8046 34.7374
2948.0000 2911.4258 1.8014 34.7373
2950.0000 2913.3875 1.7963 34.7371
2952.0000 2915.3496 1.7932 34.7369
2954.0000 2917.3110 1.7912 34.7369
2956.0000 2919.2727 1.7854 34.7368
2958.0000 2921.2344 1.7826 34.7368
2960.0000 2923.1960 1.7825 34.7366
2962.0000 2925.1575 1.7823 34.7368
2964.0000 2927.1194 1.7825 34.7369
2966.0000 2929.0808 1.7825 34.7370
2968.0000 2931.0425 1.7820 34.7369
2970.0000 2933.0039 1.7780 34.7367
2972.0000 2934.9658 1.7718 34.7364
2974.0000 2936.9272 1.7702 34.7362
2976.0000 2938.8884 1.7593 34.7358
2978.0000 2940.8503 1.7461 34.7355
2980.0000 2942.8118 1.7437 34.7354
2982.0000 2944.7729 1.7431 34.7353
2984.0000 2946.7344 1.7430 34.7353
2986.0000 2948.6960 1.7430 34.7352
2988.0000 2950.6572 1.7427 34.7353
2990.0000 2952.6187 1.7428 34.7355
2992.0000 2954.5801 1.7429 34.7354
2994.0000 2956.5415 1.7428 34.7355
2996.0000 2958.5027 1.7424 34.7354
2998.0000 2960.4641 1.7419 34.7353
3000.0000 2962.4255 1.7394 34.7352
3002.0000 2964.3867 1.7391 34.7353
3004.0000 2966.3479 1.7393 34.7354
3006.0000 2968.3091 1.7394 34.7355
3008.0000 2970.2705 1.7392 34.7354
3010.0000 2972.2314 1.7383 34.7353
3012.0000 2974.1929 1.7362 34.7352
3014.0000 2976.1538 1.7325 34.7350
3016.0000 2978.1152 1.7176 34.7345
3018.0000 2980.0764 1.7130 34.7344
3020.0000 2982.0374 1.7123 34.7343
3022.0000 2983.9985 1.7112 34.7342
3024.0000 2985.9595 1.7097 34.7344
3026.0000 2987.9207 1.7088 34.7342
3028.0000 2989.8818 1.7084 34.7343
3030.0000 2991.8430 1.7079 34.7342
3032.0000 2993.8040 1.7074 34.7341
3034.0000 2995.7649 1.7068 34.7341
3036.0000 2997.7258 1.7058 34.7342
3038.0000 2999.6865 1.7046 34.7342
3040.0000 3001.6477 1.7044 34.7341
3042.0000 3003.6086 1.7045 34.7341
3044.0000 3005.5693 1.7042 34.7342
3046.0000 3007.5305 1.7040 34.7341
3048.0000 3009.4912 1.7039 34.7340
3050.0000 3011.4521 1.7031 34.7341
3052.0000 3013.4131 1.7017 34.7340
3054.0000 3015.3738 1.7010 34.7340
3056.0000 3017.3347 1.7008 34.7341
3058.0000 3019.2952 1.6998 34.7341
3060.0000 3021.2561 1.6986 34.7339
3062.0000 3023.2173 1.6977 34.7337
3064.0000 3025.1777 1.6950 34.7337
3066.0000 3027.1384 1.6922 34.7337
3068.0000 3029.0991 1.6919 34.7336
3070.0000 3031.0598 1.6903 34.7335
3072.0000 3033.0205 1.6885 34.7335
3074.0000 3034.9810 1.6875 34.7334
3076.0000 3036.9419 1.6871 34.7334
3078.0000 3038.9026 1.6870 34.7335
3080.0000 3040.8628 1.6870 34.7335
3082.0000 3042.8235 1.6846 34.7332
3084.0000 3044.7842 1.6818 34.7332
3086.0000 3046.7444 1.6774 34.7330
3088.0000 3048.7051 1.6765 34.7330
3090.0000 3050.6655 1.6765 34.7331
3092.0000 3052.6265 1.6766 34.7329
3094.0000 3054.5867 1.6770 34.7330
3096.0000 3056.5471 1.6760 34.7330
3098.0000 3058.5076 1.6741 34.7331
3100.0000 3060.4675 1.6727 34.7329
3102.0000 3062.4282 1.6709 34.7328
3104.0000 3064.3887 1.6686 34.7327
3106.0000 3066.3489 1.6677 34.7327
3108.0000 3068.3093 1.6667 34.7328
3110.0000 3070.2698 1.6665 34.7328
3112.0000 3072.2300 1.6652 34.7328
3114.0000 3074.1902 1.6646 34.7327
3116.0000 3076.1506 1.6647 34.7326
3118.0000 3078.1108 1.6641 34.7327
3120.0000 3080.0710 1.6634 34.7327
3122.0000 3082.0315 1.6627 34.7327
3124.0000 3083.9915 1.6621 34.7326
3126.0000 3085.9519 1.6621 34.7327
3128.0000 3087.9121 1.6621 34.7327
3130.0000 3089.8721 1.6623 34.7326
3132.0000 3091.8323 1.6622 34.7326
3134.0000 3093.7925 1.6621 34.7326
3136.0000 3095.7524 1.6604 34.7325
3138.0000 3097.7124 1.6593 34.7325
3140.0000 3099.6729 1.6586 34.7324
3142.0000 3101.6326 1.6582 34.7324
3144.0000 3103.5928 1.6574 34.7323
3146.0000 3105.5527 1.6563 34.7323
3148.0000 3107.5125 1.6561 34.7323
3150.0000 3109.4727 1.6553 34.7323
3152.0000 3111.4329 1.6542 34.7323
3154.0000 3113.3926 1.6540 34.7322
3156.0000 3115.3523 1.6538 34.7322
3158.0000 3117.3123 1.6539 34.7322
3160.0000 3119.2725 1.6540 34.7323
3162.0000 3121.2319 1.6542 34.7323
3164.0000 3123.1919 1.6544 34.7322
3166.0000 3125.1521 1.6546 34.7324
3168.0000 3127.1116 1.6547 34.7323
3170.0000 3129.0713 1.6548 34.7323
3172.0000 3131.0312 1.6551 34.7323
3174.0000 3132.9910 1.6553 34.7325
3176.0000 3134.9504 1.6555 34.7324
3178.0000 3136.9104 1.6556 34.7324
3180.0000 3138.8704 1.6557 34.7323
3182.0000 3140.8296 1.6558 34.7322
3184.0000 3142.7893 1.6550 34.7323
3186.0000 3144.7493 1.6543 34.7324
3188.0000 3146.7090 1.6539 34.7323
3190.0000 3148.6682 1.6536 34.7323
3192.0000 3150.6279 1.6535 34.7321
3194.0000 3152.5876 1.6534 34.7321
3196.0000 3154.5469 1.6534 34.7323
3198.0000 3156.5068 1.6534 34.7322
3200.0000 3158.4666 1.6534 34.7322
3202.0000 3160.4263 1.6534 34.7321
3204.0000 3162.3853 1.6534 34.7321
3206.0000 3164.3447 1.6534 34.7323
3208.0000 3166.3044 1.6530 34.7323
3210.0000 3168.2634 1.6523 34.7323
3212.0000 3170.2231 1.6510 34.7320
3214.0000 3172.1826 1.6493 34.7320
3216.0000 3174.1423 1.6483 34.7321
3218.0000 3176.1011 1.6473 34.7320
3220.0000 3178.0605 1.6465 34.7318
3222.0000 3180.0203 1.6458 34.7318
3224.0000 3181.9795 1.6455 34.7319
3226.0000 3183.9385 1.6450 34.7318
3228.0000 3185.8979 1.6443 34.7318
3230.0000 3187.8574 1.6441 34.7319
3232.0000 3189.8167 1.6429 34.7318
3234.0000 3191.7756 1.6408 34.7317
3236.0000 3193.7351 1.6390 34.7319
3238.0000 3195.6941 1.6382 34.7318
3240.0000 3197.6533 1.6373 34.7316
3242.0000 3199.6128 1.6367 34.7318
3244.0000 3201.5715 1.6352 34.7317
3246.0000 3203.5308 1.6341 34.7316
3248.0000 3205.4900 1.6335 34.7316
3250.0000 3207.4492 1.6327 34.7316
3252.0000 3209.4077 1.6313 34.7315
3254.0000 3211.3672 1.6300 34.7314
3256.0000 3213.3262 1.6291 34.7314
3258.0000 3215.2852 1.6285 34.7314
3260.0000 3217.2441 1.6275 34.7313
3262.0000 3219.2031 1.6267 34.7313
3264.0000 3221.1624 1.6264 34.7313
3266.0000 3223.1211 1.6262 34.7313
3268.0000 3225.0803 1.6255 34.7313
3270.0000 3227.0391 1.6241 34.7314
3272.0000 3228.9978 1.6227 34.7313
3274.0000 3230.9568 1.6204 34.7311
3276.0000 3232.9158 1.6194 34.7311
3278.0000 3234.8748 1.6186 34.7311
3280.0000 3236.8333 1.6173 34.7311
3282.0000 3238.7922 1.6162 34.7310
3284.0000 3240.7510 1.6157 34.7308
3286.0000 3242.7097 1.6148 34.7308
3288.0000 3244.6685 1.6126 34.7308
3290.0000 3246.6272 1.6114 34.7308
3292.0000 3248.5862 1.6097 34.7307
3294.0000 3250.5447 1.6088 34.7307
3296.0000 3252.5034 1.6079 34.7307
3298.0000 3254.4624 1.6068 34.7307
3300.0000 3256.4209 1.6054 34.7305
3302.0000 3258.3792 1.6031 34.7305
3304.0000 3260.3381 1.6012 34.7306
3306.0000 3262.2964 1.5999 34.7305
3308.0000 3264.2551 1.5981 34.7303
3310.0000 3266.2141 1.5972 34.7303
3312.0000 3268.1724 1.5963 34.7303
3314.0000 3270.1306 1.5942 34.7302
3316.0000 3272.0894 1.5928 34.7302
3318.0000 3274.0481 1.5914 34.7303
3320.0000 3276.0061 1.5884 34.7301
3322.0000 3277.9648 1.5862 34.7299
3324.0000 3279.9231 1.5855 34.7299
3326.0000 3281.8816 1.5849 34.7300
3328.0000 3283.8401 1.5841 34.7300
3330.0000 3285.7986 1.5826 34.7299
3332.0000 3287.7571 1.5784 34.7297
3334.0000 3289.7151 1.5774 34.7297
3336.0000 3291.6736 1.5756 34.7297
3338.0000 3293.6318 1.5732 34.7295
3340.0000 3295.5903 1.5726 34.7296
3342.0000 3297.5483 1.5703 34.7296
3344.0000 3299.5068 1.5666 34.7293
3346.0000 3301.4653 1.5639 34.7293
3348.0000 3303.4233 1.5610 34.7292
3350.0000 3305.3818 1.5562 34.7291
3352.0000 3307.3396 1.5494 34.7288
3354.0000 3309.2979 1.5467 34.7287
3356.0000 3311.2561 1.5462 34.7286
3358.0000 3313.2144 1.5439 34.7286
3360.0000 3315.1726 1.5434 34.7287
3362.0000 3317.1306 1.5423 34.7287
3364.0000 3319.0886 1.5310 34.7282
3366.0000 3321.0466 1.5200 34.7278
3368.0000 3323.0044 1.5184 34.7278
3370.0000 3324.9626 1.5183 34.7277
3372.0000 3326.9207 1.5183 34.7277
3374.0000 3328.8789 1.5184 34.7277
3376.0000 3330.8367 1.5184 34.7278
3378.0000 3332.7947 1.5184 34.7278
3380.0000 3334.7529 1.5186 34.7279
3382.0000 3336.7107 1.5187 34.7279
3384.0000 3338.6685 1.5188 34.7279
3386.0000 3340.6262 1.5191 34.7279
3388.0000 3342.5845 1.5195 34.7279
3390.0000 3344.5422 1.5196 34.7281
3392.0000 3346.5002 1.5197 34.7280
3394.0000 3348.4580 1.5199 34.7279
3396.0000 3350.4158 1.5202 34.7280
3398.0000 3352.3735 1.5203 34.7281
3400.0000 3354.3315 1.5204 34.7280
3402.0000 3356.2896 1.5207 34.7280
3404.0000 3358.2463 1.5210 34.7281
3406.0000 3360.2046 1.5209 34.7279
3408.0000 3362.1621 1.5210 34.7279
3410.0000 3364.1199 1.5212 34.7279
3412.0000 3366.0776 1.5215 34.7279
3414.0000 3368.0352 1.5217 34.7279
3416.0000 3369.9932 1.5217 34.7280
3418.0000 3371.9504 1.5218 34.7279
3420.0000 3373.9082 1.5219 34.7279
3422.0000 3375.8657 1.5221 34.7279
3424.0000 3377.8235 1.5224 34.7280
3426.0000 3379.7812 1.5225 34.7281
3428.0000 3381.7388 1.5226 34.7280
3430.0000 3383.6958 1.5226 34.7280
3432.0000 3385.6533 1.5228 34.7279
3434.0000 3387.6111 1.5224 34.7278
3436.0000 3389.5684 1.5222 34.7280
3438.0000 3391.5256 1.5222 34.7279
3440.0000 3393.4832 1.5225 34.7279
3442.0000 3395.4409 1.5211 34.7279
3444.0000 3397.3982 1.5205 34.7277
3446.0000 3399.3555 1.5198 34.7278
3448.0000 3401.3130 1.5182 34.7278
3450.0000 3403.2703 1.5132 34.7275
3452.0000 3405.2275 1.5018 34.7273
3454.0000 3407.1848 1.4973 34.7271
3456.0000 3409.1426 1.4939 34.7269
3458.0000 3411.0994 1.4908 34.7268
3460.0000 3413.0566 1.4884 34.7267
3462.0000 3415.0142 1.4871 34.7266
3464.0000 3416.9714 1.4860 34.7266
3466.0000 3418.9285 1.4854 34.7267
3468.0000 3420.8855 1.4848 34.7268
3470.0000 3422.8428 1.4827 34.7266
3472.0000 3424.7998 1.4800 34.7266
3474.0000 3426.7568 1.4787 34.7266
3476.0000 3428.7141 1.4776 34.7266
3478.0000 3430.6714 1.4767 34.7266
3480.0000 3432.6282 1.4754 34.7266
3482.0000 3434.5854 1.4748 34.7266
3484.0000 3436.5422 1.4738 34.7267
3486.0000 3438.4993 1.4713 34.7268
3488.0000 3440.4563 1.4703 34.7268
3490.0000 3442.4136 1.4688 34.7266
3492.0000 3444.3704 1.4662 34.7264
3494.0000 3446.3274 1.4650 34.7265
3496.0000 3448.2847 1.4642 34.7265
3498.0000 3450.2415 1.4618 34.7265
3500.0000 3452.1982 1.4595 34.7265
3502.0000 3454.1550 1.4591 34.7265
3504.0000 3456.1118 1.4583 34.7264
3506.0000 3458.0688 1.4580 34.7263
3508.0000 3460.0256 1.4580 34.7263
3510.0000 3461.9824 1.4580 34.7263
3512.0000 3463.9397 1.4577 34.7262
3514.0000 3465.8960 1.4572 34.7262
3516.0000 3467.8528 1.4572 34.7263
3518.0000 3469.8096 1.4570 34.7263
3520.0000 3471.7661 1.4565 34.7262
3522.0000 3473.7229 1.4559 34.7263
3524.0000 3475.6797 1.4558 34.7263
3526.0000 3477.6365 1.4555 34.7263
3528.0000 3479.5930 1.4548 34.7263
3530.0000 3481.5498 1.4537 34.7261
3532.0000 3483.5063 1.4534 34.7262
3534.0000 3485.4626 1.4536 34.7262
3536.0000 3487.4194 1.4514 34.7262
3538.0000 3489.3762 1.4477 34.7261
3540.0000 3491.3328 1.4465 34.7259
3542.0000 3493.2891 1.4452 34.7259
3544.0000 3495.2456 1.4439 34.7258
3546.0000 3497.2024 1.4435 34.7257
3548.0000 3499.1589 1.4432 34.7257
3550.0000 3501.1157 1.4410 34.7257
3552.0000 3503.0720 1.4394 34.7256
3554.0000 3505.0283 1.4386 34.7255
3556.0000 3506.9849 1.4382 34.7256
3558.0000 3508.9412 1.4376 34.7256
3560.0000 3510.8977 1.4369 34.7256
3562.0000 3512.8538 1.4363 34.7256
3564.0000 3514.8101 1.4354 34.7254
3566.0000 3516.7664 1.4318 34.7253
3568.0000 3518.7224 1.4300 34.7254
3570.0000 3520.6790 1.4293 34.7254
3572.0000 3522.6353 1.4292 34.7253
3574.0000 3524.5918 1.4294 34.7254
3576.0000 3526.5476 1.4294 34.7253
3578.0000 3528.5042 1.4278 34.7253
3580.0000 3530.4604 1.4256 34.7253
3582.0000 3532.4160 1.4224 34.7251
3584.0000 3534.3726 1.4204 34.7251
3586.0000 3536.3293 1.4188 34.7251
3588.0000 3538.2852 1.4172 34.7250
3590.0000 3540.2412 1.4161 34.7250
3592.0000 3542.1973 1.4147 34.7249
3594.0000 3544.1536 1.4128 34.7249
3596.0000 3546.1094 1.4122 34.7249
3598.0000 3548.0652 1.4123 34.7249
3600.0000 3550.0217 1.4122 34.7249
3602.0000 3551.9775 1.4107 34.7248
3604.0000 3553.9333 1.4101 34.7248
3606.0000 3555.8896 1.4093 34.7248
3608.0000 3557.8457 1.4078 34.7247
3610.0000 3559.8013 1.4065 34.7247
3612.0000 3561.7576 1.3935 34.7240
3614.0000 3563.7136 1.3837 34.7239
3616.0000 3565.6694 1.3774 34.7236
3618.0000 3567.6252 1.3717 34.7234
3620.0000 3569.5811 1.3694 34.7233
3622.0000 3571.5371 1.3675 34.7234
3624.0000 3573.4924 1.3631 34.7233
3626.0000 3575.4482 1.3627 34.7233
3628.0000 3577.4043 1.3617 34.7235
3630.0000 3579.3599 1.3615 34.7235
3632.0000 3581.3159 1.3604 34.7234
3634.0000 3583.2717 1.3576 34.7233
3636.0000 3585.2273 1.3565 34.7233
3638.0000 3587.1829 1.3556 34.7233
3640.0000 3589.1384 1.3547 34.7232
3642.0000 3591.0945 1.3548 34.7231
3644.0000 3593.0498 1.3542 34.7233
3646.0000 3595.0054 1.3532 34.7232
3648.0000 3596.9617 1.3512 34.7232
3650.0000 3598.9172 1.3506 34.7232
3652.0000 3600.8723 1.3456 34.7229
3654.0000 3602.8279 1.3332 34.7225
3656.0000 3604.7834 1.3243 34.7224
3658.0000 3606.7390 1.3235 34.7222
3660.0000 3608.6946 1.3205 34.7220
3662.0000 3610.6501 1.3196 34.7220
3664.0000 3612.6062 1.3192 34.7221
3666.0000 3614.5610 1.3192 34.7220
3668.0000 3616.5166 1.3181 34.7220
3670.0000 3618.4719 1.3160 34.7220
3672.0000 3620.4272 1.3148 34.7221
3674.0000 3622.3828 1.3142 34.7220
3676.0000 3624.3379 1.3138 34.7220
3678.0000 3626.2939 1.3125 34.7220
3680.0000 3628.2490 1.3107 34.7220
3682.0000 3630.2041 1.3089 34.7218
3684.0000 3632.1597 1.3068 34.7218
3686.0000 3634.1145 1.3057 34.7217
3688.0000 3636.0701 1.3048 34.7218
3690.0000 3638.0256 1.3037 34.7217
3692.0000 3639.9805 1.3031 34.7217
3694.0000 3641.9360 1.3028 34.7217
3696.0000 3643.8911 1.3012 34.7217
3698.0000 3645.8462 1.2990 34.7216
3700.0000 3647.8010 1.2967 34.7215
3702.0000 3649.7566 1.2944 34.7213
3704.0000 3651.7117 1.2895 34.7213
3706.0000 3653.6667 1.2823 34.7210
3708.0000 3655.6221 1.2720 34.7206
3710.0000 3657.5771 1.2685 34.7205
3712.0000 3659.5317 1.2598 34.7203
3714.0000 3661.4871 1.2568 34.7202
3716.0000 3663.4421 1.2544 34.7203
3718.0000 3665.3972 1.2530 34.7203
3720.0000 3667.3521 1.2530 34.7202
3722.0000 3669.3069 1.2533 34.7201
3724.0000 3671.2620 1.2524 34.7202
3726.0000 3673.2175 1.2521 34.7204
3728.0000 3675.1719 1.2520 34.7203
3730.0000 3677.1270 1.2521 34.7203
3732.0000 3679.0815 1.2523 34.7204
3734.0000 3681.0364 1.2523 34.7203
3736.0000 3682.9915 1.2523 34.7204
3738.0000 3684.9463 1.2524 34.7205
3740.0000 3686.9014 1.2526 34.7203
3742.0000 3688.8557 1.2527 34.7204
3744.0000 3690.8105 1.2530 34.7204
3746.0000 3692.7656 1.2532 34.7204
3748.0000 3694.7205 1.2533 34.7204
3750.0000 3696.6750 1.2536 34.7204
3752.0000 3698.6299 1.2537 34.7204
3754.0000 3700.5850 1.2539 34.7205
3756.0000 3702.5393 1.2543 34.7206
3758.0000 3704.4939 1.2545 34.7205
3760.0000 3706.4487 1.2543 34.7204
3762.0000 3708.4031 1.2544 34.7203
3764.0000 3710.3577 1.2540 34.7204
3766.0000 3712.3125 1.2498 34.7203
3768.0000 3714.2668 1.2468 34.7202
3770.0000 3716.2212 1.2451 34.7201
3772.0000 3718.1763 1.2429 34.7202
3774.0000 3720.1309 1.2423 34.7200
3776.0000 3722.0850 1.2417 34.7200
3778.0000 3724.0396 1.2406 34.7200
3780.0000 3725.9939 1.2358 34.7198
3782.0000 3727.9487 1.2334 34.7198
3784.0000 3729.9028 1.2330 34.7197
3786.0000 3731.8572 1.2324 34.7198
3788.0000 3733.8120 1.2306 34.7198
3790.0000 3735.7664 1.2303 34.7197
3792.0000 3737.7207 1.2303 34.7196
3794.0000 3739.6748 1.2300 34.7196
3796.0000 3741.6289 1.2298 34.7196
3798.0000 3743.5835 1.2298 34.7196
3800.0000 3745.5378 1.2300 34.7197
3802.0000 3747.4922 1.2297 34.7197
3804.0000 3749.4460 1.2285 34.7197
3806.0000 3751.4006 1.2270 34.7196
3808.0000 3753.3550 1.2252 34.7195
3810.0000 3755.3088 1.2229 34.7194
3812.0000 3757.2637 1.2208 34.7194
3814.0000 3759.2175 1.2184 34.7194
3816.0000 3761.1719 1.2131 34.7192
3818.0000 3763.1257 1.2111 34.7191
3820.0000 3765.0801 1.2101 34.7191
3822.0000 3767.0344 1.2096 34.7191
3824.0000 3768.9878 1.2087 34.7191
3826.0000 3770.9421 1.2081 34.7190
3828.0000 3772.8965 1.2076 34.7191
3830.0000 3774.8503 1.2067 34.7190
3832.0000 3776.8042 1.2056 34.7190
3834.0000 3778.7585 1.2047 34.7190
3836.0000 3780.7129 1.2038 34.7189
3838.0000 3782.6663 1.2028 34.7189
3840.0000 3784.6201 1.2020 34.7189
3842.0000 3786.5745 1.2013 34.7188
3844.0000 3788.5281 1.2004 34.7189
3846.0000 3790.4819 1.1963 34.7187
3848.0000 3792.4360 1.1931 34.7186
3850.0000 3794.3901 1.1925 34.7186
3852.0000 3796.3435 1.1921 34.7185
3854.0000 3798.2979 1.1916 34.7185
3856.0000 3800.2517 1.1892 34.7186
3858.0000 3802.2051 1.1879 34.7184
3860.0000 3804.1587 1.1878 34.7185
3862.0000 3806.1130 1.1847 34.7183
3864.0000 3808.0669 1.1827 34.7183
3866.0000 3810.0200 1.1819 34.7182
3868.0000 3811.9741 1.1807 34.7182
3870.0000 3813.9280 1.1805 34.7182
3872.0000 3815.8811 1.1803 34.7183
3874.0000 3817.8350 1.1802 34.7183
3876.0000 3819.7888 1.1801 34.7183
3878.0000 3821.7424 1.1797 34.7183
3880.0000 3823.6963 1.1796 34.7183
3882.0000 3825.6497 1.1797 34.7183
3884.0000 3827.6033 1.1751 34.7181
3886.0000 3829.5566 1.1707 34.7180
3888.0000 3831.5103 1.1706 34.7179
3890.0000 3833.4641 1.1706 34.7179
3892.0000 3835.4175 1.1699 34.7180
3894.0000 3837.3708 1.1680 34.7179
3896.0000 3839.3245 1.1659 34.7178
3898.0000 3841.2778 1.1657 34.7178
3900.0000 3843.2310 1.1656 34.7178
3902.0000 3845.1843 1.1648 34.7178
3904.0000 3847.1382 1.1635 34.7178
3906.0000 3849.0913 1.1627 34.7178
3908.0000 3851.0449 1.1628 34.7177
3910.0000 3852.9983 1.1629 34.7178
3912.0000 3854.9517 1.1628 34.7178
3914.0000 3856.9043 1.1626 34.7177
3916.0000 3858.8582 1.1620 34.7177
3918.0000 3860.8118 1.1617 34.7178
3920.0000 3862.7644 1.1618 34.7177
3922.0000 3864.7178 1.1619 34.7177
3924.0000 3866.6714 1.1617 34.7178
3926.0000 3868.6248 1.1614 34.7178
3928.0000 3870.5774 1.1612 34.7177
3930.0000 3872.5308 1.1612 34.7176
3932.0000 3874.4844 1.1611 34.7177
3934.0000 3876.4370 1.1606 34.7177
3936.0000 3878.3899 1.1604 34.7176
3938.0000 3880.3435 1.1604 34.7178
3940.0000 3882.2964 1.1606 34.7177
3942.0000 3884.2490 1.1606 34.7177
3944.0000 3886.2026 1.1606 34.7176
3946.0000 3888.1555 1.1603 34.7176
3948.0000 3890.1086 1.1600 34.7177
3950.0000 3892.0618 1.1600 34.7176
3952.0000 3894.0146 1.1600 34.7176
3954.0000 3895.9675 1.1599 34.7175
3956.0000 3897.9204 1.1593 34.7177
3958.0000 3899.8738 1.1589 34.7176
3960.0000 3901.8264 1.1589 34.7174
3962.0000 3903.7793 1.1590 34.7176
3964.0000 3905.7322 1.1589 34.7177
3966.0000 3907.6853 1.1587 34.7178
3968.0000 3909.6379 1.1587 34.7174
3970.0000 3911.5908 1.1586 34.7175
3972.0000 3913.5435 1.1580 34.7176
3974.0000 3915.4966 1.1564 34.7176
3976.0000 3917.4492 1.1556 34.7175
3978.0000 3919.4023 1.1551 34.7175
3980.0000 3921.3550 1.1550 34.7174
3982.0000 3923.3071 1.1549 34.7175
3984.0000 3925.2603 1.1546 34.7174
3986.0000 3927.2129 1.1546 34.7174
3988.0000 3929.1658 1.1547 34.7175
3990.0000 3931.1182 1.1548 34.7174
3992.0000 3933.0710 1.1548 34.7175
3994.0000 3935.0237 1.1548 34.7175
3996.0000 3936.9758 1.1549 34.7174
3998.0000 3938.9290 1.1550 34.7174
4000.0000 3940.8816 1.1551 34.7175
4002.0000 3942.8342 1.1551 34.7176
4004.0000 3944.7864 1.1551 34.7174
4006.0000 3946.7395 1.1552 34.7174
4008.0000 3948.6917 1.1553 34.7174
4010.0000 3950.6438 1.1554 34.7175
4012.0000 3952.5964 1.1554 34.7174
4014.0000 3954.5491 1.1554 34.7175
4016.0000 3956.5012 1.1555 34.7174
4018.0000 3958.4539 1.1556 34.7173
4020.0000 3960.4065 1.1558 34.7173
4022.0000 3962.3589 1.1559 34.7173
4024.0000 3964.3105 1.1560 34.7174
4026.0000 3966.2637 1.1562 34.7175
4028.0000 3968.2158 1.1563 34.7174
4030.0000 3970.1680 1.1564 34.7174
4032.0000 3972.1204 1.1563 34.7174
4034.0000 3974.0728 1.1563 34.7174
4036.0000 3976.0251 1.1564 34.7175
4038.0000 3977.9773 1.1563 34.7174
4040.0000 3979.9294 1.1565 34.7173
4042.0000 3981.8821 1.1565 34.7173
4044.0000 3983.8340 1.1565 34.7173
4046.0000 3985.7861 1.1567 34.7173
4048.0000 3987.7383 1.1568 34.7174
4050.0000 3989.6904 1.1568 34.7174
4052.0000 3991.6423 1.1567 34.7174
4054.0000 3993.5945 1.1567 34.7173
4056.0000 3995.5471 1.1567 34.7173
4058.0000 3997.4985 1.1568 34.7173
4060.0000 3999.4512 1.1570 34.7173
4062.0000 4001.4028 1.1572 34.7173
4064.0000 4003.3550 1.1573 34.7174
4066.0000 4005.3069 1.1574 34.7174
4068.0000 4007.2590 1.1574 34.7175
4070.0000 4009.2109 1.1575 34.7174
4072.0000 4011.1631 1.1577 34.7174
4074.0000 4013.1147 1.1577 34.7174
4076.0000 4015.0671 1.1576 34.7173
4078.0000 4017.0188 1.1574 34.7173
4080.0000 4018.9707 1.1560 34.7173
4082.0000 4020.9224 1.1557 34.7173
4084.0000 4022.8745 1.1555 34.7173
4086.0000 4024.8259 1.1553 34.7173
4088.0000 4026.7781 1.1546 34.7173
4090.0000 4028.7300 1.1545 34.7172
4092.0000 4030.6819 1.1536 34.7171
4094.0000 4032.6331 1.1517 34.7171
4096.0000 4034.5854 1.1518 34.7171
4098.0000 4036.5371 1.1519 34.7171
4100.0000 4038.4885 1.1521 34.7171
4102.0000 4040.4402 1.1524 34.7171
4104.0000 4042.3921 1.1527 34.7172
4106.0000 4044.3435 1.1528 34.7172
4108.0000 4046.2952 1.1528 34.7172
4110.0000 4048.2471 1.1530 34.7171
4112.0000 4050.1987 1.1532 34.7171
4114.0000 4052.1501 1.1534 34.7172
4116.0000 4054.1018 1.1535 34.7172
4118.0000 4056.0537 1.1535 34.7172
4120.0000 4058.0046 1.1534 34.7172
4122.0000 4059.9565 1.1534 34.7173
4124.0000 4061.9082 1.1535 34.7173
4126.0000 4063.8599 1.1536 34.7172
4128.0000 4065.8110 1.1537 34.7171
4130.0000 4067.7627 1.1539 34.7171
4132.0000 4069.7141 1.1541 34.7173
4134.0000 4071.6655 1.1541 34.7173
4136.0000 4073.6165 1.1541 34.7172
4138.0000 4075.5681 1.1543 34.7170
4140.0000 4077.5195 1.1546 34.7172
4142.0000 4079.4709 1.1548 34.7173
4144.0000 4081.4224 1.1550 34.7171
4146.0000 4083.3735 1.1551 34.7171
4148.0000 4085.3250 1.1554 34.7171
4150.0000 4087.2759 1.1557 34.7172
4152.0000 4089.2278 1.1558 34.7172
4154.0000 4091.1782 1.1560 34.7172
4156.0000 4093.1301 1.1563 34.7172
4158.0000 4095.0813 1.1566 34.7172
4160.0000 4097.0327 1.1568 34.7173
4162.0000 4098.9839 1.1570 34.7172
4164.0000 4100.9346 1.1570 34.7172
4166.0000 4102.8862 1.1572 34.7172
4168.0000 4104.8369 1.1574 34.7171
4170.0000 4106.7886 1.1575 34.7171
4172.0000 4108.7397 1.1577 34.7173
4174.0000 4110.6904 1.1578 34.7172
4176.0000 4112.6416 1.1580 34.7172
4178.0000 4114.5928 1.1582 34.7172
4180.0000 4116.5439 1.1584 34.7172
4182.0000 4118.4946 1.1585 34.7171
4184.0000 4120.4458 1.1588 34.7172
4186.0000 4122.3965 1.1589 34.7173
4188.0000 4124.3477 1.1588 34.7171
4190.0000 4126.2988 1.1589 34.7172
4192.0000 4128.2495 1.1592 34.7172
4194.0000 4130.2007 1.1594 34.7172
4196.0000 4132.1514 1.1595 34.7171
4198.0000 4134.1021 1.1597 34.7171
4200.0000 4136.0532 1.1599 34.7172
4202.0000 4138.0039 1.1601 34.7171
4204.0000 4139.9546 1.1601 34.7172
4206.0000 4141.9058 1.1596 34.7172
4208.0000 4143.8564 1.1595 34.7170
4210.0000 4145.8071 1.1595 34.7170
4212.0000 4147.7578 1.1597 34.7171
4214.0000 4149.7085 1.1598 34.7172
4216.0000 4151.6592 1.1599 34.7171
4218.0000 4153.6104 1.1600 34.7172
4220.0000 4155.5610 1.1602 34.7172
4222.0000 4157.5117 1.1604 34.7170
4224.0000 4159.4619 1.1605 34.7171
4226.0000 4161.4131 1.1606 34.7171
4228.0000 4163.3638 1.1609 34.7171
4230.0000 4165.3140 1.1611 34.7172
4232.0000 4167.2646 1.1613 34.7172
4234.0000 4169.2153 1.1614 34.7171
4236.0000 4171.1660 1.1616 34.7170
4238.0000 4173.1167 1.1619 34.7170
4240.0000 4175.0669 1.1622 34.7172
4242.0000 4177.0176 1.1624 34.7172
4244.0000 4178.9673 1.1624 34.7173
4246.0000 4180.9185 1.1626 34.7172
4248.0000 4182.8687 1.1628 34.7171
4250.0000 4184.8193 1.1630 34.7171
4252.0000 4186.7695 1.1632 34.7171
4254.0000 4188.7202 1.1635 34.7170
4256.0000 4190.6704 1.1637 34.7173
4258.0000 4192.6206 1.1639 34.7172
4260.0000 4194.5718 1.1641 34.7171
4262.0000 4196.5215 1.1643 34.7171
4264.0000 4198.4722 1.1645 34.7172
4266.0000 4200.4224 1.1647 34.7171
4268.0000 4202.3726 1.1650 34.7171
4270.0000 4204.3228 1.1651 34.7172
4272.0000 4206.2729 1.1653 34.7172
4274.0000 4208.2231 1.1655 34.7171
4276.0000 4210.1738 1.1657 34.7171
4278.0000 4212.1235 1.1658 34.7171
4280.0000 4214.0737 1.1660 34.7171
4282.0000 4216.0239 1.1662 34.7171
4284.0000 4217.9746 1.1665 34.7172
4286.0000 4219.9243 1.1666 34.7171
4288.0000 4221.8745 1.1667 34.7171
4290.0000 4223.8247 1.1669 34.7172
4292.0000 4225.7744 1.1671 34.7172
4294.0000 4227.7246 1.1673 34.7172
4296.0000 4229.6753 1.1673 34.7172
4298.0000 4231.6250 1.1674 34.7171
4300.0000 4233.5747 1.1675 34.7171
4302.0000 4235.5249 1.1679 34.7171
4304.0000 4237.4746 1.1680 34.7171
4306.0000 4239.4248 1.1679 34.7171
4308.0000 4241.3750 1.1679 34.7171
4310.0000 4243.3247 1.1676 34.7171
4312.0000 4245.2744 1.1678 34.7171
4314.0000 4247.2241 1.1680 34.7172
4316.0000 4249.1743 1.1681 34.7171
4318.0000 4251.1240 1.1680 34.7171
4320.0000 4253.0737 1.1680 34.7170
4322.0000 4255.0239 1.1679 34.7172
4324.0000 4256.9736 1.1675 34.7172
4326.0000 4258.9238 1.1669 34.7170
4328.0000 4260.8735 1.1665 34.7169
4330.0000 4262.8232 1.1663 34.7170
4332.0000 4264.7729 1.1660 34.7172
4334.0000 4266.7222 1.1657 34.7171
4336.0000 4268.6724 1.1651 34.7171
4338.0000 4270.6216 1.1647 34.7169
4340.0000 4272.5718 1.1648 34.7168
4342.0000 4274.5210 1.1650 34.7169
4344.0000 4276.4712 1.1652 34.7170
4346.0000 4278.4204 1.1654 34.7169
4348.0000 4280.3701 1.1656 34.7169
4350.0000 4282.3198 1.1658 34.7170
4352.0000 4284.2690 1.1660 34.7171
4354.0000 4286.2183 1.1660 34.7170
4356.0000 4288.1685 1.1661 34.7168
4358.0000 4290.1182 1.1664 34.7169
4360.0000 4292.0674 1.1667 34.7169
4362.0000 4294.0166 1.1668 34.7169
4364.0000 4295.9663 1.1668 34.7169
4366.0000 4297.9160 1.1670 34.7168
4368.0000 4299.8647 1.1670 34.7168
4370.0000 4301.8145 1.1672 34.7170
4372.0000 4303.7642 1.1673 34.7169
4374.0000 4305.7139 1.1672 34.7169
4376.0000 4307.6626 1.1674 34.7169
4378.0000 4309.6118 1.1677 34.7169
4380.0000 4311.5615 1.1679 34.7169
4382.0000 4313.5107 1.1681 34.7169
4384.0000 4315.4600 1.1683 34.7169
4386.0000 4317.4097 1.1685 34.7169
4388.0000 4319.3589 1.1688 34.7169
4390.0000 4321.3081 1.1689 34.7169
4392.0000 4323.2568 1.1691 34.7169
4394.0000 4325.2065 1.1693 34.7169
4396.0000 4327.1553 1.1696 34.7169
4398.0000 4329.1045 1.1698 34.7170
4400.0000 4331.0542 1.1700 34.7168
4402.0000 4333.0029 1.1702 34.7168
4404.0000 4334.9521 1.1704 34.7169
4406.0000 4336.9014 1.1706 34.7168
4408.0000 4338.8511 1.1708 34.7169
4410.0000 4340.7993 1.1710 34.7169
4412.0000 4342.7485 1.1712 34.7170
4414.0000 4344.6978 1.1713 34.7170
4416.0000 4346.6465 1.1714 34.7169
4418.0000 4348.5962 1.1715 34.7169
4420.0000 4350.5444 1.1717 34.7169
4422.0000 4352.4937 1.1719 34.7169
4424.0000 4354.4424 1.1721 34.7169
4426.0000 4356.3916 1.1722 34.7170
4428.0000 4358.3408 1.1723 34.7169
4430.0000 4360.2891 1.1719 34.7169
4432.0000 4362.2383 1.1714 34.7168
4434.0000 4364.1870 1.1712 34.7169
4436.0000 4366.1362 1.1711 34.7169
4438.0000 4368.0850 1.1711 34.7169
4440.0000 4370.0337 1.1711 34.7168
4442.0000 4371.9824 1.1711 34.7168
4444.0000 4373.9312 1.1713 34.7169
4446.0000 4375.8804 1.1715 34.7168
4448.0000 4377.8291 1.1716 34.7169
4450.0000 4379.7773 1.1718 34.7169
4452.0000 4381.7261 1.1721 34.7169
4454.0000 4383.6753 1.1724 34.7170
4456.0000 4385.6240 1.1726 34.7168
4458.0000 4387.5723 1.1726 34.7169
4460.0000 4389.5210 1.1727 34.7167
4462.0000 4391.4697 1.1730 34.7168
4464.0000 4393.4185 1.1731 34.7168
4466.0000 4395.3667 1.1735 34.7168
4468.0000 4397.3159 1.1736 34.7169
4470.0000 4399.2646 1.1738 34.7168
4472.0000 4401.2119 1.1741 34.7167
4474.0000 4403.1611 1.1743 34.7168
4476.0000 4405.1099 1.1746 34.7169
4478.0000 4407.0576 1.1748 34.7167
4480.0000 4409.0068 1.1750 34.7169
4482.0000 4410.9556 1.1753 34.7168
4484.0000 4412.9033 1.1755 34.7170
4486.0000 4414.8516 1.1757 34.7167
4488.0000 4416.8003 1.1759 34.7168
4490.0000 4418.7485 1.1761 34.7169
4492.0000 4420.6973 1.1764 34.7167
4494.0000 4422.6455 1.1766 34.7169
4496.0000 4424.5942 1.1768 34.7169
4498.0000 4426.5425 1.1770 34.7168
4500.0000 4428.4902 1.1773 34.7168
4502.0000 4430.4390 1.1776 34.7169
4504.0000 4432.3872 1.1778 34.7168
4506.0000 4434.3354 1.1780 34.7168
4508.0000 4436.2837 1.1782 34.7168
4510.0000 4438.2319 1.1785 34.7167
4512.0000 4440.1802 1.1788 34.7168
4514.0000 4442.1279 1.1790 34.7168
4516.0000 4444.0767 1.1792 34.7169
4518.0000 4446.0249 1.1794 34.7168
4520.0000 4447.9727 1.1797 34.7168
4522.0000 4449.9209 1.1800 34.7169
4524.0000 4451.8691 1.1802 34.7169
4526.0000 4453.8174 1.1804 34.7167
4528.0000 4455.7651 1.1806 34.7167
4530.0000 4457.7134 1.1808 34.7168
4532.0000 4459.6611 1.1813 34.7168
4534.0000 4461.6094 1.1815 34.7169
4536.0000 4463.5571 1.1817 34.7168
4538.0000 4465.5054 1.1820 34.7168
4540.0000 4467.4531 1.1821 34.7169
4542.0000 4469.4014 1.1823 34.7166
