CTD cast

DATE:  28-Mar-2014 02:00:00
latitude:  -63.4998
longitude:  -175.9997
 P (db)   z (m)    T (^oC)  S (psu)
0.0000 0.0000 2.0436 33.7868
2.0000 1.9806 2.0340 33.7873
4.0000 3.9612 2.0245 33.7878
6.0000 5.9417 2.0258 33.7869
8.0000 7.9223 2.0283 33.7876
10.0000 9.9028 2.0252 33.7875
12.0000 11.8833 2.0245 33.7871
14.0000 13.8638 2.0199 33.7873
16.0000 15.8443 2.0201 33.7875
18.0000 17.8247 2.0211 33.7872
20.0000 19.8051 2.0197 33.7876
22.0000 21.7855 2.0206 33.7872
24.0000 23.7659 2.0198 33.7876
26.0000 25.7463 2.0198 33.7873
28.0000 27.7266 2.0185 33.7872
30.0000 29.7070 2.0176 33.7874
32.0000 31.6873 2.0174 33.7876
34.0000 33.6676 2.0186 33.7873
36.0000 35.6479 2.0188 33.7872
38.0000 37.6281 2.0191 33.7874
40.0000 39.6083 2.0196 33.7876
42.0000 41.5886 2.0204 33.7873
44.0000 43.5688 2.0205 33.7873
46.0000 45.5489 2.0207 33.7875
48.0000 47.5291 2.0199 33.7874
50.0000 49.5092 2.0176 33.7874
52.0000 51.4893 2.0178 33.7872
54.0000 53.4695 2.0186 33.7875
56.0000 55.4495 2.0187 33.7873
58.0000 57.4296 2.0191 33.7875
60.0000 59.4096 2.0195 33.7873
62.0000 61.3897 2.0193 33.7878
64.0000 63.3697 2.0200 33.7875
66.0000 65.3496 2.0196 33.7874
68.0000 67.3296 2.0196 33.7875
70.0000 69.3096 2.0196 33.7872
72.0000 71.2895 2.0136 33.7875
74.0000 73.2694 2.0144 33.7874
76.0000 75.2493 2.0150 33.7872
78.0000 77.2292 2.0131 33.7875
80.0000 79.2090 1.9881 33.7867
82.0000 81.1888 1.9983 33.7864
84.0000 83.1687 1.9770 33.7866
86.0000 85.1485 1.9815 33.7865
88.0000 87.1282 1.9680 33.7865
90.0000 89.1080 1.9654 33.7867
92.0000 91.0877 1.9445 33.7867
94.0000 93.0674 1.8665 33.7856
96.0000 95.0471 1.7457 33.7892
98.0000 97.0268 1.7048 33.7940
100.0000 99.0065 1.7037 33.7957
102.0000 100.9861 1.6894 33.7986
104.0000 102.9657 1.6908 33.7994
106.0000 104.9453 1.6665 33.8050
108.0000 106.9249 1.6620 33.8062
110.0000 108.9045 1.6249 33.8144
112.0000 110.8840 1.5734 33.8164
114.0000 112.8635 1.1365 33.8856
116.0000 114.8431 0.9420 33.9216
118.0000 116.8225 0.8543 33.9370
120.0000 118.8020 0.8503 33.9412
122.0000 120.7815 0.7211 33.9590
124.0000 122.7609 0.5587 33.9829
126.0000 124.7403 0.5149 33.9958
128.0000 126.7197 0.4698 34.0036
130.0000 128.6991 0.4471 34.0043
132.0000 130.6784 0.3926 34.0062
134.0000 132.6578 0.4336 34.0173
136.0000 134.6371 0.5665 34.0413
138.0000 136.6164 0.5877 34.0466
140.0000 138.5956 0.5972 34.0476
142.0000 140.5749 0.5748 34.0443
144.0000 142.5541 0.5576 34.0491
146.0000 144.5334 0.5362 34.0488
148.0000 146.5126 0.4988 34.0572
150.0000 148.4917 0.5397 34.0776
152.0000 150.4709 0.5824 34.0890
154.0000 152.4500 0.6354 34.0997
156.0000 154.4292 0.6425 34.1000
158.0000 156.4083 0.5936 34.1078
160.0000 158.3873 0.6673 34.1157
162.0000 160.3664 0.7013 34.1230
164.0000 162.3455 0.7339 34.1286
166.0000 164.3245 0.7498 34.1311
168.0000 166.3035 0.7607 34.1344
170.0000 168.2825 0.7762 34.1373
172.0000 170.2615 0.7707 34.1353
174.0000 172.2404 0.7893 34.1465
176.0000 174.2193 0.9636 34.1749
178.0000 176.1983 1.0485 34.1844
180.0000 178.1772 1.1224 34.2043
182.0000 180.1560 1.2352 34.2241
184.0000 182.1349 1.2723 34.2313
186.0000 184.1137 1.3304 34.2432
188.0000 186.0926 1.3921 34.2580
190.0000 188.0713 1.4440 34.2668
192.0000 190.0501 1.4749 34.2737
194.0000 192.0289 1.4760 34.2829
196.0000 194.0076 1.6109 34.3086
198.0000 195.9863 1.6613 34.3174
200.0000 197.9650 1.6768 34.3227
202.0000 199.9437 1.6697 34.3211
204.0000 201.9224 1.6968 34.3308
206.0000 203.9010 1.7435 34.3388
208.0000 205.8797 1.7543 34.3414
210.0000 207.8583 1.7602 34.3471
212.0000 209.8368 1.7440 34.3413
214.0000 211.8154 1.7477 34.3448
216.0000 213.7940 1.7228 34.3487
218.0000 215.7725 1.7255 34.3522
220.0000 217.7510 1.7349 34.3531
222.0000 219.7295 1.7369 34.3479
224.0000 221.7080 1.7154 34.3543
226.0000 223.6864 1.7109 34.3575
228.0000 225.6649 1.7410 34.3711
230.0000 227.6433 1.7940 34.3756
232.0000 229.6217 1.7943 34.3796
234.0000 231.6001 1.8619 34.3970
236.0000 233.5784 1.8714 34.4004
238.0000 235.5567 1.9073 34.4072
240.0000 237.5351 1.9209 34.4089
242.0000 239.5134 1.9166 34.4077
244.0000 241.4917 1.9355 34.4145
246.0000 243.4699 1.9710 34.4219
248.0000 245.4482 1.9802 34.4233
250.0000 247.4264 1.9964 34.4269
252.0000 249.4046 2.0283 34.4358
254.0000 251.3828 2.0372 34.4369
256.0000 253.3610 2.0479 34.4398
258.0000 255.3391 2.0755 34.4464
260.0000 257.3173 2.0899 34.4477
262.0000 259.2954 2.1032 34.4503
264.0000 261.2735 2.1355 34.4591
266.0000 263.2515 2.1473 34.4637
268.0000 265.2296 2.1523 34.4660
270.0000 267.2076 2.1581 34.4684
272.0000 269.1857 2.1584 34.4694
274.0000 271.1636 2.1664 34.4729
276.0000 273.1416 2.1640 34.4748
278.0000 275.1196 2.1664 34.4789
280.0000 277.0975 2.1677 34.4806
282.0000 279.0754 2.1732 34.4851
284.0000 281.0533 2.1765 34.4872
286.0000 283.0312 2.1761 34.4873
288.0000 285.0091 2.1731 34.4863
290.0000 286.9869 2.1542 34.4876
292.0000 288.9648 2.1530 34.4889
294.0000 290.9425 2.1605 34.4912
296.0000 292.9203 2.1556 34.4952
298.0000 294.8981 2.1572 34.4976
300.0000 296.8759 2.1634 34.5011
302.0000 298.8536 2.1691 34.5029
304.0000 300.8313 2.1720 34.5035
306.0000 302.8090 2.1771 34.5068
308.0000 304.7867 2.1713 34.5085
310.0000 306.7643 2.1606 34.5092
312.0000 308.7419 2.1600 34.5145
314.0000 310.7195 2.1629 34.5161
316.0000 312.6971 2.1630 34.5179
318.0000 314.6747 2.1664 34.5192
320.0000 316.6523 2.1702 34.5217
322.0000 318.6298 2.1751 34.5242
324.0000 320.6074 2.1816 34.5269
326.0000 322.5849 2.1822 34.5266
328.0000 324.5623 2.1862 34.5290
330.0000 326.5398 2.1871 34.5293
332.0000 328.5172 2.1886 34.5295
334.0000 330.4947 2.1900 34.5295
336.0000 332.4721 2.2063 34.5360
338.0000 334.4495 2.2211 34.5405
340.0000 336.4268 2.2417 34.5454
342.0000 338.4042 2.2646 34.5500
344.0000 340.3815 2.2770 34.5531
346.0000 342.3588 2.2864 34.5555
348.0000 344.3362 2.2887 34.5561
350.0000 346.3134 2.2899 34.5564
352.0000 348.2906 2.2919 34.5576
354.0000 350.2679 2.2980 34.5598
356.0000 352.2451 2.2999 34.5597
358.0000 354.2223 2.3069 34.5624
360.0000 356.1995 2.3062 34.5632
362.0000 358.1766 2.3017 34.5630
364.0000 360.1538 2.3038 34.5646
366.0000 362.1309 2.3038 34.5654
368.0000 364.1080 2.3033 34.5665
370.0000 366.0851 2.3040 34.5678
372.0000 368.0621 2.3024 34.5678
374.0000 370.0392 2.3017 34.5670
376.0000 372.0162 2.3064 34.5710
378.0000 373.9932 2.3139 34.5726
380.0000 375.9702 2.3142 34.5726
382.0000 377.9472 2.3133 34.5728
384.0000 379.9241 2.3114 34.5740
386.0000 381.9011 2.3085 34.5752
388.0000 383.8780 2.3111 34.5765
390.0000 385.8548 2.3050 34.5763
392.0000 387.8317 2.2974 34.5777
394.0000 389.8086 2.2864 34.5784
396.0000 391.7855 2.2791 34.5799
398.0000 393.7622 2.2784 34.5800
400.0000 395.7390 2.2803 34.5795
402.0000 397.7159 2.2797 34.5839
404.0000 399.6926 2.2652 34.5847
406.0000 401.6693 2.2691 34.5846
408.0000 403.6461 2.2852 34.5900
410.0000 405.6228 2.2854 34.5903
412.0000 407.5994 2.2784 34.5895
414.0000 409.5761 2.2639 34.5895
416.0000 411.5527 2.2658 34.5919
418.0000 413.5293 2.2769 34.5951
420.0000 415.5060 2.2867 34.5988
422.0000 417.4825 2.2885 34.6000
424.0000 419.4592 2.2871 34.5999
426.0000 421.4357 2.2844 34.5999
428.0000 423.4122 2.2776 34.6008
430.0000 425.3888 2.2755 34.6021
432.0000 427.3652 2.2762 34.6019
434.0000 429.3417 2.2711 34.6045
436.0000 431.3182 2.2694 34.6050
438.0000 433.2946 2.2689 34.6054
440.0000 435.2710 2.2683 34.6056
442.0000 437.2474 2.2630 34.6063
444.0000 439.2238 2.2554 34.6074
446.0000 441.2001 2.2521 34.6075
448.0000 443.1765 2.2527 34.6073
450.0000 445.1528 2.2477 34.6080
452.0000 447.1291 2.2420 34.6084
454.0000 449.1054 2.2259 34.6083
456.0000 451.0817 2.2274 34.6078
458.0000 453.0580 2.2204 34.6087
460.0000 455.0341 2.2198 34.6094
462.0000 457.0103 2.2201 34.6098
464.0000 458.9865 2.2202 34.6102
466.0000 460.9627 2.2198 34.6109
468.0000 462.9389 2.2166 34.6115
470.0000 464.9150 2.2153 34.6121
472.0000 466.8911 2.2151 34.6121
474.0000 468.8672 2.2122 34.6125
476.0000 470.8433 2.2117 34.6129
478.0000 472.8194 2.2108 34.6131
480.0000 474.7954 2.2071 34.6139
482.0000 476.7714 2.2035 34.6143
484.0000 478.7474 2.2050 34.6166
486.0000 480.7234 2.2149 34.6199
488.0000 482.6993 2.2113 34.6202
490.0000 484.6753 2.2110 34.6220
492.0000 486.6512 2.2148 34.6234
494.0000 488.6271 2.2160 34.6232
496.0000 490.6030 2.2179 34.6248
498.0000 492.5789 2.2228 34.6262
500.0000 494.5547 2.2244 34.6258
502.0000 496.5306 2.2264 34.6265
504.0000 498.5063 2.2303 34.6277
506.0000 500.4822 2.2312 34.6277
508.0000 502.4579 2.2316 34.6276
510.0000 504.4337 2.2321 34.6283
512.0000 506.4094 2.2322 34.6294
514.0000 508.3852 2.2243 34.6303
516.0000 510.3609 2.2175 34.6304
518.0000 512.3365 2.2123 34.6304
520.0000 514.3122 2.2094 34.6308
522.0000 516.2878 2.2084 34.6310
524.0000 518.2634 2.2090 34.6309
526.0000 520.2391 2.2059 34.6321
528.0000 522.2147 2.2055 34.6330
530.0000 524.1902 2.2055 34.6342
532.0000 526.1658 2.2064 34.6354
534.0000 528.1413 2.2078 34.6382
536.0000 530.1168 2.2088 34.6398
538.0000 532.0923 2.2089 34.6404
540.0000 534.0677 2.2086 34.6414
542.0000 536.0432 2.2081 34.6419
544.0000 538.0187 2.2079 34.6423
546.0000 539.9941 2.2078 34.6427
548.0000 541.9695 2.2079 34.6429
550.0000 543.9448 2.2078 34.6430
552.0000 545.9202 2.2080 34.6428
554.0000 547.8956 2.2078 34.6431
556.0000 549.8708 2.2070 34.6438
558.0000 551.8461 2.2068 34.6440
560.0000 553.8215 2.2064 34.6444
562.0000 555.7967 2.2067 34.6441
564.0000 557.7719 2.2024 34.6471
566.0000 559.7471 2.2002 34.6487
568.0000 561.7224 2.1994 34.6487
570.0000 563.6976 2.1990 34.6486
572.0000 565.6727 2.1962 34.6491
574.0000 567.6479 2.1930 34.6493
576.0000 569.6230 2.1913 34.6498
578.0000 571.5981 2.1889 34.6507
580.0000 573.5732 2.1886 34.6504
582.0000 575.5483 2.1806 34.6519
584.0000 577.5233 2.1787 34.6543
586.0000 579.4984 2.1766 34.6560
588.0000 581.4734 2.1781 34.6552
590.0000 583.4484 2.1749 34.6570
592.0000 585.4233 2.1743 34.6572
594.0000 587.3983 2.1735 34.6574
596.0000 589.3734 2.1732 34.6575
598.0000 591.3482 2.1717 34.6584
600.0000 593.3231 2.1710 34.6589
602.0000 595.2980 2.1706 34.6591
604.0000 597.2728 2.1663 34.6622
606.0000 599.2477 2.1670 34.6629
608.0000 601.2225 2.1666 34.6638
610.0000 603.1973 2.1664 34.6648
612.0000 605.1721 2.1662 34.6651
614.0000 607.1469 2.1650 34.6657
616.0000 609.1217 2.1604 34.6678
618.0000 611.0964 2.1593 34.6684
620.0000 613.0711 2.1568 34.6686
622.0000 615.0458 2.1542 34.6696
624.0000 617.0204 2.1534 34.6703
626.0000 618.9951 2.1526 34.6711
628.0000 620.9697 2.1518 34.6715
630.0000 622.9444 2.1515 34.6717
632.0000 624.9189 2.1515 34.6721
634.0000 626.8936 2.1510 34.6727
636.0000 628.8682 2.1508 34.6727
638.0000 630.8427 2.1490 34.6738
640.0000 632.8173 2.1482 34.6745
642.0000 634.7917 2.1490 34.6742
644.0000 636.7663 2.1502 34.6749
646.0000 638.7407 2.1507 34.6772
648.0000 640.7151 2.1505 34.6775
650.0000 642.6896 2.1505 34.6775
652.0000 644.6639 2.1507 34.6775
654.0000 646.6384 2.1508 34.6775
656.0000 648.6128 2.1498 34.6774
658.0000 650.5871 2.1448 34.6783
660.0000 652.5615 2.1437 34.6785
662.0000 654.5358 2.1419 34.6790
664.0000 656.5101 2.1398 34.6796
666.0000 658.4843 2.1406 34.6792
668.0000 660.4586 2.1379 34.6799
670.0000 662.4329 2.1368 34.6804
672.0000 664.4070 2.1354 34.6807
674.0000 666.3813 2.1319 34.6816
676.0000 668.3555 2.1297 34.6823
678.0000 670.3297 2.1279 34.6829
680.0000 672.3038 2.1264 34.6833
682.0000 674.2780 2.1256 34.6838
684.0000 676.2521 2.1265 34.6832
686.0000 678.2260 2.1221 34.6850
688.0000 680.2002 2.1220 34.6860
690.0000 682.1743 2.1223 34.6859
692.0000 684.1484 2.1228 34.6859
694.0000 686.1223 2.1229 34.6860
696.0000 688.0964 2.1217 34.6864
698.0000 690.0703 2.1198 34.6876
700.0000 692.0443 2.1189 34.6885
702.0000 694.0182 2.1194 34.6882
704.0000 695.9921 2.1188 34.6885
706.0000 697.9661 2.1182 34.6889
708.0000 699.9399 2.1176 34.6891
710.0000 701.9138 2.1157 34.6899
712.0000 703.8876 2.1141 34.6905
714.0000 705.8615 2.1148 34.6900
716.0000 707.8353 2.1098 34.6920
718.0000 709.8091 2.1095 34.6921
720.0000 711.7828 2.1092 34.6924
722.0000 713.7566 2.1089 34.6929
724.0000 715.7303 2.1089 34.6937
726.0000 717.7041 2.1092 34.6939
728.0000 719.6777 2.1088 34.6953
730.0000 721.6514 2.1090 34.6955
732.0000 723.6251 2.1099 34.6959
734.0000 725.5988 2.1102 34.6961
736.0000 727.5723 2.1106 34.6957
738.0000 729.5459 2.1106 34.6960
740.0000 731.5195 2.1061 34.6966
742.0000 733.4930 2.0990 34.6975
744.0000 735.4667 2.0969 34.6975
746.0000 737.4401 2.0961 34.6977
748.0000 739.4137 2.0945 34.6979
750.0000 741.3871 2.0924 34.6982
752.0000 743.3607 2.0913 34.6983
754.0000 745.3341 2.0905 34.6985
756.0000 747.3075 2.0912 34.6980
758.0000 749.2809 2.0867 34.6988
760.0000 751.2544 2.0852 34.6988
762.0000 753.2277 2.0818 34.6996
764.0000 755.2010 2.0802 34.7000
766.0000 757.1744 2.0794 34.7003
768.0000 759.1478 2.0791 34.7000
770.0000 761.1211 2.0767 34.7010
772.0000 763.0943 2.0733 34.7023
774.0000 765.0676 2.0723 34.7027
776.0000 767.0408 2.0716 34.7033
778.0000 769.0141 2.0717 34.7032
780.0000 770.9873 2.0717 34.7035
782.0000 772.9606 2.0724 34.7032
784.0000 774.9336 2.0715 34.7040
786.0000 776.9068 2.0697 34.7045
788.0000 778.8799 2.0694 34.7046
790.0000 780.8530 2.0691 34.7050
792.0000 782.8261 2.0683 34.7053
794.0000 784.7992 2.0650 34.7058
796.0000 786.7723 2.0653 34.7058
798.0000 788.7453 2.0640 34.7062
800.0000 790.7184 2.0632 34.7063
802.0000 792.6913 2.0631 34.7063
804.0000 794.6643 2.0632 34.7066
806.0000 796.6373 2.0637 34.7062
808.0000 798.6103 2.0630 34.7064
810.0000 800.5832 2.0585 34.7079
812.0000 802.5561 2.0579 34.7081
814.0000 804.5289 2.0575 34.7079
816.0000 806.5018 2.0573 34.7078
818.0000 808.4747 2.0551 34.7088
820.0000 810.4475 2.0535 34.7094
822.0000 812.4204 2.0520 34.7096
824.0000 814.3931 2.0514 34.7094
826.0000 816.3659 2.0511 34.7088
828.0000 818.3386 2.0431 34.7089
830.0000 820.3115 2.0378 34.7092
832.0000 822.2841 2.0376 34.7094
834.0000 824.2568 2.0387 34.7090
836.0000 826.2296 2.0327 34.7102
838.0000 828.2021 2.0320 34.7106
840.0000 830.1748 2.0322 34.7102
842.0000 832.1474 2.0320 34.7105
844.0000 834.1201 2.0321 34.7107
846.0000 836.0927 2.0320 34.7107
848.0000 838.0652 2.0313 34.7111
850.0000 840.0378 2.0308 34.7118
852.0000 842.0102 2.0293 34.7131
854.0000 843.9828 2.0294 34.7135
856.0000 845.9554 2.0294 34.7136
858.0000 847.9278 2.0300 34.7135
860.0000 849.9002 2.0296 34.7134
862.0000 851.8727 2.0282 34.7138
864.0000 853.8452 2.0261 34.7142
866.0000 855.8175 2.0251 34.7145
868.0000 857.7899 2.0225 34.7148
870.0000 859.7623 2.0212 34.7150
872.0000 861.7346 2.0206 34.7151
874.0000 863.7069 2.0197 34.7153
876.0000 865.6793 2.0175 34.7155
878.0000 867.6516 2.0177 34.7152
880.0000 869.6238 2.0119 34.7162
882.0000 871.5961 2.0096 34.7166
884.0000 873.5684 2.0067 34.7175
886.0000 875.5405 2.0065 34.7175
888.0000 877.5126 2.0064 34.7176
890.0000 879.4849 2.0070 34.7177
892.0000 881.4571 2.0015 34.7185
894.0000 883.4291 1.9988 34.7181
896.0000 885.4012 1.9961 34.7183
898.0000 887.3735 1.9949 34.7188
900.0000 889.3455 1.9978 34.7182
902.0000 891.3175 1.9909 34.7188
904.0000 893.2896 1.9909 34.7199
906.0000 895.2617 1.9925 34.7217
908.0000 897.2337 1.9925 34.7217
910.0000 899.2056 1.9887 34.7216
912.0000 901.1776 1.9850 34.7212
914.0000 903.1495 1.9803 34.7214
916.0000 905.1215 1.9755 34.7208
918.0000 907.0934 1.9627 34.7211
920.0000 909.0654 1.9603 34.7213
922.0000 911.0371 1.9580 34.7213
924.0000 913.0090 1.9583 34.7214
926.0000 914.9810 1.9572 34.7215
928.0000 916.9526 1.9535 34.7220
930.0000 918.9245 1.9525 34.7229
932.0000 920.8963 1.9527 34.7237
934.0000 922.8680 1.9527 34.7242
936.0000 924.8397 1.9529 34.7243
938.0000 926.8116 1.9533 34.7248
940.0000 928.7833 1.9541 34.7246
942.0000 930.7548 1.9548 34.7256
944.0000 932.7266 1.9555 34.7263
946.0000 934.6983 1.9558 34.7266
948.0000 936.6699 1.9559 34.7267
950.0000 938.6415 1.9561 34.7266
952.0000 940.6131 1.9549 34.7270
954.0000 942.5847 1.9543 34.7272
956.0000 944.5562 1.9544 34.7268
958.0000 946.5279 1.9526 34.7271
960.0000 948.4993 1.9515 34.7272
962.0000 950.4708 1.9498 34.7273
964.0000 952.4423 1.9483 34.7274
966.0000 954.4137 1.9481 34.7272
968.0000 956.3853 1.9466 34.7280
970.0000 958.3566 1.9465 34.7280
972.0000 960.3280 1.9467 34.7278
974.0000 962.2994 1.9464 34.7276
976.0000 964.2708 1.9441 34.7280
978.0000 966.2422 1.9391 34.7286
980.0000 968.2135 1.9368 34.7288
982.0000 970.1849 1.9360 34.7290
984.0000 972.1561 1.9349 34.7291
986.0000 974.1274 1.9352 34.7289
988.0000 976.0987 1.9333 34.7293
990.0000 978.0699 1.9318 34.7295
992.0000 980.0412 1.9283 34.7300
994.0000 982.0123 1.9260 34.7301
996.0000 983.9836 1.9249 34.7299
998.0000 985.9547 1.9294 34.7299
1000.0000 987.9259 1.9245 34.7297
1002.0000 989.8970 1.9214 34.7303
1004.0000 991.8681 1.9204 34.7305
1006.0000 993.8392 1.9201 34.7301
1008.0000 995.8103 1.9195 34.7304
1010.0000 997.7813 1.9190 34.7303
1012.0000 999.7524 1.9172 34.7309
1014.0000 1001.7234 1.9158 34.7310
1016.0000 1003.6943 1.9152 34.7309
1018.0000 1005.6653 1.9152 34.7309
1020.0000 1007.6363 1.9152 34.7305
1022.0000 1009.6074 1.9150 34.7309
1024.0000 1011.5781 1.9129 34.7309
1026.0000 1013.5490 1.9123 34.7312
1028.0000 1015.5200 1.9120 34.7313
1030.0000 1017.4909 1.9106 34.7313
1032.0000 1019.4616 1.9090 34.7313
1034.0000 1021.4325 1.9081 34.7316
1036.0000 1023.4034 1.9078 34.7316
1038.0000 1025.3741 1.9078 34.7315
1040.0000 1027.3450 1.9073 34.7315
1042.0000 1029.3157 1.9055 34.7318
1044.0000 1031.2864 1.9012 34.7319
1046.0000 1033.2572 1.8985 34.7321
1048.0000 1035.2279 1.8978 34.7322
1050.0000 1037.1985 1.8971 34.7323
1052.0000 1039.1692 1.8962 34.7325
1054.0000 1041.1399 1.8958 34.7326
1056.0000 1043.1105 1.8959 34.7326
1058.0000 1045.0812 1.8968 34.7322
1060.0000 1047.0516 1.8953 34.7324
1062.0000 1049.0222 1.8900 34.7327
1064.0000 1050.9929 1.8872 34.7329
1066.0000 1052.9633 1.8852 34.7330
1068.0000 1054.9340 1.8844 34.7331
1070.0000 1056.9043 1.8850 34.7328
1072.0000 1058.8749 1.8783 34.7332
1074.0000 1060.8452 1.8773 34.7334
1076.0000 1062.8158 1.8767 34.7336
1078.0000 1064.7863 1.8756 34.7338
1080.0000 1066.7565 1.8755 34.7336
1082.0000 1068.7269 1.8764 34.7334
1084.0000 1070.6974 1.8758 34.7336
1086.0000 1072.6676 1.8747 34.7337
1088.0000 1074.6379 1.8730 34.7337
1090.0000 1076.6083 1.8705 34.7339
1092.0000 1078.5786 1.8658 34.7341
1094.0000 1080.5488 1.8631 34.7343
1096.0000 1082.5192 1.8629 34.7342
1098.0000 1084.4894 1.8630 34.7344
1100.0000 1086.4595 1.8623 34.7345
1102.0000 1088.4297 1.8607 34.7346
1104.0000 1090.3999 1.8612 34.7342
1106.0000 1092.3701 1.8581 34.7346
1108.0000 1094.3402 1.8558 34.7348
1110.0000 1096.3103 1.8508 34.7350
1112.0000 1098.2805 1.8522 34.7346
1114.0000 1100.2505 1.8442 34.7350
1116.0000 1102.2206 1.8428 34.7355
1118.0000 1104.1907 1.8410 34.7354
1120.0000 1106.1608 1.8391 34.7354
1122.0000 1108.1307 1.8408 34.7350
1124.0000 1110.1007 1.8371 34.7356
1126.0000 1112.0707 1.8336 34.7359
1128.0000 1114.0405 1.8320 34.7359
1130.0000 1116.0105 1.8319 34.7358
1132.0000 1117.9806 1.8334 34.7352
1134.0000 1119.9504 1.8314 34.7359
1136.0000 1121.9203 1.8305 34.7359
1138.0000 1123.8903 1.8295 34.7358
1140.0000 1125.8600 1.8293 34.7358
1142.0000 1127.8297 1.8282 34.7360
1144.0000 1129.7996 1.8261 34.7360
1146.0000 1131.7695 1.8213 34.7362
1148.0000 1133.7391 1.8203 34.7362
1150.0000 1135.7090 1.8192 34.7364
1152.0000 1137.6787 1.8184 34.7363
1154.0000 1139.6484 1.8174 34.7364
1156.0000 1141.6180 1.8166 34.7364
1158.0000 1143.5878 1.8167 34.7363
1160.0000 1145.5574 1.8163 34.7364
1162.0000 1147.5270 1.8151 34.7365
1164.0000 1149.4967 1.8139 34.7365
1166.0000 1151.4663 1.8124 34.7365
1168.0000 1153.4359 1.8106 34.7367
1170.0000 1155.4055 1.8103 34.7365
1172.0000 1157.3750 1.8097 34.7364
1174.0000 1159.3445 1.8086 34.7365
1176.0000 1161.3140 1.8068 34.7364
1178.0000 1163.2836 1.8035 34.7368
1180.0000 1165.2531 1.8008 34.7368
1182.0000 1167.2225 1.7987 34.7365
1184.0000 1169.1919 1.7961 34.7365
1186.0000 1171.1614 1.8010 34.7363
1188.0000 1173.1309 1.7922 34.7366
1190.0000 1175.1001 1.7858 34.7365
1192.0000 1177.0696 1.7801 34.7368
1194.0000 1179.0388 1.7801 34.7366
1196.0000 1181.0082 1.7789 34.7367
1198.0000 1182.9774 1.7771 34.7369
1200.0000 1184.9468 1.7789 34.7367
1202.0000 1186.9160 1.7753 34.7371
1204.0000 1188.8853 1.7747 34.7372
1206.0000 1190.8545 1.7745 34.7371
1208.0000 1192.8237 1.7746 34.7371
1210.0000 1194.7928 1.7748 34.7371
1212.0000 1196.7621 1.7757 34.7367
1214.0000 1198.7313 1.7746 34.7373
1216.0000 1200.7004 1.7737 34.7374
1218.0000 1202.6696 1.7734 34.7372
1220.0000 1204.6385 1.7729 34.7372
1222.0000 1206.6077 1.7731 34.7370
1224.0000 1208.5767 1.7727 34.7370
1226.0000 1210.5458 1.7703 34.7372
1228.0000 1212.5148 1.7688 34.7371
1230.0000 1214.4839 1.7672 34.7373
1232.0000 1216.4529 1.7650 34.7371
1234.0000 1218.4218 1.7620 34.7372
1236.0000 1220.3907 1.7581 34.7372
1238.0000 1222.3597 1.7532 34.7375
1240.0000 1224.3286 1.7529 34.7375
1242.0000 1226.2975 1.7530 34.7372
1244.0000 1228.2665 1.7516 34.7375
1246.0000 1230.2352 1.7494 34.7377
1248.0000 1232.2041 1.7495 34.7375
1250.0000 1234.1730 1.7492 34.7374
1252.0000 1236.1417 1.7456 34.7379
1254.0000 1238.1105 1.7429 34.7381
1256.0000 1240.0793 1.7422 34.7379
1258.0000 1242.0481 1.7408 34.7376
1260.0000 1244.0168 1.7399 34.7377
1262.0000 1245.9856 1.7404 34.7378
1264.0000 1247.9542 1.7361 34.7381
1266.0000 1249.9229 1.7350 34.7376
1268.0000 1251.8915 1.7282 34.7377
1270.0000 1253.8601 1.7279 34.7377
1272.0000 1255.8289 1.7255 34.7376
1274.0000 1257.7974 1.7223 34.7379
1276.0000 1259.7659 1.7206 34.7379
1278.0000 1261.7345 1.7196 34.7379
1280.0000 1263.7030 1.7200 34.7375
1282.0000 1265.6715 1.7190 34.7382
1284.0000 1267.6400 1.7181 34.7381
1286.0000 1269.6085 1.7168 34.7382
1288.0000 1271.5770 1.7181 34.7377
1290.0000 1273.5454 1.7181 34.7375
1292.0000 1275.5140 1.7125 34.7382
1294.0000 1277.4823 1.7118 34.7381
1296.0000 1279.4507 1.7117 34.7381
1298.0000 1281.4192 1.7127 34.7378
1300.0000 1283.3875 1.7096 34.7378
1302.0000 1285.3558 1.7061 34.7379
1304.0000 1287.3242 1.7034 34.7381
1306.0000 1289.2926 1.6999 34.7383
1308.0000 1291.2609 1.6993 34.7380
1310.0000 1293.2291 1.6954 34.7383
1312.0000 1295.1974 1.6946 34.7382
1314.0000 1297.1655 1.6945 34.7382
1316.0000 1299.1338 1.6943 34.7381
1318.0000 1301.1021 1.6928 34.7381
1320.0000 1303.0703 1.6910 34.7382
1322.0000 1305.0383 1.6885 34.7382
1324.0000 1307.0065 1.6839 34.7381
1326.0000 1308.9746 1.6796 34.7382
1328.0000 1310.9426 1.6798 34.7379
1330.0000 1312.9108 1.6762 34.7382
1332.0000 1314.8789 1.6758 34.7383
1334.0000 1316.8469 1.6743 34.7381
1336.0000 1318.8148 1.6746 34.7380
1338.0000 1320.7830 1.6724 34.7380
1340.0000 1322.7510 1.6672 34.7382
1342.0000 1324.7188 1.6672 34.7381
1344.0000 1326.6868 1.6664 34.7382
1346.0000 1328.6548 1.6655 34.7380
1348.0000 1330.6226 1.6642 34.7380
1350.0000 1332.5905 1.6630 34.7382
1352.0000 1334.5585 1.6613 34.7380
1354.0000 1336.5264 1.6599 34.7381
1356.0000 1338.4943 1.6581 34.7380
1358.0000 1340.4620 1.6586 34.7378
1360.0000 1342.4298 1.6538 34.7379
1362.0000 1344.3976 1.6500 34.7378
1364.0000 1346.3654 1.6476 34.7379
1366.0000 1348.3331 1.6454 34.7378
1368.0000 1350.3009 1.6449 34.7380
1370.0000 1352.2684 1.6463 34.7381
1372.0000 1354.2363 1.6444 34.7380
1374.0000 1356.2040 1.6426 34.7378
1376.0000 1358.1715 1.6411 34.7378
1378.0000 1360.1392 1.6431 34.7375
1380.0000 1362.1068 1.6375 34.7378
1382.0000 1364.0746 1.6333 34.7376
1384.0000 1366.0421 1.6292 34.7378
1386.0000 1368.0096 1.6266 34.7379
1388.0000 1369.9772 1.6281 34.7377
1390.0000 1371.9447 1.6321 34.7378
1392.0000 1373.9121 1.6248 34.7376
1394.0000 1375.8796 1.6228 34.7378
1396.0000 1377.8472 1.6211 34.7376
1398.0000 1379.8146 1.6227 34.7376
1400.0000 1381.7821 1.6197 34.7374
1402.0000 1383.7494 1.6138 34.7374
1404.0000 1385.7169 1.6117 34.7375
1406.0000 1387.6843 1.6093 34.7375
1408.0000 1389.6517 1.6098 34.7370
1410.0000 1391.6190 1.6039 34.7374
1412.0000 1393.5863 1.6020 34.7373
1414.0000 1395.5536 1.6005 34.7374
1416.0000 1397.5210 1.5991 34.7373
1418.0000 1399.4882 1.5984 34.7373
1420.0000 1401.4556 1.5983 34.7374
1422.0000 1403.4229 1.5992 34.7368
1424.0000 1405.3899 1.5979 34.7374
1426.0000 1407.3571 1.5982 34.7374
1428.0000 1409.3242 1.5947 34.7372
1430.0000 1411.2915 1.5966 34.7371
1432.0000 1413.2585 1.5895 34.7372
1434.0000 1415.2257 1.5893 34.7373
1436.0000 1417.1929 1.5864 34.7370
1438.0000 1419.1599 1.5873 34.7367
1440.0000 1421.1271 1.5829 34.7368
1442.0000 1423.0940 1.5777 34.7369
1444.0000 1425.0610 1.5750 34.7368
1446.0000 1427.0281 1.5746 34.7369
1448.0000 1428.9950 1.5761 34.7364
1450.0000 1430.9622 1.5642 34.7360
1452.0000 1432.9290 1.5598 34.7366
1454.0000 1434.8959 1.5596 34.7365
1456.0000 1436.8629 1.5640 34.7361
1458.0000 1438.8298 1.5603 34.7363
1460.0000 1440.7965 1.5566 34.7366
1462.0000 1442.7637 1.5559 34.7365
1464.0000 1444.7305 1.5549 34.7364
1466.0000 1446.6971 1.5531 34.7365
1468.0000 1448.6641 1.5527 34.7362
1470.0000 1450.6307 1.5506 34.7364
1472.0000 1452.5974 1.5508 34.7364
1474.0000 1454.5645 1.5510 34.7365
1476.0000 1456.5311 1.5509 34.7365
1478.0000 1458.4978 1.5514 34.7364
1480.0000 1460.4645 1.5487 34.7363
1482.0000 1462.4312 1.5487 34.7361
1484.0000 1464.3978 1.5469 34.7362
1486.0000 1466.3645 1.5441 34.7363
1488.0000 1468.3312 1.5429 34.7363
1490.0000 1470.2977 1.5432 34.7363
1492.0000 1472.2644 1.5434 34.7360
1494.0000 1474.2308 1.5432 34.7363
1496.0000 1476.1975 1.5425 34.7363
1498.0000 1478.1641 1.5421 34.7361
1500.0000 1480.1305 1.5395 34.7362
1502.0000 1482.0970 1.5380 34.7363
1504.0000 1484.0635 1.5371 34.7361
1506.0000 1486.0300 1.5368 34.7361
1508.0000 1487.9963 1.5344 34.7362
1510.0000 1489.9628 1.5329 34.7360
1512.0000 1491.9293 1.5314 34.7357
1514.0000 1493.8955 1.5288 34.7356
1516.0000 1495.8621 1.5261 34.7358
1518.0000 1497.8284 1.5232 34.7357
1520.0000 1499.7948 1.5224 34.7352
1522.0000 1501.7609 1.5169 34.7356
1524.0000 1503.7273 1.5154 34.7355
1526.0000 1505.6937 1.5145 34.7355
1528.0000 1507.6598 1.5129 34.7349
1530.0000 1509.6261 1.5068 34.7350
1532.0000 1511.5922 1.5038 34.7348
1534.0000 1513.5587 1.5001 34.7347
1536.0000 1515.5247 1.4972 34.7345
1538.0000 1517.4908 1.4946 34.7385
1540.0000 1519.4570 1.4924 34.7344
1542.0000 1521.4230 1.4919 34.7346
1544.0000 1523.3893 1.4913 34.7344
1546.0000 1525.3553 1.4906 34.7345
1548.0000 1527.3213 1.4901 34.7346
1550.0000 1529.2874 1.4894 34.7346
1552.0000 1531.2535 1.4891 34.7344
1554.0000 1533.2196 1.4891 34.7345
1556.0000 1535.1854 1.4889 34.7345
1558.0000 1537.1515 1.4885 34.7344
1560.0000 1539.1177 1.4850 34.7343
1562.0000 1541.0834 1.4818 34.7343
1564.0000 1543.0493 1.4786 34.7341
1566.0000 1545.0153 1.4762 34.7341
1568.0000 1546.9812 1.4743 34.7339
1570.0000 1548.9470 1.4714 34.7340
1572.0000 1550.9128 1.4708 34.7343
1574.0000 1552.8787 1.4698 34.7342
1576.0000 1554.8445 1.4690 34.7342
1578.0000 1556.8103 1.4685 34.7343
1580.0000 1558.7761 1.4671 34.7343
1582.0000 1560.7421 1.4641 34.7342
1584.0000 1562.7076 1.4621 34.7343
1586.0000 1564.6733 1.4614 34.7344
1588.0000 1566.6390 1.4615 34.7341
1590.0000 1568.6047 1.4605 34.7345
1592.0000 1570.5704 1.4595 34.7343
1594.0000 1572.5361 1.4589 34.7340
1596.0000 1574.5018 1.4561 34.7343
1598.0000 1576.4673 1.4540 34.7342
1600.0000 1578.4330 1.4539 34.7341
1602.0000 1580.3986 1.4530 34.7338
1604.0000 1582.3640 1.4514 34.7341
1606.0000 1584.3297 1.4517 34.7340
1608.0000 1586.2952 1.4488 34.7336
1610.0000 1588.2607 1.4441 34.7338
1612.0000 1590.2261 1.4404 34.7336
1614.0000 1592.1917 1.4371 34.7336
1616.0000 1594.1571 1.4341 34.7335
1618.0000 1596.1226 1.4312 34.7334
1620.0000 1598.0880 1.4318 34.7330
1622.0000 1600.0532 1.4277 34.7336
1624.0000 1602.0188 1.4276 34.7335
1626.0000 1603.9840 1.4275 34.7333
1628.0000 1605.9493 1.4264 34.7330
1630.0000 1607.9149 1.4257 34.7331
1632.0000 1609.8800 1.4223 34.7331
1634.0000 1611.8453 1.4210 34.7331
1636.0000 1613.8107 1.4202 34.7331
1638.0000 1615.7758 1.4179 34.7329
1640.0000 1617.7411 1.4176 34.7327
1642.0000 1619.7064 1.4175 34.7328
1644.0000 1621.6716 1.4175 34.7329
1646.0000 1623.6366 1.4168 34.7330
1648.0000 1625.6019 1.4156 34.7328
1650.0000 1627.5671 1.4138 34.7327
1652.0000 1629.5321 1.4135 34.7328
1654.0000 1631.4973 1.4136 34.7324
1656.0000 1633.4624 1.4113 34.7327
1658.0000 1635.4274 1.4090 34.7325
1660.0000 1637.3925 1.4062 34.7326
1662.0000 1639.3574 1.4052 34.7323
1664.0000 1641.3224 1.4061 34.7322
1666.0000 1643.2875 1.4051 34.7321
1668.0000 1645.2524 1.3995 34.7320
1670.0000 1647.2174 1.3977 34.7320
1672.0000 1649.1824 1.3954 34.7318
1674.0000 1651.1472 1.3941 34.7317
1676.0000 1653.1121 1.3924 34.7317
1678.0000 1655.0771 1.3921 34.7314
1680.0000 1657.0417 1.3862 34.7315
1682.0000 1659.0067 1.3821 34.7314
1684.0000 1660.9716 1.3806 34.7313
1686.0000 1662.9363 1.3771 34.7311
1688.0000 1664.9012 1.3755 34.7310
1690.0000 1666.8661 1.3705 34.7308
1692.0000 1668.8307 1.3642 34.7308
1694.0000 1670.7954 1.3630 34.7307
1696.0000 1672.7603 1.3626 34.7306
1698.0000 1674.7249 1.3621 34.7308
1700.0000 1676.6895 1.3613 34.7308
1702.0000 1678.6541 1.3617 34.7305
1704.0000 1680.6189 1.3605 34.7306
1706.0000 1682.5836 1.3584 34.7305
1708.0000 1684.5481 1.3566 34.7306
1710.0000 1686.5127 1.3550 34.7306
1712.0000 1688.4773 1.3563 34.7303
1714.0000 1690.4419 1.3534 34.7308
1716.0000 1692.4062 1.3526 34.7308
1718.0000 1694.3708 1.3519 34.7308
1720.0000 1696.3354 1.3512 34.7309
1722.0000 1698.2999 1.3509 34.7307
1724.0000 1700.2645 1.3492 34.7307
1726.0000 1702.2289 1.3476 34.7306
1728.0000 1704.1931 1.3476 34.7307
1730.0000 1706.1577 1.3477 34.7308
1732.0000 1708.1221 1.3474 34.7306
1734.0000 1710.0864 1.3428 34.7304
1736.0000 1712.0507 1.3413 34.7304
1738.0000 1714.0150 1.3401 34.7304
1740.0000 1715.9794 1.3371 34.7303
1742.0000 1717.9436 1.3353 34.7301
1744.0000 1719.9080 1.3332 34.7301
1746.0000 1721.8722 1.3296 34.7298
1748.0000 1723.8364 1.3285 34.7300
1750.0000 1725.8008 1.3274 34.7299
1752.0000 1727.7649 1.3265 34.7298
1754.0000 1729.7291 1.3268 34.7299
1756.0000 1731.6931 1.3245 34.7300
1758.0000 1733.6575 1.3245 34.7300
1760.0000 1735.6217 1.3238 34.7300
1762.0000 1737.5857 1.3232 34.7299
1764.0000 1739.5498 1.3235 34.7297
1766.0000 1741.5138 1.3224 34.7297
1768.0000 1743.4780 1.3204 34.7298
1770.0000 1745.4418 1.3202 34.7297
1772.0000 1747.4060 1.3197 34.7296
1774.0000 1749.3701 1.3185 34.7296
1776.0000 1751.3339 1.3166 34.7294
1778.0000 1753.2979 1.3121 34.7293
1780.0000 1755.2621 1.3088 34.7291
1782.0000 1757.2261 1.3066 34.7291
1784.0000 1759.1896 1.3064 34.7292
1786.0000 1761.1538 1.3047 34.7290
1788.0000 1763.1176 1.3027 34.7290
1790.0000 1765.0813 1.3013 34.7289
1792.0000 1767.0453 1.3007 34.7290
1794.0000 1769.0093 1.3001 34.7289
1796.0000 1770.9728 1.2995 34.7288
1798.0000 1772.9366 1.2968 34.7285
1800.0000 1774.9004 1.2933 34.7286
1802.0000 1776.8643 1.2928 34.7284
1804.0000 1778.8279 1.2925 34.7286
1806.0000 1780.7916 1.2922 34.7286
1808.0000 1782.7554 1.2915 34.7286
1810.0000 1784.7190 1.2905 34.7286
1812.0000 1786.6827 1.2881 34.7285
1814.0000 1788.6465 1.2874 34.7286
1816.0000 1790.6101 1.2868 34.7285
1818.0000 1792.5735 1.2868 34.7281
1820.0000 1794.5372 1.2828 34.7283
1822.0000 1796.5007 1.2804 34.7280
1824.0000 1798.4641 1.2765 34.7280
1826.0000 1800.4276 1.2714 34.7278
1828.0000 1802.3914 1.2707 34.7275
1830.0000 1804.3547 1.2687 34.7276
1832.0000 1806.3184 1.2653 34.7274
1834.0000 1808.2817 1.2637 34.7273
1836.0000 1810.2452 1.2611 34.7274
1838.0000 1812.2084 1.2594 34.7274
1840.0000 1814.1720 1.2577 34.7272
1842.0000 1816.1353 1.2571 34.7273
1844.0000 1818.0989 1.2577 34.7271
1846.0000 1820.0621 1.2571 34.7271
1848.0000 1822.0255 1.2528 34.7269
1850.0000 1823.9889 1.2494 34.7269
1852.0000 1825.9520 1.2487 34.7269
1854.0000 1827.9154 1.2475 34.7268
1856.0000 1829.8787 1.2473 34.7265
1858.0000 1831.8420 1.2463 34.7264
1860.0000 1833.8051 1.2417 34.7264
1862.0000 1835.7683 1.2392 34.7265
1864.0000 1837.7314 1.2371 34.7262
1866.0000 1839.6946 1.2353 34.7261
1868.0000 1841.6578 1.2324 34.7259
1870.0000 1843.6211 1.2309 34.7260
1872.0000 1845.5839 1.2319 34.7258
1874.0000 1847.5472 1.2313 34.7257
1876.0000 1849.5101 1.2298 34.7259
1878.0000 1851.4735 1.2291 34.7258
1880.0000 1853.4364 1.2228 34.7253
1882.0000 1855.3993 1.2191 34.7252
1884.0000 1857.3624 1.2184 34.7250
1886.0000 1859.3252 1.2179 34.7251
1888.0000 1861.2883 1.2168 34.7247
1890.0000 1863.2512 1.2121 34.7251
1892.0000 1865.2144 1.2110 34.7251
1894.0000 1867.1769 1.2085 34.7246
1896.0000 1869.1400 1.2040 34.7245
1898.0000 1871.1030 1.2023 34.7243
1900.0000 1873.0657 1.2010 34.7246
1902.0000 1875.0287 1.2003 34.7245
1904.0000 1876.9913 1.1994 34.7245
1906.0000 1878.9543 1.1994 34.7242
1908.0000 1880.9169 1.1976 34.7245
1910.0000 1882.8798 1.1975 34.7246
1912.0000 1884.8425 1.1968 34.7243
1914.0000 1886.8052 1.1938 34.7242
1916.0000 1888.7681 1.1941 34.7239
1918.0000 1890.7306 1.1929 34.7240
1920.0000 1892.6936 1.1913 34.7242
1922.0000 1894.6559 1.1874 34.7240
1924.0000 1896.6187 1.1841 34.7238
1926.0000 1898.5815 1.1855 34.7237
1928.0000 1900.5438 1.1797 34.7237
1930.0000 1902.5066 1.1764 34.7237
1932.0000 1904.4691 1.1745 34.7234
1934.0000 1906.4316 1.1726 34.7234
1936.0000 1908.3942 1.1743 34.7230
1938.0000 1910.3566 1.1713 34.7235
1940.0000 1912.3193 1.1712 34.7236
1942.0000 1914.2815 1.1710 34.7233
1944.0000 1916.2441 1.1702 34.7234
1946.0000 1918.2067 1.1687 34.7233
1948.0000 1920.1688 1.1692 34.7230
1950.0000 1922.1312 1.1670 34.7232
1952.0000 1924.0938 1.1656 34.7234
1954.0000 1926.0563 1.1656 34.7232
1956.0000 1928.0184 1.1586 34.7228
1958.0000 1929.9807 1.1537 34.7227
1960.0000 1931.9432 1.1559 34.7223
1962.0000 1933.9053 1.1518 34.7226
1964.0000 1935.8677 1.1516 34.7226
1966.0000 1937.8301 1.1521 34.7227
1968.0000 1939.7922 1.1524 34.7227
1970.0000 1941.7544 1.1508 34.7225
1972.0000 1943.7167 1.1480 34.7224
1974.0000 1945.6790 1.1456 34.7224
1976.0000 1947.6410 1.1447 34.7223
1978.0000 1949.6029 1.1420 34.7215
1980.0000 1951.5652 1.1409 34.7223
1982.0000 1953.5275 1.1391 34.7222
1984.0000 1955.4894 1.1386 34.7221
1986.0000 1957.4515 1.1393 34.7217
1988.0000 1959.4138 1.1361 34.7219
1990.0000 1961.3755 1.1338 34.7220
1992.0000 1963.3376 1.1318 34.7219
1994.0000 1965.2999 1.1305 34.7218
1996.0000 1967.2616 1.1289 34.7217
1998.0000 1969.2236 1.1280 34.7217
2000.0000 1971.1858 1.1280 34.7217
2002.0000 1973.1477 1.1277 34.7217
2004.0000 1975.1094 1.1275 34.7218
2006.0000 1977.0712 1.1272 34.7217
2008.0000 1979.0333 1.1260 34.7214
2010.0000 1980.9950 1.1240 34.7215
2012.0000 1982.9569 1.1227 34.7215
2014.0000 1984.9188 1.1227 34.7213
2016.0000 1986.8806 1.1214 34.7213
2018.0000 1988.8422 1.1168 34.7212
2020.0000 1990.8041 1.1124 34.7208
2022.0000 1992.7659 1.1092 34.7208
2024.0000 1994.7275 1.1068 34.7207
2026.0000 1996.6892 1.1045 34.7206
2028.0000 1998.6511 1.1029 34.7206
2030.0000 2000.6128 1.1016 34.7205
2032.0000 2002.5743 1.0992 34.7203
2034.0000 2004.5360 1.0977 34.7202
2036.0000 2006.4978 1.0959 34.7204
2038.0000 2008.4591 1.0952 34.7202
2040.0000 2010.4208 1.0936 34.7201
2042.0000 2012.3824 1.0935 34.7202
2044.0000 2014.3440 1.0937 34.7200
2046.0000 2016.3054 1.0927 34.7202
2048.0000 2018.2671 1.0915 34.7200
2050.0000 2020.2285 1.0873 34.7198
2052.0000 2022.1898 1.0836 34.7198
2054.0000 2024.1515 1.0815 34.7194
2056.0000 2026.1129 1.0807 34.7199
2058.0000 2028.0742 1.0806 34.7197
2060.0000 2030.0356 1.0797 34.7197
2062.0000 2031.9972 1.0803 34.7190
2064.0000 2033.9584 1.0794 34.7197
2066.0000 2035.9197 1.0793 34.7196
2068.0000 2037.8811 1.0771 34.7195
2070.0000 2039.8427 1.0762 34.7196
2072.0000 2041.8037 1.0759 34.7194
2074.0000 2043.7651 1.0755 34.7193
2076.0000 2045.7264 1.0731 34.7194
2078.0000 2047.6876 1.0727 34.7195
2080.0000 2049.6487 1.0721 34.7192
2082.0000 2051.6101 1.0715 34.7192
2084.0000 2053.5715 1.0696 34.7192
2086.0000 2055.5322 1.0716 34.7192
2088.0000 2057.4937 1.0640 34.7186
2090.0000 2059.4548 1.0626 34.7187
2092.0000 2061.4160 1.0621 34.7188
2094.0000 2063.3770 1.0601 34.7187
2096.0000 2065.3379 1.0596 34.7183
2098.0000 2067.2993 1.0590 34.7188
2100.0000 2069.2600 1.0586 34.7184
2102.0000 2071.2212 1.0583 34.7188
2104.0000 2073.1821 1.0578 34.7184
2106.0000 2075.1433 1.0547 34.7182
2108.0000 2077.1042 1.0524 34.7185
2110.0000 2079.0652 1.0498 34.7183
2112.0000 2081.0261 1.0485 34.7184
2114.0000 2082.9871 1.0485 34.7183
2116.0000 2084.9478 1.0475 34.7184
2118.0000 2086.9087 1.0467 34.7184
2120.0000 2088.8699 1.0459 34.7180
2122.0000 2090.8303 1.0454 34.7181
2124.0000 2092.7915 1.0445 34.7185
2126.0000 2094.7522 1.0443 34.7182
2128.0000 2096.7126 1.0445 34.7178
2130.0000 2098.6738 1.0447 34.7177
2132.0000 2100.6345 1.0445 34.7181
2134.0000 2102.5950 1.0445 34.7177
2136.0000 2104.5559 1.0439 34.7180
2138.0000 2106.5166 1.0411 34.7177
2140.0000 2108.4773 1.0375 34.7173
2142.0000 2110.4380 1.0355 34.7173
2144.0000 2112.3987 1.0332 34.7175
2146.0000 2114.3591 1.0296 34.7171
2148.0000 2116.3198 1.0220 34.7167
2150.0000 2118.2805 1.0197 34.7165
2152.0000 2120.2412 1.0189 34.7166
2154.0000 2122.2017 1.0174 34.7165
2156.0000 2124.1621 1.0168 34.7164
2158.0000 2126.1226 1.0144 34.7166
2160.0000 2128.0833 1.0128 34.7164
2162.0000 2130.0437 1.0075 34.7163
2164.0000 2132.0042 1.0061 34.7161
2166.0000 2133.9646 1.0058 34.7161
2168.0000 2135.9253 1.0049 34.7160
2170.0000 2137.8855 1.0043 34.7162
2172.0000 2139.8459 1.0043 34.7161
2174.0000 2141.8062 1.0036 34.7162
2176.0000 2143.7664 1.0033 34.7162
2178.0000 2145.7268 1.0018 34.7161
2180.0000 2147.6873 0.9996 34.7159
2182.0000 2149.6477 0.9975 34.7158
2184.0000 2151.6077 0.9954 34.7156
2186.0000 2153.5679 0.9938 34.7158
2188.0000 2155.5283 0.9938 34.7156
2190.0000 2157.4885 0.9898 34.7152
2192.0000 2159.4487 0.9867 34.7153
2194.0000 2161.4092 0.9856 34.7151
2196.0000 2163.3691 0.9839 34.7150
2198.0000 2165.3293 0.9804 34.7148
2200.0000 2167.2896 0.9794 34.7147
2202.0000 2169.2498 0.9774 34.7146
2204.0000 2171.2097 0.9757 34.7146
2206.0000 2173.1699 0.9737 34.7145
2208.0000 2175.1299 0.9708 34.7144
2210.0000 2177.0898 0.9672 34.7140
2212.0000 2179.0500 0.9653 34.7141
2214.0000 2181.0100 0.9639 34.7142
2216.0000 2182.9702 0.9626 34.7141
2218.0000 2184.9299 0.9624 34.7140
2220.0000 2186.8899 0.9627 34.7140
2222.0000 2188.8499 0.9625 34.7139
2224.0000 2190.8098 0.9621 34.7140
2226.0000 2192.7698 0.9616 34.7140
2228.0000 2194.7297 0.9585 34.7139
2230.0000 2196.6897 0.9574 34.7139
2232.0000 2198.6494 0.9572 34.7137
2234.0000 2200.6094 0.9565 34.7135
2236.0000 2202.5691 0.9505 34.7136
2238.0000 2204.5288 0.9492 34.7134
2240.0000 2206.4885 0.9485 34.7133
2242.0000 2208.4485 0.9473 34.7132
2244.0000 2210.4082 0.9452 34.7131
2246.0000 2212.3679 0.9450 34.7132
2248.0000 2214.3276 0.9454 34.7134
2250.0000 2216.2874 0.9458 34.7132
2252.0000 2218.2468 0.9455 34.7134
2254.0000 2220.2065 0.9448 34.7131
2256.0000 2222.1663 0.9439 34.7130
2258.0000 2224.1257 0.9391 34.7134
2260.0000 2226.0854 0.9375 34.7132
2262.0000 2228.0452 0.9366 34.7131
2264.0000 2230.0046 0.9356 34.7129
2266.0000 2231.9644 0.9359 34.7128
2268.0000 2233.9238 0.9362 34.7128
2270.0000 2235.8833 0.9343 34.7130
2272.0000 2237.8425 0.9329 34.7130
2274.0000 2239.8020 0.9324 34.7129
2276.0000 2241.7617 0.9312 34.7127
2278.0000 2243.7212 0.9307 34.7126
2280.0000 2245.6807 0.9291 34.7126
2282.0000 2247.6399 0.9292 34.7128
2284.0000 2249.5996 0.9290 34.7128
2286.0000 2251.5586 0.9294 34.7122
2288.0000 2253.5181 0.9239 34.7120
2290.0000 2255.4775 0.9199 34.7122
2292.0000 2257.4368 0.9192 34.7124
2294.0000 2259.3958 0.9180 34.7120
2296.0000 2261.3552 0.9155 34.7118
2298.0000 2263.3147 0.9149 34.7115
2300.0000 2265.2737 0.9083 34.7116
2302.0000 2267.2329 0.9067 34.7116
2304.0000 2269.1924 0.9063 34.7113
2306.0000 2271.1514 0.9057 34.7114
2308.0000 2273.1106 0.9051 34.7117
2310.0000 2275.0698 0.9047 34.7116
2312.0000 2277.0291 0.9036 34.7116
2314.0000 2278.9880 0.9037 34.7111
2316.0000 2280.9470 0.8957 34.7112
2318.0000 2282.9062 0.8927 34.7110
2320.0000 2284.8652 0.8914 34.7109
2322.0000 2286.8242 0.8880 34.7108
2324.0000 2288.7832 0.8878 34.7106
2326.0000 2290.7424 0.8878 34.7108
2328.0000 2292.7012 0.8853 34.7109
2330.0000 2294.6602 0.8853 34.7109
2332.0000 2296.6191 0.8855 34.7109
2334.0000 2298.5779 0.8850 34.7107
2336.0000 2300.5371 0.8859 34.7103
2338.0000 2302.4961 0.8834 34.7106
2340.0000 2304.4551 0.8830 34.7106
2342.0000 2306.4136 0.8828 34.7104
2344.0000 2308.3726 0.8793 34.7106
2346.0000 2310.3315 0.8767 34.7103
2348.0000 2312.2903 0.8763 34.7104
2350.0000 2314.2490 0.8762 34.7101
2352.0000 2316.2080 0.8715 34.7101
2354.0000 2318.1667 0.8703 34.7103
2356.0000 2320.1252 0.8697 34.7101
2358.0000 2322.0840 0.8695 34.7100
2360.0000 2324.0427 0.8688 34.7099
2362.0000 2326.0015 0.8684 34.7100
2364.0000 2327.9602 0.8684 34.7100
2366.0000 2329.9189 0.8681 34.7098
2368.0000 2331.8777 0.8668 34.7100
2370.0000 2333.8362 0.8648 34.7099
2372.0000 2335.7947 0.8632 34.7099
2374.0000 2337.7534 0.8623 34.7099
2376.0000 2339.7119 0.8619 34.7095
2378.0000 2341.6704 0.8594 34.7097
2380.0000 2343.6292 0.8581 34.7094
2382.0000 2345.5876 0.8569 34.7094
2384.0000 2347.5459 0.8536 34.7092
2386.0000 2349.5046 0.8494 34.7093
2388.0000 2351.4629 0.8495 34.7094
2390.0000 2353.4211 0.8482 34.7091
2392.0000 2355.3796 0.8482 34.7091
2394.0000 2357.3384 0.8487 34.7087
2396.0000 2359.2964 0.8483 34.7092
2398.0000 2361.2546 0.8472 34.7092
2400.0000 2363.2134 0.8467 34.7091
2402.0000 2365.1716 0.8463 34.7090
2404.0000 2367.1296 0.8425 34.7088
2406.0000 2369.0881 0.8412 34.7088
2408.0000 2371.0464 0.8398 34.7087
2410.0000 2373.0046 0.8386 34.7089
2412.0000 2374.9629 0.8386 34.7090
2414.0000 2376.9211 0.8384 34.7088
2416.0000 2378.8794 0.8381 34.7087
2418.0000 2380.8374 0.8378 34.7087
2420.0000 2382.7957 0.8374 34.7087
2422.0000 2384.7539 0.8378 34.7088
2424.0000 2386.7119 0.8376 34.7088
2426.0000 2388.6699 0.8377 34.7088
2428.0000 2390.6282 0.8380 34.7087
2430.0000 2392.5862 0.8382 34.7086
2432.0000 2394.5442 0.8376 34.7086
2434.0000 2396.5022 0.8363 34.7088
2436.0000 2398.4604 0.8357 34.7088
2438.0000 2400.4182 0.8352 34.7087
2440.0000 2402.3762 0.8352 34.7086
2442.0000 2404.3345 0.8357 34.7083
2444.0000 2406.2925 0.8337 34.7084
2446.0000 2408.2502 0.8299 34.7083
2448.0000 2410.2083 0.8277 34.7083
2450.0000 2412.1663 0.8262 34.7082
2452.0000 2414.1240 0.8256 34.7082
2454.0000 2416.0818 0.8262 34.7081
2456.0000 2418.0398 0.8262 34.7081
2458.0000 2419.9973 0.8256 34.7083
2460.0000 2421.9553 0.8254 34.7082
2462.0000 2423.9131 0.8253 34.7082
2464.0000 2425.8708 0.8249 34.7082
2466.0000 2427.8286 0.8237 34.7081
2468.0000 2429.7864 0.8249 34.7079
2470.0000 2431.7439 0.8232 34.7080
2472.0000 2433.7019 0.8212 34.7080
2474.0000 2435.6597 0.8212 34.7080
2476.0000 2437.6174 0.8200 34.7080
2478.0000 2439.5750 0.8202 34.7077
2480.0000 2441.5322 0.8188 34.7079
2482.0000 2443.4900 0.8165 34.7079
2484.0000 2445.4478 0.8155 34.7079
2486.0000 2447.4050 0.8142 34.7075
2488.0000 2449.3628 0.8123 34.7078
2490.0000 2451.3203 0.8123 34.7078
2492.0000 2453.2778 0.8120 34.7076
2494.0000 2455.2354 0.8108 34.7076
2496.0000 2457.1929 0.8106 34.7075
2498.0000 2459.1504 0.8103 34.7077
2500.0000 2461.1077 0.8104 34.7075
2502.0000 2463.0652 0.8103 34.7077
2504.0000 2465.0227 0.8099 34.7077
2506.0000 2466.9800 0.8084 34.7076
2508.0000 2468.9373 0.8084 34.7076
2510.0000 2470.8945 0.8084 34.7073
2512.0000 2472.8523 0.8044 34.7074
2514.0000 2474.8093 0.8029 34.7074
2516.0000 2476.7668 0.8029 34.7072
2518.0000 2478.7241 0.8025 34.7072
2520.0000 2480.6812 0.8014 34.7074
2522.0000 2482.6384 0.7999 34.7073
2524.0000 2484.5959 0.7986 34.7071
2526.0000 2486.5530 0.7983 34.7068
2528.0000 2488.5103 0.7981 34.7071
2530.0000 2490.4675 0.7978 34.7071
2532.0000 2492.4246 0.7974 34.7072
2534.0000 2494.3816 0.7971 34.7071
2536.0000 2496.3389 0.7971 34.7069
2538.0000 2498.2961 0.7973 34.7069
2540.0000 2500.2532 0.7972 34.7071
2542.0000 2502.2102 0.7969 34.7073
2544.0000 2504.1672 0.7968 34.7072
2546.0000 2506.1243 0.7969 34.7071
2548.0000 2508.0813 0.7953 34.7070
2550.0000 2510.0383 0.7966 34.7064
2552.0000 2511.9951 0.7929 34.7067
2554.0000 2513.9524 0.7925 34.7069
2556.0000 2515.9094 0.7924 34.7071
2558.0000 2517.8662 0.7918 34.7068
2560.0000 2519.8232 0.7923 34.7064
2562.0000 2521.7798 0.7905 34.7066
2564.0000 2523.7368 0.7900 34.7065
2566.0000 2525.6938 0.7882 34.7065
2568.0000 2527.6509 0.7867 34.7067
2570.0000 2529.6074 0.7881 34.7062
2572.0000 2531.5645 0.7864 34.7066
2574.0000 2533.5210 0.7861 34.7065
2576.0000 2535.4778 0.7858 34.7066
2578.0000 2537.4343 0.7854 34.7065
2580.0000 2539.3914 0.7843 34.7065
2582.0000 2541.3479 0.7857 34.7060
2584.0000 2543.3047 0.7839 34.7064
2586.0000 2545.2615 0.7839 34.7063
2588.0000 2547.2180 0.7838 34.7064
2590.0000 2549.1748 0.7837 34.7064
2592.0000 2551.1313 0.7834 34.7065
2594.0000 2553.0881 0.7832 34.7063
2596.0000 2555.0444 0.7833 34.7059
2598.0000 2557.0010 0.7811 34.7062
2600.0000 2558.9578 0.7807 34.7062
2602.0000 2560.9143 0.7809 34.7062
2604.0000 2562.8708 0.7811 34.7062
2606.0000 2564.8271 0.7811 34.7060
2608.0000 2566.7837 0.7805 34.7063
2610.0000 2568.7400 0.7801 34.7063
2612.0000 2570.6968 0.7791 34.7063
2614.0000 2572.6533 0.7792 34.7063
2616.0000 2574.6096 0.7792 34.7061
2618.0000 2576.5657 0.7799 34.7057
2620.0000 2578.5225 0.7792 34.7062
2622.0000 2580.4788 0.7791 34.7061
2624.0000 2582.4348 0.7787 34.7059
2626.0000 2584.3914 0.7777 34.7061
2628.0000 2586.3477 0.7780 34.7060
2630.0000 2588.3042 0.7772 34.7061
2632.0000 2590.2603 0.7768 34.7060
2634.0000 2592.2166 0.7767 34.7059
2636.0000 2594.1729 0.7763 34.7061
2638.0000 2596.1289 0.7753 34.7061
2640.0000 2598.0852 0.7760 34.7058
2642.0000 2600.0413 0.7755 34.7058
2644.0000 2601.9976 0.7746 34.7060
2646.0000 2603.9536 0.7739 34.7059
2648.0000 2605.9099 0.7739 34.7055
2650.0000 2607.8662 0.7727 34.7058
2652.0000 2609.8220 0.7721 34.7058
2654.0000 2611.7781 0.7721 34.7059
2656.0000 2613.7344 0.7723 34.7057
2658.0000 2615.6902 0.7724 34.7057
2660.0000 2617.6462 0.7722 34.7057
2662.0000 2619.6021 0.7721 34.7057
2664.0000 2621.5583 0.7721 34.7058
2666.0000 2623.5142 0.7718 34.7056
2668.0000 2625.4702 0.7711 34.7057
2670.0000 2627.4260 0.7710 34.7057
2672.0000 2629.3821 0.7709 34.7057
2674.0000 2631.3379 0.7704 34.7056
2676.0000 2633.2937 0.7698 34.7058
2678.0000 2635.2500 0.7704 34.7056
2680.0000 2637.2056 0.7697 34.7056
2682.0000 2639.1614 0.7691 34.7057
2684.0000 2641.1172 0.7688 34.7058
2686.0000 2643.0730 0.7690 34.7057
2688.0000 2645.0288 0.7692 34.7055
2690.0000 2646.9846 0.7693 34.7056
2692.0000 2648.9404 0.7693 34.7057
2694.0000 2650.8960 0.7685 34.7055
2696.0000 2652.8518 0.7677 34.7055
2698.0000 2654.8074 0.7677 34.7056
2700.0000 2656.7629 0.7679 34.7055
2702.0000 2658.7188 0.7676 34.7055
2704.0000 2660.6743 0.7676 34.7055
2706.0000 2662.6299 0.7672 34.7054
2708.0000 2664.5857 0.7667 34.7052
2710.0000 2666.5410 0.7661 34.7053
2712.0000 2668.4968 0.7657 34.7054
2714.0000 2670.4524 0.7648 34.7055
2716.0000 2672.4077 0.7646 34.7052
2718.0000 2674.3635 0.7651 34.7052
2720.0000 2676.3188 0.7652 34.7054
2722.0000 2678.2742 0.7650 34.7055
2724.0000 2680.2297 0.7648 34.7054
2726.0000 2682.1853 0.7649 34.7053
2728.0000 2684.1406 0.7644 34.7051
2730.0000 2686.0959 0.7643 34.7052
2732.0000 2688.0515 0.7638 34.7049
2734.0000 2690.0068 0.7628 34.7051
2736.0000 2691.9622 0.7625 34.7053
2738.0000 2693.9175 0.7624 34.7053
2740.0000 2695.8730 0.7628 34.7050
2742.0000 2697.8281 0.7626 34.7051
2744.0000 2699.7832 0.7622 34.7052
2746.0000 2701.7388 0.7618 34.7050
2748.0000 2703.6938 0.7616 34.7052
2750.0000 2705.6489 0.7617 34.7051
2752.0000 2707.6045 0.7623 34.7050
2754.0000 2709.5598 0.7623 34.7050
2756.0000 2711.5144 0.7621 34.7050
2758.0000 2713.4700 0.7621 34.7054
2760.0000 2715.4250 0.7621 34.7051
2762.0000 2717.3799 0.7625 34.7053
2764.0000 2719.3352 0.7628 34.7050
2766.0000 2721.2903 0.7625 34.7053
2768.0000 2723.2454 0.7622 34.7052
2770.0000 2725.2004 0.7624 34.7051
2772.0000 2727.1555 0.7627 34.7054
2774.0000 2729.1106 0.7624 34.7052
2776.0000 2731.0654 0.7622 34.7051
2778.0000 2733.0205 0.7619 34.7048
2780.0000 2734.9753 0.7621 34.7051
2782.0000 2736.9302 0.7620 34.7052
2784.0000 2738.8853 0.7619 34.7053
2786.0000 2740.8403 0.7626 34.7050
2788.0000 2742.7952 0.7623 34.7051
2790.0000 2744.7498 0.7612 34.7047
2792.0000 2746.7051 0.7603 34.7048
2794.0000 2748.6597 0.7595 34.7050
2796.0000 2750.6143 0.7611 34.7043
2798.0000 2752.5693 0.7584 34.7047
2800.0000 2754.5242 0.7581 34.7045
2802.0000 2756.4788 0.7584 34.7049
2804.0000 2758.4333 0.7583 34.7045
2806.0000 2760.3882 0.7580 34.7049
2808.0000 2762.3433 0.7582 34.7046
2810.0000 2764.2976 0.7587 34.7043
2812.0000 2766.2522 0.7578 34.7048
2814.0000 2768.2073 0.7577 34.7049
2816.0000 2770.1619 0.7573 34.7047
2818.0000 2772.1162 0.7569 34.7044
2820.0000 2774.0708 0.7562 34.7047
2822.0000 2776.0254 0.7558 34.7048
2824.0000 2777.9800 0.7550 34.7045
2826.0000 2779.9346 0.7551 34.7041
2828.0000 2781.8894 0.7537 34.7044
2830.0000 2783.8438 0.7538 34.7045
2832.0000 2785.7981 0.7535 34.7044
2834.0000 2787.7527 0.7537 34.7044
2836.0000 2789.7073 0.7538 34.7043
2838.0000 2791.6616 0.7533 34.7043
2840.0000 2793.6160 0.7521 34.7045
2842.0000 2795.5703 0.7523 34.7044
2844.0000 2797.5247 0.7519 34.7045
2846.0000 2799.4790 0.7509 34.7042
2848.0000 2801.4336 0.7514 34.7040
2850.0000 2803.3882 0.7511 34.7042
2852.0000 2805.3420 0.7514 34.7045
2854.0000 2807.2966 0.7512 34.7043
2856.0000 2809.2510 0.7511 34.7043
2858.0000 2811.2051 0.7507 34.7043
2860.0000 2813.1592 0.7507 34.7044
2862.0000 2815.1138 0.7505 34.7041
2864.0000 2817.0679 0.7504 34.7042
2866.0000 2819.0220 0.7508 34.7042
2868.0000 2820.9763 0.7504 34.7041
2870.0000 2822.9304 0.7506 34.7043
2872.0000 2824.8845 0.7509 34.7043
2874.0000 2826.8386 0.7509 34.7044
2876.0000 2828.7930 0.7510 34.7043
2878.0000 2830.7468 0.7506 34.7042
2880.0000 2832.7009 0.7504 34.7041
2882.0000 2834.6550 0.7505 34.7044
2884.0000 2836.6091 0.7501 34.7043
2886.0000 2838.5630 0.7501 34.7043
2888.0000 2840.5171 0.7502 34.7043
2890.0000 2842.4712 0.7504 34.7041
2892.0000 2844.4250 0.7503 34.7045
2894.0000 2846.3789 0.7505 34.7044
2896.0000 2848.3330 0.7506 34.7042
2898.0000 2850.2871 0.7508 34.7043
2900.0000 2852.2407 0.7508 34.7043
2902.0000 2854.1948 0.7510 34.7042
2904.0000 2856.1487 0.7513 34.7040
2906.0000 2858.1023 0.7513 34.7043
2908.0000 2860.0562 0.7516 34.7044
2910.0000 2862.0100 0.7517 34.7044
2912.0000 2863.9639 0.7513 34.7042
2914.0000 2865.9175 0.7510 34.7040
2916.0000 2867.8713 0.7513 34.7041
2918.0000 2869.8250 0.7516 34.7042
2920.0000 2871.7786 0.7519 34.7043
2922.0000 2873.7324 0.7516 34.7041
2924.0000 2875.6863 0.7517 34.7041
2926.0000 2877.6399 0.7522 34.7041
2928.0000 2879.5935 0.7519 34.7042
2930.0000 2881.5471 0.7521 34.7039
2932.0000 2883.5010 0.7523 34.7044
2934.0000 2885.4541 0.7522 34.7043
2936.0000 2887.4080 0.7522 34.7042
2938.0000 2889.3616 0.7522 34.7041
2940.0000 2891.3152 0.7522 34.7040
2942.0000 2893.2686 0.7521 34.7042
2944.0000 2895.2222 0.7520 34.7042
2946.0000 2897.1755 0.7519 34.7041
2948.0000 2899.1292 0.7518 34.7041
2950.0000 2901.0825 0.7514 34.7040
2952.0000 2903.0361 0.7515 34.7040
2954.0000 2904.9895 0.7517 34.7039
2956.0000 2906.9429 0.7516 34.7040
2958.0000 2908.8962 0.7516 34.7041
2960.0000 2910.8496 0.7517 34.7040
2962.0000 2912.8027 0.7513 34.7039
2964.0000 2914.7563 0.7516 34.7039
2966.0000 2916.7097 0.7514 34.7039
2968.0000 2918.6631 0.7511 34.7041
2970.0000 2920.6160 0.7511 34.7041
2972.0000 2922.5696 0.7512 34.7040
2974.0000 2924.5229 0.7511 34.7041
2976.0000 2926.4758 0.7518 34.7035
2978.0000 2928.4292 0.7511 34.7039
2980.0000 2930.3823 0.7511 34.7039
2982.0000 2932.3354 0.7511 34.7041
2984.0000 2934.2886 0.7515 34.7041
2986.0000 2936.2419 0.7516 34.7039
2988.0000 2938.1948 0.7522 34.7035
2990.0000 2940.1479 0.7516 34.7039
2992.0000 2942.1011 0.7518 34.7041
2994.0000 2944.0542 0.7519 34.7040
2996.0000 2946.0071 0.7521 34.7040
2998.0000 2947.9602 0.7523 34.7038
3000.0000 2949.9136 0.7523 34.7038
3002.0000 2951.8665 0.7524 34.7040
3004.0000 2953.8193 0.7526 34.7039
3006.0000 2955.7722 0.7527 34.7039
3008.0000 2957.7253 0.7528 34.7039
3010.0000 2959.6780 0.7530 34.7040
3012.0000 2961.6311 0.7534 34.7039
3014.0000 2963.5837 0.7534 34.7036
3016.0000 2965.5369 0.7533 34.7039
3018.0000 2967.4897 0.7535 34.7039
3020.0000 2969.4426 0.7537 34.7039
3022.0000 2971.3955 0.7538 34.7040
3024.0000 2973.3479 0.7541 34.7039
3026.0000 2975.3010 0.7543 34.7038
3028.0000 2977.2539 0.7543 34.7039
3030.0000 2979.2065 0.7543 34.7042
3032.0000 2981.1592 0.7544 34.7043
3034.0000 2983.1121 0.7546 34.7043
3036.0000 2985.0647 0.7551 34.7040
3038.0000 2987.0171 0.7552 34.7040
3040.0000 2988.9700 0.7551 34.7040
3042.0000 2990.9229 0.7553 34.7040
3044.0000 2992.8750 0.7555 34.7038
3046.0000 2994.8279 0.7556 34.7041
3048.0000 2996.7805 0.7557 34.7040
3050.0000 2998.7332 0.7560 34.7039
3052.0000 3000.6858 0.7564 34.7037
3054.0000 3002.6382 0.7564 34.7038
3056.0000 3004.5908 0.7565 34.7039
3058.0000 3006.5430 0.7567 34.7040
3060.0000 3008.4958 0.7568 34.7039
3062.0000 3010.4485 0.7570 34.7039
3064.0000 3012.4006 0.7577 34.7037
3066.0000 3014.3533 0.7575 34.7040
3068.0000 3016.3054 0.7576 34.7040
3070.0000 3018.2581 0.7577 34.7040
3072.0000 3020.2104 0.7580 34.7040
3074.0000 3022.1626 0.7582 34.7040
3076.0000 3024.1152 0.7584 34.7039
3078.0000 3026.0676 0.7586 34.7039
3080.0000 3028.0195 0.7588 34.7040
3082.0000 3029.9719 0.7590 34.7039
3084.0000 3031.9243 0.7591 34.7039
3086.0000 3033.8762 0.7593 34.7042
3088.0000 3035.8289 0.7595 34.7041
3090.0000 3037.7810 0.7597 34.7039
3092.0000 3039.7334 0.7599 34.7036
3094.0000 3041.6853 0.7600 34.7039
3096.0000 3043.6375 0.7602 34.7040
3098.0000 3045.5898 0.7604 34.7041
3100.0000 3047.5415 0.7607 34.7039
3102.0000 3049.4939 0.7610 34.7035
3104.0000 3051.4463 0.7610 34.7038
3106.0000 3053.3979 0.7611 34.7040
3108.0000 3055.3501 0.7613 34.7040
3110.0000 3057.3025 0.7616 34.7039
3112.0000 3059.2544 0.7618 34.7038
3114.0000 3061.2063 0.7619 34.7038
3116.0000 3063.1584 0.7620 34.7039
3118.0000 3065.1104 0.7623 34.7040
3120.0000 3067.0623 0.7625 34.7041
3122.0000 3069.0144 0.7631 34.7036
3124.0000 3070.9663 0.7628 34.7040
3126.0000 3072.9182 0.7631 34.7040
3128.0000 3074.8701 0.7635 34.7037
3130.0000 3076.8218 0.7635 34.7040
3132.0000 3078.7739 0.7636 34.7039
3134.0000 3080.7256 0.7644 34.7037
3136.0000 3082.6772 0.7642 34.7040
3138.0000 3084.6292 0.7644 34.7039
3140.0000 3086.5813 0.7648 34.7036
3142.0000 3088.5327 0.7646 34.7040
3144.0000 3090.4846 0.7649 34.7036
3146.0000 3092.4365 0.7650 34.7040
3148.0000 3094.3877 0.7653 34.7038
3150.0000 3096.3396 0.7653 34.7040
3152.0000 3098.2915 0.7658 34.7036
3154.0000 3100.2429 0.7657 34.7039
3156.0000 3102.1946 0.7661 34.7037
3158.0000 3104.1462 0.7664 34.7039
3160.0000 3106.0981 0.7664 34.7037
3162.0000 3108.0493 0.7667 34.7040
3164.0000 3110.0010 0.7670 34.7038
3166.0000 3111.9529 0.7672 34.7040
3168.0000 3113.9041 0.7673 34.7040
3170.0000 3115.8557 0.7675 34.7037
3172.0000 3117.8074 0.7675 34.7040
3174.0000 3119.7585 0.7676 34.7041
3176.0000 3121.7100 0.7679 34.7039
3178.0000 3123.6616 0.7681 34.7041
3180.0000 3125.6133 0.7685 34.7038
3182.0000 3127.5642 0.7688 34.7040
3184.0000 3129.5159 0.7688 34.7039
3186.0000 3131.4675 0.7689 34.7040
3188.0000 3133.4187 0.7692 34.7038
3190.0000 3135.3699 0.7692 34.7040
3192.0000 3137.3213 0.7698 34.7038
3194.0000 3139.2727 0.7697 34.7038
3196.0000 3141.2236 0.7699 34.7038
3198.0000 3143.1753 0.7700 34.7038
3200.0000 3145.1267 0.7702 34.7037
3202.0000 3147.0781 0.7703 34.7041
3204.0000 3149.0288 0.7707 34.7038
3206.0000 3150.9802 0.7710 34.7039
3208.0000 3152.9316 0.7714 34.7038
3210.0000 3154.8823 0.7714 34.7035
