CTD cast

DATE:  14-Jan-2015 04:13:59
latitude:  -60.0006
longitude:  -55.2325
 P (db)   z (m)    T (^oC)  S (psu)
3.0000 2.9717 1.6689 33.7989
5.0000 4.9528 1.6706 33.7990
7.0000 6.9339 1.6699 33.8003
9.0000 8.9149 1.6590 33.7975
11.0000 10.8960 1.6551 33.7975
13.0000 12.8770 1.6561 33.7978
15.0000 14.8580 1.6600 33.7977
17.0000 16.8390 1.6515 33.7973
19.0000 18.8200 1.5305 33.7952
21.0000 20.8009 1.5280 33.7961
23.0000 22.7819 1.5229 33.7965
25.0000 24.7628 1.5060 33.7966
27.0000 26.7437 1.4856 33.7965
29.0000 28.7246 1.4684 33.7965
31.0000 30.7054 1.4645 33.7967
33.0000 32.6862 1.4052 33.7965
35.0000 34.6671 1.1587 33.8004
37.0000 36.6479 1.1318 33.8025
39.0000 38.6286 0.9245 33.8087
41.0000 40.6094 0.7960 33.8125
43.0000 42.5901 0.7626 33.8158
45.0000 44.5709 0.5768 33.8229
47.0000 46.5516 0.4729 33.8273
49.0000 48.5322 0.4322 33.8297
51.0000 50.5129 0.4061 33.8322
53.0000 52.4935 0.3755 33.8352
55.0000 54.4742 0.3555 33.8371
57.0000 56.4548 0.3256 33.8389
59.0000 58.4354 0.1118 33.8464
61.0000 60.4159 -0.0613 33.8553
63.0000 62.3965 -0.0706 33.8587
65.0000 64.3770 -0.0613 33.8662
67.0000 66.3575 -0.1570 33.8847
69.0000 68.3380 -0.1839 33.8999
71.0000 70.3185 -0.3032 33.9156
73.0000 72.2989 -0.3358 33.9213
75.0000 74.2794 -0.3458 33.9364
77.0000 76.2598 -0.3313 33.9425
79.0000 78.2402 -0.1853 33.9663
81.0000 80.2205 0.0372 34.0082
83.0000 82.2009 0.1348 34.0280
85.0000 84.1812 0.1567 34.0318
87.0000 86.1615 0.2402 34.0475
89.0000 88.1418 0.2900 34.0591
91.0000 90.1221 0.4436 34.0890
93.0000 92.1024 0.6041 34.1159
95.0000 94.0826 0.6457 34.1216
97.0000 96.0629 0.6509 34.1215
99.0000 98.0431 0.6835 34.1261
101.0000 100.0232 0.7860 34.1426
103.0000 102.0034 0.8788 34.1610
105.0000 103.9835 0.9486 34.1756
107.0000 105.9637 1.0336 34.1890
109.0000 107.9438 1.1089 34.2027
111.0000 109.9239 1.1346 34.2065
113.0000 111.9039 1.1922 34.2143
115.0000 113.8840 1.2043 34.2158
117.0000 115.8640 1.2273 34.2195
119.0000 117.8440 1.2836 34.2273
121.0000 119.8240 1.3675 34.2427
123.0000 121.8040 1.4590 34.2607
125.0000 123.7839 1.4702 34.2648
127.0000 125.7639 1.4708 34.2650
129.0000 127.7438 1.4666 34.2642
131.0000 129.7237 1.4646 34.2636
133.0000 131.7036 1.4531 34.2624
135.0000 133.6834 1.4510 34.2619
137.0000 135.6633 1.4535 34.2626
139.0000 137.6431 1.4587 34.2646
141.0000 139.6229 1.4867 34.2726
143.0000 141.6026 1.5556 34.2873
145.0000 143.5824 1.6572 34.3038
147.0000 145.5622 1.7107 34.3125
149.0000 147.5419 1.7361 34.3164
151.0000 149.5216 1.7693 34.3226
153.0000 151.5013 1.8340 34.3357
155.0000 153.4810 1.8493 34.3372
157.0000 155.4606 1.8680 34.3421
159.0000 157.4402 1.9140 34.3529
161.0000 159.4198 1.9698 34.3667
163.0000 161.3994 2.0114 34.3760
165.0000 163.3790 2.0117 34.3763
167.0000 165.3586 2.0127 34.3769
169.0000 167.3381 2.0137 34.3771
171.0000 169.3176 2.0181 34.3791
173.0000 171.2971 2.0250 34.3823
175.0000 173.2766 2.0247 34.3832
177.0000 175.2560 2.0383 34.3873
179.0000 177.2354 2.0708 34.3961
181.0000 179.2149 2.0892 34.4031
183.0000 181.1943 2.1022 34.4091
185.0000 183.1736 2.1117 34.4141
187.0000 185.1530 2.1176 34.4178
189.0000 187.1324 2.1188 34.4194
191.0000 189.1116 2.1227 34.4212
193.0000 191.0910 2.1289 34.4266
195.0000 193.0703 2.1666 34.4387
197.0000 195.0495 2.1909 34.4466
199.0000 197.0288 2.1896 34.4495
201.0000 199.0080 2.1989 34.4541
203.0000 200.9872 2.2097 34.4570
205.0000 202.9664 2.2066 34.4577
207.0000 204.9456 2.2060 34.4579
209.0000 206.9247 2.2073 34.4586
211.0000 208.9038 2.2080 34.4613
213.0000 210.8829 2.2289 34.4679
215.0000 212.8620 2.2337 34.4716
217.0000 214.8411 2.2384 34.4746
219.0000 216.8202 2.2544 34.4838
221.0000 218.7992 2.2699 34.4913
223.0000 220.7782 2.2764 34.4950
225.0000 222.7572 2.2809 34.4975
227.0000 224.7362 2.2858 34.5002
229.0000 226.7152 2.2936 34.5049
231.0000 228.6941 2.2986 34.5073
233.0000 230.6730 2.2995 34.5079
235.0000 232.6519 2.2996 34.5083
237.0000 234.6308 2.2998 34.5084
239.0000 236.6097 2.3002 34.5091
241.0000 238.5885 2.3013 34.5117
243.0000 240.5673 2.3023 34.5141
245.0000 242.5461 2.3030 34.5173
247.0000 244.5249 2.3032 34.5218
249.0000 246.5037 2.3034 34.5251
251.0000 248.4825 2.3037 34.5284
253.0000 250.4612 2.3043 34.5311
255.0000 252.4399 2.3043 34.5319
257.0000 254.4186 2.3037 34.5345
259.0000 256.3972 2.3036 34.5351
261.0000 258.3759 2.3035 34.5360
263.0000 260.3545 2.3035 34.5373
265.0000 262.3332 2.3034 34.5378
267.0000 264.3117 2.3028 34.5409
269.0000 266.2903 2.3018 34.5430
271.0000 268.2689 2.3010 34.5447
273.0000 270.2474 2.3012 34.5468
275.0000 272.2260 2.3009 34.5475
277.0000 274.2045 2.2996 34.5489
279.0000 276.1830 2.2980 34.5505
281.0000 278.1614 2.2976 34.5517
283.0000 280.1399 2.2946 34.5545
285.0000 282.1183 2.2910 34.5578
287.0000 284.0967 2.2866 34.5597
289.0000 286.0750 2.2852 34.5607
291.0000 288.0534 2.2840 34.5612
293.0000 290.0318 2.2799 34.5637
295.0000 292.0101 2.2716 34.5688
297.0000 293.9884 2.2691 34.5702
299.0000 295.9667 2.2685 34.5708
301.0000 297.9449 2.2679 34.5718
303.0000 299.9232 2.2677 34.5723
305.0000 301.9015 2.2676 34.5724
307.0000 303.8797 2.2664 34.5741
309.0000 305.8579 2.2647 34.5764
311.0000 307.8361 2.2632 34.5785
313.0000 309.8142 2.2613 34.5810
315.0000 311.7923 2.2602 34.5825
317.0000 313.7705 2.2584 34.5850
319.0000 315.7486 2.2564 34.5874
321.0000 317.7266 2.2555 34.5881
323.0000 319.7047 2.2549 34.5885
325.0000 321.6827 2.2536 34.5900
327.0000 323.6608 2.2530 34.5907
329.0000 325.6388 2.2508 34.5936
331.0000 327.6168 2.2493 34.5953
333.0000 329.5947 2.2476 34.5965
335.0000 331.5727 2.2441 34.5984
337.0000 333.5506 2.2413 34.6003
339.0000 335.5285 2.2403 34.6022
341.0000 337.5064 2.2412 34.6029
343.0000 339.4843 2.2403 34.6034
345.0000 341.4621 2.2401 34.6034
347.0000 343.4400 2.2389 34.6035
349.0000 345.4178 2.2330 34.6050
351.0000 347.3956 2.2296 34.6064
353.0000 349.3734 2.2303 34.6067
355.0000 351.3511 2.2295 34.6075
357.0000 353.3289 2.2264 34.6088
359.0000 355.3066 2.2202 34.6100
361.0000 357.2843 2.2124 34.6108
363.0000 359.2620 2.2108 34.6109
365.0000 361.2396 2.2058 34.6104
367.0000 363.2173 2.1732 34.6075
369.0000 365.1949 2.0994 34.6020
371.0000 367.1725 2.0657 34.6006
373.0000 369.1501 2.0581 34.6005
375.0000 371.1277 2.0571 34.6006
377.0000 373.1052 2.0541 34.6012
379.0000 375.0827 2.0551 34.6027
381.0000 377.0603 2.0554 34.6046
383.0000 379.0377 2.0583 34.6059
385.0000 381.0152 2.0584 34.6068
387.0000 382.9926 2.0604 34.6081
389.0000 384.9701 2.0661 34.6100
391.0000 386.9475 2.0587 34.6113
393.0000 388.9249 2.0449 34.6130
395.0000 390.9023 2.0506 34.6144
397.0000 392.8796 2.0687 34.6174
399.0000 394.8570 2.0859 34.6200
401.0000 396.8343 2.0858 34.6201
403.0000 398.8116 2.0770 34.6193
405.0000 400.7889 2.0323 34.6136
407.0000 402.7661 1.9864 34.6111
409.0000 404.7434 1.9848 34.6120
411.0000 406.7206 2.0083 34.6164
413.0000 408.6978 2.0416 34.6216
415.0000 410.6750 2.0719 34.6258
417.0000 412.6522 2.0755 34.6264
419.0000 414.6293 2.0821 34.6275
421.0000 416.6064 2.0817 34.6274
423.0000 418.5836 2.0820 34.6278
425.0000 420.5607 2.0769 34.6281
427.0000 422.5378 2.0750 34.6290
429.0000 424.5148 2.0758 34.6300
431.0000 426.4918 2.0646 34.6304
433.0000 428.4688 2.0530 34.6300
435.0000 430.4459 2.0348 34.6302
437.0000 432.4229 2.0410 34.6312
439.0000 434.3998 2.0493 34.6324
441.0000 436.3767 2.0456 34.6325
443.0000 438.3536 2.0483 34.6341
445.0000 440.3306 2.0604 34.6362
447.0000 442.3075 2.0615 34.6371
449.0000 444.2843 2.0676 34.6387
451.0000 446.2612 2.0763 34.6414
453.0000 448.2380 2.0908 34.6444
455.0000 450.2148 2.0941 34.6451
457.0000 452.1916 2.0948 34.6453
459.0000 454.1683 2.0894 34.6463
461.0000 456.1451 2.0902 34.6472
463.0000 458.1219 2.0909 34.6479
465.0000 460.0986 2.0916 34.6486
467.0000 462.0753 2.0918 34.6488
469.0000 464.0519 2.0920 34.6505
471.0000 466.0286 2.0947 34.6518
473.0000 468.0052 2.0960 34.6517
475.0000 469.9818 2.0976 34.6520
477.0000 471.9584 2.0973 34.6521
479.0000 473.9351 2.0899 34.6523
481.0000 475.9116 2.0757 34.6524
483.0000 477.8881 2.0726 34.6535
485.0000 479.8647 2.0532 34.6515
487.0000 481.8412 2.0186 34.6497
489.0000 483.8177 1.9967 34.6495
491.0000 485.7941 2.0071 34.6517
493.0000 487.7705 2.0182 34.6541
495.0000 489.7470 2.0383 34.6578
497.0000 491.7234 2.0466 34.6589
499.0000 493.6998 2.0482 34.6593
501.0000 495.6761 2.0577 34.6612
503.0000 497.6525 2.0648 34.6635
505.0000 499.6289 2.0655 34.6639
507.0000 501.6051 2.0664 34.6641
509.0000 503.5815 2.0667 34.6645
511.0000 505.5577 2.0660 34.6660
513.0000 507.5341 2.0616 34.6680
515.0000 509.5102 2.0595 34.6700
517.0000 511.4865 2.0584 34.6705
519.0000 513.4627 2.0564 34.6714
521.0000 515.4388 2.0557 34.6716
523.0000 517.4150 2.0545 34.6720
525.0000 519.3912 2.0416 34.6734
527.0000 521.3673 2.0349 34.6749
529.0000 523.3434 2.0222 34.6743
531.0000 525.3195 2.0200 34.6740
533.0000 527.2956 2.0168 34.6736
535.0000 529.2715 2.0100 34.6729
537.0000 531.2476 2.0125 34.6746
539.0000 533.2236 2.0143 34.6753
541.0000 535.1996 2.0149 34.6761
543.0000 537.1756 2.0160 34.6769
545.0000 539.1516 2.0164 34.6771
547.0000 541.1275 2.0160 34.6772
549.0000 543.1034 2.0128 34.6772
551.0000 545.0793 2.0126 34.6778
553.0000 547.0552 2.0153 34.6789
555.0000 549.0310 2.0153 34.6791
557.0000 551.0069 2.0157 34.6791
559.0000 552.9827 2.0165 34.6791
561.0000 554.9586 2.0166 34.6792
563.0000 556.9343 2.0170 34.6795
565.0000 558.9101 2.0169 34.6799
567.0000 560.8859 2.0163 34.6811
569.0000 562.8615 2.0157 34.6820
571.0000 564.8373 2.0155 34.6827
573.0000 566.8129 2.0145 34.6844
575.0000 568.7886 2.0134 34.6849
577.0000 570.7643 2.0133 34.6850
579.0000 572.7399 2.0132 34.6849
581.0000 574.7155 2.0117 34.6855
583.0000 576.6911 2.0097 34.6858
585.0000 578.6667 2.0026 34.6869
587.0000 580.6423 2.0003 34.6874
589.0000 582.6179 1.9998 34.6873
591.0000 584.5933 1.9970 34.6879
593.0000 586.5688 1.9952 34.6884
595.0000 588.5443 1.9949 34.6884
597.0000 590.5197 1.9941 34.6885
599.0000 592.4952 1.9916 34.6890
601.0000 594.4706 1.9897 34.6891
603.0000 596.4461 1.9867 34.6897
605.0000 598.4214 1.9844 34.6900
607.0000 600.3968 1.9841 34.6901
609.0000 602.3722 1.9838 34.6901
611.0000 604.3475 1.9822 34.6904
613.0000 606.3228 1.9803 34.6906
615.0000 608.2982 1.9791 34.6908
617.0000 610.2734 1.9729 34.6915
619.0000 612.2486 1.9681 34.6922
621.0000 614.2239 1.9669 34.6924
623.0000 616.1991 1.9667 34.6925
625.0000 618.1743 1.9658 34.6926
627.0000 620.1495 1.9649 34.6927
629.0000 622.1246 1.9640 34.6930
631.0000 624.0998 1.9618 34.6933
633.0000 626.0749 1.9594 34.6937
635.0000 628.0500 1.9555 34.6943
637.0000 630.0251 1.9489 34.6953
639.0000 632.0002 1.9454 34.6959
641.0000 633.9753 1.9440 34.6962
643.0000 635.9503 1.9440 34.6963
645.0000 637.9252 1.9434 34.6964
647.0000 639.9003 1.9428 34.6966
649.0000 641.8752 1.9424 34.6966
651.0000 643.8502 1.9421 34.6967
653.0000 645.8251 1.9421 34.6968
655.0000 647.8000 1.9410 34.6971
657.0000 649.7750 1.9407 34.6971
659.0000 651.7498 1.9408 34.6971
661.0000 653.7247 1.9405 34.6972
663.0000 655.6995 1.9408 34.6972
665.0000 657.6743 1.9410 34.6972
667.0000 659.6491 1.9413 34.6972
669.0000 661.6239 1.9414 34.6971
671.0000 663.5987 1.9410 34.6972
673.0000 665.5734 1.9406 34.6973
675.0000 667.5482 1.9398 34.6975
677.0000 669.5229 1.9392 34.6977
679.0000 671.4976 1.9382 34.6977
681.0000 673.4722 1.9372 34.6978
683.0000 675.4469 1.9350 34.6981
685.0000 677.4216 1.9339 34.6983
687.0000 679.3961 1.9334 34.6984
689.0000 681.3708 1.9323 34.6987
691.0000 683.3453 1.9328 34.6986
693.0000 685.3198 1.9320 34.6989
695.0000 687.2944 1.9304 34.6991
697.0000 689.2689 1.9296 34.6993
699.0000 691.2435 1.9295 34.6993
701.0000 693.2179 1.9283 34.6996
703.0000 695.1924 1.9258 34.7001
705.0000 697.1668 1.9215 34.7008
707.0000 699.1412 1.9132 34.7020
709.0000 701.1157 1.9069 34.7030
711.0000 703.0901 1.9033 34.7036
713.0000 705.0645 1.8973 34.7047
715.0000 707.0388 1.8906 34.7055
717.0000 709.0131 1.8870 34.7060
719.0000 710.9874 1.8853 34.7063
721.0000 712.9617 1.8800 34.7068
723.0000 714.9360 1.8781 34.7071
725.0000 716.9103 1.8747 34.7072
727.0000 718.8845 1.8685 34.7077
729.0000 720.8587 1.8604 34.7084
731.0000 722.8329 1.8580 34.7087
733.0000 724.8071 1.8562 34.7089
735.0000 726.7812 1.8559 34.7089
737.0000 728.7554 1.8552 34.7089
739.0000 730.7296 1.8542 34.7090
741.0000 732.7037 1.8531 34.7091
743.0000 734.6777 1.8509 34.7092
745.0000 736.6518 1.8484 34.7094
747.0000 738.6259 1.8473 34.7095
749.0000 740.5999 1.8465 34.7095
751.0000 742.5739 1.8428 34.7097
753.0000 744.5479 1.8369 34.7100
755.0000 746.5218 1.8321 34.7103
757.0000 748.4958 1.8255 34.7108
759.0000 750.4698 1.8251 34.7109
761.0000 752.4437 1.8241 34.7111
763.0000 754.4175 1.8229 34.7113
765.0000 756.3915 1.8199 34.7115
767.0000 758.3654 1.8197 34.7116
769.0000 760.3391 1.8179 34.7117
771.0000 762.3129 1.8115 34.7121
773.0000 764.2868 1.8091 34.7124
775.0000 766.2606 1.8080 34.7126
777.0000 768.2344 1.8073 34.7126
779.0000 770.2081 1.8057 34.7128
781.0000 772.1819 1.8051 34.7129
783.0000 774.1555 1.8051 34.7131
785.0000 776.1292 1.8045 34.7132
787.0000 778.1030 1.8037 34.7133
789.0000 780.0766 1.8030 34.7132
791.0000 782.0502 1.8028 34.7133
793.0000 784.0238 1.8011 34.7135
795.0000 785.9975 1.8000 34.7136
797.0000 787.9710 1.7974 34.7138
799.0000 789.9446 1.7955 34.7139
801.0000 791.9181 1.7932 34.7140
803.0000 793.8917 1.7908 34.7142
805.0000 795.8651 1.7879 34.7144
807.0000 797.8386 1.7877 34.7145
809.0000 799.8122 1.7871 34.7145
811.0000 801.7855 1.7871 34.7143
813.0000 803.7590 1.7867 34.7145
815.0000 805.7324 1.7863 34.7146
817.0000 807.7057 1.7859 34.7146
819.0000 809.6791 1.7857 34.7146
821.0000 811.6525 1.7850 34.7146
823.0000 813.6259 1.7834 34.7146
825.0000 815.5991 1.7831 34.7146
827.0000 817.5725 1.7822 34.7146
829.0000 819.5458 1.7801 34.7147
831.0000 821.5190 1.7793 34.7148
833.0000 823.4922 1.7780 34.7148
835.0000 825.4655 1.7767 34.7148
837.0000 827.4387 1.7743 34.7148
839.0000 829.4119 1.7711 34.7151
841.0000 831.3851 1.7711 34.7153
843.0000 833.3582 1.7715 34.7156
845.0000 835.3313 1.7710 34.7159
847.0000 837.3044 1.7721 34.7157
849.0000 839.2776 1.7716 34.7156
851.0000 841.2507 1.7689 34.7158
853.0000 843.2236 1.7621 34.7164
855.0000 845.1967 1.7582 34.7167
857.0000 847.1697 1.7546 34.7168
859.0000 849.1426 1.7520 34.7170
861.0000 851.1158 1.7508 34.7169
863.0000 853.0887 1.7475 34.7173
865.0000 855.0616 1.7463 34.7174
867.0000 857.0345 1.7432 34.7176
869.0000 859.0075 1.7394 34.7178
871.0000 860.9804 1.7356 34.7179
873.0000 862.9531 1.7349 34.7179
875.0000 864.9261 1.7345 34.7180
877.0000 866.8989 1.7313 34.7182
879.0000 868.8717 1.7285 34.7183
881.0000 870.8444 1.7261 34.7182
883.0000 872.8173 1.7210 34.7181
885.0000 874.7901 1.7166 34.7181
887.0000 876.7627 1.7139 34.7183
889.0000 878.7354 1.7129 34.7183
891.0000 880.7083 1.7116 34.7182
893.0000 882.6808 1.7025 34.7183
895.0000 884.6535 1.6957 34.7185
897.0000 886.6262 1.6923 34.7185
899.0000 888.5988 1.6853 34.7184
901.0000 890.5714 1.6813 34.7186
903.0000 892.5439 1.6792 34.7185
905.0000 894.5165 1.6783 34.7185
907.0000 896.4891 1.6747 34.7187
909.0000 898.4616 1.6733 34.7188
911.0000 900.4341 1.6716 34.7189
913.0000 902.4067 1.6720 34.7187
915.0000 904.3792 1.6713 34.7187
917.0000 906.3515 1.6703 34.7187
919.0000 908.3240 1.6685 34.7188
921.0000 910.2964 1.6684 34.7189
923.0000 912.2687 1.6688 34.7188
925.0000 914.2413 1.6676 34.7187
927.0000 916.2136 1.6665 34.7187
929.0000 918.1859 1.6648 34.7188
931.0000 920.1583 1.6646 34.7188
933.0000 922.1306 1.6644 34.7187
935.0000 924.1028 1.6626 34.7186
937.0000 926.0751 1.6585 34.7185
939.0000 928.0474 1.6575 34.7186
941.0000 930.0196 1.6581 34.7187
943.0000 931.9918 1.6571 34.7187
945.0000 933.9640 1.6551 34.7185
947.0000 935.9362 1.6542 34.7186
949.0000 937.9083 1.6543 34.7186
951.0000 939.8805 1.6540 34.7186
953.0000 941.8525 1.6540 34.7187
955.0000 943.8246 1.6545 34.7188
957.0000 945.7968 1.6546 34.7188
959.0000 947.7687 1.6545 34.7187
961.0000 949.7408 1.6521 34.7187
963.0000 951.7128 1.6500 34.7190
965.0000 953.6848 1.6486 34.7188
967.0000 955.6569 1.6451 34.7190
969.0000 957.6288 1.6406 34.7191
971.0000 959.6008 1.6343 34.7195
973.0000 961.5727 1.6306 34.7196
975.0000 963.5447 1.6284 34.7197
977.0000 965.5165 1.6268 34.7196
979.0000 967.4883 1.6264 34.7196
981.0000 969.4603 1.6253 34.7196
983.0000 971.4321 1.6246 34.7196
985.0000 973.4040 1.6242 34.7197
987.0000 975.3757 1.6243 34.7196
989.0000 977.3475 1.6237 34.7195
991.0000 979.3192 1.6228 34.7195
993.0000 981.2910 1.6206 34.7194
995.0000 983.2628 1.6190 34.7193
997.0000 985.2345 1.6176 34.7193
999.0000 987.2062 1.6167 34.7192
1001.0000 989.1779 1.6158 34.7192
1003.0000 991.1495 1.6134 34.7192
1005.0000 993.1211 1.6111 34.7194
1007.0000 995.0928 1.6101 34.7194
1009.0000 997.0643 1.6067 34.7193
1011.0000 999.0359 1.6027 34.7195
1013.0000 1001.0074 1.5977 34.7195
1015.0000 1002.9791 1.5929 34.7198
1017.0000 1004.9504 1.5900 34.7198
1019.0000 1006.9220 1.5876 34.7197
1021.0000 1008.8936 1.5870 34.7198
1023.0000 1010.8651 1.5847 34.7199
1025.0000 1012.8364 1.5835 34.7202
1027.0000 1014.8079 1.5819 34.7203
1029.0000 1016.7793 1.5812 34.7203
1031.0000 1018.7507 1.5810 34.7203
1033.0000 1020.7219 1.5799 34.7203
1035.0000 1022.6934 1.5760 34.7203
1037.0000 1024.6648 1.5709 34.7206
1039.0000 1026.6360 1.5676 34.7206
1041.0000 1028.6073 1.5661 34.7207
1043.0000 1030.5786 1.5641 34.7206
1045.0000 1032.5498 1.5625 34.7206
1047.0000 1034.5211 1.5598 34.7207
1049.0000 1036.4924 1.5598 34.7206
1051.0000 1038.4636 1.5600 34.7207
1053.0000 1040.4347 1.5578 34.7208
1055.0000 1042.4059 1.5546 34.7206
1057.0000 1044.3771 1.5491 34.7207
1059.0000 1046.3481 1.5478 34.7208
1061.0000 1048.3192 1.5472 34.7208
1063.0000 1050.2904 1.5464 34.7208
1065.0000 1052.2615 1.5465 34.7209
1067.0000 1054.2325 1.5463 34.7209
1069.0000 1056.2035 1.5463 34.7208
1071.0000 1058.1746 1.5449 34.7209
1073.0000 1060.1455 1.5376 34.7210
1075.0000 1062.1166 1.5334 34.7211
1077.0000 1064.0875 1.5311 34.7211
1079.0000 1066.0583 1.5294 34.7212
1081.0000 1068.0294 1.5289 34.7213
1083.0000 1070.0004 1.5259 34.7214
1085.0000 1071.9713 1.5238 34.7214
1087.0000 1073.9420 1.5213 34.7216
1089.0000 1075.9130 1.5211 34.7216
1091.0000 1077.8837 1.5209 34.7216
1093.0000 1079.8544 1.5204 34.7215
1095.0000 1081.8253 1.5189 34.7215
1097.0000 1083.7961 1.5186 34.7216
1099.0000 1085.7670 1.5170 34.7216
1101.0000 1087.7374 1.5135 34.7216
1103.0000 1089.7084 1.5093 34.7218
1105.0000 1091.6791 1.5075 34.7218
1107.0000 1093.6497 1.5065 34.7218
1109.0000 1095.6204 1.5045 34.7219
1111.0000 1097.5911 1.5024 34.7219
1113.0000 1099.5616 1.5011 34.7220
1115.0000 1101.5322 1.5013 34.7220
1117.0000 1103.5028 1.5011 34.7220
1119.0000 1105.4735 1.5014 34.7220
1121.0000 1107.4440 1.4988 34.7220
1123.0000 1109.4146 1.4976 34.7220
1125.0000 1111.3850 1.4953 34.7220
1127.0000 1113.3555 1.4937 34.7220
1129.0000 1115.3259 1.4927 34.7221
1131.0000 1117.2965 1.4922 34.7220
1133.0000 1119.2670 1.4912 34.7221
1135.0000 1121.2373 1.4906 34.7220
1137.0000 1123.2078 1.4898 34.7220
1139.0000 1125.1781 1.4877 34.7221
1141.0000 1127.1484 1.4855 34.7220
1143.0000 1129.1188 1.4842 34.7220
1145.0000 1131.0891 1.4832 34.7221
1147.0000 1133.0596 1.4798 34.7223
1149.0000 1135.0298 1.4803 34.7221
1151.0000 1137.0001 1.4777 34.7222
1153.0000 1138.9703 1.4755 34.7224
1155.0000 1140.9404 1.4739 34.7223
1157.0000 1142.9108 1.4661 34.7224
1159.0000 1144.8810 1.4612 34.7223
1161.0000 1146.8512 1.4594 34.7224
1163.0000 1148.8213 1.4591 34.7224
1165.0000 1150.7915 1.4592 34.7224
1167.0000 1152.7616 1.4588 34.7223
1169.0000 1154.7316 1.4575 34.7224
1171.0000 1156.7018 1.4562 34.7224
1173.0000 1158.6719 1.4565 34.7224
1175.0000 1160.6418 1.4551 34.7224
1177.0000 1162.6118 1.4545 34.7224
1179.0000 1164.5819 1.4489 34.7222
1181.0000 1166.5520 1.4430 34.7222
1183.0000 1168.5219 1.4431 34.7223
1185.0000 1170.4918 1.4413 34.7222
1187.0000 1172.4619 1.4409 34.7222
1189.0000 1174.4318 1.4382 34.7222
1191.0000 1176.4017 1.4379 34.7223
1193.0000 1178.3715 1.4371 34.7223
1195.0000 1180.3414 1.4289 34.7222
1197.0000 1182.3110 1.4239 34.7224
1199.0000 1184.2810 1.4228 34.7224
1201.0000 1186.2509 1.4211 34.7224
1203.0000 1188.2207 1.4178 34.7225
1205.0000 1190.1904 1.4173 34.7224
1207.0000 1192.1602 1.4157 34.7223
1209.0000 1194.1300 1.4149 34.7225
1211.0000 1196.0996 1.4136 34.7224
1213.0000 1198.0693 1.4132 34.7223
1215.0000 1200.0391 1.4132 34.7223
1217.0000 1202.0087 1.4129 34.7223
1219.0000 1203.9783 1.4117 34.7224
1221.0000 1205.9479 1.4108 34.7224
1223.0000 1207.9175 1.4076 34.7223
1225.0000 1209.8870 1.4024 34.7225
1227.0000 1211.8566 1.3995 34.7226
1229.0000 1213.8262 1.3993 34.7227
1231.0000 1215.7957 1.3991 34.7226
1233.0000 1217.7653 1.3983 34.7226
1235.0000 1219.7347 1.3952 34.7226
1237.0000 1221.7043 1.3927 34.7227
1239.0000 1223.6737 1.3914 34.7228
1241.0000 1225.6431 1.3905 34.7229
1243.0000 1227.6125 1.3896 34.7231
1245.0000 1229.5819 1.3852 34.7231
1247.0000 1231.5514 1.3791 34.7229
1249.0000 1233.5208 1.3743 34.7229
1251.0000 1235.4901 1.3708 34.7230
1253.0000 1237.4594 1.3679 34.7230
1255.0000 1239.4287 1.3627 34.7231
1257.0000 1241.3981 1.3603 34.7230
1259.0000 1243.3672 1.3553 34.7229
1261.0000 1245.3365 1.3535 34.7230
1263.0000 1247.3058 1.3525 34.7230
1265.0000 1249.2750 1.3489 34.7229
1267.0000 1251.2443 1.3453 34.7228
1269.0000 1253.2133 1.3433 34.7229
1271.0000 1255.1825 1.3409 34.7228
1273.0000 1257.1515 1.3387 34.7229
1275.0000 1259.1207 1.3372 34.7229
1277.0000 1261.0898 1.3370 34.7229
1279.0000 1263.0588 1.3367 34.7228
1281.0000 1265.0280 1.3360 34.7228
1283.0000 1266.9969 1.3352 34.7228
1285.0000 1268.9661 1.3338 34.7229
1287.0000 1270.9351 1.3313 34.7228
1289.0000 1272.9041 1.3296 34.7228
1291.0000 1274.8730 1.3293 34.7228
1293.0000 1276.8419 1.3287 34.7228
1295.0000 1278.8109 1.3277 34.7228
1297.0000 1280.7798 1.3265 34.7227
1299.0000 1282.7488 1.3259 34.7228
1301.0000 1284.7175 1.3276 34.7228
1303.0000 1286.6865 1.3249 34.7228
1305.0000 1288.6554 1.3237 34.7227
1307.0000 1290.6243 1.3238 34.7228
1309.0000 1292.5931 1.3220 34.7226
1311.0000 1294.5619 1.3205 34.7226
1313.0000 1296.5308 1.3171 34.7226
1315.0000 1298.4994 1.3073 34.7224
1317.0000 1300.4681 1.3039 34.7223
1319.0000 1302.4369 1.2981 34.7220
1321.0000 1304.4055 1.2962 34.7221
1323.0000 1306.3741 1.2943 34.7221
1325.0000 1308.3429 1.2910 34.7220
1327.0000 1310.3115 1.2874 34.7220
1329.0000 1312.2802 1.2861 34.7220
1331.0000 1314.2488 1.2841 34.7220
1333.0000 1316.2173 1.2829 34.7220
1335.0000 1318.1858 1.2816 34.7220
1337.0000 1320.1544 1.2814 34.7219
1339.0000 1322.1229 1.2809 34.7220
1341.0000 1324.0914 1.2777 34.7218
1343.0000 1326.0599 1.2706 34.7217
1345.0000 1328.0284 1.2672 34.7216
1347.0000 1329.9969 1.2642 34.7216
1349.0000 1331.9652 1.2612 34.7215
1351.0000 1333.9337 1.2603 34.7215
1353.0000 1335.9021 1.2585 34.7214
1355.0000 1337.8704 1.2535 34.7214
1357.0000 1339.8389 1.2534 34.7214
1359.0000 1341.8074 1.2531 34.7215
1361.0000 1343.7758 1.2540 34.7214
1363.0000 1345.7439 1.2540 34.7214
1365.0000 1347.7122 1.2534 34.7214
1367.0000 1349.6805 1.2531 34.7215
1369.0000 1351.6487 1.2519 34.7215
1371.0000 1353.6169 1.2515 34.7214
1373.0000 1355.5852 1.2511 34.7213
1375.0000 1357.5533 1.2507 34.7214
1377.0000 1359.5215 1.2500 34.7214
1379.0000 1361.4897 1.2498 34.7215
1381.0000 1363.4579 1.2478 34.7212
1383.0000 1365.4259 1.2443 34.7214
1385.0000 1367.3940 1.2318 34.7207
1387.0000 1369.3622 1.2254 34.7206
1389.0000 1371.3303 1.2244 34.7208
1391.0000 1373.2982 1.2222 34.7207
1393.0000 1375.2662 1.2202 34.7207
1395.0000 1377.2344 1.2194 34.7207
1397.0000 1379.2023 1.2193 34.7207
1399.0000 1381.1703 1.2186 34.7207
1401.0000 1383.1383 1.2115 34.7205
1403.0000 1385.1063 1.2087 34.7204
1405.0000 1387.0741 1.2074 34.7205
1407.0000 1389.0420 1.2041 34.7202
1409.0000 1391.0100 1.2035 34.7202
1411.0000 1392.9778 1.2026 34.7202
1413.0000 1394.9456 1.2015 34.7203
1415.0000 1396.9136 1.1997 34.7203
1417.0000 1398.8812 1.1998 34.7202
1419.0000 1400.8490 1.2000 34.7204
1421.0000 1402.8169 1.1996 34.7202
1423.0000 1404.7847 1.1986 34.7202
1425.0000 1406.7523 1.1983 34.7202
1427.0000 1408.7201 1.1973 34.7202
1429.0000 1410.6879 1.1964 34.7202
1431.0000 1412.6554 1.1939 34.7201
1433.0000 1414.6230 1.1924 34.7200
1435.0000 1416.5908 1.1924 34.7200
1437.0000 1418.5585 1.1920 34.7201
1439.0000 1420.5260 1.1909 34.7200
1441.0000 1422.4937 1.1895 34.7200
1443.0000 1424.4612 1.1879 34.7198
1445.0000 1426.4286 1.1860 34.7198
1447.0000 1428.3961 1.1850 34.7199
1449.0000 1430.3639 1.1827 34.7198
1451.0000 1432.3314 1.1817 34.7197
1453.0000 1434.2987 1.1802 34.7197
1455.0000 1436.2661 1.1739 34.7195
1457.0000 1438.2336 1.1738 34.7196
1459.0000 1440.2009 1.1737 34.7196
1461.0000 1442.1683 1.1738 34.7197
1463.0000 1444.1360 1.1731 34.7195
1465.0000 1446.1034 1.1734 34.7196
1467.0000 1448.0706 1.1741 34.7196
1469.0000 1450.0380 1.1744 34.7196
1471.0000 1452.0052 1.1731 34.7196
1473.0000 1453.9724 1.1679 34.7194
1475.0000 1455.9398 1.1651 34.7192
1477.0000 1457.9071 1.1631 34.7193
1479.0000 1459.8743 1.1622 34.7194
1481.0000 1461.8416 1.1629 34.7194
1483.0000 1463.8087 1.1623 34.7193
1485.0000 1465.7760 1.1578 34.7191
1487.0000 1467.7430 1.1505 34.7190
1489.0000 1469.7102 1.1496 34.7189
1491.0000 1471.6774 1.1495 34.7190
1493.0000 1473.6444 1.1475 34.7190
1495.0000 1475.6115 1.1462 34.7189
1497.0000 1477.5787 1.1460 34.7189
1499.0000 1479.5458 1.1461 34.7189
1501.0000 1481.5127 1.1462 34.7189
1503.0000 1483.4797 1.1458 34.7189
1505.0000 1485.4468 1.1436 34.7189
1507.0000 1487.4137 1.1417 34.7188
1509.0000 1489.3807 1.1401 34.7187
1511.0000 1491.3477 1.1386 34.7186
1513.0000 1493.3146 1.1373 34.7186
1515.0000 1495.2814 1.1362 34.7186
1517.0000 1497.2484 1.1351 34.7187
1519.0000 1499.2153 1.1337 34.7185
1521.0000 1501.1820 1.1312 34.7184
1523.0000 1503.1489 1.1288 34.7184
1525.0000 1505.1158 1.1282 34.7184
1527.0000 1507.0826 1.1277 34.7184
1529.0000 1509.0493 1.1268 34.7183
1531.0000 1511.0161 1.1234 34.7182
1533.0000 1512.9828 1.1197 34.7181
1535.0000 1514.9496 1.1174 34.7181
1537.0000 1516.9163 1.1152 34.7181
1539.0000 1518.8831 1.1142 34.7180
1541.0000 1520.8495 1.1119 34.7178
1543.0000 1522.8163 1.1091 34.7178
1545.0000 1524.7830 1.1070 34.7177
1547.0000 1526.7495 1.1031 34.7177
1549.0000 1528.7159 1.0988 34.7176
1551.0000 1530.6827 1.0964 34.7175
1553.0000 1532.6494 1.0943 34.7174
1555.0000 1534.6157 1.0952 34.7175
1557.0000 1536.5823 1.0932 34.7174
1559.0000 1538.5490 1.0891 34.7173
1561.0000 1540.5154 1.0909 34.7173
1563.0000 1542.4817 1.0867 34.7171
1565.0000 1544.4482 1.0859 34.7172
1567.0000 1546.4148 1.0846 34.7172
1569.0000 1548.3811 1.0837 34.7172
1571.0000 1550.3474 1.0797 34.7170
1573.0000 1552.3138 1.0784 34.7169
1575.0000 1554.2803 1.0745 34.7166
1577.0000 1556.2465 1.0718 34.7167
1579.0000 1558.2129 1.0695 34.7165
1581.0000 1560.1792 1.0654 34.7165
1583.0000 1562.1455 1.0623 34.7164
1585.0000 1564.1117 1.0571 34.7162
1587.0000 1566.0780 1.0548 34.7163
1589.0000 1568.0443 1.0546 34.7163
1591.0000 1570.0104 1.0547 34.7163
1593.0000 1571.9767 1.0538 34.7163
1595.0000 1573.9427 1.0512 34.7161
1597.0000 1575.9089 1.0500 34.7161
1599.0000 1577.8751 1.0474 34.7161
1601.0000 1579.8412 1.0441 34.7161
1603.0000 1581.8074 1.0421 34.7160
1605.0000 1583.7734 1.0412 34.7158
1607.0000 1585.7394 1.0387 34.7157
1609.0000 1587.7054 1.0366 34.7158
1611.0000 1589.6715 1.0289 34.7155
1613.0000 1591.6376 1.0195 34.7152
1615.0000 1593.6035 1.0193 34.7153
1617.0000 1595.5695 1.0177 34.7152
1619.0000 1597.5354 1.0132 34.7149
1621.0000 1599.5015 1.0087 34.7150
1623.0000 1601.4674 1.0091 34.7150
1625.0000 1603.4331 1.0097 34.7150
1627.0000 1605.3990 1.0089 34.7149
1629.0000 1607.3650 1.0091 34.7149
1631.0000 1609.3308 1.0093 34.7149
1633.0000 1611.2966 1.0092 34.7150
1635.0000 1613.2623 1.0088 34.7150
1637.0000 1615.2283 1.0090 34.7150
1639.0000 1617.1940 1.0093 34.7149
1641.0000 1619.1597 1.0080 34.7148
1643.0000 1621.1256 1.0062 34.7147
1645.0000 1623.0912 1.0039 34.7147
1647.0000 1625.0568 1.0035 34.7146
1649.0000 1627.0226 0.9997 34.7144
1651.0000 1628.9883 0.9986 34.7144
1653.0000 1630.9537 0.9977 34.7143
1655.0000 1632.9196 0.9968 34.7143
1657.0000 1634.8851 0.9945 34.7142
1659.0000 1636.8505 0.9905 34.7142
1661.0000 1638.8163 0.9880 34.7140
1663.0000 1640.7817 0.9856 34.7141
1665.0000 1642.7473 0.9853 34.7141
1667.0000 1644.7128 0.9842 34.7141
1669.0000 1646.6783 0.9827 34.7141
1671.0000 1648.6438 0.9797 34.7139
1673.0000 1650.6093 0.9753 34.7137
1675.0000 1652.5747 0.9722 34.7137
1677.0000 1654.5402 0.9682 34.7136
1679.0000 1656.5055 0.9668 34.7136
1681.0000 1658.4709 0.9647 34.7136
1683.0000 1660.4364 0.9634 34.7135
1685.0000 1662.4017 0.9639 34.7134
1687.0000 1664.3668 0.9637 34.7135
1689.0000 1666.3324 0.9606 34.7133
1691.0000 1668.2977 0.9565 34.7133
1693.0000 1670.2628 0.9539 34.7132
1695.0000 1672.2281 0.9527 34.7131
1697.0000 1674.1934 0.9504 34.7131
1699.0000 1676.1587 0.9472 34.7128
1701.0000 1678.1238 0.9453 34.7128
1703.0000 1680.0889 0.9441 34.7127
1705.0000 1682.0542 0.9407 34.7125
1707.0000 1684.0192 0.9339 34.7118
1709.0000 1685.9845 0.9321 34.7119
1711.0000 1687.9496 0.9324 34.7121
1713.0000 1689.9148 0.9319 34.7123
1715.0000 1691.8798 0.9316 34.7124
1717.0000 1693.8448 0.9276 34.7121
1719.0000 1695.8099 0.9182 34.7120
1721.0000 1697.7747 0.9161 34.7118
1723.0000 1699.7399 0.9154 34.7118
1725.0000 1701.7050 0.9130 34.7115
1727.0000 1703.6698 0.9104 34.7115
1729.0000 1705.6348 0.9088 34.7114
1731.0000 1707.5997 0.9053 34.7110
1733.0000 1709.5646 0.9045 34.7109
1735.0000 1711.5294 0.9028 34.7107
1737.0000 1713.4943 0.9025 34.7108
1739.0000 1715.4594 0.9024 34.7108
1741.0000 1717.4240 0.9023 34.7108
1743.0000 1719.3888 0.9031 34.7107
1745.0000 1721.3538 0.9027 34.7107
1747.0000 1723.3185 0.9002 34.7105
1749.0000 1725.2832 0.8982 34.7101
1751.0000 1727.2479 0.8928 34.7095
1753.0000 1729.2128 0.8918 34.7094
1755.0000 1731.1774 0.8884 34.7091
1757.0000 1733.1421 0.8915 34.7094
1759.0000 1735.1067 0.8871 34.7090
1761.0000 1737.0714 0.8863 34.7089
1763.0000 1739.0360 0.8797 34.7081
1765.0000 1741.0006 0.8671 34.7069
1767.0000 1742.9653 0.8630 34.7066
1769.0000 1744.9297 0.8617 34.7065
1771.0000 1746.8944 0.8590 34.7064
1773.0000 1748.8591 0.8580 34.7063
1775.0000 1750.8236 0.8553 34.7061
1777.0000 1752.7880 0.8541 34.7060
1779.0000 1754.7524 0.8536 34.7060
1781.0000 1756.7172 0.8520 34.7059
1783.0000 1758.6813 0.8509 34.7058
1785.0000 1760.6459 0.8512 34.7059
1787.0000 1762.6102 0.8502 34.7057
1789.0000 1764.5750 0.8468 34.7057
1791.0000 1766.5391 0.8471 34.7057
1793.0000 1768.5035 0.8487 34.7060
1795.0000 1770.4678 0.8485 34.7061
1797.0000 1772.4319 0.8482 34.7060
1799.0000 1774.3964 0.8485 34.7060
1801.0000 1776.3607 0.8491 34.7062
1803.0000 1778.3248 0.8498 34.7065
1805.0000 1780.2891 0.8504 34.7065
1807.0000 1782.2535 0.8496 34.7064
1809.0000 1784.2177 0.8490 34.7065
1811.0000 1786.1818 0.8481 34.7065
1813.0000 1788.1461 0.8471 34.7065
1815.0000 1790.1104 0.8448 34.7062
1817.0000 1792.0742 0.8344 34.7051
1819.0000 1794.0386 0.8222 34.7038
1821.0000 1796.0026 0.8203 34.7035
1823.0000 1797.9669 0.8235 34.7039
1825.0000 1799.9305 0.8256 34.7043
1827.0000 1801.8949 0.8204 34.7032
1829.0000 1803.8588 0.8093 34.7020
1831.0000 1805.8229 0.8119 34.7024
1833.0000 1807.7867 0.8034 34.7012
1835.0000 1809.7510 0.7991 34.7006
1837.0000 1811.7148 0.8000 34.7008
1839.0000 1813.6788 0.7997 34.7007
1841.0000 1815.6427 0.8034 34.7012
1843.0000 1817.6067 0.8022 34.7011
1845.0000 1819.5704 0.8009 34.7010
1847.0000 1821.5343 0.7972 34.7003
1849.0000 1823.4982 0.7983 34.7007
1851.0000 1825.4623 0.7960 34.7002
1853.0000 1827.4257 0.7927 34.7000
1855.0000 1829.3895 0.7901 34.6999
1857.0000 1831.3534 0.7897 34.6999
1859.0000 1833.3171 0.7894 34.6998
1861.0000 1835.2808 0.7891 34.6999
1863.0000 1837.2446 0.7877 34.6999
1865.0000 1839.2081 0.7876 34.6998
1867.0000 1841.1720 0.7882 34.6999
1869.0000 1843.1359 0.7883 34.6999
1871.0000 1845.0994 0.7882 34.6999
1873.0000 1847.0630 0.7880 34.6999
1875.0000 1849.0265 0.7877 34.6999
1877.0000 1850.9904 0.7848 34.6998
1879.0000 1852.9536 0.7840 34.6996
1881.0000 1854.9172 0.7831 34.6994
1883.0000 1856.8810 0.7802 34.6991
1885.0000 1858.8446 0.7788 34.6990
1887.0000 1860.8079 0.7738 34.6984
1889.0000 1862.7714 0.7702 34.6984
1891.0000 1864.7350 0.7676 34.6983
1893.0000 1866.6982 0.7668 34.6982
1895.0000 1868.6619 0.7636 34.6980
1897.0000 1870.6251 0.7610 34.6978
1899.0000 1872.5886 0.7586 34.6977
1901.0000 1874.5519 0.7562 34.6978
1903.0000 1876.5154 0.7534 34.6977
1905.0000 1878.4786 0.7517 34.6977
1907.0000 1880.4419 0.7509 34.6976
1909.0000 1882.4053 0.7508 34.6976
1911.0000 1884.3685 0.7479 34.6974
1913.0000 1886.3320 0.7439 34.6971
1915.0000 1888.2950 0.7432 34.6971
1917.0000 1890.2583 0.7430 34.6970
1919.0000 1892.2216 0.7431 34.6971
1921.0000 1894.1846 0.7433 34.6971
1923.0000 1896.1481 0.7431 34.6971
1925.0000 1898.1111 0.7427 34.6971
1927.0000 1900.0742 0.7422 34.6971
1929.0000 1902.0372 0.7418 34.6971
1931.0000 1904.0005 0.7411 34.6970
1933.0000 1905.9636 0.7402 34.6968
1935.0000 1907.9265 0.7388 34.6967
1937.0000 1909.8898 0.7348 34.6965
1939.0000 1911.8527 0.7302 34.6962
1941.0000 1913.8157 0.7253 34.6958
1943.0000 1915.7787 0.7229 34.6956
1945.0000 1917.7417 0.7221 34.6957
1947.0000 1919.7047 0.7216 34.6956
1949.0000 1921.6674 0.7215 34.6956
1951.0000 1923.6306 0.7218 34.6955
1953.0000 1925.5936 0.7185 34.6954
1955.0000 1927.5562 0.7135 34.6951
1957.0000 1929.5192 0.7096 34.6951
1959.0000 1931.4819 0.7105 34.6950
1961.0000 1933.4451 0.7062 34.6949
1963.0000 1935.4077 0.7033 34.6948
1965.0000 1937.3705 0.7016 34.6947
1967.0000 1939.3334 0.6995 34.6947
1969.0000 1941.2961 0.6986 34.6946
1971.0000 1943.2588 0.6980 34.6946
1973.0000 1945.2216 0.6970 34.6946
1975.0000 1947.1842 0.6973 34.6949
1977.0000 1949.1469 0.6975 34.6948
1979.0000 1951.1097 0.6971 34.6950
1981.0000 1953.0723 0.6912 34.6942
1983.0000 1955.0348 0.6853 34.6938
1985.0000 1956.9976 0.6827 34.6937
1987.0000 1958.9602 0.6822 34.6937
1989.0000 1960.9229 0.6799 34.6933
1991.0000 1962.8853 0.6757 34.6930
1993.0000 1964.8479 0.6744 34.6933
1995.0000 1966.8104 0.6755 34.6935
1997.0000 1968.7729 0.6760 34.6937
1999.0000 1970.7354 0.6761 34.6938
2001.0000 1972.6979 0.6752 34.6937
2003.0000 1974.6604 0.6732 34.6936
2005.0000 1976.6226 0.6731 34.6937
2007.0000 1978.5852 0.6718 34.6936
2009.0000 1980.5474 0.6702 34.6937
2011.0000 1982.5098 0.6684 34.6937
2013.0000 1984.4722 0.6678 34.6937
2015.0000 1986.4347 0.6677 34.6936
2017.0000 1988.3969 0.6678 34.6937
2019.0000 1990.3593 0.6681 34.6935
2021.0000 1992.3217 0.6676 34.6937
2023.0000 1994.2839 0.6652 34.6934
2025.0000 1996.2461 0.6649 34.6934
2027.0000 1998.2083 0.6647 34.6935
2029.0000 2000.1705 0.6614 34.6931
2031.0000 2002.1327 0.6551 34.6925
2033.0000 2004.0950 0.6506 34.6921
2035.0000 2006.0571 0.6447 34.6917
2037.0000 2008.0193 0.6451 34.6919
2039.0000 2009.9813 0.6453 34.6920
2041.0000 2011.9434 0.6443 34.6919
2043.0000 2013.9055 0.6444 34.6920
2045.0000 2015.8676 0.6459 34.6921
2047.0000 2017.8296 0.6475 34.6924
2049.0000 2019.7917 0.6436 34.6921
2051.0000 2021.7539 0.6381 34.6913
2053.0000 2023.7157 0.6271 34.6897
2055.0000 2025.6777 0.6255 34.6893
2057.0000 2027.6398 0.6187 34.6884
2059.0000 2029.6016 0.6086 34.6871
2061.0000 2031.5635 0.6054 34.6868
2063.0000 2033.5255 0.6034 34.6866
2065.0000 2035.4873 0.6009 34.6864
2067.0000 2037.4491 0.5990 34.6862
2069.0000 2039.4111 0.5987 34.6862
2071.0000 2041.3730 0.5992 34.6863
2073.0000 2043.3347 0.5974 34.6860
2075.0000 2045.2965 0.5959 34.6858
2077.0000 2047.2584 0.5953 34.6857
2079.0000 2049.2200 0.5948 34.6857
2081.0000 2051.1819 0.5948 34.6857
2083.0000 2053.1436 0.5950 34.6857
2085.0000 2055.1055 0.5943 34.6856
2087.0000 2057.0669 0.5948 34.6857
2089.0000 2059.0286 0.5945 34.6857
2091.0000 2060.9902 0.5942 34.6858
2093.0000 2062.9519 0.5956 34.6861
2095.0000 2064.9136 0.5960 34.6864
2097.0000 2066.8750 0.5947 34.6866
2099.0000 2068.8369 0.5935 34.6866
2101.0000 2070.7983 0.5935 34.6865
2103.0000 2072.7600 0.5928 34.6865
2105.0000 2074.7214 0.5923 34.6864
2107.0000 2076.6829 0.5912 34.6868
2109.0000 2078.6443 0.5918 34.6868
2111.0000 2080.6060 0.5925 34.6872
2113.0000 2082.5674 0.5913 34.6871
2115.0000 2084.5286 0.5878 34.6867
2117.0000 2086.4902 0.5846 34.6863
2119.0000 2088.4517 0.5821 34.6859
2121.0000 2090.4128 0.5815 34.6859
2123.0000 2092.3743 0.5802 34.6858
2125.0000 2094.3357 0.5777 34.6857
2127.0000 2096.2969 0.5762 34.6856
2129.0000 2098.2585 0.5781 34.6864
2131.0000 2100.2197 0.5818 34.6869
2133.0000 2102.1809 0.5799 34.6868
2135.0000 2104.1421 0.5797 34.6867
2137.0000 2106.1035 0.5798 34.6868
2139.0000 2108.0645 0.5894 34.6888
2141.0000 2110.0256 0.5922 34.6889
2143.0000 2111.9871 0.5907 34.6890
2145.0000 2113.9482 0.5906 34.6890
2147.0000 2115.9097 0.5938 34.6899
2149.0000 2117.8704 0.5935 34.6900
2151.0000 2119.8315 0.5847 34.6888
2153.0000 2121.7927 0.5791 34.6884
2155.0000 2123.7537 0.5828 34.6890
2157.0000 2125.7148 0.5852 34.6894
2159.0000 2127.6758 0.5889 34.6901
2161.0000 2129.6370 0.5896 34.6904
2163.0000 2131.5979 0.5914 34.6908
2165.0000 2133.5591 0.5887 34.6904
2167.0000 2135.5200 0.5852 34.6901
2169.0000 2137.4807 0.5851 34.6901
2171.0000 2139.4417 0.5840 34.6901
2173.0000 2141.4028 0.5846 34.6903
2175.0000 2143.3638 0.5846 34.6903
2177.0000 2145.3245 0.5845 34.6903
2179.0000 2147.2852 0.5823 34.6900
2181.0000 2149.2461 0.5824 34.6902
2183.0000 2151.2070 0.5836 34.6905
2185.0000 2153.1680 0.5848 34.6907
2187.0000 2155.1287 0.5827 34.6907
2189.0000 2157.0894 0.5792 34.6900
2191.0000 2159.0498 0.5684 34.6887
2193.0000 2161.0107 0.5664 34.6887
2195.0000 2162.9717 0.5661 34.6886
2197.0000 2164.9321 0.5656 34.6885
2199.0000 2166.8931 0.5624 34.6881
2201.0000 2168.8538 0.5620 34.6880
2203.0000 2170.8142 0.5615 34.6882
2205.0000 2172.7749 0.5589 34.6881
2207.0000 2174.7354 0.5556 34.6877
2209.0000 2176.6963 0.5532 34.6874
2211.0000 2178.6567 0.5517 34.6874
2213.0000 2180.6172 0.5498 34.6873
2215.0000 2182.5779 0.5488 34.6872
2217.0000 2184.5381 0.5480 34.6870
2219.0000 2186.4985 0.5464 34.6869
2221.0000 2188.4595 0.5456 34.6868
2223.0000 2190.4199 0.5492 34.6877
2225.0000 2192.3801 0.5501 34.6879
2227.0000 2194.3408 0.5492 34.6882
2229.0000 2196.3010 0.5480 34.6883
2231.0000 2198.2612 0.5476 34.6884
2233.0000 2200.2217 0.5482 34.6884
2235.0000 2202.1821 0.5489 34.6885
2237.0000 2204.1426 0.5459 34.6885
2239.0000 2206.1028 0.5459 34.6886
2241.0000 2208.0632 0.5459 34.6884
2243.0000 2210.0237 0.5459 34.6885
2245.0000 2211.9834 0.5460 34.6889
2247.0000 2213.9438 0.5475 34.6896
2249.0000 2215.9041 0.5488 34.6901
2251.0000 2217.8645 0.5485 34.6899
2253.0000 2219.8247 0.5487 34.6901
2255.0000 2221.7847 0.5481 34.6898
2257.0000 2223.7451 0.5478 34.6899
2259.0000 2225.7048 0.5472 34.6899
2261.0000 2227.6650 0.5465 34.6901
2263.0000 2229.6252 0.5470 34.6902
2265.0000 2231.5852 0.5491 34.6907
2267.0000 2233.5454 0.5525 34.6914
2269.0000 2235.5056 0.5542 34.6918
2271.0000 2237.4656 0.5548 34.6919
2273.0000 2239.4255 0.5557 34.6920
2275.0000 2241.3855 0.5543 34.6919
2277.0000 2243.3457 0.5454 34.6907
2279.0000 2245.3054 0.5425 34.6904
2281.0000 2247.2651 0.5314 34.6890
2283.0000 2249.2253 0.5275 34.6885
2285.0000 2251.1853 0.5270 34.6887
2287.0000 2253.1450 0.5280 34.6888
2289.0000 2255.1050 0.5240 34.6886
2291.0000 2257.0649 0.5216 34.6882
2293.0000 2259.0247 0.5226 34.6883
2295.0000 2260.9846 0.5181 34.6878
2297.0000 2262.9443 0.5167 34.6880
2299.0000 2264.9041 0.5183 34.6888
2301.0000 2266.8638 0.5218 34.6896
2303.0000 2268.8237 0.5232 34.6899
2305.0000 2270.7834 0.5239 34.6902
2307.0000 2272.7427 0.5235 34.6901
2309.0000 2274.7026 0.5232 34.6900
2311.0000 2276.6624 0.5216 34.6898
2313.0000 2278.6221 0.5207 34.6899
2315.0000 2280.5815 0.5211 34.6899
2317.0000 2282.5413 0.5217 34.6900
2319.0000 2284.5010 0.5235 34.6903
2321.0000 2286.4604 0.5270 34.6911
2323.0000 2288.4202 0.5274 34.6912
2325.0000 2290.3796 0.5235 34.6907
2327.0000 2292.3391 0.5076 34.6885
2329.0000 2294.2986 0.5031 34.6880
2331.0000 2296.2583 0.4997 34.6878
2333.0000 2298.2178 0.4980 34.6879
2335.0000 2300.1770 0.5019 34.6887
2337.0000 2302.1365 0.5047 34.6894
2339.0000 2304.0959 0.5056 34.6897
2341.0000 2306.0554 0.5063 34.6900
2343.0000 2308.0149 0.5062 34.6900
2345.0000 2309.9741 0.5056 34.6899
2347.0000 2311.9333 0.5063 34.6901
2349.0000 2313.8926 0.5026 34.6894
2351.0000 2315.8521 0.4878 34.6877
2353.0000 2317.8115 0.4803 34.6870
2355.0000 2319.7705 0.4804 34.6876
2357.0000 2321.7297 0.4808 34.6877
2359.0000 2323.6890 0.4755 34.6872
2361.0000 2325.6484 0.4670 34.6863
2363.0000 2327.6074 0.4639 34.6859
2365.0000 2329.5667 0.4626 34.6860
2367.0000 2331.5259 0.4615 34.6861
2369.0000 2333.4851 0.4588 34.6857
2371.0000 2335.4441 0.4557 34.6855
2373.0000 2337.4033 0.4612 34.6867
2375.0000 2339.3625 0.4603 34.6865
2377.0000 2341.3215 0.4549 34.6861
2379.0000 2343.2805 0.4527 34.6859
2381.0000 2345.2397 0.4492 34.6856
2383.0000 2347.1985 0.4476 34.6856
2385.0000 2349.1577 0.4464 34.6854
2387.0000 2351.1167 0.4435 34.6852
2389.0000 2353.0754 0.4416 34.6851
2391.0000 2355.0347 0.4428 34.6851
2393.0000 2356.9934 0.4431 34.6852
2395.0000 2358.9526 0.4439 34.6854
2397.0000 2360.9111 0.4426 34.6851
2399.0000 2362.8704 0.4395 34.6849
2401.0000 2364.8291 0.4390 34.6849
2403.0000 2366.7878 0.4367 34.6847
2405.0000 2368.7466 0.4307 34.6842
2407.0000 2370.7056 0.4264 34.6839
2409.0000 2372.6643 0.4258 34.6838
2411.0000 2374.6230 0.4246 34.6836
2413.0000 2376.5820 0.4245 34.6837
2415.0000 2378.5405 0.4242 34.6837
2417.0000 2380.4993 0.4226 34.6837
2419.0000 2382.4583 0.4218 34.6836
2421.0000 2384.4170 0.4213 34.6833
2423.0000 2386.3757 0.4213 34.6834
2425.0000 2388.3342 0.4214 34.6835
2427.0000 2390.2930 0.4215 34.6835
2429.0000 2392.2515 0.4217 34.6835
2431.0000 2394.2100 0.4217 34.6836
2433.0000 2396.1687 0.4218 34.6835
2435.0000 2398.1272 0.4213 34.6834
2437.0000 2400.0857 0.4211 34.6834
2439.0000 2402.0442 0.4210 34.6835
2441.0000 2404.0027 0.4196 34.6835
2443.0000 2405.9614 0.4195 34.6836
2445.0000 2407.9194 0.4196 34.6836
2447.0000 2409.8779 0.4197 34.6837
2449.0000 2411.8367 0.4195 34.6837
2451.0000 2413.7949 0.4197 34.6838
2453.0000 2415.7534 0.4178 34.6836
2455.0000 2417.7117 0.4151 34.6834
2457.0000 2419.6704 0.4147 34.6833
2459.0000 2421.6284 0.4146 34.6835
2461.0000 2423.5869 0.4147 34.6834
2463.0000 2425.5454 0.4151 34.6833
2465.0000 2427.5034 0.4138 34.6833
2467.0000 2429.4617 0.4123 34.6831
2469.0000 2431.4202 0.4045 34.6829
2471.0000 2433.3784 0.4029 34.6827
2473.0000 2435.3364 0.4023 34.6825
2475.0000 2437.2944 0.4012 34.6825
2477.0000 2439.2527 0.4010 34.6826
2479.0000 2441.2107 0.3993 34.6825
2481.0000 2443.1689 0.3986 34.6826
2483.0000 2445.1274 0.3984 34.6825
2485.0000 2447.0854 0.3984 34.6824
2487.0000 2449.0435 0.3986 34.6825
2489.0000 2451.0015 0.3985 34.6825
2491.0000 2452.9597 0.3981 34.6825
2493.0000 2454.9177 0.3973 34.6824
2495.0000 2456.8757 0.3969 34.6823
2497.0000 2458.8337 0.3964 34.6823
2499.0000 2460.7917 0.3947 34.6821
2501.0000 2462.7495 0.3943 34.6821
2503.0000 2464.7078 0.3937 34.6821
2505.0000 2466.6658 0.3932 34.6821
2507.0000 2468.6233 0.3931 34.6821
2509.0000 2470.5813 0.3924 34.6822
2511.0000 2472.5393 0.3904 34.6821
2513.0000 2474.4973 0.3883 34.6818
2515.0000 2476.4548 0.3877 34.6819
2517.0000 2478.4126 0.3855 34.6817
2519.0000 2480.3706 0.3759 34.6811
2521.0000 2482.3284 0.3685 34.6806
2523.0000 2484.2861 0.3666 34.6804
2525.0000 2486.2439 0.3641 34.6802
2527.0000 2488.2017 0.3625 34.6800
2529.0000 2490.1594 0.3561 34.6792
2531.0000 2492.1169 0.3519 34.6788
2533.0000 2494.0750 0.3449 34.6778
2535.0000 2496.0325 0.3413 34.6773
2537.0000 2497.9902 0.3332 34.6762
2539.0000 2499.9478 0.3268 34.6756
2541.0000 2501.9053 0.3271 34.6757
2543.0000 2503.8628 0.3266 34.6754
2545.0000 2505.8206 0.3172 34.6742
2547.0000 2507.7781 0.3175 34.6740
2549.0000 2509.7356 0.3131 34.6739
2551.0000 2511.6934 0.3127 34.6738
2553.0000 2513.6506 0.3122 34.6736
2555.0000 2515.6082 0.3130 34.6739
2557.0000 2517.5654 0.3102 34.6734
2559.0000 2519.5229 0.3027 34.6729
2561.0000 2521.4805 0.3024 34.6729
2563.0000 2523.4380 0.3021 34.6729
2565.0000 2525.3953 0.3009 34.6731
2567.0000 2527.3528 0.3005 34.6732
2569.0000 2529.3098 0.3003 34.6732
2571.0000 2531.2673 0.3004 34.6732
2573.0000 2533.2246 0.3003 34.6733
2575.0000 2535.1824 0.3006 34.6734
2577.0000 2537.1394 0.2990 34.6736
2579.0000 2539.0967 0.2967 34.6737
2581.0000 2541.0540 0.2954 34.6737
2583.0000 2543.0107 0.2951 34.6736
2585.0000 2544.9685 0.2945 34.6737
2587.0000 2546.9258 0.2894 34.6734
2589.0000 2548.8826 0.2831 34.6728
2591.0000 2550.8398 0.2651 34.6715
2593.0000 2552.7971 0.2535 34.6709
2595.0000 2554.7542 0.2511 34.6704
2597.0000 2556.7114 0.2493 34.6703
2599.0000 2558.6685 0.2473 34.6703
2601.0000 2560.6255 0.2425 34.6699
2603.0000 2562.5823 0.2399 34.6697
2605.0000 2564.5393 0.2377 34.6695
2607.0000 2566.4968 0.2361 34.6694
2609.0000 2568.4536 0.2315 34.6690
2611.0000 2570.4104 0.2301 34.6690
2613.0000 2572.3674 0.2293 34.6688
2615.0000 2574.3247 0.2263 34.6686
2617.0000 2576.2815 0.2235 34.6683
2619.0000 2578.2385 0.2177 34.6679
2621.0000 2580.1953 0.2153 34.6677
2623.0000 2582.1521 0.2140 34.6675
2625.0000 2584.1091 0.2119 34.6674
2627.0000 2586.0659 0.2118 34.6674
2629.0000 2588.0227 0.2100 34.6671
2631.0000 2589.9795 0.2090 34.6671
2633.0000 2591.9363 0.2088 34.6671
2635.0000 2593.8933 0.2085 34.6671
2637.0000 2595.8501 0.2080 34.6671
2639.0000 2597.8066 0.2074 34.6670
2641.0000 2599.7632 0.2071 34.6668
2643.0000 2601.7202 0.2065 34.6668
2645.0000 2603.6768 0.2061 34.6667
2647.0000 2605.6335 0.2062 34.6668
2649.0000 2607.5901 0.2049 34.6667
2651.0000 2609.5466 0.2035 34.6665
2653.0000 2611.5034 0.2023 34.6663
2655.0000 2613.4600 0.2028 34.6664
2657.0000 2615.4165 0.2026 34.6664
2659.0000 2617.3730 0.2008 34.6663
2661.0000 2619.3296 0.1993 34.6661
2663.0000 2621.2861 0.1980 34.6661
2665.0000 2623.2424 0.1975 34.6659
2667.0000 2625.1990 0.1975 34.6659
2669.0000 2627.1558 0.1976 34.6659
2671.0000 2629.1121 0.1972 34.6659
2673.0000 2631.0684 0.1958 34.6659
2675.0000 2633.0249 0.1941 34.6657
2677.0000 2634.9814 0.1934 34.6656
2679.0000 2636.9375 0.1934 34.6658
2681.0000 2638.8940 0.1928 34.6657
2683.0000 2640.8506 0.1920 34.6658
2685.0000 2642.8069 0.1914 34.6657
2687.0000 2644.7629 0.1912 34.6656
2689.0000 2646.7195 0.1885 34.6655
2691.0000 2648.6758 0.1884 34.6655
2693.0000 2650.6316 0.1880 34.6656
2695.0000 2652.5881 0.1880 34.6656
2697.0000 2654.5444 0.1878 34.6656
2699.0000 2656.5007 0.1875 34.6656
2701.0000 2658.4568 0.1873 34.6655
2703.0000 2660.4128 0.1872 34.6657
2705.0000 2662.3691 0.1872 34.6658
2707.0000 2664.3252 0.1870 34.6658
2709.0000 2666.2812 0.1870 34.6658
2711.0000 2668.2375 0.1871 34.6657
2713.0000 2670.1934 0.1872 34.6657
2715.0000 2672.1494 0.1870 34.6658
2717.0000 2674.1060 0.1871 34.6656
2719.0000 2676.0618 0.1866 34.6656
2721.0000 2678.0176 0.1851 34.6656
2723.0000 2679.9734 0.1846 34.6657
2725.0000 2681.9297 0.1842 34.6656
2727.0000 2683.8855 0.1844 34.6656
2729.0000 2685.8416 0.1845 34.6657
2731.0000 2687.7976 0.1843 34.6657
2733.0000 2689.7537 0.1843 34.6657
2735.0000 2691.7090 0.1844 34.6656
2737.0000 2693.6653 0.1841 34.6656
2739.0000 2695.6211 0.1837 34.6657
2741.0000 2697.5767 0.1837 34.6658
2743.0000 2699.5327 0.1837 34.6656
2745.0000 2701.4885 0.1836 34.6657
2747.0000 2703.4443 0.1834 34.6657
2749.0000 2705.3999 0.1833 34.6657
2751.0000 2707.3557 0.1830 34.6658
2753.0000 2709.3115 0.1824 34.6659
2755.0000 2711.2671 0.1823 34.6658
2757.0000 2713.2229 0.1821 34.6658
2759.0000 2715.1785 0.1820 34.6658
2761.0000 2717.1343 0.1822 34.6659
2763.0000 2719.0898 0.1823 34.6659
2765.0000 2721.0454 0.1820 34.6659
2767.0000 2723.0012 0.1816 34.6659
2769.0000 2724.9565 0.1811 34.6659
2771.0000 2726.9121 0.1811 34.6658
2773.0000 2728.8679 0.1801 34.6660
2775.0000 2730.8232 0.1789 34.6661
2777.0000 2732.7788 0.1790 34.6661
2779.0000 2734.7344 0.1791 34.6660
2781.0000 2736.6897 0.1760 34.6661
2783.0000 2738.6450 0.1757 34.6662
2785.0000 2740.6008 0.1756 34.6662
2787.0000 2742.5562 0.1752 34.6662
2789.0000 2744.5115 0.1745 34.6663
2791.0000 2746.4668 0.1743 34.6663
2793.0000 2748.4221 0.1714 34.6662
2795.0000 2750.3777 0.1699 34.6661
2797.0000 2752.3328 0.1691 34.6661
2799.0000 2754.2881 0.1691 34.6662
2801.0000 2756.2437 0.1691 34.6662
2803.0000 2758.1987 0.1690 34.6661
2805.0000 2760.1543 0.1694 34.6661
2807.0000 2762.1094 0.1696 34.6660
2809.0000 2764.0647 0.1697 34.6662
2811.0000 2766.0198 0.1698 34.6662
2813.0000 2767.9751 0.1701 34.6661
2815.0000 2769.9302 0.1699 34.6660
2817.0000 2771.8853 0.1694 34.6660
2819.0000 2773.8403 0.1682 34.6660
2821.0000 2775.7957 0.1658 34.6657
2823.0000 2777.7507 0.1645 34.6658
2825.0000 2779.7058 0.1645 34.6657
2827.0000 2781.6611 0.1631 34.6655
2829.0000 2783.6160 0.1625 34.6656
2831.0000 2785.5710 0.1621 34.6656
2833.0000 2787.5261 0.1600 34.6656
2835.0000 2789.4810 0.1576 34.6655
2837.0000 2791.4360 0.1571 34.6653
2839.0000 2793.3909 0.1562 34.6653
2841.0000 2795.3462 0.1553 34.6654
2843.0000 2797.3010 0.1547 34.6655
2845.0000 2799.2559 0.1544 34.6655
2847.0000 2801.2107 0.1533 34.6654
2849.0000 2803.1655 0.1534 34.6653
2851.0000 2805.1204 0.1524 34.6653
2853.0000 2807.0752 0.1513 34.6653
2855.0000 2809.0303 0.1487 34.6653
2857.0000 2810.9851 0.1462 34.6651
2859.0000 2812.9395 0.1445 34.6650
2861.0000 2814.8945 0.1440 34.6650
2863.0000 2816.8494 0.1436 34.6649
2865.0000 2818.8040 0.1429 34.6650
2867.0000 2820.7585 0.1424 34.6650
2869.0000 2822.7136 0.1417 34.6649
2871.0000 2824.6682 0.1406 34.6649
2873.0000 2826.6228 0.1402 34.6650
2875.0000 2828.5774 0.1401 34.6649
2877.0000 2830.5320 0.1398 34.6650
2879.0000 2832.4866 0.1398 34.6649
2881.0000 2834.4412 0.1400 34.6649
2883.0000 2836.3958 0.1403 34.6649
2885.0000 2838.3503 0.1403 34.6649
2887.0000 2840.3049 0.1403 34.6649
2889.0000 2842.2595 0.1400 34.6650
2891.0000 2844.2141 0.1380 34.6648
2893.0000 2846.1682 0.1378 34.6648
2895.0000 2848.1228 0.1372 34.6646
2897.0000 2850.0774 0.1345 34.6645
2899.0000 2852.0320 0.1334 34.6646
2901.0000 2853.9861 0.1303 34.6645
2903.0000 2855.9407 0.1284 34.6645
2905.0000 2857.8950 0.1286 34.6645
2907.0000 2859.8491 0.1284 34.6644
2909.0000 2861.8037 0.1284 34.6644
2911.0000 2863.7581 0.1274 34.6644
2913.0000 2865.7124 0.1238 34.6642
2915.0000 2867.6665 0.1199 34.6642
2917.0000 2869.6211 0.1188 34.6640
2919.0000 2871.5752 0.1189 34.6640
2921.0000 2873.5293 0.1192 34.6641
2923.0000 2875.4836 0.1198 34.6641
2925.0000 2877.4382 0.1196 34.6641
2927.0000 2879.3918 0.1195 34.6641
2929.0000 2881.3462 0.1193 34.6640
2931.0000 2883.3003 0.1185 34.6640
2933.0000 2885.2549 0.1182 34.6641
2935.0000 2887.2085 0.1176 34.6641
2937.0000 2889.1628 0.1169 34.6640
2939.0000 2891.1169 0.1160 34.6640
2941.0000 2893.0708 0.1151 34.6639
2943.0000 2895.0249 0.1125 34.6638
2945.0000 2896.9790 0.1121 34.6638
2947.0000 2898.9329 0.1130 34.6637
2949.0000 2900.8870 0.1142 34.6640
2951.0000 2902.8408 0.1111 34.6637
2953.0000 2904.7952 0.1072 34.6636
2955.0000 2906.7488 0.1037 34.6633
2957.0000 2908.7026 0.1030 34.6632
2959.0000 2910.6567 0.1031 34.6633
2961.0000 2912.6106 0.1031 34.6634
2963.0000 2914.5642 0.1025 34.6633
2965.0000 2916.5183 0.1018 34.6634
2967.0000 2918.4722 0.1013 34.6634
2969.0000 2920.4258 0.1005 34.6633
2971.0000 2922.3796 0.1004 34.6633
2973.0000 2924.3335 0.1007 34.6632
2975.0000 2926.2871 0.1000 34.6632
2977.0000 2928.2410 0.0987 34.6631
2979.0000 2930.1946 0.0975 34.6630
2981.0000 2932.1484 0.0969 34.6631
2983.0000 2934.1018 0.0960 34.6631
2985.0000 2936.0557 0.0957 34.6631
2987.0000 2938.0095 0.0955 34.6632
2989.0000 2939.9629 0.0954 34.6631
2991.0000 2941.9167 0.0954 34.6631
2993.0000 2943.8704 0.0950 34.6631
2995.0000 2945.8242 0.0951 34.6631
2997.0000 2947.7773 0.0949 34.6630
2999.0000 2949.7312 0.0941 34.6630
3001.0000 2951.6846 0.0938 34.6629
3003.0000 2953.6379 0.0912 34.6629
3005.0000 2955.5916 0.0910 34.6628
3007.0000 2957.5452 0.0907 34.6628
3009.0000 2959.4988 0.0906 34.6629
3011.0000 2961.4519 0.0903 34.6629
3013.0000 2963.4055 0.0896 34.6628
3015.0000 2965.3589 0.0893 34.6628
3017.0000 2967.3123 0.0893 34.6627
3019.0000 2969.2654 0.0888 34.6628
3021.0000 2971.2192 0.0881 34.6627
3023.0000 2973.1726 0.0874 34.6627
3025.0000 2975.1255 0.0869 34.6626
3027.0000 2977.0791 0.0864 34.6626
3029.0000 2979.0322 0.0861 34.6625
3031.0000 2980.9854 0.0851 34.6625
3033.0000 2982.9387 0.0837 34.6625
3035.0000 2984.8921 0.0830 34.6624
3037.0000 2986.8452 0.0822 34.6623
3039.0000 2988.7983 0.0813 34.6623
3041.0000 2990.7517 0.0811 34.6624
3043.0000 2992.7048 0.0812 34.6623
3045.0000 2994.6580 0.0808 34.6623
3047.0000 2996.6111 0.0794 34.6621
3049.0000 2998.5642 0.0779 34.6621
3051.0000 3000.5171 0.0767 34.6621
3053.0000 3002.4702 0.0756 34.6622
3055.0000 3004.4233 0.0750 34.6621
3057.0000 3006.3767 0.0745 34.6620
3059.0000 3008.3293 0.0742 34.6620
3061.0000 3010.2827 0.0735 34.6621
3063.0000 3012.2354 0.0736 34.6620
3065.0000 3014.1885 0.0738 34.6620
3067.0000 3016.1414 0.0740 34.6619
3069.0000 3018.0942 0.0740 34.6619
3071.0000 3020.0476 0.0738 34.6620
3073.0000 3022.0000 0.0726 34.6620
3075.0000 3023.9531 0.0715 34.6619
3077.0000 3025.9060 0.0695 34.6617
3079.0000 3027.8586 0.0683 34.6617
3081.0000 3029.8118 0.0680 34.6617
3083.0000 3031.7646 0.0673 34.6617
3085.0000 3033.7173 0.0667 34.6616
3087.0000 3035.6699 0.0660 34.6616
3089.0000 3037.6226 0.0655 34.6616
3091.0000 3039.5757 0.0653 34.6615
3093.0000 3041.5283 0.0653 34.6615
3095.0000 3043.4810 0.0650 34.6616
3097.0000 3045.4336 0.0649 34.6615
3099.0000 3047.3865 0.0649 34.6617
3101.0000 3049.3389 0.0649 34.6616
3103.0000 3051.2917 0.0652 34.6615
3105.0000 3053.2444 0.0650 34.6614
3107.0000 3055.1968 0.0646 34.6615
3109.0000 3057.1494 0.0641 34.6615
3111.0000 3059.1023 0.0634 34.6614
3113.0000 3061.0544 0.0624 34.6614
3115.0000 3063.0071 0.0619 34.6613
3117.0000 3064.9595 0.0612 34.6614
3119.0000 3066.9121 0.0610 34.6615
3121.0000 3068.8645 0.0604 34.6616
3123.0000 3070.8169 0.0601 34.6614
3125.0000 3072.7695 0.0600 34.6612
3127.0000 3074.7219 0.0601 34.6613
3129.0000 3076.6743 0.0601 34.6613
3131.0000 3078.6267 0.0588 34.6612
3133.0000 3080.5793 0.0580 34.6613
3135.0000 3082.5312 0.0581 34.6611
3137.0000 3084.4839 0.0581 34.6611
3139.0000 3086.4363 0.0577 34.6612
3141.0000 3088.3884 0.0566 34.6611
3143.0000 3090.3406 0.0556 34.6610
3145.0000 3092.2932 0.0549 34.6609
3147.0000 3094.2456 0.0547 34.6609
3149.0000 3096.1975 0.0544 34.6609
3151.0000 3098.1499 0.0537 34.6610
3153.0000 3100.1023 0.0522 34.6609
3155.0000 3102.0540 0.0520 34.6608
3157.0000 3104.0063 0.0520 34.6608
3159.0000 3105.9585 0.0505 34.6607
3161.0000 3107.9104 0.0478 34.6606
3163.0000 3109.8625 0.0470 34.6606
3165.0000 3111.8147 0.0460 34.6606
3167.0000 3113.7668 0.0453 34.6606
3169.0000 3115.7188 0.0449 34.6605
3171.0000 3117.6709 0.0447 34.6605
3173.0000 3119.6230 0.0446 34.6606
3175.0000 3121.5747 0.0436 34.6605
3177.0000 3123.5269 0.0420 34.6604
3179.0000 3125.4790 0.0409 34.6603
3181.0000 3127.4307 0.0409 34.6604
3183.0000 3129.3826 0.0406 34.6604
3185.0000 3131.3347 0.0397 34.6604
3187.0000 3133.2869 0.0397 34.6604
3189.0000 3135.2383 0.0395 34.6603
3191.0000 3137.1902 0.0393 34.6603
3193.0000 3139.1423 0.0393 34.6603
3195.0000 3141.0940 0.0390 34.6604
3197.0000 3143.0457 0.0388 34.6604
3199.0000 3144.9978 0.0383 34.6603
3201.0000 3146.9497 0.0383 34.6602
3203.0000 3148.9011 0.0381 34.6603
3205.0000 3150.8530 0.0383 34.6603
3207.0000 3152.8047 0.0381 34.6603
3209.0000 3154.7568 0.0378 34.6603
3211.0000 3156.7078 0.0370 34.6603
3213.0000 3158.6599 0.0357 34.6600
3215.0000 3160.6116 0.0342 34.6601
3217.0000 3162.5630 0.0341 34.6602
3219.0000 3164.5146 0.0338 34.6600
3221.0000 3166.4663 0.0330 34.6600
3223.0000 3168.4182 0.0326 34.6599
3225.0000 3170.3694 0.0325 34.6600
3227.0000 3172.3208 0.0320 34.6600
3229.0000 3174.2727 0.0312 34.6599
3231.0000 3176.2241 0.0298 34.6599
3233.0000 3178.1755 0.0290 34.6599
3235.0000 3180.1270 0.0286 34.6598
3237.0000 3182.0784 0.0276 34.6598
3239.0000 3184.0298 0.0278 34.6598
3241.0000 3185.9814 0.0278 34.6598
3243.0000 3187.9329 0.0277 34.6599
3245.0000 3189.8840 0.0279 34.6598
3247.0000 3191.8357 0.0286 34.6597
3249.0000 3193.7871 0.0291 34.6598
3251.0000 3195.7380 0.0288 34.6598
3253.0000 3197.6895 0.0283 34.6598
3255.0000 3199.6409 0.0273 34.6598
3257.0000 3201.5923 0.0266 34.6596
3259.0000 3203.5435 0.0257 34.6596
3261.0000 3205.4946 0.0256 34.6596
3263.0000 3207.4460 0.0254 34.6596
3265.0000 3209.3970 0.0253 34.6597
3267.0000 3211.3484 0.0244 34.6596
3269.0000 3213.2998 0.0244 34.6596
3271.0000 3215.2510 0.0234 34.6595
3273.0000 3217.2017 0.0241 34.6595
3275.0000 3219.1531 0.0240 34.6596
3277.0000 3221.1042 0.0231 34.6596
3279.0000 3223.0552 0.0234 34.6595
3281.0000 3225.0063 0.0236 34.6595
3283.0000 3226.9573 0.0236 34.6595
3285.0000 3228.9084 0.0235 34.6595
3287.0000 3230.8594 0.0236 34.6595
3289.0000 3232.8105 0.0237 34.6595
3291.0000 3234.7615 0.0240 34.6596
3293.0000 3236.7124 0.0241 34.6596
3295.0000 3238.6633 0.0238 34.6595
3297.0000 3240.6145 0.0237 34.6594
3299.0000 3242.5652 0.0223 34.6594
3301.0000 3244.5161 0.0204 34.6593
3303.0000 3246.4670 0.0198 34.6594
3305.0000 3248.4182 0.0192 34.6593
3307.0000 3250.3687 0.0187 34.6592
3309.0000 3252.3196 0.0179 34.6591
3311.0000 3254.2705 0.0178 34.6593
3313.0000 3256.2209 0.0179 34.6593
3315.0000 3258.1719 0.0182 34.6592
3317.0000 3260.1228 0.0184 34.6592
3319.0000 3262.0737 0.0184 34.6593
3321.0000 3264.0244 0.0179 34.6593
3323.0000 3265.9751 0.0175 34.6592
3325.0000 3267.9255 0.0177 34.6593
3327.0000 3269.8762 0.0177 34.6592
3329.0000 3271.8269 0.0175 34.6593
3331.0000 3273.7776 0.0175 34.6593
3333.0000 3275.7285 0.0176 34.6590
3335.0000 3277.6790 0.0176 34.6592
3337.0000 3279.6294 0.0175 34.6592
3339.0000 3281.5801 0.0172 34.6591
3341.0000 3283.5303 0.0171 34.6592
3343.0000 3285.4810 0.0170 34.6592
3345.0000 3287.4319 0.0170 34.6591
3347.0000 3289.3823 0.0163 34.6591
3349.0000 3291.3328 0.0161 34.6591
3351.0000 3293.2832 0.0160 34.6592
3353.0000 3295.2336 0.0160 34.6592
3355.0000 3297.1838 0.0160 34.6592
3357.0000 3299.1343 0.0161 34.6591
3359.0000 3301.0850 0.0154 34.6592
3361.0000 3303.0354 0.0155 34.6591
3363.0000 3304.9856 0.0150 34.6591
3365.0000 3306.9360 0.0134 34.6590
3367.0000 3308.8862 0.0129 34.6590
3369.0000 3310.8362 0.0130 34.6589
3371.0000 3312.7869 0.0129 34.6589
3373.0000 3314.7371 0.0129 34.6590
3375.0000 3316.6873 0.0126 34.6590
3377.0000 3318.6377 0.0128 34.6589
3379.0000 3320.5879 0.0129 34.6589
3381.0000 3322.5383 0.0131 34.6590
3383.0000 3324.4880 0.0131 34.6590
3385.0000 3326.4385 0.0134 34.6589
3387.0000 3328.3884 0.0132 34.6589
3389.0000 3330.3386 0.0130 34.6588
3391.0000 3332.2888 0.0125 34.6588
3393.0000 3334.2390 0.0120 34.6589
3395.0000 3336.1892 0.0121 34.6587
3397.0000 3338.1392 0.0123 34.6588
3399.0000 3340.0891 0.0122 34.6587
3401.0000 3342.0396 0.0124 34.6588
3403.0000 3343.9890 0.0123 34.6588
3405.0000 3345.9390 0.0123 34.6588
3407.0000 3347.8894 0.0124 34.6588
3409.0000 3349.8391 0.0125 34.6587
3411.0000 3351.7888 0.0125 34.6587
3413.0000 3353.7390 0.0126 34.6588
3415.0000 3355.6890 0.0124 34.6588
3417.0000 3357.6387 0.0119 34.6587
3419.0000 3359.5889 0.0114 34.6587
3421.0000 3361.5388 0.0111 34.6586
3423.0000 3363.4888 0.0110 34.6586
3425.0000 3365.4382 0.0110 34.6586
3427.0000 3367.3882 0.0105 34.6586
3429.0000 3369.3376 0.0088 34.6585
3431.0000 3371.2874 0.0079 34.6585
3433.0000 3373.2371 0.0072 34.6585
3435.0000 3375.1870 0.0069 34.6584
3437.0000 3377.1367 0.0068 34.6585
3439.0000 3379.0864 0.0074 34.6585
3441.0000 3381.0361 0.0073 34.6586
3443.0000 3382.9858 0.0071 34.6585
3445.0000 3384.9355 0.0092 34.6585
3447.0000 3386.8850 0.0096 34.6586
3449.0000 3388.8350 0.0100 34.6586
3451.0000 3390.7844 0.0096 34.6585
3453.0000 3392.7339 0.0099 34.6586
3455.0000 3394.6838 0.0104 34.6586
3457.0000 3396.6333 0.0104 34.6586
3459.0000 3398.5825 0.0104 34.6586
3461.0000 3400.5325 0.0092 34.6585
3463.0000 3402.4819 0.0092 34.6584
3465.0000 3404.4312 0.0088 34.6585
3467.0000 3406.3806 0.0085 34.6584
3469.0000 3408.3301 0.0078 34.6584
3471.0000 3410.2795 0.0072 34.6583
3473.0000 3412.2288 0.0069 34.6584
3475.0000 3414.1782 0.0070 34.6584
3477.0000 3416.1277 0.0065 34.6584
3479.0000 3418.0769 0.0062 34.6585
3481.0000 3420.0264 0.0062 34.6583
3483.0000 3421.9758 0.0046 34.6583
3485.0000 3423.9248 0.0040 34.6582
3487.0000 3425.8740 0.0031 34.6582
3489.0000 3427.8235 0.0019 34.6582
3491.0000 3429.7725 0.0025 34.6580
3493.0000 3431.7217 0.0018 34.6580
3495.0000 3433.6711 0.0012 34.6580
3497.0000 3435.6204 0.0002 34.6580
3499.0000 3437.5693 -0.0007 34.6581
3501.0000 3439.5186 -0.0009 34.6579
3503.0000 3441.4680 -0.0011 34.6579
3505.0000 3443.4170 -0.0011 34.6579
3507.0000 3445.3657 -0.0012 34.6579
3509.0000 3447.3152 -0.0014 34.6579
3511.0000 3449.2644 -0.0011 34.6579
3513.0000 3451.2131 -0.0009 34.6580
3515.0000 3453.1621 -0.0017 34.6578
3517.0000 3455.1113 -0.0019 34.6577
3519.0000 3457.0603 -0.0015 34.6578
3521.0000 3459.0095 -0.0014 34.6580
3523.0000 3460.9585 -0.0019 34.6578
3525.0000 3462.9072 -0.0019 34.6577
3527.0000 3464.8560 -0.0020 34.6577
3529.0000 3466.8049 -0.0018 34.6577
3531.0000 3468.7542 -0.0020 34.6577
3533.0000 3470.7031 -0.0021 34.6577
3535.0000 3472.6519 -0.0024 34.6576
3537.0000 3474.6006 -0.0026 34.6576
3539.0000 3476.5496 -0.0030 34.6577
3541.0000 3478.4983 -0.0031 34.6576
3543.0000 3480.4470 -0.0027 34.6575
3545.0000 3482.3960 -0.0032 34.6576
3547.0000 3484.3450 -0.0035 34.6576
3549.0000 3486.2935 -0.0029 34.6575
3551.0000 3488.2424 -0.0028 34.6575
3553.0000 3490.1912 -0.0029 34.6575
