CTD cast

DATE:  21-Feb-2016 13:51:00
latitude:  -63.5350
longitude:  82.0005
 P (db)   z (m)    T (^oC)  S (psu)
0.0000 0.0000 1.2879 33.7705
2.0000 1.9806 1.2880 33.7701
4.0000 3.9612 1.2882 33.7698
6.0000 5.9417 1.2866 33.7699
8.0000 7.9223 1.2862 33.7701
10.0000 9.9028 1.2879 33.7700
12.0000 11.8833 1.2890 33.7698
14.0000 13.8638 1.2845 33.7704
16.0000 15.8442 1.2760 33.7724
18.0000 17.8247 1.2622 33.7747
20.0000 19.8051 1.2585 33.7753
22.0000 21.7855 1.2499 33.7771
24.0000 23.7659 1.2464 33.7779
26.0000 25.7462 1.2368 33.7790
28.0000 27.7266 1.2155 33.7828
30.0000 29.7069 1.2118 33.7836
32.0000 31.6872 1.2065 33.7859
34.0000 33.6675 1.2040 33.7884
36.0000 35.6478 1.2051 33.7885
38.0000 37.6280 1.2049 33.7890
40.0000 39.6082 1.2046 33.7887
42.0000 41.5885 1.1677 33.7958
44.0000 43.5686 1.1600 33.7984
46.0000 45.5488 1.1461 33.8018
48.0000 47.5290 1.1097 33.8082
50.0000 49.5091 1.0894 33.8108
52.0000 51.4892 1.0513 33.8132
54.0000 53.4693 0.9607 33.8145
56.0000 55.4494 0.7938 33.8234
58.0000 57.4295 0.5631 33.8462
60.0000 59.4095 0.2547 33.8702
62.0000 61.3895 -0.5134 33.9469
64.0000 63.3695 -0.7774 33.9822
66.0000 65.3495 -0.8804 34.0107
68.0000 67.3294 -0.7729 34.0879
70.0000 69.3094 -0.4907 34.1360
72.0000 71.2893 -0.4125 34.1528
74.0000 73.2692 -0.1915 34.1884
76.0000 75.2491 0.0196 34.2301
78.0000 77.2290 0.2527 34.2642
80.0000 79.2088 0.4234 34.2905
82.0000 81.1886 0.6356 34.3277
84.0000 83.1684 0.8375 34.3582
86.0000 85.1482 0.8875 34.3662
88.0000 87.1280 0.9918 34.3800
90.0000 89.1077 1.0173 34.3856
92.0000 91.0875 1.1493 34.4073
94.0000 93.0672 1.2281 34.4184
96.0000 95.0469 1.3367 34.4344
98.0000 97.0266 1.4226 34.4472
100.0000 99.0062 1.4477 34.4520
102.0000 100.9858 1.4646 34.4539
104.0000 102.9655 1.5142 34.4631
106.0000 104.9451 1.5751 34.4726
108.0000 106.9246 1.6066 34.4773
110.0000 108.9042 1.6204 34.4808
112.0000 110.8837 1.6401 34.4856
114.0000 112.8633 1.6646 34.4902
116.0000 114.8428 1.6890 34.4945
118.0000 116.8222 1.6994 34.4967
120.0000 118.8017 1.7171 34.5001
122.0000 120.7811 1.7227 34.5016
124.0000 122.7606 1.7380 34.5051
126.0000 124.7400 1.7652 34.5118
128.0000 126.7194 1.7609 34.5112
130.0000 128.6987 1.7862 34.5181
132.0000 130.6781 1.8019 34.5217
134.0000 132.6574 1.8217 34.5268
136.0000 134.6367 1.8230 34.5277
138.0000 136.6160 1.8269 34.5295
140.0000 138.5953 1.8332 34.5320
142.0000 140.5745 1.8433 34.5354
144.0000 142.5538 1.8556 34.5408
146.0000 144.5330 1.8725 34.5462
148.0000 146.5122 1.8862 34.5507
150.0000 148.4913 1.8922 34.5528
152.0000 150.4705 1.8939 34.5546
154.0000 152.4496 1.8975 34.5561
156.0000 154.4288 1.9000 34.5573
158.0000 156.4079 1.9021 34.5588
160.0000 158.3869 1.9050 34.5612
162.0000 160.3660 1.9129 34.5647
164.0000 162.3450 1.9158 34.5663
166.0000 164.3241 1.9167 34.5667
168.0000 166.3031 1.9164 34.5666
170.0000 168.2820 1.9172 34.5671
172.0000 170.2610 1.9187 34.5679
174.0000 172.2400 1.9237 34.5711
176.0000 174.2189 1.9255 34.5721
178.0000 176.1978 1.9277 34.5739
180.0000 178.1767 1.9282 34.5755
182.0000 180.1556 1.9293 34.5761
184.0000 182.1344 1.9343 34.5782
186.0000 184.1133 1.9354 34.5807
188.0000 186.0921 1.9382 34.5828
190.0000 188.0708 1.9396 34.5847
192.0000 190.0496 1.9413 34.5860
194.0000 192.0284 1.9435 34.5877
196.0000 194.0071 1.9452 34.5885
198.0000 195.9858 1.9467 34.5896
200.0000 197.9645 1.9507 34.5925
202.0000 199.9432 1.9526 34.5935
204.0000 201.9218 1.9560 34.5957
206.0000 203.9005 1.9575 34.5965
208.0000 205.8791 1.9609 34.5982
210.0000 207.8577 1.9714 34.6018
212.0000 209.8363 1.9799 34.6043
214.0000 211.8149 1.9885 34.6062
216.0000 213.7934 1.9933 34.6082
218.0000 215.7719 1.9862 34.6087
220.0000 217.7505 1.9857 34.6094
222.0000 219.7289 1.9867 34.6117
224.0000 221.7074 1.9857 34.6130
226.0000 223.6858 1.9868 34.6144
228.0000 225.6643 1.9886 34.6163
230.0000 227.6427 1.9891 34.6174
232.0000 229.6211 1.9895 34.6187
234.0000 231.5995 1.9899 34.6197
236.0000 233.5778 1.9898 34.6197
238.0000 235.5561 1.9896 34.6209
240.0000 237.5344 1.9893 34.6219
242.0000 239.5128 1.9893 34.6227
244.0000 241.4910 1.9895 34.6236
246.0000 243.4693 1.9896 34.6252
248.0000 245.4475 1.9897 34.6253
250.0000 247.4258 1.9897 34.6270
252.0000 249.4040 1.9899 34.6276
254.0000 251.3821 1.9898 34.6295
256.0000 253.3603 1.9899 34.6313
258.0000 255.3385 1.9901 34.6328
260.0000 257.3166 1.9905 34.6332
262.0000 259.2947 1.9906 34.6335
264.0000 261.2728 1.9907 34.6354
266.0000 263.2509 1.9913 34.6374
268.0000 265.2289 1.9915 34.6383
270.0000 267.2069 1.9914 34.6391
272.0000 269.1849 1.9917 34.6387
274.0000 271.1629 1.9919 34.6417
276.0000 273.1409 1.9923 34.6423
278.0000 275.1188 1.9921 34.6429
280.0000 277.0968 1.9926 34.6441
282.0000 279.0747 1.9933 34.6451
284.0000 281.0526 1.9935 34.6451
286.0000 283.0305 1.9934 34.6464
288.0000 285.0083 1.9922 34.6476
290.0000 286.9861 1.9923 34.6488
292.0000 288.9640 1.9917 34.6495
294.0000 290.9418 1.9915 34.6501
296.0000 292.9196 1.9916 34.6517
298.0000 294.8973 1.9918 34.6531
300.0000 296.8751 1.9919 34.6544
302.0000 298.8528 1.9920 34.6548
304.0000 300.8305 1.9923 34.6553
306.0000 302.8082 1.9931 34.6569
308.0000 304.7859 1.9931 34.6581
310.0000 306.7635 1.9935 34.6591
312.0000 308.7411 1.9944 34.6611
314.0000 310.7187 1.9945 34.6608
316.0000 312.6963 1.9947 34.6615
318.0000 314.6739 1.9950 34.6621
320.0000 316.6515 1.9953 34.6633
322.0000 318.6290 1.9951 34.6635
324.0000 320.6065 1.9941 34.6651
326.0000 322.5840 1.9933 34.6664
328.0000 324.5615 1.9930 34.6670
330.0000 326.5389 1.9925 34.6675
332.0000 328.5164 1.9924 34.6681
334.0000 330.4938 1.9922 34.6697
336.0000 332.4712 1.9919 34.6703
338.0000 334.4486 1.9915 34.6712
340.0000 336.4260 1.9915 34.6719
342.0000 338.4033 1.9919 34.6724
344.0000 340.3806 1.9921 34.6728
346.0000 342.3579 1.9914 34.6734
348.0000 344.3352 1.9900 34.6739
350.0000 346.3125 1.9893 34.6752
352.0000 348.2897 1.9899 34.6755
354.0000 350.2669 1.9890 34.6761
356.0000 352.2442 1.9867 34.6769
358.0000 354.2214 1.9875 34.6776
360.0000 356.1985 1.9871 34.6777
362.0000 358.1757 1.9872 34.6789
364.0000 360.1528 1.9855 34.6790
366.0000 362.1299 1.9844 34.6795
368.0000 364.1070 1.9839 34.6798
370.0000 366.0841 1.9829 34.6803
372.0000 368.0612 1.9831 34.6810
374.0000 370.0382 1.9818 34.6817
376.0000 372.0152 1.9799 34.6825
378.0000 373.9922 1.9785 34.6830
380.0000 375.9692 1.9787 34.6830
382.0000 377.9462 1.9787 34.6832
384.0000 379.9231 1.9778 34.6836
386.0000 381.9001 1.9762 34.6841
388.0000 383.8770 1.9751 34.6846
390.0000 385.8538 1.9743 34.6850
392.0000 387.8307 1.9731 34.6852
394.0000 389.8076 1.9727 34.6856
396.0000 391.7844 1.9722 34.6859
398.0000 393.7612 1.9728 34.6862
400.0000 395.7380 1.9726 34.6865
402.0000 397.7148 1.9723 34.6869
404.0000 399.6915 1.9720 34.6872
406.0000 401.6682 1.9692 34.6878
408.0000 403.6450 1.9648 34.6885
410.0000 405.6217 1.9628 34.6892
412.0000 407.5984 1.9625 34.6895
414.0000 409.5750 1.9624 34.6895
416.0000 411.5517 1.9598 34.6907
418.0000 413.5282 1.9579 34.6915
420.0000 415.5049 1.9569 34.6919
422.0000 417.4814 1.9565 34.6922
424.0000 419.4581 1.9565 34.6925
426.0000 421.4346 1.9555 34.6931
428.0000 423.4111 1.9542 34.6940
430.0000 425.3876 1.9542 34.6940
432.0000 427.3641 1.9535 34.6943
434.0000 429.3405 1.9525 34.6946
436.0000 431.3170 1.9524 34.6945
438.0000 433.2934 1.9519 34.6950
440.0000 435.2699 1.9518 34.6954
442.0000 437.2463 1.9510 34.6954
444.0000 439.2227 1.9493 34.6955
446.0000 441.1989 1.9485 34.6958
448.0000 443.1754 1.9476 34.6960
450.0000 445.1517 1.9473 34.6961
452.0000 447.1279 1.9470 34.6962
454.0000 449.1042 1.9463 34.6966
456.0000 451.0805 1.9457 34.6968
458.0000 453.0568 1.9448 34.6967
460.0000 455.0330 1.9411 34.6976
462.0000 457.0092 1.9393 34.6978
464.0000 458.9853 1.9355 34.6986
466.0000 460.9615 1.9332 34.7000
468.0000 462.9377 1.9316 34.7008
470.0000 464.9138 1.9313 34.7012
472.0000 466.8899 1.9308 34.7016
474.0000 468.8659 1.9308 34.7016
476.0000 470.8421 1.9302 34.7022
478.0000 472.8181 1.9297 34.7023
480.0000 474.7941 1.9281 34.7033
482.0000 476.7701 1.9276 34.7037
484.0000 478.7462 1.9269 34.7042
486.0000 480.7221 1.9250 34.7049
488.0000 482.6981 1.9237 34.7060
490.0000 484.6740 1.9235 34.7061
492.0000 486.6500 1.9229 34.7065
494.0000 488.6259 1.9224 34.7068
496.0000 490.6017 1.9221 34.7066
498.0000 492.5776 1.9204 34.7073
500.0000 494.5535 1.9196 34.7074
502.0000 496.5293 1.9179 34.7081
504.0000 498.5050 1.9171 34.7085
506.0000 500.4809 1.9164 34.7085
508.0000 502.4566 1.9158 34.7085
510.0000 504.4324 1.9114 34.7100
512.0000 506.4081 1.9106 34.7102
514.0000 508.3838 1.9093 34.7105
516.0000 510.3595 1.9076 34.7110
518.0000 512.3352 1.9064 34.7118
520.0000 514.3109 1.9068 34.7116
522.0000 516.2865 1.9054 34.7125
524.0000 518.2621 1.9049 34.7126
526.0000 520.2377 1.9039 34.7130
528.0000 522.2133 1.9028 34.7136
530.0000 524.1888 1.9027 34.7133
532.0000 526.1644 1.9021 34.7137
534.0000 528.1400 1.9006 34.7144
536.0000 530.1154 1.8996 34.7150
538.0000 532.0909 1.8993 34.7151
540.0000 534.0663 1.8994 34.7150
542.0000 536.0418 1.8978 34.7160
544.0000 538.0173 1.8964 34.7166
546.0000 539.9927 1.8956 34.7170
548.0000 541.9681 1.8953 34.7173
550.0000 543.9434 1.8950 34.7176
552.0000 545.9188 1.8947 34.7181
554.0000 547.8942 1.8933 34.7187
556.0000 549.8694 1.8926 34.7190
558.0000 551.8447 1.8902 34.7193
560.0000 553.8200 1.8881 34.7197
562.0000 555.7952 1.8872 34.7201
564.0000 557.7704 1.8869 34.7201
566.0000 559.7457 1.8857 34.7205
568.0000 561.7209 1.8834 34.7210
570.0000 563.6960 1.8828 34.7212
572.0000 565.6712 1.8820 34.7214
574.0000 567.6464 1.8806 34.7218
576.0000 569.6215 1.8793 34.7220
578.0000 571.5966 1.8774 34.7224
580.0000 573.5717 1.8753 34.7228
582.0000 575.5468 1.8747 34.7229
584.0000 577.5218 1.8749 34.7227
586.0000 579.4969 1.8738 34.7232
588.0000 581.4719 1.8730 34.7233
590.0000 583.4468 1.8710 34.7239
592.0000 585.4218 1.8696 34.7244
594.0000 587.3968 1.8692 34.7244
596.0000 589.3718 1.8689 34.7246
598.0000 591.3466 1.8672 34.7252
600.0000 593.3215 1.8660 34.7255
602.0000 595.2964 1.8646 34.7259
604.0000 597.2712 1.8613 34.7264
606.0000 599.2461 1.8595 34.7266
608.0000 601.2210 1.8591 34.7266
610.0000 603.1957 1.8580 34.7268
612.0000 605.1705 1.8569 34.7271
614.0000 607.1453 1.8568 34.7269
616.0000 609.1201 1.8546 34.7275
618.0000 611.0948 1.8535 34.7276
620.0000 613.0695 1.8521 34.7277
622.0000 615.0441 1.8503 34.7282
624.0000 617.0188 1.8491 34.7282
626.0000 618.9935 1.8462 34.7287
628.0000 620.9681 1.8441 34.7289
630.0000 622.9428 1.8427 34.7290
632.0000 624.9173 1.8416 34.7293
634.0000 626.8920 1.8414 34.7295
636.0000 628.8665 1.8408 34.7295
638.0000 630.8410 1.8399 34.7296
640.0000 632.8156 1.8386 34.7300
642.0000 634.7900 1.8369 34.7304
644.0000 636.7646 1.8357 34.7307
646.0000 638.7390 1.8357 34.7308
648.0000 640.7134 1.8357 34.7309
650.0000 642.6879 1.8350 34.7310
652.0000 644.6622 1.8341 34.7311
654.0000 646.6367 1.8335 34.7317
656.0000 648.6111 1.8332 34.7315
658.0000 650.5854 1.8322 34.7318
660.0000 652.5598 1.8316 34.7321
662.0000 654.5341 1.8315 34.7320
664.0000 656.5084 1.8311 34.7321
666.0000 658.4826 1.8294 34.7327
668.0000 660.4569 1.8286 34.7330
670.0000 662.4311 1.8264 34.7331
672.0000 664.4053 1.8247 34.7333
674.0000 666.3795 1.8236 34.7332
676.0000 668.3537 1.8225 34.7336
678.0000 670.3279 1.8208 34.7339
680.0000 672.3020 1.8206 34.7339
682.0000 674.2762 1.8204 34.7338
684.0000 676.2503 1.8199 34.7338
686.0000 678.2242 1.8193 34.7340
688.0000 680.1984 1.8180 34.7340
690.0000 682.1725 1.8143 34.7345
692.0000 684.1465 1.8123 34.7347
694.0000 686.1205 1.8107 34.7350
696.0000 688.0945 1.8101 34.7352
698.0000 690.0685 1.8097 34.7353
700.0000 692.0424 1.8092 34.7356
702.0000 694.0164 1.8090 34.7356
704.0000 695.9903 1.8076 34.7356
706.0000 697.9642 1.8057 34.7359
708.0000 699.9380 1.8047 34.7361
710.0000 701.9119 1.8039 34.7361
712.0000 703.8858 1.8025 34.7362
714.0000 705.8596 1.8009 34.7363
716.0000 707.8334 1.7988 34.7367
718.0000 709.8073 1.7983 34.7366
720.0000 711.7810 1.7970 34.7367
722.0000 713.7547 1.7957 34.7369
724.0000 715.7285 1.7947 34.7368
726.0000 717.7022 1.7934 34.7373
728.0000 719.6758 1.7928 34.7374
730.0000 721.6495 1.7917 34.7374
732.0000 723.6232 1.7906 34.7373
734.0000 725.5969 1.7887 34.7375
736.0000 727.5704 1.7882 34.7375
738.0000 729.5440 1.7872 34.7377
740.0000 731.5176 1.7860 34.7376
742.0000 733.4911 1.7850 34.7377
744.0000 735.4647 1.7839 34.7377
746.0000 737.4382 1.7814 34.7380
748.0000 739.4118 1.7798 34.7381
750.0000 741.3852 1.7787 34.7379
752.0000 743.3587 1.7754 34.7385
754.0000 745.3322 1.7742 34.7384
756.0000 747.3055 1.7727 34.7383
758.0000 749.2789 1.7684 34.7381
760.0000 751.2524 1.7673 34.7384
762.0000 753.2256 1.7657 34.7387
764.0000 755.1991 1.7645 34.7390
766.0000 757.1725 1.7627 34.7388
768.0000 759.1458 1.7608 34.7390
770.0000 761.1191 1.7602 34.7389
772.0000 763.0923 1.7569 34.7392
774.0000 765.0656 1.7529 34.7388
776.0000 767.0388 1.7496 34.7390
778.0000 769.0121 1.7491 34.7387
780.0000 770.9852 1.7467 34.7389
782.0000 772.9585 1.7452 34.7390
784.0000 774.9316 1.7430 34.7389
786.0000 776.9048 1.7421 34.7392
788.0000 778.8779 1.7424 34.7394
790.0000 780.8510 1.7403 34.7393
792.0000 782.8240 1.7393 34.7392
794.0000 784.7972 1.7384 34.7394
796.0000 786.7702 1.7388 34.7392
798.0000 788.7432 1.7347 34.7395
800.0000 790.7163 1.7338 34.7394
802.0000 792.6893 1.7328 34.7394
804.0000 794.6622 1.7322 34.7394
806.0000 796.6352 1.7316 34.7395
808.0000 798.6082 1.7299 34.7396
810.0000 800.5811 1.7262 34.7397
812.0000 802.5540 1.7239 34.7395
814.0000 804.5269 1.7194 34.7398
816.0000 806.4998 1.7177 34.7398
818.0000 808.4725 1.7176 34.7398
820.0000 810.4454 1.7183 34.7394
822.0000 812.4183 1.7178 34.7397
824.0000 814.3909 1.7164 34.7397
826.0000 816.3638 1.7147 34.7397
828.0000 818.3365 1.7139 34.7399
830.0000 820.3093 1.7100 34.7401
832.0000 822.2820 1.7072 34.7399
834.0000 824.2547 1.7055 34.7399
836.0000 826.2274 1.7037 34.7400
838.0000 828.2000 1.7024 34.7402
840.0000 830.1726 1.7023 34.7402
842.0000 832.1452 1.7017 34.7401
844.0000 834.1179 1.7006 34.7402
846.0000 836.0905 1.6971 34.7402
848.0000 838.0630 1.6947 34.7403
850.0000 840.0356 1.6933 34.7404
852.0000 842.0080 1.6933 34.7405
854.0000 843.9806 1.6911 34.7407
856.0000 845.9532 1.6877 34.7408
858.0000 847.9255 1.6859 34.7408
860.0000 849.8979 1.6829 34.7409
862.0000 851.8705 1.6820 34.7408
864.0000 853.8430 1.6805 34.7408
866.0000 855.8152 1.6783 34.7409
868.0000 857.7877 1.6789 34.7405
870.0000 859.7600 1.6736 34.7409
872.0000 861.7323 1.6710 34.7412
874.0000 863.7046 1.6681 34.7411
876.0000 865.6770 1.6670 34.7414
878.0000 867.6493 1.6675 34.7414
880.0000 869.6215 1.6669 34.7418
882.0000 871.5938 1.6652 34.7417
884.0000 873.5660 1.6603 34.7418
886.0000 875.5383 1.6556 34.7416
888.0000 877.5103 1.6551 34.7415
890.0000 879.4826 1.6545 34.7416
892.0000 881.4548 1.6518 34.7415
894.0000 883.4268 1.6486 34.7418
896.0000 885.3989 1.6479 34.7422
898.0000 887.3712 1.6486 34.7423
900.0000 889.3431 1.6490 34.7422
902.0000 891.3152 1.6478 34.7426
904.0000 893.2873 1.6436 34.7426
906.0000 895.2593 1.6422 34.7426
908.0000 897.2313 1.6417 34.7426
910.0000 899.2032 1.6413 34.7427
912.0000 901.1753 1.6418 34.7424
914.0000 903.1472 1.6405 34.7428
916.0000 905.1191 1.6395 34.7429
918.0000 907.0910 1.6383 34.7431
920.0000 909.0630 1.6356 34.7430
922.0000 911.0347 1.6360 34.7426
924.0000 913.0066 1.6280 34.7422
926.0000 914.9786 1.6218 34.7420
928.0000 916.9503 1.6208 34.7421
930.0000 918.9221 1.6204 34.7422
932.0000 920.8939 1.6194 34.7420
934.0000 922.8657 1.6164 34.7420
936.0000 924.8373 1.6136 34.7421
938.0000 926.8092 1.6129 34.7422
940.0000 928.7808 1.6127 34.7423
942.0000 930.7524 1.6119 34.7424
944.0000 932.7242 1.6112 34.7423
946.0000 934.6958 1.6114 34.7425
948.0000 936.6674 1.6110 34.7429
950.0000 938.6390 1.6078 34.7428
952.0000 940.6106 1.6067 34.7428
954.0000 942.5823 1.6058 34.7434
956.0000 944.5537 1.6038 34.7434
958.0000 946.5254 1.6007 34.7434
960.0000 948.4968 1.5997 34.7434
962.0000 950.4683 1.5998 34.7430
964.0000 952.4399 1.5966 34.7433
966.0000 954.4112 1.5940 34.7433
968.0000 956.3828 1.5930 34.7434
970.0000 958.3541 1.5926 34.7436
972.0000 960.3254 1.5917 34.7436
974.0000 962.2969 1.5909 34.7436
976.0000 964.2682 1.5899 34.7437
978.0000 966.2397 1.5885 34.7437
980.0000 968.2109 1.5877 34.7435
982.0000 970.1823 1.5864 34.7437
984.0000 972.1536 1.5856 34.7438
986.0000 974.1248 1.5831 34.7436
988.0000 976.0961 1.5787 34.7433
990.0000 978.0673 1.5752 34.7435
992.0000 980.0386 1.5746 34.7435
994.0000 982.0098 1.5744 34.7434
996.0000 983.9810 1.5738 34.7434
998.0000 985.9521 1.5713 34.7435
1000.0000 987.9233 1.5696 34.7435
1002.0000 989.8943 1.5666 34.7434
1004.0000 991.8655 1.5652 34.7436
1006.0000 993.8366 1.5638 34.7435
1008.0000 995.8077 1.5625 34.7434
1010.0000 997.7787 1.5600 34.7437
1012.0000 999.7498 1.5586 34.7436
1014.0000 1001.7208 1.5571 34.7435
1016.0000 1003.6917 1.5557 34.7435
1018.0000 1005.6627 1.5543 34.7436
1020.0000 1007.6337 1.5529 34.7438
1022.0000 1009.6047 1.5505 34.7438
1024.0000 1011.5754 1.5487 34.7435
1026.0000 1013.5464 1.5459 34.7436
1028.0000 1015.5173 1.5430 34.7434
1030.0000 1017.4882 1.5388 34.7432
1032.0000 1019.4590 1.5372 34.7431
1034.0000 1021.4298 1.5364 34.7432
1036.0000 1023.4007 1.5358 34.7430
1038.0000 1025.3715 1.5329 34.7429
1040.0000 1027.3423 1.5301 34.7427
1042.0000 1029.3130 1.5273 34.7427
1044.0000 1031.2837 1.5232 34.7426
1046.0000 1033.2544 1.5206 34.7423
1048.0000 1035.2252 1.5187 34.7423
1050.0000 1037.1958 1.5175 34.7424
1052.0000 1039.1664 1.5147 34.7422
1054.0000 1041.1371 1.5113 34.7423
1056.0000 1043.1078 1.5104 34.7424
1058.0000 1045.0785 1.5091 34.7421
1060.0000 1047.0488 1.5067 34.7422
1062.0000 1049.0195 1.5038 34.7421
1064.0000 1050.9901 1.5025 34.7421
1066.0000 1052.9606 1.5017 34.7422
1068.0000 1054.9312 1.4993 34.7420
1070.0000 1056.9016 1.4975 34.7417
1072.0000 1058.8721 1.4924 34.7418
1074.0000 1060.8425 1.4902 34.7417
1076.0000 1062.8130 1.4881 34.7419
1078.0000 1064.7834 1.4863 34.7417
1080.0000 1066.7537 1.4845 34.7420
1082.0000 1068.7241 1.4824 34.7418
1084.0000 1070.6946 1.4805 34.7416
1086.0000 1072.6648 1.4784 34.7417
1088.0000 1074.6351 1.4775 34.7419
1090.0000 1076.6055 1.4772 34.7418
1092.0000 1078.5758 1.4758 34.7418
1094.0000 1080.5460 1.4739 34.7418
1096.0000 1082.5162 1.4718 34.7417
1098.0000 1084.4866 1.4714 34.7418
1100.0000 1086.4567 1.4704 34.7415
1102.0000 1088.4269 1.4676 34.7415
1104.0000 1090.3971 1.4661 34.7415
1106.0000 1092.3673 1.4631 34.7415
1108.0000 1094.3374 1.4619 34.7413
1110.0000 1096.3075 1.4597 34.7412
1112.0000 1098.2777 1.4587 34.7413
1114.0000 1100.2476 1.4580 34.7413
1116.0000 1102.2177 1.4567 34.7411
1118.0000 1104.1877 1.4554 34.7413
1120.0000 1106.1578 1.4532 34.7410
1122.0000 1108.1278 1.4517 34.7410
1124.0000 1110.0979 1.4511 34.7409
1126.0000 1112.0677 1.4484 34.7411
1128.0000 1114.0376 1.4451 34.7409
1130.0000 1116.0076 1.4411 34.7407
1132.0000 1117.9777 1.4384 34.7404
1134.0000 1119.9475 1.4348 34.7406
1136.0000 1121.9174 1.4336 34.7405
1138.0000 1123.8873 1.4328 34.7404
1140.0000 1125.8571 1.4323 34.7405
1142.0000 1127.8268 1.4321 34.7406
1144.0000 1129.7966 1.4315 34.7407
1146.0000 1131.7665 1.4293 34.7404
1148.0000 1133.7362 1.4276 34.7397
1150.0000 1135.7059 1.4234 34.7399
1152.0000 1137.6758 1.4210 34.7398
1154.0000 1139.6455 1.4165 34.7393
1156.0000 1141.6150 1.4141 34.7390
1158.0000 1143.5847 1.4089 34.7388
1160.0000 1145.5544 1.4082 34.7393
1162.0000 1147.5239 1.4086 34.7393
1164.0000 1149.4937 1.4081 34.7390
1166.0000 1151.4634 1.4056 34.7392
1168.0000 1153.4329 1.4026 34.7390
1170.0000 1155.4025 1.4022 34.7392
1172.0000 1157.3719 1.4001 34.7390
1174.0000 1159.3414 1.3976 34.7386
1176.0000 1161.3109 1.3919 34.7381
1178.0000 1163.2805 1.3839 34.7372
1180.0000 1165.2500 1.3794 34.7369
1182.0000 1167.2195 1.3768 34.7367
1184.0000 1169.1888 1.3754 34.7366
1186.0000 1171.1582 1.3740 34.7366
1188.0000 1173.1277 1.3715 34.7365
1190.0000 1175.0970 1.3679 34.7363
1192.0000 1177.0664 1.3658 34.7365
1194.0000 1179.0358 1.3646 34.7364
1196.0000 1181.0051 1.3639 34.7364
1198.0000 1182.9742 1.3605 34.7359
1200.0000 1184.9436 1.3574 34.7361
1202.0000 1186.9128 1.3552 34.7357
1204.0000 1188.8822 1.3513 34.7358
1206.0000 1190.8514 1.3505 34.7357
1208.0000 1192.8206 1.3495 34.7358
1210.0000 1194.7897 1.3492 34.7360
1212.0000 1196.7590 1.3483 34.7359
1214.0000 1198.7281 1.3472 34.7357
1216.0000 1200.6973 1.3437 34.7356
1218.0000 1202.6664 1.3431 34.7358
1220.0000 1204.6354 1.3415 34.7356
1222.0000 1206.6045 1.3385 34.7356
1224.0000 1208.5735 1.3334 34.7352
1226.0000 1210.5426 1.3290 34.7350
1228.0000 1212.5116 1.3280 34.7348
1230.0000 1214.4807 1.3279 34.7349
1232.0000 1216.4496 1.3255 34.7347
1234.0000 1218.4186 1.3233 34.7346
1236.0000 1220.3876 1.3210 34.7344
1238.0000 1222.3564 1.3180 34.7343
1240.0000 1224.3254 1.3163 34.7342
1242.0000 1226.2943 1.3139 34.7340
1244.0000 1228.2632 1.3113 34.7342
1246.0000 1230.2319 1.3098 34.7340
1248.0000 1232.2009 1.3098 34.7341
1250.0000 1234.1698 1.3094 34.7342
1252.0000 1236.1385 1.3094 34.7339
1254.0000 1238.1073 1.3091 34.7343
1256.0000 1240.0760 1.3077 34.7345
1258.0000 1242.0448 1.3070 34.7343
1260.0000 1244.0135 1.3047 34.7341
1262.0000 1245.9823 1.3019 34.7341
1264.0000 1247.9509 1.3010 34.7339
1266.0000 1249.9196 1.2974 34.7338
1268.0000 1251.8882 1.2930 34.7337
1270.0000 1253.8569 1.2912 34.7337
1272.0000 1255.8256 1.2891 34.7334
1274.0000 1257.7941 1.2890 34.7333
1276.0000 1259.7626 1.2881 34.7335
1278.0000 1261.7312 1.2865 34.7335
1280.0000 1263.6996 1.2845 34.7334
1282.0000 1265.6682 1.2834 34.7334
1284.0000 1267.6367 1.2834 34.7331
1286.0000 1269.6051 1.2811 34.7332
1288.0000 1271.5737 1.2792 34.7331
1290.0000 1273.5421 1.2778 34.7330
1292.0000 1275.5106 1.2761 34.7327
1294.0000 1277.4790 1.2713 34.7327
1296.0000 1279.4474 1.2694 34.7326
1298.0000 1281.4158 1.2680 34.7324
1300.0000 1283.3840 1.2654 34.7323
1302.0000 1285.3524 1.2624 34.7322
1304.0000 1287.3208 1.2598 34.7321
1306.0000 1289.2892 1.2570 34.7318
1308.0000 1291.2574 1.2559 34.7317
1310.0000 1293.2257 1.2548 34.7315
1312.0000 1295.1940 1.2511 34.7313
1314.0000 1297.1622 1.2477 34.7312
1316.0000 1299.1304 1.2465 34.7311
1318.0000 1301.0986 1.2422 34.7309
1320.0000 1303.0669 1.2394 34.7308
1322.0000 1305.0349 1.2386 34.7308
1324.0000 1307.0031 1.2380 34.7307
1326.0000 1308.9712 1.2341 34.7307
1328.0000 1310.9392 1.2322 34.7307
1330.0000 1312.9073 1.2312 34.7307
1332.0000 1314.8755 1.2284 34.7304
1334.0000 1316.8435 1.2273 34.7303
1336.0000 1318.8114 1.2261 34.7302
1338.0000 1320.7794 1.2220 34.7301
1340.0000 1322.7474 1.2192 34.7301
1342.0000 1324.7153 1.2179 34.7301
1344.0000 1326.6833 1.2171 34.7300
1346.0000 1328.6514 1.2162 34.7301
1348.0000 1330.6191 1.2155 34.7299
1350.0000 1332.5870 1.2114 34.7297
1352.0000 1334.5549 1.2110 34.7296
1354.0000 1336.5228 1.2089 34.7294
1356.0000 1338.4907 1.2061 34.7292
1358.0000 1340.4585 1.2053 34.7292
1360.0000 1342.4264 1.2049 34.7291
1362.0000 1344.3940 1.2027 34.7290
1364.0000 1346.3618 1.1999 34.7289
1366.0000 1348.3296 1.1985 34.7291
1368.0000 1350.2974 1.1982 34.7290
1370.0000 1352.2649 1.1979 34.7291
1372.0000 1354.2328 1.1978 34.7290
1374.0000 1356.2004 1.1961 34.7286
1376.0000 1358.1680 1.1922 34.7285
1378.0000 1360.1356 1.1899 34.7284
1380.0000 1362.1033 1.1868 34.7284
1382.0000 1364.0710 1.1857 34.7283
1384.0000 1366.0385 1.1845 34.7283
1386.0000 1368.0061 1.1837 34.7282
1388.0000 1369.9736 1.1804 34.7281
1390.0000 1371.9410 1.1791 34.7280
1392.0000 1373.9086 1.1768 34.7279
1394.0000 1375.8761 1.1757 34.7280
1396.0000 1377.8435 1.1730 34.7277
1398.0000 1379.8109 1.1715 34.7277
1400.0000 1381.7784 1.1701 34.7277
1402.0000 1383.7458 1.1660 34.7273
1404.0000 1385.7133 1.1658 34.7273
1406.0000 1387.6807 1.1649 34.7270
1408.0000 1389.6481 1.1599 34.7268
1410.0000 1391.6154 1.1552 34.7266
1412.0000 1393.5826 1.1535 34.7264
1414.0000 1395.5499 1.1523 34.7263
1416.0000 1397.5173 1.1515 34.7264
1418.0000 1399.4845 1.1499 34.7264
1420.0000 1401.4519 1.1483 34.7261
1422.0000 1403.4192 1.1469 34.7259
1424.0000 1405.3862 1.1442 34.7255
1426.0000 1407.3534 1.1407 34.7255
1428.0000 1409.3206 1.1369 34.7252
1430.0000 1411.2877 1.1345 34.7253
1432.0000 1413.2548 1.1325 34.7252
1434.0000 1415.2219 1.1298 34.7248
1436.0000 1417.1892 1.1261 34.7247
1438.0000 1419.1562 1.1234 34.7245
1440.0000 1421.1233 1.1224 34.7245
1442.0000 1423.0903 1.1220 34.7245
1444.0000 1425.0574 1.1222 34.7245
1446.0000 1427.0243 1.1223 34.7246
1448.0000 1428.9913 1.1220 34.7245
1450.0000 1430.9584 1.1224 34.7244
1452.0000 1432.9252 1.1214 34.7245
1454.0000 1434.8922 1.1161 34.7243
1456.0000 1436.8591 1.1152 34.7241
1458.0000 1438.8260 1.1140 34.7241
1460.0000 1440.7927 1.1123 34.7240
1462.0000 1442.7599 1.1095 34.7239
1464.0000 1444.7267 1.1075 34.7237
1466.0000 1446.6934 1.1043 34.7235
1468.0000 1448.6602 1.1021 34.7235
1470.0000 1450.6270 1.0994 34.7234
1472.0000 1452.5936 1.0967 34.7232
1474.0000 1454.5605 1.0955 34.7231
1476.0000 1456.5273 1.0950 34.7233
1478.0000 1458.4940 1.0951 34.7230
1480.0000 1460.4607 1.0943 34.7232
1482.0000 1462.4274 1.0932 34.7231
1484.0000 1464.3940 1.0924 34.7232
1486.0000 1466.3606 1.0906 34.7229
1488.0000 1468.3273 1.0881 34.7228
1490.0000 1470.2939 1.0868 34.7226
1492.0000 1472.2605 1.0844 34.7226
1494.0000 1474.2269 1.0834 34.7225
1496.0000 1476.1937 1.0813 34.7224
1498.0000 1478.1602 1.0802 34.7225
1500.0000 1480.1266 1.0775 34.7222
1502.0000 1482.0931 1.0765 34.7222
1504.0000 1484.0596 1.0736 34.7219
1506.0000 1486.0261 1.0701 34.7218
1508.0000 1487.9924 1.0696 34.7218
1510.0000 1489.9589 1.0685 34.7219
1512.0000 1491.9254 1.0667 34.7218
1514.0000 1493.8916 1.0654 34.7217
1516.0000 1495.8582 1.0656 34.7217
1518.0000 1497.8245 1.0634 34.7218
1520.0000 1499.7909 1.0619 34.7216
1522.0000 1501.7570 1.0596 34.7215
1524.0000 1503.7233 1.0569 34.7214
1526.0000 1505.6897 1.0540 34.7211
1528.0000 1507.6559 1.0519 34.7211
1530.0000 1509.6221 1.0498 34.7209
1532.0000 1511.5883 1.0475 34.7207
1534.0000 1513.5547 1.0447 34.7207
1536.0000 1515.5208 1.0439 34.7208
1538.0000 1517.4868 1.0430 34.7208
1540.0000 1519.4530 1.0434 34.7204
1542.0000 1521.4189 1.0417 34.7207
1544.0000 1523.3853 1.0396 34.7208
1546.0000 1525.3514 1.0390 34.7205
1548.0000 1527.3173 1.0374 34.7204
1550.0000 1529.2833 1.0361 34.7204
1552.0000 1531.2495 1.0325 34.7203
1554.0000 1533.2156 1.0303 34.7202
1556.0000 1535.1814 1.0305 34.7198
1558.0000 1537.1475 1.0271 34.7197
1560.0000 1539.1135 1.0251 34.7198
1562.0000 1541.0793 1.0241 34.7196
1564.0000 1543.0453 1.0227 34.7197
1566.0000 1545.0111 1.0219 34.7194
1568.0000 1546.9772 1.0199 34.7195
1570.0000 1548.9430 1.0183 34.7194
1572.0000 1550.9088 1.0164 34.7194
1574.0000 1552.8746 1.0149 34.7192
1576.0000 1554.8405 1.0121 34.7189
1578.0000 1556.8063 1.0100 34.7190
1580.0000 1558.7720 1.0088 34.7189
1582.0000 1560.7379 1.0074 34.7189
1584.0000 1562.7035 1.0066 34.7189
1586.0000 1564.6692 1.0050 34.7187
1588.0000 1566.6350 1.0039 34.7189
1590.0000 1568.6006 1.0026 34.7187
1592.0000 1570.5664 1.0001 34.7183
1594.0000 1572.5320 0.9984 34.7184
1596.0000 1574.4977 0.9973 34.7183
1598.0000 1576.4631 0.9953 34.7182
1600.0000 1578.4288 0.9918 34.7182
1602.0000 1580.3944 0.9915 34.7180
1604.0000 1582.3599 0.9899 34.7179
1606.0000 1584.3256 0.9888 34.7179
1608.0000 1586.2910 0.9884 34.7179
1610.0000 1588.2565 0.9874 34.7179
1612.0000 1590.2219 0.9844 34.7178
1614.0000 1592.1875 0.9823 34.7177
1616.0000 1594.1528 0.9815 34.7173
1618.0000 1596.1184 0.9796 34.7176
1620.0000 1598.0837 0.9797 34.7175
1622.0000 1600.0491 0.9797 34.7176
1624.0000 1602.0145 0.9793 34.7177
1626.0000 1603.9799 0.9793 34.7174
1628.0000 1605.9452 0.9775 34.7172
1630.0000 1607.9106 0.9753 34.7173
1632.0000 1609.8757 0.9748 34.7172
1634.0000 1611.8411 0.9727 34.7169
1636.0000 1613.8065 0.9714 34.7168
1638.0000 1615.7715 0.9695 34.7169
1640.0000 1617.7368 0.9691 34.7169
1642.0000 1619.7021 0.9673 34.7168
1644.0000 1621.6674 0.9654 34.7166
1646.0000 1623.6323 0.9650 34.7168
1648.0000 1625.5977 0.9638 34.7165
1650.0000 1627.5629 0.9609 34.7162
1652.0000 1629.5278 0.9587 34.7161
1654.0000 1631.4929 0.9580 34.7160
1656.0000 1633.4581 0.9579 34.7162
1658.0000 1635.4231 0.9545 34.7158
1660.0000 1637.3882 0.9502 34.7157
1662.0000 1639.3531 0.9480 34.7155
1664.0000 1641.3181 0.9474 34.7156
1666.0000 1643.2832 0.9465 34.7153
1668.0000 1645.2480 0.9446 34.7153
1670.0000 1647.2131 0.9440 34.7153
1672.0000 1649.1780 0.9423 34.7152
1674.0000 1651.1429 0.9397 34.7151
1676.0000 1653.1077 0.9389 34.7151
1678.0000 1655.0728 0.9382 34.7149
1680.0000 1657.0375 0.9370 34.7150
1682.0000 1659.0023 0.9354 34.7149
1684.0000 1660.9673 0.9337 34.7147
1686.0000 1662.9319 0.9314 34.7146
1688.0000 1664.8969 0.9291 34.7146
1690.0000 1666.8617 0.9269 34.7143
1692.0000 1668.8263 0.9250 34.7143
1694.0000 1670.7911 0.9250 34.7140
1696.0000 1672.7559 0.9230 34.7142
1698.0000 1674.7205 0.9223 34.7141
1700.0000 1676.6851 0.9215 34.7141
1702.0000 1678.6497 0.9204 34.7139
1704.0000 1680.6145 0.9191 34.7136
1706.0000 1682.5792 0.9165 34.7135
1708.0000 1684.5437 0.9117 34.7134
1710.0000 1686.5083 0.9102 34.7131
1712.0000 1688.4729 0.9078 34.7129
1714.0000 1690.4375 0.9060 34.7128
1716.0000 1692.4019 0.9030 34.7127
1718.0000 1694.3665 0.8998 34.7125
1720.0000 1696.3311 0.8975 34.7125
1722.0000 1698.2954 0.8964 34.7124
1724.0000 1700.2600 0.8947 34.7124
1726.0000 1702.2244 0.8941 34.7123
1728.0000 1704.1886 0.8933 34.7123
1730.0000 1706.1532 0.8914 34.7123
1732.0000 1708.1176 0.8911 34.7120
1734.0000 1710.0820 0.8887 34.7122
1736.0000 1712.0461 0.8859 34.7123
1738.0000 1714.0105 0.8846 34.7122
1740.0000 1715.9749 0.8847 34.7119
1742.0000 1717.9391 0.8832 34.7121
1744.0000 1719.9034 0.8802 34.7119
1746.0000 1721.8677 0.8771 34.7118
1748.0000 1723.8319 0.8758 34.7116
1750.0000 1725.7963 0.8747 34.7117
1752.0000 1727.7604 0.8741 34.7117
1754.0000 1729.7246 0.8723 34.7114
1756.0000 1731.6886 0.8697 34.7112
1758.0000 1733.6530 0.8654 34.7111
1760.0000 1735.6171 0.8651 34.7112
1762.0000 1737.5811 0.8643 34.7110
1764.0000 1739.5453 0.8626 34.7108
1766.0000 1741.5093 0.8607 34.7107
1768.0000 1743.4734 0.8582 34.7107
1770.0000 1745.4373 0.8570 34.7108
1772.0000 1747.4014 0.8559 34.7107
1774.0000 1749.3655 0.8544 34.7104
1776.0000 1751.3293 0.8537 34.7106
1778.0000 1753.2933 0.8529 34.7105
1780.0000 1755.2574 0.8517 34.7104
1782.0000 1757.2214 0.8511 34.7104
1784.0000 1759.1851 0.8497 34.7103
1786.0000 1761.1492 0.8483 34.7102
1788.0000 1763.1129 0.8479 34.7103
1790.0000 1765.0767 0.8477 34.7102
1792.0000 1767.0406 0.8471 34.7101
1794.0000 1769.0046 0.8469 34.7102
1796.0000 1770.9681 0.8463 34.7101
1798.0000 1772.9320 0.8448 34.7101
1800.0000 1774.8958 0.8438 34.7098
1802.0000 1776.8596 0.8427 34.7099
1804.0000 1778.8232 0.8416 34.7096
1806.0000 1780.7870 0.8390 34.7096
1808.0000 1782.7507 0.8377 34.7096
1810.0000 1784.7144 0.8368 34.7095
1812.0000 1786.6781 0.8367 34.7095
1814.0000 1788.6418 0.8356 34.7095
1816.0000 1790.6053 0.8350 34.7094
1818.0000 1792.5687 0.8336 34.7092
1820.0000 1794.5325 0.8309 34.7091
1822.0000 1796.4960 0.8286 34.7091
1824.0000 1798.4594 0.8279 34.7090
1826.0000 1800.4230 0.8279 34.7089
1828.0000 1802.3867 0.8269 34.7090
1830.0000 1804.3500 0.8254 34.7089
1832.0000 1806.3136 0.8249 34.7087
1834.0000 1808.2770 0.8232 34.7086
1836.0000 1810.2405 0.8211 34.7084
1838.0000 1812.2036 0.8192 34.7083
1840.0000 1814.1672 0.8174 34.7084
1842.0000 1816.1305 0.8161 34.7083
1844.0000 1818.0941 0.8146 34.7081
1846.0000 1820.0574 0.8136 34.7082
1848.0000 1822.0208 0.8134 34.7079
1850.0000 1823.9841 0.8116 34.7080
1852.0000 1825.9473 0.8101 34.7079
1854.0000 1827.9106 0.8077 34.7079
1856.0000 1829.8739 0.8067 34.7078
1858.0000 1831.8373 0.8059 34.7076
1860.0000 1833.8002 0.8055 34.7077
1862.0000 1835.7635 0.8040 34.7077
1864.0000 1837.7267 0.8036 34.7077
1866.0000 1839.6898 0.8030 34.7075
1868.0000 1841.6530 0.8019 34.7074
1870.0000 1843.6163 0.8019 34.7075
1872.0000 1845.5790 0.7982 34.7072
1874.0000 1847.5424 0.7976 34.7073
1876.0000 1849.5052 0.7965 34.7071
1878.0000 1851.4686 0.7945 34.7071
1880.0000 1853.4315 0.7936 34.7071
1882.0000 1855.3945 0.7930 34.7072
1884.0000 1857.3575 0.7911 34.7069
1886.0000 1859.3203 0.7900 34.7066
1888.0000 1861.2834 0.7868 34.7066
1890.0000 1863.2463 0.7863 34.7067
1892.0000 1865.2095 0.7857 34.7067
1894.0000 1867.1720 0.7837 34.7066
1896.0000 1869.1351 0.7830 34.7065
1898.0000 1871.0980 0.7831 34.7062
1900.0000 1873.0608 0.7792 34.7062
1902.0000 1875.0237 0.7755 34.7059
1904.0000 1876.9865 0.7731 34.7058
1906.0000 1878.9493 0.7723 34.7058
1908.0000 1880.9119 0.7730 34.7055
1910.0000 1882.8748 0.7701 34.7054
1912.0000 1884.8375 0.7676 34.7056
1914.0000 1886.8003 0.7664 34.7056
1916.0000 1888.7632 0.7655 34.7055
1918.0000 1890.7257 0.7650 34.7051
1920.0000 1892.6886 0.7621 34.7052
1922.0000 1894.6509 0.7608 34.7051
1924.0000 1896.6136 0.7573 34.7048
1926.0000 1898.5765 0.7566 34.7047
1928.0000 1900.5388 0.7559 34.7046
1930.0000 1902.5016 0.7552 34.7048
1932.0000 1904.4641 0.7549 34.7048
1934.0000 1906.4266 0.7550 34.7049
1936.0000 1908.3892 0.7536 34.7046
1938.0000 1910.3516 0.7507 34.7045
1940.0000 1912.3143 0.7479 34.7043
1942.0000 1914.2765 0.7463 34.7040
1944.0000 1916.2391 0.7428 34.7039
1946.0000 1918.2017 0.7417 34.7038
1948.0000 1920.1637 0.7395 34.7038
1950.0000 1922.1262 0.7378 34.7036
1952.0000 1924.0887 0.7375 34.7037
1954.0000 1926.0513 0.7364 34.7036
1956.0000 1928.0133 0.7351 34.7038
1958.0000 1929.9757 0.7340 34.7038
1960.0000 1931.9381 0.7330 34.7037
1962.0000 1933.9003 0.7333 34.7039
1964.0000 1935.8625 0.7331 34.7039
1966.0000 1937.8251 0.7339 34.7040
1968.0000 1939.7871 0.7323 34.7039
1970.0000 1941.7493 0.7305 34.7040
1972.0000 1943.7115 0.7287 34.7039
1974.0000 1945.6738 0.7271 34.7038
1976.0000 1947.6360 0.7274 34.7038
1978.0000 1949.5978 0.7266 34.7036
1980.0000 1951.5601 0.7255 34.7039
1982.0000 1953.5223 0.7247 34.7038
1984.0000 1955.4843 0.7229 34.7037
1986.0000 1957.4464 0.7216 34.7037
1988.0000 1959.4087 0.7207 34.7036
1990.0000 1961.3704 0.7200 34.7034
1992.0000 1963.3324 0.7179 34.7033
1994.0000 1965.2947 0.7172 34.7033
1996.0000 1967.2565 0.7166 34.7034
1998.0000 1969.2185 0.7170 34.7033
2000.0000 1971.1805 0.7157 34.7033
2002.0000 1973.1425 0.7143 34.7030
2004.0000 1975.1041 0.7128 34.7030
2006.0000 1977.0660 0.7115 34.7031
2008.0000 1979.0281 0.7113 34.7028
2010.0000 1980.9899 0.7095 34.7029
2012.0000 1982.9517 0.7085 34.7029
2014.0000 1984.9136 0.7072 34.7029
2016.0000 1986.8755 0.7065 34.7028
2018.0000 1988.8369 0.7060 34.7028
2020.0000 1990.7988 0.7060 34.7027
2022.0000 1992.7606 0.7057 34.7028
2024.0000 1994.7224 0.7037 34.7026
2026.0000 1996.6841 0.7020 34.7025
2028.0000 1998.6459 0.7015 34.7025
2030.0000 2000.6075 0.6997 34.7023
2032.0000 2002.5691 0.6971 34.7024
2034.0000 2004.5308 0.6957 34.7023
2036.0000 2006.4926 0.6952 34.7023
2038.0000 2008.4539 0.6954 34.7021
2040.0000 2010.4155 0.6941 34.7018
2042.0000 2012.3772 0.6913 34.7019
2044.0000 2014.3386 0.6899 34.7019
2046.0000 2016.3002 0.6888 34.7018
2048.0000 2018.2618 0.6873 34.7016
2050.0000 2020.2233 0.6870 34.7016
2052.0000 2022.1846 0.6862 34.7016
2054.0000 2024.1462 0.6850 34.7015
2056.0000 2026.1077 0.6833 34.7015
2058.0000 2028.0690 0.6821 34.7016
2060.0000 2030.0304 0.6811 34.7013
2062.0000 2031.9918 0.6797 34.7012
2064.0000 2033.9531 0.6790 34.7013
2066.0000 2035.9143 0.6778 34.7011
2068.0000 2037.8759 0.6769 34.7011
2070.0000 2039.8373 0.6738 34.7009
2072.0000 2041.7983 0.6736 34.7009
2074.0000 2043.7598 0.6733 34.7011
2076.0000 2045.7211 0.6726 34.7010
2078.0000 2047.6823 0.6726 34.7009
2080.0000 2049.6433 0.6723 34.7008
2082.0000 2051.6045 0.6706 34.7008
2084.0000 2053.5662 0.6692 34.7008
2086.0000 2055.5269 0.6673 34.7006
2088.0000 2057.4883 0.6659 34.7004
2090.0000 2059.4495 0.6653 34.7003
2092.0000 2061.4106 0.6645 34.7004
2094.0000 2063.3716 0.6640 34.7003
2096.0000 2065.3325 0.6623 34.7002
2098.0000 2067.2937 0.6603 34.7003
2100.0000 2069.2546 0.6587 34.7002
2102.0000 2071.2158 0.6581 34.6999
2104.0000 2073.1768 0.6575 34.7000
2106.0000 2075.1377 0.6562 34.6998
2108.0000 2077.0989 0.6554 34.6999
2110.0000 2079.0596 0.6551 34.6999
2112.0000 2081.0208 0.6544 34.6998
2114.0000 2082.9814 0.6534 34.6997
2116.0000 2084.9424 0.6525 34.6998
2118.0000 2086.9033 0.6513 34.6999
2120.0000 2088.8643 0.6505 34.6997
2122.0000 2090.8250 0.6482 34.6996
2124.0000 2092.7859 0.6488 34.6992
2126.0000 2094.7466 0.6459 34.6993
2128.0000 2096.7073 0.6452 34.6994
2130.0000 2098.6682 0.6438 34.6993
2132.0000 2100.6292 0.6439 34.6993
2134.0000 2102.5896 0.6420 34.6991
2136.0000 2104.5503 0.6405 34.6991
2138.0000 2106.5112 0.6389 34.6989
2140.0000 2108.4719 0.6361 34.6988
2142.0000 2110.4324 0.6348 34.6990
2144.0000 2112.3931 0.6346 34.6989
2146.0000 2114.3538 0.6344 34.6987
2148.0000 2116.3145 0.6333 34.6987
2150.0000 2118.2749 0.6328 34.6988
2152.0000 2120.2356 0.6325 34.6988
2154.0000 2122.1960 0.6325 34.6987
2156.0000 2124.1565 0.6316 34.6987
2158.0000 2126.1172 0.6295 34.6985
2160.0000 2128.0776 0.6284 34.6985
2162.0000 2130.0381 0.6276 34.6984
2164.0000 2131.9985 0.6262 34.6981
2166.0000 2133.9590 0.6244 34.6982
2168.0000 2135.9197 0.6223 34.6981
2170.0000 2137.8799 0.6214 34.6978
2172.0000 2139.8403 0.6173 34.6977
2174.0000 2141.8005 0.6141 34.6976
2176.0000 2143.7607 0.6135 34.6975
2178.0000 2145.7212 0.6128 34.6974
2180.0000 2147.6816 0.6123 34.6975
2182.0000 2149.6421 0.6123 34.6976
2184.0000 2151.6021 0.6127 34.6972
2186.0000 2153.5623 0.6109 34.6973
2188.0000 2155.5227 0.6097 34.6972
2190.0000 2157.4829 0.6083 34.6972
2192.0000 2159.4431 0.6072 34.6973
2194.0000 2161.4036 0.6055 34.6972
2196.0000 2163.3633 0.6045 34.6970
2198.0000 2165.3235 0.6024 34.6971
2200.0000 2167.2837 0.6019 34.6971
2202.0000 2169.2439 0.6013 34.6970
2204.0000 2171.2041 0.5986 34.6967
2206.0000 2173.1643 0.5957 34.6965
2208.0000 2175.1243 0.5940 34.6967
2210.0000 2177.0840 0.5943 34.6967
2212.0000 2179.0442 0.5944 34.6966
2214.0000 2181.0042 0.5946 34.6963
2216.0000 2182.9644 0.5933 34.6964
2218.0000 2184.9243 0.5915 34.6964
2220.0000 2186.8843 0.5907 34.6965
2222.0000 2188.8442 0.5902 34.6964
2224.0000 2190.8040 0.5898 34.6963
2226.0000 2192.7639 0.5881 34.6961
2228.0000 2194.7241 0.5874 34.6961
2230.0000 2196.6838 0.5857 34.6960
2232.0000 2198.6436 0.5837 34.6961
2234.0000 2200.6035 0.5823 34.6960
2236.0000 2202.5632 0.5825 34.6957
2238.0000 2204.5229 0.5823 34.6958
2240.0000 2206.4829 0.5820 34.6959
2242.0000 2208.4426 0.5816 34.6960
2244.0000 2210.4023 0.5808 34.6959
2246.0000 2212.3621 0.5806 34.6957
2248.0000 2214.3220 0.5805 34.6958
2250.0000 2216.2815 0.5803 34.6958
2252.0000 2218.2410 0.5789 34.6956
2254.0000 2220.2007 0.5776 34.6956
2256.0000 2222.1604 0.5765 34.6955
2258.0000 2224.1199 0.5730 34.6954
2260.0000 2226.0796 0.5713 34.6951
2262.0000 2228.0393 0.5705 34.6952
2264.0000 2229.9988 0.5702 34.6953
2266.0000 2231.9585 0.5677 34.6952
2268.0000 2233.9180 0.5657 34.6950
2270.0000 2235.8774 0.5651 34.6950
2272.0000 2237.8367 0.5635 34.6949
2274.0000 2239.7961 0.5625 34.6950
2276.0000 2241.7556 0.5617 34.6949
2278.0000 2243.7153 0.5605 34.6948
2280.0000 2245.6746 0.5593 34.6946
2282.0000 2247.6340 0.5580 34.6946
2284.0000 2249.5938 0.5564 34.6944
2286.0000 2251.5527 0.5562 34.6944
2288.0000 2253.5122 0.5549 34.6943
2290.0000 2255.4714 0.5538 34.6941
2292.0000 2257.4307 0.5508 34.6943
2294.0000 2259.3899 0.5502 34.6942
2296.0000 2261.3494 0.5500 34.6939
2298.0000 2263.3086 0.5488 34.6940
2300.0000 2265.2678 0.5467 34.6939
2302.0000 2267.2271 0.5443 34.6936
2304.0000 2269.1863 0.5425 34.6936
2306.0000 2271.1455 0.5417 34.6936
2308.0000 2273.1047 0.5411 34.6935
2310.0000 2275.0640 0.5403 34.6936
2312.0000 2277.0229 0.5394 34.6934
2314.0000 2278.9819 0.5386 34.6935
2316.0000 2280.9412 0.5381 34.6933
2318.0000 2282.9004 0.5371 34.6934
2320.0000 2284.8591 0.5359 34.6934
2322.0000 2286.8181 0.5354 34.6934
2324.0000 2288.7771 0.5351 34.6933
2326.0000 2290.7363 0.5346 34.6932
2328.0000 2292.6951 0.5332 34.6931
2330.0000 2294.6543 0.5315 34.6931
2332.0000 2296.6133 0.5306 34.6931
2334.0000 2298.5720 0.5302 34.6930
2336.0000 2300.5310 0.5292 34.6929
2338.0000 2302.4900 0.5278 34.6928
2340.0000 2304.4490 0.5260 34.6926
2342.0000 2306.4075 0.5237 34.6926
2344.0000 2308.3665 0.5227 34.6925
2346.0000 2310.3254 0.5225 34.6922
2348.0000 2312.2842 0.5225 34.6923
2350.0000 2314.2429 0.5216 34.6923
2352.0000 2316.2019 0.5207 34.6926
2354.0000 2318.1606 0.5205 34.6925
2356.0000 2320.1191 0.5204 34.6924
2358.0000 2322.0779 0.5195 34.6924
2360.0000 2324.0369 0.5191 34.6924
2362.0000 2325.9954 0.5182 34.6923
2364.0000 2327.9541 0.5179 34.6923
2366.0000 2329.9128 0.5179 34.6923
2368.0000 2331.8716 0.5178 34.6922
2370.0000 2333.8301 0.5161 34.6921
2372.0000 2335.7886 0.5143 34.6920
2374.0000 2337.7473 0.5131 34.6919
2376.0000 2339.7056 0.5113 34.6918
2378.0000 2341.6643 0.5100 34.6919
2380.0000 2343.6230 0.5089 34.6918
2382.0000 2345.5815 0.5086 34.6918
2384.0000 2347.5398 0.5081 34.6917
2386.0000 2349.4983 0.5079 34.6917
2388.0000 2351.4568 0.5069 34.6916
2390.0000 2353.4150 0.5067 34.6916
2392.0000 2355.3735 0.5061 34.6916
2394.0000 2357.3320 0.5040 34.6914
2396.0000 2359.2903 0.5033 34.6914
2398.0000 2361.2485 0.5030 34.6914
2400.0000 2363.2070 0.5025 34.6914
2402.0000 2365.1655 0.5021 34.6912
2404.0000 2367.1235 0.5012 34.6914
2406.0000 2369.0818 0.5010 34.6914
2408.0000 2371.0403 0.5003 34.6913
2410.0000 2372.9983 0.4990 34.6912
2412.0000 2374.9568 0.4977 34.6912
2414.0000 2376.9150 0.4965 34.6911
2416.0000 2378.8730 0.4962 34.6909
2418.0000 2380.8313 0.4953 34.6909
2420.0000 2382.7893 0.4948 34.6908
2422.0000 2384.7478 0.4920 34.6909
2424.0000 2386.7056 0.4912 34.6906
2426.0000 2388.6638 0.4903 34.6907
2428.0000 2390.6218 0.4890 34.6907
2430.0000 2392.5801 0.4889 34.6906
2432.0000 2394.5378 0.4885 34.6907
2434.0000 2396.4961 0.4871 34.6906
2436.0000 2398.4541 0.4869 34.6905
2438.0000 2400.4119 0.4863 34.6903
2440.0000 2402.3699 0.4830 34.6903
2442.0000 2404.3284 0.4804 34.6902
2444.0000 2406.2861 0.4793 34.6902
2446.0000 2408.2439 0.4789 34.6900
2448.0000 2410.2019 0.4781 34.6899
2450.0000 2412.1599 0.4772 34.6899
2452.0000 2414.1177 0.4751 34.6899
2454.0000 2416.0754 0.4745 34.6899
2456.0000 2418.0334 0.4731 34.6899
2458.0000 2419.9910 0.4726 34.6899
2460.0000 2421.9490 0.4718 34.6898
2462.0000 2423.9067 0.4719 34.6895
2464.0000 2425.8645 0.4692 34.6897
2466.0000 2427.8223 0.4687 34.6898
2468.0000 2429.7798 0.4677 34.6896
2470.0000 2431.7375 0.4664 34.6895
2472.0000 2433.6956 0.4652 34.6894
2474.0000 2435.6533 0.4634 34.6894
2476.0000 2437.6108 0.4632 34.6892
2478.0000 2439.5686 0.4613 34.6893
2480.0000 2441.5259 0.4607 34.6893
2482.0000 2443.4836 0.4598 34.6893
2484.0000 2445.4414 0.4590 34.6891
2486.0000 2447.3987 0.4569 34.6890
2488.0000 2449.3562 0.4566 34.6889
2490.0000 2451.3137 0.4564 34.6890
2492.0000 2453.2712 0.4558 34.6890
2494.0000 2455.2290 0.4554 34.6890
2496.0000 2457.1865 0.4534 34.6889
2498.0000 2459.1440 0.4533 34.6886
2500.0000 2461.1013 0.4510 34.6885
2502.0000 2463.0588 0.4488 34.6886
2504.0000 2465.0164 0.4471 34.6884
2506.0000 2466.9736 0.4469 34.6884
2508.0000 2468.9309 0.4460 34.6885
2510.0000 2470.8882 0.4447 34.6885
2512.0000 2472.8459 0.4433 34.6884
2514.0000 2474.8030 0.4415 34.6884
2516.0000 2476.7605 0.4411 34.6882
2518.0000 2478.7178 0.4400 34.6881
2520.0000 2480.6748 0.4392 34.6882
2522.0000 2482.6321 0.4392 34.6883
2524.0000 2484.5894 0.4391 34.6883
2526.0000 2486.5464 0.4388 34.6883
2528.0000 2488.5037 0.4390 34.6879
2530.0000 2490.4609 0.4375 34.6881
2532.0000 2492.4180 0.4363 34.6880
2534.0000 2494.3750 0.4356 34.6879
2536.0000 2496.3323 0.4350 34.6879
2538.0000 2498.2896 0.4341 34.6877
2540.0000 2500.2466 0.4335 34.6877
2542.0000 2502.2036 0.4330 34.6877
2544.0000 2504.1606 0.4324 34.6877
2546.0000 2506.1179 0.4317 34.6876
2548.0000 2508.0747 0.4306 34.6876
2550.0000 2510.0317 0.4301 34.6875
2552.0000 2511.9885 0.4294 34.6874
2554.0000 2513.9458 0.4278 34.6873
2556.0000 2515.9028 0.4273 34.6874
2558.0000 2517.8596 0.4267 34.6873
2560.0000 2519.8164 0.4268 34.6873
2562.0000 2521.7732 0.4251 34.6871
2564.0000 2523.7302 0.4237 34.6871
2566.0000 2525.6870 0.4237 34.6871
2568.0000 2527.6443 0.4228 34.6870
2570.0000 2529.6008 0.4192 34.6868
2572.0000 2531.5576 0.4178 34.6867
2574.0000 2533.5144 0.4162 34.6866
2576.0000 2535.4709 0.4162 34.6864
2578.0000 2537.4277 0.4162 34.6865
2580.0000 2539.3848 0.4160 34.6866
2582.0000 2541.3413 0.4154 34.6864
2584.0000 2543.2981 0.4145 34.6864
2586.0000 2545.2546 0.4133 34.6863
2588.0000 2547.2114 0.4119 34.6861
2590.0000 2549.1680 0.4104 34.6858
2592.0000 2551.1248 0.4053 34.6854
2594.0000 2553.0813 0.4029 34.6854
2596.0000 2555.0378 0.4028 34.6852
2598.0000 2556.9944 0.4029 34.6851
2600.0000 2558.9509 0.4015 34.6851
2602.0000 2560.9077 0.3999 34.6848
2604.0000 2562.8640 0.3949 34.6841
2606.0000 2564.8206 0.3915 34.6839
2608.0000 2566.7769 0.3908 34.6838
2610.0000 2568.7332 0.3877 34.6835
2612.0000 2570.6899 0.3876 34.6836
2614.0000 2572.6465 0.3863 34.6834
2616.0000 2574.6030 0.3841 34.6831
2618.0000 2576.5591 0.3838 34.6831
2620.0000 2578.5156 0.3800 34.6825
2622.0000 2580.4722 0.3771 34.6825
2624.0000 2582.4282 0.3763 34.6822
2626.0000 2584.3845 0.3752 34.6823
2628.0000 2586.3408 0.3744 34.6821
2630.0000 2588.2974 0.3717 34.6818
2632.0000 2590.2534 0.3681 34.6814
2634.0000 2592.2097 0.3640 34.6810
2636.0000 2594.1660 0.3629 34.6810
2638.0000 2596.1223 0.3628 34.6812
2640.0000 2598.0784 0.3619 34.6813
2642.0000 2600.0344 0.3620 34.6813
2644.0000 2601.9907 0.3618 34.6813
2646.0000 2603.9468 0.3619 34.6814
2648.0000 2605.9031 0.3624 34.6816
2650.0000 2607.8594 0.3634 34.6819
2652.0000 2609.8149 0.3668 34.6827
2654.0000 2611.7710 0.3661 34.6830
2656.0000 2613.7275 0.3668 34.6832
2658.0000 2615.6833 0.3672 34.6833
2660.0000 2617.6394 0.3676 34.6834
2662.0000 2619.5952 0.3677 34.6834
2664.0000 2621.5515 0.3683 34.6834
2666.0000 2623.5073 0.3694 34.6836
2668.0000 2625.4634 0.3698 34.6836
2670.0000 2627.4192 0.3698 34.6836
2672.0000 2629.3752 0.3698 34.6834
2674.0000 2631.3311 0.3691 34.6836
2676.0000 2633.2869 0.3682 34.6835
2678.0000 2635.2432 0.3674 34.6834
2680.0000 2637.1987 0.3660 34.6835
2682.0000 2639.1545 0.3657 34.6832
2684.0000 2641.1104 0.3643 34.6834
2686.0000 2643.0662 0.3643 34.6834
2688.0000 2645.0217 0.3639 34.6834
2690.0000 2646.9775 0.3634 34.6833
2692.0000 2648.9333 0.3634 34.6832
2694.0000 2650.8889 0.3607 34.6831
2696.0000 2652.8447 0.3587 34.6831
2698.0000 2654.8005 0.3581 34.6830
2700.0000 2656.7561 0.3574 34.6829
2702.0000 2658.7117 0.3568 34.6829
2704.0000 2660.6672 0.3572 34.6827
2706.0000 2662.6230 0.3567 34.6828
2708.0000 2664.5786 0.3543 34.6826
2710.0000 2666.5342 0.3506 34.6823
2712.0000 2668.4897 0.3498 34.6821
2714.0000 2670.4453 0.3497 34.6821
2716.0000 2672.4009 0.3491 34.6821
2718.0000 2674.3564 0.3480 34.6819
2720.0000 2676.3118 0.3480 34.6820
2722.0000 2678.2671 0.3480 34.6820
2724.0000 2680.2229 0.3476 34.6819
2726.0000 2682.1782 0.3470 34.6819
2728.0000 2684.1335 0.3469 34.6820
2730.0000 2686.0891 0.3468 34.6819
2732.0000 2688.0444 0.3464 34.6816
2734.0000 2689.9998 0.3441 34.6813
2736.0000 2691.9551 0.3417 34.6814
2738.0000 2693.9104 0.3415 34.6815
2740.0000 2695.8660 0.3400 34.6814
2742.0000 2697.8210 0.3370 34.6813
2744.0000 2699.7761 0.3357 34.6812
2746.0000 2701.7317 0.3352 34.6813
2748.0000 2703.6868 0.3346 34.6813
2750.0000 2705.6418 0.3325 34.6813
2752.0000 2707.5974 0.3316 34.6811
2754.0000 2709.5527 0.3311 34.6811
2756.0000 2711.5073 0.3305 34.6810
2758.0000 2713.4629 0.3296 34.6811
2760.0000 2715.4180 0.3284 34.6811
2762.0000 2717.3728 0.3264 34.6808
2764.0000 2719.3281 0.3256 34.6808
2766.0000 2721.2832 0.3264 34.6805
2768.0000 2723.2383 0.3226 34.6808
2770.0000 2725.1934 0.3210 34.6807
2772.0000 2727.1484 0.3202 34.6807
2774.0000 2729.1033 0.3199 34.6807
2776.0000 2731.0583 0.3196 34.6805
2778.0000 2733.0132 0.3187 34.6805
2780.0000 2734.9680 0.3183 34.6804
2782.0000 2736.9231 0.3169 34.6806
2784.0000 2738.8779 0.3175 34.6808
2786.0000 2740.8333 0.3181 34.6807
2788.0000 2742.7881 0.3158 34.6804
2790.0000 2744.7427 0.3137 34.6802
2792.0000 2746.6978 0.3125 34.6802
2794.0000 2748.6526 0.3123 34.6804
2796.0000 2750.6072 0.3118 34.6802
2798.0000 2752.5620 0.3109 34.6801
2800.0000 2754.5168 0.3108 34.6801
2802.0000 2756.4714 0.3109 34.6802
2804.0000 2758.4263 0.3104 34.6802
2806.0000 2760.3811 0.3106 34.6803
2808.0000 2762.3359 0.3101 34.6802
2810.0000 2764.2903 0.3084 34.6799
2812.0000 2766.2449 0.3098 34.6806
2814.0000 2768.2000 0.3105 34.6803
2816.0000 2770.1545 0.3069 34.6801
2818.0000 2772.1091 0.3044 34.6798
2820.0000 2774.0637 0.3047 34.6800
2822.0000 2776.0183 0.3026 34.6796
2824.0000 2777.9727 0.3014 34.6796
2826.0000 2779.9272 0.3007 34.6796
2828.0000 2781.8821 0.3009 34.6797
2830.0000 2783.8364 0.3003 34.6797
2832.0000 2785.7908 0.2996 34.6796
2834.0000 2787.7454 0.2987 34.6796
2836.0000 2789.7000 0.2969 34.6795
2838.0000 2791.6543 0.2970 34.6794
2840.0000 2793.6086 0.2971 34.6797
2842.0000 2795.5630 0.2968 34.6798
2844.0000 2797.5173 0.2970 34.6800
2846.0000 2799.4717 0.2936 34.6795
2848.0000 2801.4263 0.2912 34.6794
2850.0000 2803.3806 0.2893 34.6791
2852.0000 2805.3347 0.2878 34.6789
2854.0000 2807.2893 0.2860 34.6787
2856.0000 2809.2437 0.2855 34.6786
2858.0000 2811.1978 0.2842 34.6788
2860.0000 2813.1519 0.2838 34.6790
2862.0000 2815.1064 0.2835 34.6789
2864.0000 2817.0605 0.2826 34.6788
2866.0000 2819.0144 0.2828 34.6787
2868.0000 2820.9690 0.2817 34.6787
2870.0000 2822.9231 0.2814 34.6785
2872.0000 2824.8772 0.2808 34.6787
2874.0000 2826.8311 0.2807 34.6786
2876.0000 2828.7854 0.2817 34.6787
2878.0000 2830.7395 0.2821 34.6786
2880.0000 2832.6936 0.2824 34.6789
2882.0000 2834.6475 0.2833 34.6791
2884.0000 2836.6018 0.2830 34.6791
2886.0000 2838.5557 0.2820 34.6790
2888.0000 2840.5095 0.2820 34.6792
2890.0000 2842.4636 0.2837 34.6794
2892.0000 2844.4177 0.2825 34.6794
2894.0000 2846.3716 0.2827 34.6796
2896.0000 2848.3254 0.2811 34.6792
2898.0000 2850.2798 0.2802 34.6793
2900.0000 2852.2332 0.2807 34.6794
2902.0000 2854.1873 0.2809 34.6795
2904.0000 2856.1411 0.2804 34.6795
2906.0000 2858.0947 0.2837 34.6802
2908.0000 2860.0488 0.2840 34.6800
2910.0000 2862.0024 0.2844 34.6802
2912.0000 2863.9565 0.2831 34.6803
2914.0000 2865.9099 0.2813 34.6803
2916.0000 2867.8638 0.2803 34.6802
2918.0000 2869.8174 0.2793 34.6800
2920.0000 2871.7710 0.2787 34.6800
2922.0000 2873.7249 0.2779 34.6799
2924.0000 2875.6787 0.2773 34.6799
2926.0000 2877.6323 0.2767 34.6799
2928.0000 2879.5859 0.2757 34.6800
2930.0000 2881.5396 0.2748 34.6799
2932.0000 2883.4934 0.2738 34.6799
2934.0000 2885.4465 0.2735 34.6798
2936.0000 2887.4004 0.2731 34.6796
2938.0000 2889.3540 0.2714 34.6796
2940.0000 2891.3076 0.2700 34.6795
2942.0000 2893.2610 0.2701 34.6795
2944.0000 2895.2146 0.2679 34.6795
2946.0000 2897.1680 0.2674 34.6793
2948.0000 2899.1216 0.2664 34.6793
2950.0000 2901.0747 0.2662 34.6795
2952.0000 2903.0286 0.2664 34.6793
2954.0000 2904.9819 0.2654 34.6794
2956.0000 2906.9351 0.2635 34.6793
2958.0000 2908.8884 0.2616 34.6792
2960.0000 2910.8420 0.2614 34.6793
2962.0000 2912.7952 0.2614 34.6790
2964.0000 2914.7485 0.2603 34.6790
2966.0000 2916.7019 0.2590 34.6789
2968.0000 2918.6553 0.2568 34.6789
2970.0000 2920.6084 0.2557 34.6789
2972.0000 2922.5620 0.2556 34.6788
2974.0000 2924.5151 0.2546 34.6787
2976.0000 2926.4680 0.2539 34.6787
2978.0000 2928.4216 0.2529 34.6786
2980.0000 2930.3748 0.2518 34.6786
2982.0000 2932.3279 0.2504 34.6785
2984.0000 2934.2810 0.2488 34.6785
2986.0000 2936.2344 0.2474 34.6783
2988.0000 2938.1873 0.2460 34.6781
2990.0000 2940.1401 0.2450 34.6781
2992.0000 2942.0933 0.2453 34.6782
2994.0000 2944.0464 0.2453 34.6780
2996.0000 2945.9993 0.2438 34.6782
2998.0000 2947.9524 0.2418 34.6781
3000.0000 2949.9058 0.2411 34.6778
3002.0000 2951.8586 0.2408 34.6779
3004.0000 2953.8115 0.2409 34.6779
3006.0000 2955.7644 0.2406 34.6779
3008.0000 2957.7175 0.2386 34.6777
3010.0000 2959.6702 0.2370 34.6775
3012.0000 2961.6233 0.2349 34.6774
3014.0000 2963.5762 0.2346 34.6774
3016.0000 2965.5293 0.2342 34.6775
3018.0000 2967.4819 0.2339 34.6774
3020.0000 2969.4348 0.2341 34.6773
3022.0000 2971.3877 0.2342 34.6775
3024.0000 2973.3401 0.2334 34.6775
3026.0000 2975.2932 0.2331 34.6775
3028.0000 2977.2461 0.2331 34.6775
3030.0000 2979.1987 0.2335 34.6776
3032.0000 2981.1514 0.2339 34.6777
3034.0000 2983.1042 0.2343 34.6777
3036.0000 2985.0569 0.2344 34.6776
3038.0000 2987.0093 0.2341 34.6775
3040.0000 2988.9622 0.2333 34.6774
3042.0000 2990.9150 0.2322 34.6772
3044.0000 2992.8672 0.2308 34.6770
3046.0000 2994.8201 0.2293 34.6770
3048.0000 2996.7727 0.2287 34.6770
3050.0000 2998.7253 0.2286 34.6771
3052.0000 3000.6780 0.2280 34.6768
3054.0000 3002.6301 0.2278 34.6768
3056.0000 3004.5830 0.2269 34.6768
3058.0000 3006.5352 0.2271 34.6769
3060.0000 3008.4878 0.2257 34.6767
3062.0000 3010.4404 0.2248 34.6767
3064.0000 3012.3928 0.2235 34.6766
3066.0000 3014.3452 0.2225 34.6763
3068.0000 3016.2976 0.2221 34.6763
3070.0000 3018.2500 0.2209 34.6763
3072.0000 3020.2024 0.2185 34.6758
3074.0000 3022.1545 0.2160 34.6757
3076.0000 3024.1072 0.2155 34.6757
3078.0000 3026.0598 0.2139 34.6757
3080.0000 3028.0115 0.2125 34.6755
3082.0000 3029.9641 0.2124 34.6756
3084.0000 3031.9163 0.2125 34.6756
3086.0000 3033.8684 0.2127 34.6757
3088.0000 3035.8208 0.2128 34.6756
3090.0000 3037.7729 0.2116 34.6758
3092.0000 3039.7253 0.2116 34.6756
3094.0000 3041.6775 0.2109 34.6755
3096.0000 3043.6296 0.2106 34.6756
3098.0000 3045.5818 0.2105 34.6755
3100.0000 3047.5337 0.2097 34.6754
3102.0000 3049.4858 0.2084 34.6755
3104.0000 3051.4382 0.2084 34.6753
3106.0000 3053.3899 0.2071 34.6754
3108.0000 3055.3420 0.2067 34.6753
3110.0000 3057.2944 0.2065 34.6753
3112.0000 3059.2463 0.2064 34.6754
3114.0000 3061.1982 0.2064 34.6752
3116.0000 3063.1504 0.2062 34.6754
3118.0000 3065.1023 0.2059 34.6754
3120.0000 3067.0542 0.2057 34.6752
3122.0000 3069.0063 0.2052 34.6753
3124.0000 3070.9583 0.2045 34.6752
3126.0000 3072.9102 0.2041 34.6751
3128.0000 3074.8621 0.2038 34.6752
3130.0000 3076.8137 0.2026 34.6752
3132.0000 3078.7659 0.2026 34.6748
3134.0000 3080.7175 0.1992 34.6748
3136.0000 3082.6692 0.1994 34.6746
3138.0000 3084.6211 0.1977 34.6748
3140.0000 3086.5732 0.1966 34.6746
3142.0000 3088.5247 0.1964 34.6745
3144.0000 3090.4766 0.1959 34.6746
3146.0000 3092.4282 0.1959 34.6747
3148.0000 3094.3796 0.1960 34.6746
3150.0000 3096.3315 0.1960 34.6748
3152.0000 3098.2834 0.1962 34.6745
3154.0000 3100.2349 0.1955 34.6749
3156.0000 3102.1865 0.1955 34.6746
3158.0000 3104.1382 0.1957 34.6749
3160.0000 3106.0901 0.1959 34.6748
3162.0000 3108.0413 0.1931 34.6745
3164.0000 3109.9929 0.1919 34.6745
3166.0000 3111.9448 0.1912 34.6744
3168.0000 3113.8960 0.1901 34.6744
3170.0000 3115.8477 0.1899 34.6741
3172.0000 3117.7993 0.1884 34.6742
3174.0000 3119.7505 0.1883 34.6742
3176.0000 3121.7019 0.1876 34.6740
3178.0000 3123.6536 0.1863 34.6742
3180.0000 3125.6052 0.1860 34.6741
3182.0000 3127.5562 0.1859 34.6741
3184.0000 3129.5076 0.1858 34.6741
3186.0000 3131.4592 0.1860 34.6741
3188.0000 3133.4104 0.1858 34.6740
3190.0000 3135.3616 0.1860 34.6740
3192.0000 3137.3130 0.1852 34.6739
3194.0000 3139.2646 0.1853 34.6739
3196.0000 3141.2156 0.1844 34.6740
3198.0000 3143.1670 0.1832 34.6741
3200.0000 3145.1184 0.1837 34.6738
3202.0000 3147.0698 0.1831 34.6739
3204.0000 3149.0208 0.1821 34.6740
3206.0000 3150.9719 0.1802 34.6739
3208.0000 3152.9233 0.1799 34.6735
3210.0000 3154.8740 0.1793 34.6737
3212.0000 3156.8254 0.1778 34.6734
3214.0000 3158.7766 0.1762 34.6733
3216.0000 3160.7280 0.1759 34.6731
3218.0000 3162.6785 0.1748 34.6732
3220.0000 3164.6299 0.1747 34.6731
3222.0000 3166.5811 0.1742 34.6732
3224.0000 3168.5320 0.1737 34.6732
3226.0000 3170.4829 0.1746 34.6733
3228.0000 3172.4341 0.1756 34.6736
3230.0000 3174.3853 0.1754 34.6734
3232.0000 3176.3362 0.1751 34.6736
3234.0000 3178.2869 0.1749 34.6735
3236.0000 3180.2380 0.1737 34.6735
3238.0000 3182.1887 0.1728 34.6734
3240.0000 3184.1396 0.1718 34.6733
3242.0000 3186.0911 0.1714 34.6735
3244.0000 3188.0413 0.1714 34.6732
3246.0000 3189.9924 0.1715 34.6734
3248.0000 3191.9434 0.1715 34.6735
3250.0000 3193.8943 0.1715 34.6736
3252.0000 3195.8445 0.1718 34.6735
3254.0000 3197.7957 0.1720 34.6735
3256.0000 3199.7463 0.1720 34.6734
3258.0000 3201.6970 0.1722 34.6735
3260.0000 3203.6477 0.1724 34.6735
3262.0000 3205.5986 0.1725 34.6737
3264.0000 3207.5493 0.1720 34.6736
3266.0000 3209.5000 0.1721 34.6733
3268.0000 3211.4507 0.1713 34.6734
3270.0000 3213.4011 0.1709 34.6732
3272.0000 3215.3518 0.1704 34.6735
3274.0000 3217.3025 0.1699 34.6733
3276.0000 3219.2532 0.1693 34.6732
3278.0000 3221.2041 0.1686 34.6730
3280.0000 3223.1541 0.1680 34.6731
3282.0000 3225.1047 0.1683 34.6730
3284.0000 3227.0554 0.1671 34.6731
3286.0000 3229.0056 0.1666 34.6730
3288.0000 3230.9563 0.1663 34.6729
3290.0000 3232.9067 0.1665 34.6732
3292.0000 3234.8574 0.1662 34.6731
3294.0000 3236.8076 0.1655 34.6731
3296.0000 3238.7581 0.1654 34.6731
3298.0000 3240.7087 0.1646 34.6730
3300.0000 3242.6589 0.1636 34.6730
3302.0000 3244.6091 0.1638 34.6728
3304.0000 3246.5596 0.1631 34.6729
3306.0000 3248.5098 0.1618 34.6728
3308.0000 3250.4602 0.1617 34.6725
3310.0000 3252.4109 0.1605 34.6728
3312.0000 3254.3608 0.1601 34.6726
3314.0000 3256.3108 0.1598 34.6728
3316.0000 3258.2612 0.1593 34.6727
3318.0000 3260.2117 0.1594 34.6724
3320.0000 3262.1616 0.1587 34.6726
3322.0000 3264.1121 0.1583 34.6726
3324.0000 3266.0620 0.1579 34.6726
3326.0000 3268.0122 0.1570 34.6725
3328.0000 3269.9624 0.1567 34.6725
3330.0000 3271.9126 0.1569 34.6723
3332.0000 3273.8628 0.1566 34.6726
3334.0000 3275.8127 0.1562 34.6726
3336.0000 3277.7629 0.1559 34.6725
3338.0000 3279.7129 0.1551 34.6725
3340.0000 3281.6631 0.1538 34.6723
3342.0000 3283.6128 0.1513 34.6721
3344.0000 3285.5630 0.1504 34.6721
3346.0000 3287.5132 0.1495 34.6720
3348.0000 3289.4629 0.1489 34.6720
3350.0000 3291.4131 0.1488 34.6719
3352.0000 3293.3625 0.1487 34.6721
3354.0000 3295.3127 0.1480 34.6718
3356.0000 3297.2625 0.1470 34.6718
3358.0000 3299.2126 0.1468 34.6717
3360.0000 3301.1626 0.1450 34.6718
3362.0000 3303.1123 0.1439 34.6716
3364.0000 3305.0620 0.1430 34.6716
3366.0000 3307.0117 0.1430 34.6715
3368.0000 3308.9612 0.1409 34.6716
3370.0000 3310.9114 0.1407 34.6716
3372.0000 3312.8611 0.1401 34.6716
3374.0000 3314.8110 0.1394 34.6714
3376.0000 3316.7605 0.1375 34.6713
3378.0000 3318.7102 0.1370 34.6712
3380.0000 3320.6602 0.1348 34.6713
3382.0000 3322.6096 0.1343 34.6713
3384.0000 3324.5591 0.1348 34.6711
3386.0000 3326.5088 0.1334 34.6712
3388.0000 3328.4585 0.1333 34.6712
3390.0000 3330.4080 0.1328 34.6713
3392.0000 3332.3577 0.1320 34.6712
3394.0000 3334.3074 0.1316 34.6712
3396.0000 3336.2568 0.1311 34.6712
3398.0000 3338.2063 0.1311 34.6709
3400.0000 3340.1560 0.1299 34.6709
3402.0000 3342.1057 0.1278 34.6709
3404.0000 3344.0544 0.1278 34.6709
3406.0000 3346.0042 0.1274 34.6708
3408.0000 3347.9536 0.1275 34.6708
3410.0000 3349.9031 0.1273 34.6708
3412.0000 3351.8525 0.1229 34.6708
3414.0000 3353.8018 0.1159 34.6707
3416.0000 3355.7517 0.1154 34.6707
3418.0000 3357.7007 0.1168 34.6706
3420.0000 3359.6501 0.1106 34.6704
3422.0000 3361.5994 0.1105 34.6703
3424.0000 3363.5488 0.0965 34.6699
3426.0000 3365.4983 0.0848 34.6691
