CTD cast

DATE:  25-Jan-2015 06:45:38
latitude:  0.0022
longitude:  -23.0003
 P (db)   z (m)    T (^oC)  S (psu)
1.0000 0.9945 26.6109 36.1640
2.0000 1.9890 26.6111 36.1640
3.0000 2.9835 26.6113 36.1639
4.0000 3.9780 26.6115 36.1639
5.0000 4.9725 26.6118 36.1639
6.0000 5.9670 26.6120 36.1639
7.0000 6.9614 26.6122 36.1639
8.0000 7.9559 26.6124 36.1639
9.0000 8.9504 26.6127 36.1639
10.0000 9.9448 26.6129 36.1639
11.0000 10.9393 26.6120 36.1639
12.0000 11.9337 26.6096 36.1639
13.0000 12.9282 26.6085 36.1640
14.0000 13.9226 26.6038 36.1638
15.0000 14.9171 26.5921 36.1634
16.0000 15.9115 26.5857 36.1633
17.0000 16.9059 26.5883 36.1635
18.0000 17.9003 26.5822 36.1633
19.0000 18.8948 26.5748 36.1634
20.0000 19.8892 26.5713 36.1632
21.0000 20.8836 26.5659 36.1633
22.0000 21.8780 26.5581 36.1632
23.0000 22.8724 26.5375 36.1629
24.0000 23.8668 26.5320 36.1631
25.0000 24.8612 26.5261 36.1632
26.0000 25.8555 26.5217 36.1630
27.0000 26.8499 26.5202 36.1631
28.0000 27.8443 26.5116 36.1627
29.0000 28.8387 26.5047 36.1629
30.0000 29.8330 26.4914 36.1628
31.0000 30.8274 26.4873 36.1628
32.0000 31.8217 26.4867 36.1629
33.0000 32.8161 26.4831 36.1628
34.0000 33.8104 26.4821 36.1629
35.0000 34.8048 26.4797 36.1629
36.0000 35.7991 26.4589 36.1631
37.0000 36.7934 26.4238 36.1634
38.0000 37.7878 26.4079 36.1637
39.0000 38.7821 26.3916 36.1634
40.0000 39.7764 26.3528 36.1618
41.0000 40.7707 26.3361 36.1613
42.0000 41.7650 26.3318 36.1609
43.0000 42.7593 26.3123 36.1600
44.0000 43.7536 26.2841 36.1581
45.0000 44.7479 26.2641 36.1558
46.0000 45.7422 26.2512 36.1548
47.0000 46.7365 26.2467 36.1542
48.0000 47.7308 26.2268 36.1511
49.0000 48.7250 26.1986 36.1463
50.0000 49.7193 26.1822 36.1435
51.0000 50.7136 26.1586 36.1389
52.0000 51.7078 26.1275 36.1330
53.0000 52.7021 26.0690 36.1229
54.0000 53.6963 25.9896 36.1113
55.0000 54.6906 25.8727 36.0940
56.0000 55.6848 24.9105 36.0063
57.0000 56.6790 24.3706 35.9998
58.0000 57.6733 24.2354 36.0040
59.0000 58.6675 24.1471 36.0118
60.0000 59.6617 24.0715 36.0207
61.0000 60.6559 24.0223 36.0288
62.0000 61.6501 23.9655 36.0351
63.0000 62.6443 23.9263 36.0380
64.0000 63.6385 23.8802 36.0416
65.0000 64.6327 23.8308 36.0473
66.0000 65.6269 23.7494 36.0581
67.0000 66.6211 23.6221 36.0670
68.0000 67.6153 23.4316 36.0759
69.0000 68.6095 23.2632 36.0950
70.0000 69.6036 23.1380 36.1052
71.0000 70.5978 23.0696 36.1160
72.0000 71.5920 22.9438 36.1350
73.0000 72.5861 22.8673 36.1492
74.0000 73.5803 22.7968 36.1625
75.0000 74.5744 22.6534 36.1773
76.0000 75.5686 22.5796 36.1831
77.0000 76.5627 22.3535 36.1638
78.0000 77.5568 22.0175 36.1994
79.0000 78.5510 21.9058 36.2212
80.0000 79.5451 21.8496 36.2280
81.0000 80.5392 21.8208 36.2878
82.0000 81.5333 21.7999 36.3249
83.0000 82.5274 21.6983 36.3305
84.0000 83.5215 21.3906 36.3335
85.0000 84.5156 20.8865 36.3082
86.0000 85.5097 20.4256 36.2593
87.0000 86.5038 19.2285 36.1355
88.0000 87.4979 18.6872 36.0807
89.0000 88.4920 18.6887 36.0826
90.0000 89.4861 18.6757 36.0812
91.0000 90.4801 18.5331 36.0655
92.0000 91.4742 18.3977 36.0464
93.0000 92.4683 18.3498 36.0385
94.0000 93.4623 18.1718 36.0135
95.0000 94.4564 17.7402 35.9523
96.0000 95.4504 17.5010 35.9228
97.0000 96.4445 17.3828 35.9068
98.0000 97.4385 17.2556 35.8876
99.0000 98.4325 17.0858 35.8697
100.0000 99.4265 17.0465 35.8636
101.0000 100.4206 17.0238 35.8610
102.0000 101.4146 16.9197 35.8445
103.0000 102.4086 16.8602 35.8365
104.0000 103.4026 16.8385 35.8331
105.0000 104.3966 16.7871 35.8256
106.0000 105.3906 16.7086 35.8182
107.0000 106.3846 16.6600 35.8113
108.0000 107.3786 16.6184 35.8056
109.0000 108.3726 16.5592 35.7953
110.0000 109.3666 16.4070 35.7727
111.0000 110.3605 16.2762 35.7507
112.0000 111.3545 16.0978 35.7247
113.0000 112.3485 16.0472 35.7187
114.0000 113.3424 16.0202 35.7154
115.0000 114.3364 15.9441 35.7056
116.0000 115.3303 15.9210 35.7024
117.0000 116.3243 15.8678 35.6949
118.0000 117.3182 15.8199 35.6876
119.0000 118.3121 15.6541 35.6629
120.0000 119.3061 15.5423 35.6514
121.0000 120.3000 15.4882 35.6435
122.0000 121.2939 15.3551 35.6255
123.0000 122.2878 15.2622 35.6137
124.0000 123.2818 15.2256 35.6077
125.0000 124.2757 15.1769 35.5976
126.0000 125.2696 15.0959 35.5883
127.0000 126.2635 15.0642 35.5842
128.0000 127.2573 15.0455 35.5814
129.0000 128.2512 14.9817 35.5722
130.0000 129.2451 14.9264 35.5642
131.0000 130.2390 14.8527 35.5545
132.0000 131.2329 14.8137 35.5492
133.0000 132.2267 14.7906 35.5458
134.0000 133.2206 14.7645 35.5423
135.0000 134.2145 14.7357 35.5381
136.0000 135.2083 14.7127 35.5345
137.0000 136.2022 14.6631 35.5258
138.0000 137.1960 14.6089 35.5179
139.0000 138.1898 14.5496 35.5097
140.0000 139.1837 14.4768 35.4997
141.0000 140.1775 14.3892 35.4870
142.0000 141.1713 14.3265 35.4777
143.0000 142.1651 14.3013 35.4743
144.0000 143.1590 14.2782 35.4703
145.0000 144.1528 14.2423 35.4643
146.0000 145.1466 14.1945 35.4572
147.0000 146.1404 14.1443 35.4481
148.0000 147.1342 14.0470 35.4342
149.0000 148.1280 13.9903 35.4269
150.0000 149.1218 13.9539 35.4211
151.0000 150.1156 13.9295 35.4177
152.0000 151.1093 13.9009 35.4134
153.0000 152.1031 13.8552 35.4067
154.0000 153.0969 13.8270 35.4026
155.0000 154.0906 13.8066 35.3997
156.0000 155.0844 13.7877 35.3971
157.0000 156.0781 13.7765 35.3959
158.0000 157.0719 13.7724 35.3955
159.0000 158.0656 13.7696 35.3952
160.0000 159.0594 13.7682 35.3954
161.0000 160.0531 13.7661 35.3952
162.0000 161.0468 13.7629 35.3945
163.0000 162.0406 13.7564 35.3934
164.0000 163.0343 13.7484 35.3921
165.0000 164.0280 13.7347 35.3902
166.0000 165.0217 13.7300 35.3897
167.0000 166.0154 13.7291 35.3896
168.0000 167.0091 13.7308 35.3900
169.0000 168.0028 13.7330 35.3903
170.0000 168.9965 13.7345 35.3905
171.0000 169.9902 13.7344 35.3905
172.0000 170.9839 13.7328 35.3900
173.0000 171.9775 13.7125 35.3868
174.0000 172.9712 13.6985 35.3844
175.0000 173.9649 13.6845 35.3822
176.0000 174.9585 13.6796 35.3810
177.0000 175.9522 13.6725 35.3802
178.0000 176.9458 13.6639 35.3784
179.0000 177.9395 13.6545 35.3769
180.0000 178.9331 13.6438 35.3752
181.0000 179.9268 13.6341 35.3737
182.0000 180.9204 13.6214 35.3716
183.0000 181.9140 13.6061 35.3692
184.0000 182.9077 13.5857 35.3661
185.0000 183.9013 13.5747 35.3644
186.0000 184.8949 13.5601 35.3623
187.0000 185.8885 13.5364 35.3591
188.0000 186.8821 13.5329 35.3587
189.0000 187.8757 13.5304 35.3583
190.0000 188.8693 13.5270 35.3577
191.0000 189.8629 13.5234 35.3573
192.0000 190.8565 13.5209 35.3570
193.0000 191.8501 13.5181 35.3566
194.0000 192.8436 13.5132 35.3559
195.0000 193.8372 13.5090 35.3552
196.0000 194.8308 13.5031 35.3543
197.0000 195.8243 13.4916 35.3527
198.0000 196.8179 13.4794 35.3509
199.0000 197.8114 13.4681 35.3493
200.0000 198.8050 13.4433 35.3460
201.0000 199.7985 13.4150 35.3425
202.0000 200.7921 13.3920 35.3394
203.0000 201.7856 13.3686 35.3360
204.0000 202.7791 13.3437 35.3324
205.0000 203.7726 13.3155 35.3287
206.0000 204.7661 13.2899 35.3255
207.0000 205.7597 13.2651 35.3222
208.0000 206.7532 13.2502 35.3201
209.0000 207.7467 13.2430 35.3190
210.0000 208.7402 13.2344 35.3177
211.0000 209.7337 13.2262 35.3168
212.0000 210.7271 13.2253 35.3166
213.0000 211.7207 13.2218 35.3159
214.0000 212.7141 13.2200 35.3159
215.0000 213.7076 13.2180 35.3154
216.0000 214.7011 13.2154 35.3151
217.0000 215.6945 13.2146 35.3151
218.0000 216.6880 13.2130 35.3148
219.0000 217.6814 13.2063 35.3141
220.0000 218.6749 13.1998 35.3133
221.0000 219.6684 13.1920 35.3125
222.0000 220.6618 13.1865 35.3117
223.0000 221.6552 13.1784 35.3107
224.0000 222.6487 13.1672 35.3091
225.0000 223.6421 13.1531 35.3071
226.0000 224.6355 13.1418 35.3057
227.0000 225.6289 13.1359 35.3049
228.0000 226.6223 13.1310 35.3040
229.0000 227.6158 13.1266 35.3033
230.0000 228.6091 13.1212 35.3022
231.0000 229.6025 13.1099 35.3004
232.0000 230.5959 13.0994 35.2986
233.0000 231.5893 13.0835 35.2960
234.0000 232.5827 13.0703 35.2939
235.0000 233.5761 13.0636 35.2928
236.0000 234.5695 13.0596 35.2921
237.0000 235.5628 13.0545 35.2911
238.0000 236.5562 13.0485 35.2903
239.0000 237.5496 13.0412 35.2896
240.0000 238.5429 13.0307 35.2881
241.0000 239.5363 13.0094 35.2853
242.0000 240.5296 12.9917 35.2829
243.0000 241.5229 12.9827 35.2816
244.0000 242.5163 12.9778 35.2805
245.0000 243.5096 12.9630 35.2779
246.0000 244.5029 12.9428 35.2753
247.0000 245.4962 12.9220 35.2733
248.0000 246.4896 12.9115 35.2718
249.0000 247.4829 12.9053 35.2709
250.0000 248.4762 12.9010 35.2702
251.0000 249.4695 12.8923 35.2688
252.0000 250.4628 12.8777 35.2664
253.0000 251.4561 12.8647 35.2647
254.0000 252.4494 12.8565 35.2634
255.0000 253.4426 12.8486 35.2620
256.0000 254.4359 12.8313 35.2592
257.0000 255.4292 12.8214 35.2580
258.0000 256.4225 12.8168 35.2571
259.0000 257.4157 12.8126 35.2563
260.0000 258.4090 12.8081 35.2552
261.0000 259.4023 12.8048 35.2545
262.0000 260.3955 12.8013 35.2537
263.0000 261.3887 12.7957 35.2523
264.0000 262.3820 12.7869 35.2503
265.0000 263.3752 12.7292 35.2419
266.0000 264.3685 12.6161 35.2299
267.0000 265.3617 12.5270 35.2191
268.0000 266.3549 12.4597 35.2087
269.0000 267.3481 12.3881 35.1998
270.0000 268.3413 12.3190 35.1905
271.0000 269.3345 12.2371 35.1809
272.0000 270.3278 12.1865 35.1746
273.0000 271.3209 12.0980 35.1632
274.0000 272.3141 12.0236 35.1555
275.0000 273.3073 11.9851 35.1503
276.0000 274.3005 11.9432 35.1453
277.0000 275.2937 11.9189 35.1418
278.0000 276.2868 11.8866 35.1363
279.0000 277.2800 11.7652 35.1206
280.0000 278.2732 11.7119 35.1181
281.0000 279.2663 11.6919 35.1154
282.0000 280.2595 11.6840 35.1145
283.0000 281.2527 11.6707 35.1131
284.0000 282.2458 11.6499 35.1104
285.0000 283.2389 11.6483 35.1102
286.0000 284.2321 11.6337 35.1067
287.0000 285.2252 11.6068 35.1039
288.0000 286.2183 11.5815 35.1014
289.0000 287.2114 11.5343 35.0970
290.0000 288.2045 11.4979 35.0937
291.0000 289.1977 11.4737 35.0909
292.0000 290.1908 11.4526 35.0880
293.0000 291.1839 11.4365 35.0864
294.0000 292.1769 11.4286 35.0856
295.0000 293.1700 11.4260 35.0854
296.0000 294.1631 11.4178 35.0846
297.0000 295.1562 11.4118 35.0841
298.0000 296.1493 11.4094 35.0839
299.0000 297.1424 11.4066 35.0837
300.0000 298.1354 11.4045 35.0835
301.0000 299.1285 11.4034 35.0837
302.0000 300.1216 11.4037 35.0841
303.0000 301.1146 11.4043 35.0843
304.0000 302.1077 11.4052 35.0847
305.0000 303.1007 11.4052 35.0845
306.0000 304.0938 11.4070 35.0850
307.0000 305.0868 11.4080 35.0854
308.0000 306.0798 11.4092 35.0864
309.0000 307.0728 11.4051 35.0864
310.0000 308.0658 11.4010 35.0862
311.0000 309.0589 11.3877 35.0844
312.0000 310.0519 11.3524 35.0798
313.0000 311.0449 11.2771 35.0705
314.0000 312.0378 11.2082 35.0657
315.0000 313.0309 11.1529 35.0574
316.0000 314.0238 11.0620 35.0458
317.0000 315.0169 11.0321 35.0411
318.0000 316.0099 10.9846 35.0336
319.0000 317.0028 10.9607 35.0298
320.0000 317.9958 10.9447 35.0268
321.0000 318.9887 10.8161 35.0111
322.0000 319.9817 10.7572 35.0052
323.0000 320.9747 10.7456 35.0032
324.0000 321.9676 10.7346 35.0015
325.0000 322.9606 10.7265 35.0007
326.0000 323.9535 10.7176 35.0001
327.0000 324.9464 10.7118 34.9996
328.0000 325.9394 10.7075 34.9995
329.0000 326.9323 10.7036 34.9994
330.0000 327.9252 10.7004 34.9993
331.0000 328.9182 10.6949 34.9987
332.0000 329.9111 10.6919 34.9985
333.0000 330.9040 10.6897 34.9985
334.0000 331.8969 10.6880 34.9983
335.0000 332.8898 10.6852 34.9980
336.0000 333.8827 10.6835 34.9978
337.0000 334.8756 10.6825 34.9977
338.0000 335.8685 10.6816 34.9977
339.0000 336.8614 10.6807 34.9977
340.0000 337.8542 10.6794 34.9974
341.0000 338.8471 10.6761 34.9970
342.0000 339.8399 10.6710 34.9964
343.0000 340.8328 10.6634 34.9953
344.0000 341.8257 10.6553 34.9941
345.0000 342.8185 10.6427 34.9921
346.0000 343.8114 10.6188 34.9892
347.0000 344.8042 10.5839 34.9857
348.0000 345.7971 10.5621 34.9826
349.0000 346.7899 10.5208 34.9780
350.0000 347.7827 10.4891 34.9742
351.0000 348.7755 10.4770 34.9731
352.0000 349.7683 10.4759 34.9728
353.0000 350.7612 10.4735 34.9726
354.0000 351.7540 10.4702 34.9720
355.0000 352.7468 10.4628 34.9710
356.0000 353.7396 10.4547 34.9696
357.0000 354.7324 10.4379 34.9663
358.0000 355.7252 10.3671 34.9565
359.0000 356.7180 10.1984 34.9402
360.0000 357.7108 10.0568 34.9238
361.0000 358.7035 9.9931 34.9166
362.0000 359.6963 9.9682 34.9130
363.0000 360.6891 9.9521 34.9110
364.0000 361.6818 9.9142 34.9061
365.0000 362.6746 9.8508 34.8998
366.0000 363.6673 9.7938 34.8940
367.0000 364.6601 9.7419 34.8875
368.0000 365.6528 9.6534 34.8781
369.0000 366.6455 9.4913 34.8631
370.0000 367.6383 9.4500 34.8587
371.0000 368.6310 9.4348 34.8565
372.0000 369.6237 9.4278 34.8559
373.0000 370.6165 9.4250 34.8556
374.0000 371.6092 9.4143 34.8544
375.0000 372.6019 9.4073 34.8537
376.0000 373.5946 9.4022 34.8535
377.0000 374.5873 9.4003 34.8537
378.0000 375.5800 9.4005 34.8541
379.0000 376.5727 9.3380 34.8455
380.0000 377.5654 9.1848 34.8313
381.0000 378.5580 9.0848 34.8198
382.0000 379.5507 8.9651 34.8097
383.0000 380.5434 8.8844 34.8024
384.0000 381.5360 8.8563 34.7988
385.0000 382.5287 8.8459 34.7977
386.0000 383.5214 8.8389 34.7970
387.0000 384.5140 8.8317 34.7962
388.0000 385.5067 8.8241 34.7956
389.0000 386.4993 8.8227 34.7958
390.0000 387.4919 8.8163 34.7951
391.0000 388.4846 8.8144 34.7953
392.0000 389.4772 8.8129 34.7952
393.0000 390.4698 8.8004 34.7931
394.0000 391.4624 8.7529 34.7878
395.0000 392.4551 8.6274 34.7746
396.0000 393.4477 8.5503 34.7675
397.0000 394.4402 8.5321 34.7650
398.0000 395.4329 8.5204 34.7634
399.0000 396.4254 8.4779 34.7585
400.0000 397.4181 8.4074 34.7511
401.0000 398.4106 8.3809 34.7484
402.0000 399.4033 8.3625 34.7463
403.0000 400.3958 8.3371 34.7439
404.0000 401.3884 8.3335 34.7436
405.0000 402.3809 8.3337 34.7438
406.0000 403.3735 8.3320 34.7439
407.0000 404.3661 8.3308 34.7439
408.0000 405.3586 8.3294 34.7438
409.0000 406.3512 8.3274 34.7439
410.0000 407.3437 8.3262 34.7441
411.0000 408.3362 8.3258 34.7440
412.0000 409.3288 8.3254 34.7442
413.0000 410.3213 8.3240 34.7441
414.0000 411.3138 8.3225 34.7440
415.0000 412.3063 8.3185 34.7435
416.0000 413.2988 8.3160 34.7434
417.0000 414.2914 8.3087 34.7426
418.0000 415.2838 8.2923 34.7410
419.0000 416.2763 8.2691 34.7388
420.0000 417.2689 8.2377 34.7354
421.0000 418.2613 8.2019 34.7316
422.0000 419.2538 8.1872 34.7300
423.0000 420.2463 8.1807 34.7293
424.0000 421.2388 8.1795 34.7293
425.0000 422.2312 8.1786 34.7291
426.0000 423.2237 8.1682 34.7279
427.0000 424.2162 8.1587 34.7269
428.0000 425.2086 8.1453 34.7255
429.0000 426.2011 8.1361 34.7244
430.0000 427.1936 8.1270 34.7231
431.0000 428.1859 8.1144 34.7214
432.0000 429.1784 8.1007 34.7195
433.0000 430.1708 8.0908 34.7177
434.0000 431.1632 8.0352 34.7107
435.0000 432.1557 7.8830 34.6957
436.0000 433.1481 7.7050 34.6781
437.0000 434.1405 7.6435 34.6721
438.0000 435.1329 7.6068 34.6678
439.0000 436.1253 7.5769 34.6650
440.0000 437.1178 7.5621 34.6636
441.0000 438.1101 7.5554 34.6633
442.0000 439.1025 7.5481 34.6631
443.0000 440.0949 7.5375 34.6624
444.0000 441.0873 7.5270 34.6616
445.0000 442.0797 7.5167 34.6607
446.0000 443.0720 7.5016 34.6591
447.0000 444.0644 7.4883 34.6583
448.0000 445.0568 7.4828 34.6581
449.0000 446.0491 7.4786 34.6586
450.0000 447.0415 7.4782 34.6588
451.0000 448.0338 7.4768 34.6588
452.0000 449.0261 7.4729 34.6585
453.0000 450.0185 7.4668 34.6577
454.0000 451.0108 7.4601 34.6570
455.0000 452.0032 7.4524 34.6562
456.0000 452.9955 7.4392 34.6554
457.0000 453.9878 7.4322 34.6542
458.0000 454.9802 7.4117 34.6511
459.0000 455.9724 7.3953 34.6494
460.0000 456.9648 7.3866 34.6483
461.0000 457.9570 7.3811 34.6473
462.0000 458.9493 7.3679 34.6454
463.0000 459.9416 7.3436 34.6424
464.0000 460.9339 7.3229 34.6398
465.0000 461.9262 7.3060 34.6378
466.0000 462.9185 7.2981 34.6368
467.0000 463.9107 7.2829 34.6353
468.0000 464.9030 7.2751 34.6346
469.0000 465.8952 7.2689 34.6340
470.0000 466.8875 7.2606 34.6329
471.0000 467.8798 7.2529 34.6326
472.0000 468.8720 7.2443 34.6316
473.0000 469.8642 7.2338 34.6307
474.0000 470.8564 7.2188 34.6298
475.0000 471.8487 7.2129 34.6292
476.0000 472.8409 7.2122 34.6293
477.0000 473.8332 7.2089 34.6294
478.0000 474.8254 7.2068 34.6294
479.0000 475.8176 7.2048 34.6292
480.0000 476.8098 7.2030 34.6289
481.0000 477.8020 7.1990 34.6284
482.0000 478.7942 7.1935 34.6278
483.0000 479.7864 7.1849 34.6267
484.0000 480.7786 7.1766 34.6267
485.0000 481.7708 7.1703 34.6263
486.0000 482.7630 7.1655 34.6256
487.0000 483.7551 7.1579 34.6249
488.0000 484.7473 7.1493 34.6236
489.0000 485.7395 7.1417 34.6228
490.0000 486.7316 7.1343 34.6218
491.0000 487.7238 7.1296 34.6214
492.0000 488.7160 7.1247 34.6209
493.0000 489.7081 7.1112 34.6190
494.0000 490.7002 7.1050 34.6189
495.0000 491.6924 7.1056 34.6192
496.0000 492.6845 7.0948 34.6183
497.0000 493.6766 7.0910 34.6182
498.0000 494.6687 7.0905 34.6185
499.0000 495.6609 7.0896 34.6187
500.0000 496.6530 7.0884 34.6190
501.0000 497.6451 7.0830 34.6189
502.0000 498.6372 7.0663 34.6173
503.0000 499.6293 7.0497 34.6159
504.0000 500.6214 7.0369 34.6137
505.0000 501.6135 7.0002 34.6105
506.0000 502.6056 6.9909 34.6095
507.0000 503.5976 6.9879 34.6090
508.0000 504.5897 6.9771 34.6077
509.0000 505.5818 6.9464 34.6047
510.0000 506.5739 6.9154 34.6023
511.0000 507.5659 6.8999 34.6013
512.0000 508.5580 6.8981 34.6013
513.0000 509.5501 6.8956 34.6011
514.0000 510.5421 6.8893 34.6008
515.0000 511.5341 6.8843 34.6005
516.0000 512.5262 6.8822 34.6005
517.0000 513.5182 6.8792 34.6002
518.0000 514.5103 6.8762 34.6000
519.0000 515.5023 6.8745 34.5999
520.0000 516.4943 6.8728 34.5997
521.0000 517.4862 6.8701 34.5996
522.0000 518.4783 6.8688 34.5994
523.0000 519.4703 6.8682 34.5993
524.0000 520.4623 6.8682 34.5993
525.0000 521.4543 6.8666 34.5991
526.0000 522.4463 6.8661 34.5991
527.0000 523.4383 6.8651 34.5989
528.0000 524.4302 6.8621 34.5987
529.0000 525.4222 6.8602 34.5985
530.0000 526.4142 6.8585 34.5982
531.0000 527.4061 6.8552 34.5977
532.0000 528.3981 6.8485 34.5970
533.0000 529.3901 6.8453 34.5967
534.0000 530.3820 6.8436 34.5966
535.0000 531.3740 6.8423 34.5963
536.0000 532.3659 6.8400 34.5962
537.0000 533.3578 6.8366 34.5958
538.0000 534.3498 6.8268 34.5948
539.0000 535.3417 6.7941 34.5918
540.0000 536.3336 6.7673 34.5898
541.0000 537.3256 6.7568 34.5889
542.0000 538.3174 6.7510 34.5883
543.0000 539.3093 6.7429 34.5876
544.0000 540.3013 6.7302 34.5865
545.0000 541.2932 6.7259 34.5861
546.0000 542.2851 6.7235 34.5861
547.0000 543.2770 6.7136 34.5853
548.0000 544.2689 6.6975 34.5841
549.0000 545.2607 6.6890 34.5838
550.0000 546.2526 6.6865 34.5839
551.0000 547.2445 6.6852 34.5841
552.0000 548.2363 6.6850 34.5843
553.0000 549.2282 6.6846 34.5843
554.0000 550.2202 6.6828 34.5841
555.0000 551.2119 6.6812 34.5840
556.0000 552.2037 6.6800 34.5840
557.0000 553.1956 6.6795 34.5838
558.0000 554.1874 6.6789 34.5838
559.0000 555.1793 6.6749 34.5835
560.0000 556.1711 6.6545 34.5819
561.0000 557.1630 6.6528 34.5818
562.0000 558.1547 6.6522 34.5819
563.0000 559.1465 6.6381 34.5804
564.0000 560.1383 6.6072 34.5781
565.0000 561.1302 6.5911 34.5774
566.0000 562.1219 6.5787 34.5763
567.0000 563.1138 6.5677 34.5755
568.0000 564.1056 6.5582 34.5749
569.0000 565.0973 6.5470 34.5740
570.0000 566.0891 6.5268 34.5726
571.0000 567.0809 6.5137 34.5718
572.0000 568.0726 6.5076 34.5715
573.0000 569.0645 6.5004 34.5709
574.0000 570.0562 6.4893 34.5702
575.0000 571.0480 6.4774 34.5693
576.0000 572.0397 6.4635 34.5685
577.0000 573.0315 6.4480 34.5676
578.0000 574.0232 6.4307 34.5664
579.0000 575.0150 6.4173 34.5656
580.0000 576.0067 6.4104 34.5648
581.0000 576.9984 6.4017 34.5640
582.0000 577.9902 6.3919 34.5632
583.0000 578.9819 6.3863 34.5627
584.0000 579.9735 6.3827 34.5625
585.0000 580.9653 6.3811 34.5622
586.0000 581.9570 6.3792 34.5622
587.0000 582.9487 6.3701 34.5609
588.0000 583.9404 6.3577 34.5603
589.0000 584.9321 6.3507 34.5599
590.0000 585.9238 6.3498 34.5604
591.0000 586.9154 6.3498 34.5606
592.0000 587.9071 6.3494 34.5606
593.0000 588.8988 6.3489 34.5606
594.0000 589.8904 6.3473 34.5604
595.0000 590.8821 6.3454 34.5603
596.0000 591.8738 6.3392 34.5599
597.0000 592.8654 6.3294 34.5594
598.0000 593.8571 6.3247 34.5591
599.0000 594.8488 6.3203 34.5587
600.0000 595.8403 6.3184 34.5587
601.0000 596.8320 6.3169 34.5585
602.0000 597.8237 6.3154 34.5584
603.0000 598.8153 6.3137 34.5584
604.0000 599.8068 6.3123 34.5583
605.0000 600.7985 6.3112 34.5582
606.0000 601.7900 6.3101 34.5582
607.0000 602.7817 6.3091 34.5582
608.0000 603.7733 6.3081 34.5580
609.0000 604.7649 6.3074 34.5580
610.0000 605.7565 6.3066 34.5579
611.0000 606.7480 6.3048 34.5577
612.0000 607.7396 6.3027 34.5575
613.0000 608.7312 6.3011 34.5575
614.0000 609.7228 6.3005 34.5575
615.0000 610.7144 6.2992 34.5573
616.0000 611.7060 6.2969 34.5571
617.0000 612.6976 6.2944 34.5569
618.0000 613.6891 6.2917 34.5565
619.0000 614.6805 6.2890 34.5563
620.0000 615.6721 6.2805 34.5555
621.0000 616.6637 6.2652 34.5544
622.0000 617.6552 6.2472 34.5529
623.0000 618.6468 6.2291 34.5514
624.0000 619.6382 6.2093 34.5497
625.0000 620.6298 6.1764 34.5473
626.0000 621.6213 6.1414 34.5443
627.0000 622.6128 6.1273 34.5433
628.0000 623.6043 6.1187 34.5425
629.0000 624.5958 6.1146 34.5423
630.0000 625.5873 6.1068 34.5417
631.0000 626.5788 6.0977 34.5413
632.0000 627.5703 6.0882 34.5407
633.0000 628.5618 6.0771 34.5399
634.0000 629.5533 6.0620 34.5391
635.0000 630.5447 6.0445 34.5383
636.0000 631.5362 6.0341 34.5376
637.0000 632.5277 6.0280 34.5370
638.0000 633.5191 6.0130 34.5356
639.0000 634.5106 5.9868 34.5337
640.0000 635.5020 5.9542 34.5312
641.0000 636.4935 5.9160 34.5283
642.0000 637.4849 5.8548 34.5238
643.0000 638.4764 5.7995 34.5201
644.0000 639.4678 5.7483 34.5168
645.0000 640.4592 5.7331 34.5156
646.0000 641.4506 5.7183 34.5145
647.0000 642.4421 5.7123 34.5140
648.0000 643.4334 5.7095 34.5140
649.0000 644.4249 5.7079 34.5142
650.0000 645.4163 5.7070 34.5142
651.0000 646.4077 5.7061 34.5144
652.0000 647.3990 5.7054 34.5145
653.0000 648.3904 5.7046 34.5147
654.0000 649.3818 5.7038 34.5148
655.0000 650.3732 5.7030 34.5148
656.0000 651.3646 5.7028 34.5149
657.0000 652.3560 5.7031 34.5150
658.0000 653.3473 5.7034 34.5152
659.0000 654.3386 5.7033 34.5151
660.0000 655.3300 5.7029 34.5151
661.0000 656.3214 5.7020 34.5151
662.0000 657.3127 5.7016 34.5151
663.0000 658.3041 5.7010 34.5151
664.0000 659.2955 5.7003 34.5149
665.0000 660.2867 5.6997 34.5149
666.0000 661.2780 5.6986 34.5146
667.0000 662.2693 5.6978 34.5145
668.0000 663.2607 5.6965 34.5142
669.0000 664.2520 5.6950 34.5140
670.0000 665.2433 5.6908 34.5132
671.0000 666.2346 5.6459 34.5088
672.0000 667.2259 5.5913 34.5057
673.0000 668.2172 5.5684 34.5045
674.0000 669.2084 5.5570 34.5040
675.0000 670.1998 5.5495 34.5041
676.0000 671.1910 5.5473 34.5043
677.0000 672.1823 5.5445 34.5046
678.0000 673.1736 5.5428 34.5052
679.0000 674.1649 5.5421 34.5052
680.0000 675.1561 5.5405 34.5053
681.0000 676.1474 5.5399 34.5053
682.0000 677.1386 5.5389 34.5055
683.0000 678.1299 5.5376 34.5055
684.0000 679.1211 5.5343 34.5053
685.0000 680.1124 5.5295 34.5050
686.0000 681.1035 5.5246 34.5048
687.0000 682.0947 5.5094 34.5039
688.0000 683.0860 5.4914 34.5029
689.0000 684.0773 5.4799 34.5023
690.0000 685.0685 5.4629 34.5013
691.0000 686.0597 5.4412 34.4989
692.0000 687.0509 5.3893 34.4986
693.0000 688.0420 5.3789 34.4989
694.0000 689.0333 5.3769 34.4987
695.0000 690.0245 5.3770 34.4989
696.0000 691.0157 5.3771 34.4991
697.0000 692.0068 5.3772 34.4993
698.0000 692.9980 5.3772 34.4995
699.0000 693.9892 5.3772 34.4994
700.0000 694.9803 5.3762 34.4994
701.0000 695.9714 5.3745 34.4995
702.0000 696.9626 5.3732 34.4995
703.0000 697.9538 5.3716 34.4995
704.0000 698.9449 5.3698 34.4996
705.0000 699.9361 5.3679 34.4996
706.0000 700.9272 5.3658 34.4996
707.0000 701.9183 5.3626 34.4996
708.0000 702.9094 5.3544 34.4992
709.0000 703.9006 5.3442 34.4990
710.0000 704.8917 5.3355 34.4985
711.0000 705.8829 5.3327 34.4982
712.0000 706.8740 5.3231 34.4981
713.0000 707.8651 5.3162 34.4981
714.0000 708.8561 5.3122 34.4983
715.0000 709.8472 5.3107 34.4983
716.0000 710.8383 5.3091 34.4982
717.0000 711.8294 5.3068 34.4983
718.0000 712.8206 5.3034 34.4984
719.0000 713.8115 5.2992 34.4986
720.0000 714.8027 5.2966 34.4984
721.0000 715.7937 5.2931 34.4985
722.0000 716.7847 5.2875 34.4983
723.0000 717.7758 5.2808 34.4980
724.0000 718.7668 5.2766 34.4978
725.0000 719.7579 5.2716 34.4972
726.0000 720.7490 5.2690 34.4971
727.0000 721.7400 5.2670 34.4969
728.0000 722.7310 5.2656 34.4967
729.0000 723.7220 5.2654 34.4967
730.0000 724.7131 5.2646 34.4967
731.0000 725.7041 5.2553 34.4964
732.0000 726.6951 5.2373 34.4956
733.0000 727.6862 5.2247 34.4953
734.0000 728.6772 5.2138 34.4942
735.0000 729.6681 5.1948 34.4933
736.0000 730.6591 5.1815 34.4933
737.0000 731.6501 5.1647 34.4932
738.0000 732.6411 5.1526 34.4936
739.0000 733.6321 5.1442 34.4942
740.0000 734.6231 5.1340 34.4954
741.0000 735.6141 5.1191 34.4964
742.0000 736.6049 5.0946 34.4962
743.0000 737.5959 5.0699 34.4958
744.0000 738.5869 5.0496 34.4963
745.0000 739.5779 5.0396 34.4970
746.0000 740.5688 5.0237 34.4979
747.0000 741.5598 5.0192 34.4983
748.0000 742.5507 5.0137 34.4980
749.0000 743.5416 5.0090 34.4980
750.0000 744.5325 5.0015 34.4979
751.0000 745.5235 4.9968 34.4978
752.0000 746.5144 4.9928 34.4978
753.0000 747.5053 4.9900 34.4979
754.0000 748.4962 4.9835 34.4983
755.0000 749.4871 4.9789 34.4990
756.0000 750.4780 4.9739 34.5000
757.0000 751.4689 4.9692 34.5010
758.0000 752.4598 4.9657 34.5016
759.0000 753.4507 4.9646 34.5022
760.0000 754.4417 4.9649 34.5025
761.0000 755.4326 4.9649 34.5029
762.0000 756.4233 4.9646 34.5036
763.0000 757.4142 4.9642 34.5044
764.0000 758.4050 4.9574 34.5055
765.0000 759.3959 4.9491 34.5068
766.0000 760.3868 4.9432 34.5070
767.0000 761.3777 4.9380 34.5071
768.0000 762.3685 4.9300 34.5077
769.0000 763.3593 4.9231 34.5091
770.0000 764.3502 4.9200 34.5109
771.0000 765.3409 4.9196 34.5115
772.0000 766.3318 4.9184 34.5116
773.0000 767.3226 4.9155 34.5114
774.0000 768.3135 4.9104 34.5111
775.0000 769.3043 4.9050 34.5107
776.0000 770.2950 4.8984 34.5103
777.0000 771.2858 4.8862 34.5109
778.0000 772.2767 4.8787 34.5123
779.0000 773.2675 4.8767 34.5133
780.0000 774.2582 4.8746 34.5150
781.0000 775.2490 4.8731 34.5154
782.0000 776.2399 4.8700 34.5150
783.0000 777.2305 4.8619 34.5149
784.0000 778.2213 4.8587 34.5157
785.0000 779.2121 4.8572 34.5166
786.0000 780.2029 4.8566 34.5172
787.0000 781.1937 4.8522 34.5178
788.0000 782.1844 4.8454 34.5180
789.0000 783.1751 4.8379 34.5186
790.0000 784.1658 4.8324 34.5192
791.0000 785.1566 4.8279 34.5197
792.0000 786.1473 4.8262 34.5198
793.0000 787.1381 4.8252 34.5200
794.0000 788.1288 4.8243 34.5201
795.0000 789.1195 4.8241 34.5202
796.0000 790.1102 4.8244 34.5203
797.0000 791.1009 4.8249 34.5206
798.0000 792.0916 4.8253 34.5209
799.0000 793.0823 4.8258 34.5212
800.0000 794.0731 4.8252 34.5211
801.0000 795.0637 4.8249 34.5210
802.0000 796.0544 4.8262 34.5219
803.0000 797.0451 4.8235 34.5216
804.0000 798.0357 4.8189 34.5214
805.0000 799.0264 4.8128 34.5212
806.0000 800.0170 4.8092 34.5215
807.0000 801.0078 4.8067 34.5215
808.0000 801.9984 4.8056 34.5217
809.0000 802.9891 4.8063 34.5223
810.0000 803.9797 4.8056 34.5227
811.0000 804.9703 4.8025 34.5229
812.0000 805.9609 4.8007 34.5239
813.0000 806.9516 4.8006 34.5240
814.0000 807.9422 4.7995 34.5239
815.0000 808.9329 4.7986 34.5241
816.0000 809.9235 4.7982 34.5245
817.0000 810.9141 4.7961 34.5245
818.0000 811.9047 4.7941 34.5247
819.0000 812.8952 4.7923 34.5248
820.0000 813.8859 4.7909 34.5251
821.0000 814.8765 4.7878 34.5250
822.0000 815.8671 4.7847 34.5253
823.0000 816.8576 4.7836 34.5258
824.0000 817.8482 4.7831 34.5261
825.0000 818.8387 4.7817 34.5269
826.0000 819.8293 4.7809 34.5274
827.0000 820.8200 4.7801 34.5278
828.0000 821.8105 4.7785 34.5282
829.0000 822.8011 4.7778 34.5282
830.0000 823.7916 4.7775 34.5283
831.0000 824.7822 4.7767 34.5281
832.0000 825.7727 4.7741 34.5279
833.0000 826.7632 4.7707 34.5276
834.0000 827.7538 4.7669 34.5272
835.0000 828.7443 4.7609 34.5266
836.0000 829.7349 4.7576 34.5262
837.0000 830.7253 4.7551 34.5259
838.0000 831.7158 4.7518 34.5257
839.0000 832.7063 4.7473 34.5256
840.0000 833.6968 4.7450 34.5259
841.0000 834.6874 4.7436 34.5259
842.0000 835.6779 4.7420 34.5260
843.0000 836.6683 4.7383 34.5260
844.0000 837.6589 4.7329 34.5259
845.0000 838.6493 4.7261 34.5259
846.0000 839.6398 4.7199 34.5261
847.0000 840.6302 4.7111 34.5265
848.0000 841.6207 4.7102 34.5270
849.0000 842.6112 4.7111 34.5282
850.0000 843.6017 4.7119 34.5285
851.0000 844.5922 4.7122 34.5285
852.0000 845.5825 4.7121 34.5289
853.0000 846.5730 4.7107 34.5290
854.0000 847.5634 4.7097 34.5292
855.0000 848.5538 4.7095 34.5296
856.0000 849.5444 4.7082 34.5300
857.0000 850.5347 4.7061 34.5301
858.0000 851.5251 4.7037 34.5302
859.0000 852.5155 4.7018 34.5305
860.0000 853.5059 4.6984 34.5305
861.0000 854.4965 4.6954 34.5304
862.0000 855.4868 4.6929 34.5300
863.0000 856.4772 4.6914 34.5299
864.0000 857.4677 4.6905 34.5298
865.0000 858.4580 4.6889 34.5299
866.0000 859.4483 4.6882 34.5299
867.0000 860.4387 4.6882 34.5300
868.0000 861.4291 4.6876 34.5301
869.0000 862.4195 4.6838 34.5301
870.0000 863.4099 4.6790 34.5305
871.0000 864.4003 4.6708 34.5319
872.0000 865.3905 4.6624 34.5350
873.0000 866.3809 4.6589 34.5366
874.0000 867.3712 4.6571 34.5379
875.0000 868.3616 4.6569 34.5390
876.0000 869.3519 4.6575 34.5405
877.0000 870.3423 4.6573 34.5423
878.0000 871.3326 4.6564 34.5431
879.0000 872.3229 4.6564 34.5442
880.0000 873.3132 4.6561 34.5455
881.0000 874.3035 4.6544 34.5471
882.0000 875.2938 4.6535 34.5474
883.0000 876.2841 4.6528 34.5475
884.0000 877.2745 4.6524 34.5478
885.0000 878.2648 4.6519 34.5482
886.0000 879.2550 4.6512 34.5485
887.0000 880.2452 4.6506 34.5488
888.0000 881.2355 4.6504 34.5492
889.0000 882.2258 4.6503 34.5494
890.0000 883.2161 4.6503 34.5496
891.0000 884.2065 4.6507 34.5504
892.0000 885.1967 4.6520 34.5509
893.0000 886.1868 4.6529 34.5516
894.0000 887.1771 4.6528 34.5516
895.0000 888.1674 4.6520 34.5515
896.0000 889.1576 4.6517 34.5517
897.0000 890.1479 4.6524 34.5520
898.0000 891.1381 4.6528 34.5521
899.0000 892.1284 4.6530 34.5521
900.0000 893.1185 4.6535 34.5525
901.0000 894.1087 4.6546 34.5529
902.0000 895.0989 4.6548 34.5529
903.0000 896.0892 4.6561 34.5534
904.0000 897.0794 4.6644 34.5581
905.0000 898.0696 4.6694 34.5609
906.0000 899.0598 4.6704 34.5615
907.0000 900.0500 4.6712 34.5620
908.0000 901.0402 4.6712 34.5661
909.0000 902.0303 4.6689 34.5669
910.0000 903.0204 4.6685 34.5669
911.0000 904.0107 4.6680 34.5669
912.0000 905.0009 4.6678 34.5670
913.0000 905.9911 4.6672 34.5669
914.0000 906.9811 4.6669 34.5668
915.0000 907.9714 4.6661 34.5667
916.0000 908.9615 4.6651 34.5667
917.0000 909.9516 4.6648 34.5666
918.0000 910.9417 4.6638 34.5666
919.0000 911.9319 4.6620 34.5665
920.0000 912.9221 4.6602 34.5663
921.0000 913.9122 4.6561 34.5657
922.0000 914.9022 4.6477 34.5649
923.0000 915.8923 4.6411 34.5642
924.0000 916.8824 4.6313 34.5635
925.0000 917.8727 4.6299 34.5633
926.0000 918.8628 4.6283 34.5631
927.0000 919.8528 4.6254 34.5630
928.0000 920.8428 4.6224 34.5632
929.0000 921.8329 4.6206 34.5633
930.0000 922.8231 4.6193 34.5637
931.0000 923.8132 4.6187 34.5639
932.0000 924.8032 4.6175 34.5643
933.0000 925.7933 4.6158 34.5652
934.0000 926.7833 4.6139 34.5664
935.0000 927.7734 4.6116 34.5677
936.0000 928.7634 4.6062 34.5723
937.0000 929.7535 4.6037 34.5743
938.0000 930.7436 4.6016 34.5769
939.0000 931.7336 4.6004 34.5796
940.0000 932.7236 4.5994 34.5820
941.0000 933.7136 4.5991 34.5829
942.0000 934.7036 4.5991 34.5831
943.0000 935.6937 4.5989 34.5845
944.0000 936.6837 4.5989 34.5850
945.0000 937.6737 4.5990 34.5851
946.0000 938.6637 4.5990 34.5854
947.0000 939.6537 4.5991 34.5855
948.0000 940.6437 4.5992 34.5857
949.0000 941.6337 4.5993 34.5858
950.0000 942.6237 4.5994 34.5860
951.0000 943.6137 4.5995 34.5862
952.0000 944.6036 4.5996 34.5865
953.0000 945.5936 4.5995 34.5868
954.0000 946.5836 4.5991 34.5868
955.0000 947.5735 4.5988 34.5869
956.0000 948.5635 4.5985 34.5870
957.0000 949.5535 4.5981 34.5871
958.0000 950.5435 4.5979 34.5872
959.0000 951.5333 4.5970 34.5874
960.0000 952.5233 4.5958 34.5880
961.0000 953.5132 4.5954 34.5882
962.0000 954.5032 4.5957 34.5881
963.0000 955.4930 4.5954 34.5887
964.0000 956.4831 4.5951 34.5891
965.0000 957.4729 4.5946 34.5892
966.0000 958.4628 4.5939 34.5892
967.0000 959.4528 4.5936 34.5893
968.0000 960.4427 4.5935 34.5894
969.0000 961.4325 4.5935 34.5893
970.0000 962.4224 4.5934 34.5895
971.0000 963.4124 4.5934 34.5896
972.0000 964.4022 4.5934 34.5898
973.0000 965.3920 4.5935 34.5898
974.0000 966.3820 4.5936 34.5898
975.0000 967.3719 4.5936 34.5899
976.0000 968.3617 4.5933 34.5905
977.0000 969.3516 4.5932 34.5907
978.0000 970.3415 4.5930 34.5909
979.0000 971.3312 4.5924 34.5912
980.0000 972.3211 4.5892 34.5913
981.0000 973.3110 4.5789 34.5931
982.0000 974.3008 4.5796 34.5982
983.0000 975.2906 4.5843 34.6000
984.0000 976.2805 4.5859 34.6007
985.0000 977.2704 4.5879 34.6039
986.0000 978.2601 4.5900 34.6059
987.0000 979.2499 4.5893 34.6076
988.0000 980.2397 4.5902 34.6120
989.0000 981.2296 4.5922 34.6214
990.0000 982.2193 4.5877 34.6277
991.0000 983.2091 4.5847 34.6284
992.0000 984.1990 4.5825 34.6290
993.0000 985.1887 4.5756 34.6293
994.0000 986.1785 4.5685 34.6337
995.0000 987.1683 4.5627 34.6378
996.0000 988.1581 4.5601 34.6418
997.0000 989.1478 4.5597 34.6447
998.0000 990.1375 4.5593 34.6462
999.0000 991.1273 4.5590 34.6469
1000.0000 992.1171 4.5588 34.6478
1001.0000 993.1068 4.5587 34.6485
1002.0000 994.0966 4.5586 34.6493
1003.0000 995.0864 4.5587 34.6507
1004.0000 996.0760 4.5588 34.6512
1005.0000 997.0657 4.5589 34.6515
1006.0000 998.0555 4.5590 34.6516
1007.0000 999.0452 4.5592 34.6523
1008.0000 1000.0350 4.5594 34.6525
1009.0000 1001.0247 4.5599 34.6538
1010.0000 1002.0143 4.5605 34.6546
1011.0000 1003.0041 4.5603 34.6543
1012.0000 1003.9938 4.5616 34.6559
1013.0000 1004.9835 4.5621 34.6564
1014.0000 1005.9731 4.5624 34.6568
1015.0000 1006.9629 4.5627 34.6569
1016.0000 1007.9525 4.5629 34.6569
1017.0000 1008.9421 4.5630 34.6569
1018.0000 1009.9318 4.5637 34.6574
1019.0000 1010.9214 4.5637 34.6574
1020.0000 1011.9112 4.5646 34.6579
1021.0000 1012.9009 4.5647 34.6579
1022.0000 1013.8906 4.5662 34.6585
1023.0000 1014.8802 4.5668 34.6588
1024.0000 1015.8697 4.5676 34.6592
1025.0000 1016.8594 4.5672 34.6591
1026.0000 1017.8489 4.5673 34.6593
1027.0000 1018.8387 4.5675 34.6593
1028.0000 1019.8282 4.5678 34.6592
1029.0000 1020.8179 4.5679 34.6594
1030.0000 1021.8076 4.5677 34.6593
1031.0000 1022.7971 4.5681 34.6606
1032.0000 1023.7866 4.5677 34.6615
1033.0000 1024.7762 4.5661 34.6616
1034.0000 1025.7659 4.5639 34.6618
1035.0000 1026.7555 4.5616 34.6620
1036.0000 1027.7451 4.5585 34.6620
1037.0000 1028.7347 4.5546 34.6621
1038.0000 1029.7242 4.5538 34.6620
1039.0000 1030.7139 4.5527 34.6620
1040.0000 1031.7034 4.5512 34.6619
1041.0000 1032.6929 4.5507 34.6618
1042.0000 1033.6825 4.5486 34.6617
1043.0000 1034.6720 4.5461 34.6622
1044.0000 1035.6616 4.5461 34.6625
1045.0000 1036.6511 4.5444 34.6625
1046.0000 1037.6406 4.5427 34.6626
1047.0000 1038.6301 4.5418 34.6632
1048.0000 1039.6198 4.5406 34.6641
1049.0000 1040.6094 4.5437 34.6702
1050.0000 1041.5988 4.5466 34.6723
1051.0000 1042.5884 4.5508 34.6766
1052.0000 1043.5778 4.5565 34.6816
1053.0000 1044.5673 4.5604 34.6838
1054.0000 1045.5569 4.5624 34.6850
1055.0000 1046.5463 4.5669 34.6869
1056.0000 1047.5358 4.5721 34.6892
1057.0000 1048.5253 4.5814 34.6925
1058.0000 1049.5149 4.5860 34.6943
1059.0000 1050.5042 4.5915 34.6957
1060.0000 1051.4937 4.5921 34.6957
1061.0000 1052.4832 4.5944 34.6961
1062.0000 1053.4727 4.5968 34.6969
1063.0000 1054.4622 4.5976 34.6974
1064.0000 1055.4517 4.5978 34.6979
1065.0000 1056.4410 4.5992 34.6986
1066.0000 1057.4304 4.5986 34.6988
1067.0000 1058.4199 4.5986 34.6989
1068.0000 1059.4094 4.5997 34.6998
1069.0000 1060.3987 4.6004 34.7001
1070.0000 1061.3882 4.6020 34.7005
1071.0000 1062.3776 4.6019 34.7005
1072.0000 1063.3671 4.6023 34.7012
1073.0000 1064.3563 4.6032 34.7021
1074.0000 1065.3458 4.6040 34.7025
1075.0000 1066.3352 4.6047 34.7031
1076.0000 1067.3247 4.6049 34.7034
1077.0000 1068.3141 4.6052 34.7037
1078.0000 1069.3035 4.6062 34.7051
1079.0000 1070.2926 4.6060 34.7053
1080.0000 1071.2821 4.6058 34.7057
1081.0000 1072.2715 4.6045 34.7060
1082.0000 1073.2609 4.6035 34.7104
1083.0000 1074.2504 4.6051 34.7134
1084.0000 1075.2397 4.6065 34.7153
1085.0000 1076.2291 4.6069 34.7161
1086.0000 1077.2184 4.6082 34.7183
1087.0000 1078.2076 4.6074 34.7189
1088.0000 1079.1970 4.6063 34.7190
1089.0000 1080.1864 4.6055 34.7190
1090.0000 1081.1757 4.6041 34.7192
1091.0000 1082.1650 4.6037 34.7197
1092.0000 1083.1544 4.6047 34.7207
1093.0000 1084.1436 4.6054 34.7213
1094.0000 1085.1329 4.6054 34.7215
1095.0000 1086.1223 4.6066 34.7223
1096.0000 1087.1116 4.6068 34.7224
1097.0000 1088.1010 4.6067 34.7225
1098.0000 1089.0903 4.6082 34.7231
1099.0000 1090.0796 4.6091 34.7235
1100.0000 1091.0687 4.6108 34.7241
1101.0000 1092.0579 4.6128 34.7257
1102.0000 1093.0474 4.6148 34.7272
1103.0000 1094.0366 4.6182 34.7303
1104.0000 1095.0259 4.6185 34.7314
1105.0000 1096.0151 4.6186 34.7323
1106.0000 1097.0044 4.6172 34.7322
1107.0000 1097.9937 4.6152 34.7321
1108.0000 1098.9829 4.6157 34.7327
1109.0000 1099.9722 4.6174 34.7342
1110.0000 1100.9613 4.6180 34.7345
1111.0000 1101.9507 4.6193 34.7352
1112.0000 1102.9399 4.6218 34.7365
1113.0000 1103.9290 4.6248 34.7384
1114.0000 1104.9182 4.6274 34.7410
1115.0000 1105.9075 4.6278 34.7418
1116.0000 1106.8966 4.6256 34.7429
1117.0000 1107.8859 4.6239 34.7436
1118.0000 1108.8751 4.6224 34.7439
1119.0000 1109.8644 4.6192 34.7441
1120.0000 1110.8535 4.6164 34.7443
1121.0000 1111.8427 4.6146 34.7439
1122.0000 1112.8319 4.6115 34.7435
1123.0000 1113.8210 4.6100 34.7433
1124.0000 1114.8103 4.6091 34.7433
1125.0000 1115.7993 4.6089 34.7433
1126.0000 1116.7885 4.6090 34.7433
1127.0000 1117.7777 4.6093 34.7436
1128.0000 1118.7667 4.6090 34.7436
1129.0000 1119.7560 4.6085 34.7436
1130.0000 1120.7451 4.6074 34.7434
1131.0000 1121.7343 4.6068 34.7434
1132.0000 1122.7235 4.6067 34.7434
1133.0000 1123.7126 4.6084 34.7443
1134.0000 1124.7017 4.6082 34.7445
1135.0000 1125.6908 4.6072 34.7448
1136.0000 1126.6799 4.6077 34.7454
1137.0000 1127.6691 4.6102 34.7465
1138.0000 1128.6582 4.6133 34.7475
1139.0000 1129.6472 4.6155 34.7492
1140.0000 1130.6364 4.6168 34.7510
1141.0000 1131.6255 4.6180 34.7528
1142.0000 1132.6144 4.6188 34.7541
1143.0000 1133.6036 4.6189 34.7543
1144.0000 1134.5927 4.6188 34.7543
1145.0000 1135.5818 4.6187 34.7543
1146.0000 1136.5709 4.6187 34.7544
1147.0000 1137.5599 4.6188 34.7544
1148.0000 1138.5490 4.6190 34.7546
1149.0000 1139.5380 4.6192 34.7554
1150.0000 1140.5271 4.6195 34.7562
1151.0000 1141.5161 4.6198 34.7569
1152.0000 1142.5052 4.6200 34.7585
1153.0000 1143.4943 4.6200 34.7589
1154.0000 1144.4833 4.6199 34.7590
1155.0000 1145.4722 4.6197 34.7594
1156.0000 1146.4612 4.6191 34.7604
1157.0000 1147.4503 4.6186 34.7611
1158.0000 1148.4392 4.6184 34.7618
1159.0000 1149.4283 4.6176 34.7629
1160.0000 1150.4174 4.6169 34.7639
1161.0000 1151.4064 4.6167 34.7642
1162.0000 1152.3953 4.6168 34.7644
1163.0000 1153.3843 4.6168 34.7641
1164.0000 1154.3733 4.6167 34.7642
1165.0000 1155.3623 4.6163 34.7646
1166.0000 1156.3513 4.6163 34.7646
1167.0000 1157.3403 4.6162 34.7646
1168.0000 1158.3292 4.6159 34.7650
1169.0000 1159.3181 4.6162 34.7661
1170.0000 1160.3071 4.6167 34.7674
1171.0000 1161.2961 4.6166 34.7684
1172.0000 1162.2850 4.6141 34.7695
1173.0000 1163.2739 4.6126 34.7700
1174.0000 1164.2628 4.6121 34.7706
1175.0000 1165.2518 4.6122 34.7714
1176.0000 1166.2407 4.6142 34.7734
1177.0000 1167.2296 4.6188 34.7764
1178.0000 1168.2186 4.6206 34.7771
1179.0000 1169.2075 4.6205 34.7776
1180.0000 1170.1964 4.6208 34.7792
1181.0000 1171.1854 4.6216 34.7825
1182.0000 1172.1743 4.6204 34.7829
1183.0000 1173.1631 4.6192 34.7835
1184.0000 1174.1520 4.6171 34.7846
1185.0000 1175.1410 4.6158 34.7866
1186.0000 1176.1299 4.6190 34.7902
1187.0000 1177.1188 4.6232 34.7953
1188.0000 1178.1077 4.6214 34.7958
1189.0000 1179.0966 4.6189 34.7958
1190.0000 1180.0853 4.6175 34.7958
1191.0000 1181.0742 4.6142 34.7955
1192.0000 1182.0631 4.6130 34.7955
1193.0000 1183.0519 4.6116 34.7958
1194.0000 1184.0408 4.6081 34.7966
1195.0000 1185.0297 4.6113 34.7963
1196.0000 1186.0184 4.6015 34.7977
1197.0000 1187.0071 4.5981 34.7989
1198.0000 1187.9960 4.5936 34.8021
1199.0000 1188.9849 4.5891 34.8089
1200.0000 1189.9738 4.5866 34.8110
1201.0000 1190.9625 4.5865 34.8117
1202.0000 1191.9513 4.5890 34.8152
1203.0000 1192.9402 4.5912 34.8187
1204.0000 1193.9290 4.5910 34.8229
1205.0000 1194.9177 4.5854 34.8249
1206.0000 1195.9066 4.5763 34.8247
1207.0000 1196.8954 4.5706 34.8253
1208.0000 1197.8840 4.5690 34.8263
1209.0000 1198.8729 4.5692 34.8270
1210.0000 1199.8616 4.5694 34.8271
1211.0000 1200.8503 4.5699 34.8279
1212.0000 1201.8392 4.5701 34.8279
1213.0000 1202.8280 4.5703 34.8282
1214.0000 1203.8168 4.5705 34.8298
1215.0000 1204.8055 4.5702 34.8331
1216.0000 1205.7943 4.5692 34.8353
1217.0000 1206.7830 4.5686 34.8361
1218.0000 1207.7716 4.5685 34.8364
1219.0000 1208.7604 4.5685 34.8366
1220.0000 1209.7490 4.5674 34.8369
1221.0000 1210.7378 4.5673 34.8370
1222.0000 1211.7264 4.5674 34.8371
1223.0000 1212.7152 4.5678 34.8372
1224.0000 1213.7039 4.5682 34.8379
1225.0000 1214.6925 4.5696 34.8400
1226.0000 1215.6813 4.5711 34.8416
1227.0000 1216.6699 4.5720 34.8428
1228.0000 1217.6587 4.5709 34.8431
1229.0000 1218.6473 4.5707 34.8435
1230.0000 1219.6361 4.5704 34.8436
1231.0000 1220.6246 4.5708 34.8439
1232.0000 1221.6134 4.5707 34.8438
1233.0000 1222.6021 4.5706 34.8440
1234.0000 1223.5907 4.5703 34.8440
1235.0000 1224.5795 4.5701 34.8441
1236.0000 1225.5681 4.5705 34.8444
1237.0000 1226.5569 4.5706 34.8445
1238.0000 1227.5454 4.5704 34.8446
1239.0000 1228.5341 4.5702 34.8445
1240.0000 1229.5227 4.5699 34.8445
1241.0000 1230.5112 4.5697 34.8444
1242.0000 1231.4999 4.5694 34.8443
1243.0000 1232.4885 4.5693 34.8442
1244.0000 1233.4772 4.5690 34.8443
1245.0000 1234.4657 4.5685 34.8445
1246.0000 1235.4542 4.5678 34.8453
1247.0000 1236.4430 4.5680 34.8457
1248.0000 1237.4316 4.5678 34.8465
1249.0000 1238.4202 4.5681 34.8468
1250.0000 1239.4088 4.5688 34.8478
1251.0000 1240.3973 4.5689 34.8480
1252.0000 1241.3859 4.5690 34.8484
1253.0000 1242.3744 4.5692 34.8487
1254.0000 1243.3630 4.5693 34.8492
1255.0000 1244.3517 4.5695 34.8496
1256.0000 1245.3402 4.5696 34.8501
1257.0000 1246.3287 4.5697 34.8506
1258.0000 1247.3173 4.5693 34.8511
1259.0000 1248.3057 4.5686 34.8512
1260.0000 1249.2944 4.5686 34.8514
1261.0000 1250.2830 4.5665 34.8520
1262.0000 1251.2715 4.5640 34.8535
1263.0000 1252.2599 4.5625 34.8543
1264.0000 1253.2485 4.5608 34.8563
1265.0000 1254.2371 4.5552 34.8577
1266.0000 1255.2255 4.5506 34.8585
1267.0000 1256.2140 4.5491 34.8599
1268.0000 1257.2025 4.5528 34.8641
1269.0000 1258.1909 4.5536 34.8646
1270.0000 1259.1794 4.5535 34.8653
1271.0000 1260.1678 4.5517 34.8673
1272.0000 1261.1565 4.5482 34.8681
1273.0000 1262.1448 4.5459 34.8690
1274.0000 1263.1333 4.5438 34.8698
1275.0000 1264.1218 4.5430 34.8701
1276.0000 1265.1102 4.5422 34.8710
1277.0000 1266.0988 4.5407 34.8722
1278.0000 1267.0873 4.5367 34.8732
1279.0000 1268.0756 4.5319 34.8748
1280.0000 1269.0640 4.5275 34.8766
1281.0000 1270.0525 4.5252 34.8778
1282.0000 1271.0409 4.5233 34.8802
1283.0000 1272.0293 4.5220 34.8815
1284.0000 1273.0178 4.5200 34.8827
1285.0000 1274.0062 4.5186 34.8835
1286.0000 1274.9945 4.5182 34.8841
1287.0000 1275.9830 4.5177 34.8844
1288.0000 1276.9714 4.5170 34.8846
1289.0000 1277.9598 4.5167 34.8849
1290.0000 1278.9482 4.5164 34.8856
1291.0000 1279.9366 4.5162 34.8859
1292.0000 1280.9252 4.5158 34.8861
1293.0000 1281.9133 4.5153 34.8864
1294.0000 1282.9017 4.5148 34.8866
1295.0000 1283.8901 4.5144 34.8869
1296.0000 1284.8785 4.5134 34.8873
1297.0000 1285.8669 4.5127 34.8878
1298.0000 1286.8553 4.5120 34.8883
1299.0000 1287.8438 4.5108 34.8888
1300.0000 1288.8319 4.5102 34.8890
1301.0000 1289.8203 4.5101 34.8896
1302.0000 1290.8087 4.5089 34.8906
1303.0000 1291.7970 4.5074 34.8910
1304.0000 1292.7854 4.5051 34.8927
1305.0000 1293.7737 4.5054 34.8938
1306.0000 1294.7622 4.5093 34.8952
1307.0000 1295.7504 4.5104 34.8953
1308.0000 1296.7388 4.5107 34.8954
1309.0000 1297.7271 4.5140 34.8969
1310.0000 1298.7155 4.5183 34.8988
1311.0000 1299.7037 4.5208 34.9000
1312.0000 1300.6920 4.5257 34.9019
1313.0000 1301.6803 4.5256 34.9013
1314.0000 1302.6686 4.5266 34.9023
1315.0000 1303.6569 4.5190 34.9028
1316.0000 1304.6451 4.5164 34.9031
1317.0000 1305.6334 4.5151 34.9034
1318.0000 1306.6217 4.5139 34.9038
1319.0000 1307.6100 4.5133 34.9043
1320.0000 1308.5983 4.5112 34.9055
1321.0000 1309.5864 4.5113 34.9055
1322.0000 1310.5747 4.5079 34.9055
1323.0000 1311.5629 4.5061 34.9056
1324.0000 1312.5513 4.5059 34.9058
1325.0000 1313.5394 4.5059 34.9059
1326.0000 1314.5277 4.5058 34.9059
1327.0000 1315.5160 4.5057 34.9059
1328.0000 1316.5040 4.5053 34.9058
1329.0000 1317.4923 4.5051 34.9058
1330.0000 1318.4805 4.5050 34.9058
1331.0000 1319.4688 4.5045 34.9057
1332.0000 1320.4570 4.5040 34.9057
1333.0000 1321.4452 4.5036 34.9058
1334.0000 1322.4333 4.5034 34.9058
1335.0000 1323.4215 4.5028 34.9057
1336.0000 1324.4097 4.5024 34.9057
1337.0000 1325.3978 4.5018 34.9057
1338.0000 1326.3861 4.5016 34.9057
1339.0000 1327.3743 4.5013 34.9057
1340.0000 1328.3624 4.5006 34.9059
1341.0000 1329.3505 4.4999 34.9061
1342.0000 1330.3386 4.4993 34.9062
1343.0000 1331.3268 4.4985 34.9064
1344.0000 1332.3149 4.4974 34.9067
1345.0000 1333.3031 4.4976 34.9066
1346.0000 1334.2914 4.4973 34.9065
1347.0000 1335.2794 4.4977 34.9066
1348.0000 1336.2675 4.4977 34.9067
1349.0000 1337.2556 4.4944 34.9072
1350.0000 1338.2438 4.4925 34.9076
1351.0000 1339.2319 4.4914 34.9077
1352.0000 1340.2200 4.4904 34.9083
1353.0000 1341.2081 4.4901 34.9087
1354.0000 1342.1963 4.4902 34.9091
1355.0000 1343.1842 4.4905 34.9096
1356.0000 1344.1725 4.4904 34.9104
1357.0000 1345.1605 4.4886 34.9125
1358.0000 1346.1487 4.4861 34.9153
1359.0000 1347.1368 4.4829 34.9176
1360.0000 1348.1249 4.4812 34.9181
1361.0000 1349.1129 4.4795 34.9186
1362.0000 1350.1008 4.4763 34.9203
1363.0000 1351.0890 4.4755 34.9207
1364.0000 1352.0770 4.4747 34.9211
1365.0000 1353.0651 4.4738 34.9214
1366.0000 1354.0532 4.4735 34.9223
1367.0000 1355.0413 4.4726 34.9233
1368.0000 1356.0293 4.4695 34.9248
1369.0000 1357.0172 4.4611 34.9282
1370.0000 1358.0051 4.4553 34.9310
1371.0000 1358.9933 4.4525 34.9317
1372.0000 1359.9813 4.4500 34.9323
1373.0000 1360.9694 4.4492 34.9322
1374.0000 1361.9574 4.4490 34.9322
1375.0000 1362.9453 4.4489 34.9324
1376.0000 1363.9332 4.4491 34.9325
1377.0000 1364.9213 4.4490 34.9325
1378.0000 1365.9093 4.4484 34.9324
1379.0000 1366.8973 4.4479 34.9323
1380.0000 1367.8853 4.4472 34.9323
1381.0000 1368.8733 4.4467 34.9322
1382.0000 1369.8613 4.4468 34.9323
1383.0000 1370.8491 4.4471 34.9323
1384.0000 1371.8372 4.4471 34.9326
1385.0000 1372.8251 4.4468 34.9325
1386.0000 1373.8131 4.4470 34.9330
1387.0000 1374.8011 4.4470 34.9333
1388.0000 1375.7891 4.4468 34.9333
1389.0000 1376.7770 4.4436 34.9352
1390.0000 1377.7648 4.4327 34.9378
1391.0000 1378.7528 4.4188 34.9409
1392.0000 1379.7407 4.4133 34.9420
1393.0000 1380.7286 4.4085 34.9431
1394.0000 1381.7166 4.4059 34.9437
1395.0000 1382.7045 4.4020 34.9446
1396.0000 1383.6924 4.3973 34.9458
1397.0000 1384.6802 4.3952 34.9461
1398.0000 1385.6681 4.3939 34.9463
1399.0000 1386.6560 4.3932 34.9466
1400.0000 1387.6439 4.3930 34.9469
1401.0000 1388.6318 4.3932 34.9470
1402.0000 1389.6196 4.3933 34.9471
1403.0000 1390.6077 4.3936 34.9474
1404.0000 1391.5955 4.3937 34.9475
1405.0000 1392.5834 4.3939 34.9475
1406.0000 1393.5713 4.3941 34.9476
1407.0000 1394.5591 4.3943 34.9475
1408.0000 1395.5470 4.3948 34.9477
1409.0000 1396.5348 4.3953 34.9480
1410.0000 1397.5226 4.3955 34.9479
1411.0000 1398.5104 4.3955 34.9480
1412.0000 1399.4983 4.3957 34.9481
1413.0000 1400.4861 4.3959 34.9482
1414.0000 1401.4739 4.3960 34.9481
1415.0000 1402.4618 4.3963 34.9482
1416.0000 1403.4496 4.3965 34.9482
1417.0000 1404.4373 4.3966 34.9483
1418.0000 1405.4252 4.3969 34.9484
1419.0000 1406.4130 4.3972 34.9483
1420.0000 1407.4009 4.3974 34.9486
1421.0000 1408.3887 4.3975 34.9485
1422.0000 1409.3765 4.3979 34.9486
1423.0000 1410.3643 4.3980 34.9485
1424.0000 1411.3519 4.3983 34.9485
1425.0000 1412.3397 4.3989 34.9486
1426.0000 1413.3274 4.3993 34.9488
1427.0000 1414.3153 4.3999 34.9490
1428.0000 1415.3030 4.4016 34.9498
1429.0000 1416.2908 4.4038 34.9508
1430.0000 1417.2786 4.4051 34.9516
1431.0000 1418.2662 4.4058 34.9523
1432.0000 1419.2539 4.4077 34.9538
1433.0000 1420.2416 4.4084 34.9542
1434.0000 1421.2295 4.4093 34.9548
1435.0000 1422.2173 4.4106 34.9554
1436.0000 1423.2050 4.4113 34.9557
1437.0000 1424.1926 4.4119 34.9560
1438.0000 1425.1804 4.4127 34.9562
1439.0000 1426.1681 4.4133 34.9565
1440.0000 1427.1558 4.4139 34.9567
1441.0000 1428.1436 4.4140 34.9570
1442.0000 1429.1311 4.4142 34.9573
1443.0000 1430.1189 4.4140 34.9574
1444.0000 1431.1066 4.4148 34.9578
1445.0000 1432.0941 4.4154 34.9580
1446.0000 1433.0818 4.4152 34.9581
1447.0000 1434.0695 4.4122 34.9579
1448.0000 1435.0571 4.4105 34.9577
1449.0000 1436.0450 4.4089 34.9575
1450.0000 1437.0326 4.4075 34.9576
1451.0000 1438.0203 4.4068 34.9579
1452.0000 1439.0078 4.4068 34.9580
1453.0000 1439.9955 4.4045 34.9582
1454.0000 1440.9832 4.4000 34.9588
1455.0000 1441.9707 4.3946 34.9584
1456.0000 1442.9585 4.3891 34.9588
1457.0000 1443.9460 4.3861 34.9587
1458.0000 1444.9337 4.3792 34.9588
1459.0000 1445.9211 4.3745 34.9590
1460.0000 1446.9087 4.3711 34.9591
1461.0000 1447.8964 4.3694 34.9591
1462.0000 1448.8842 4.3678 34.9592
1463.0000 1449.8718 4.3665 34.9594
1464.0000 1450.8594 4.3654 34.9597
1465.0000 1451.8470 4.3636 34.9601
1466.0000 1452.8344 4.3600 34.9603
1467.0000 1453.8220 4.3557 34.9607
1468.0000 1454.8096 4.3530 34.9611
1469.0000 1455.7972 4.3500 34.9615
1470.0000 1456.7847 4.3475 34.9619
1471.0000 1457.7723 4.3457 34.9622
1472.0000 1458.7596 4.3448 34.9622
1473.0000 1459.7473 4.3443 34.9622
1474.0000 1460.7350 4.3438 34.9622
1475.0000 1461.7225 4.3433 34.9623
1476.0000 1462.7101 4.3425 34.9625
1477.0000 1463.6976 4.3421 34.9625
1478.0000 1464.6852 4.3416 34.9626
1479.0000 1465.6726 4.3411 34.9627
1480.0000 1466.6602 4.3400 34.9629
1481.0000 1467.6476 4.3396 34.9631
1482.0000 1468.6351 4.3391 34.9633
1483.0000 1469.6227 4.3386 34.9636
1484.0000 1470.6101 4.3372 34.9638
1485.0000 1471.5978 4.3354 34.9639
1486.0000 1472.5851 4.3343 34.9638
1487.0000 1473.5726 4.3323 34.9640
1488.0000 1474.5601 4.3301 34.9642
1489.0000 1475.5476 4.3281 34.9643
1490.0000 1476.5352 4.3263 34.9644
1491.0000 1477.5226 4.3254 34.9646
1492.0000 1478.5100 4.3240 34.9647
1493.0000 1479.4974 4.3230 34.9648
1494.0000 1480.4849 4.3210 34.9647
1495.0000 1481.4723 4.3173 34.9649
1496.0000 1482.4600 4.3126 34.9654
1497.0000 1483.4473 4.3107 34.9654
1498.0000 1484.4347 4.3108 34.9659
1499.0000 1485.4222 4.3082 34.9660
1500.0000 1486.4094 4.3059 34.9660
1501.0000 1487.3969 4.3050 34.9661
1502.0000 1488.3844 4.3044 34.9662
