CTD cast

DATE:  12-Jan-2016 17:13:59
latitude:  24.4996
longitude:  -27.9335
  P (db)  z (m)    T (^oC)  S (psu)
5.0000 4.9680 22.5658 37.1756
7.0000 6.9551 22.5658 37.1756
9.0000 8.9422 22.5659 37.1755
11.0000 10.9293 22.5660 37.1755
13.0000 12.9164 22.5661 37.1755
15.0000 14.9035 22.5659 37.1754
17.0000 16.8906 22.5662 37.1754
19.0000 18.8776 22.5667 37.1754
21.0000 20.8646 22.5661 37.1756
23.0000 22.8516 22.5653 37.1757
25.0000 24.8386 22.5649 37.1759
27.0000 26.8255 22.5663 37.1756
29.0000 28.8125 22.5678 37.1756
31.0000 30.7994 22.5673 37.1756
33.0000 32.7863 22.5656 37.1760
35.0000 34.7732 22.5666 37.1758
37.0000 36.7600 22.5651 37.1759
39.0000 38.7469 22.5628 37.1758
41.0000 40.7337 22.5624 37.1762
43.0000 42.7205 22.5623 37.1765
45.0000 44.7073 22.5600 37.1778
47.0000 46.6941 22.5584 37.1790
49.0000 48.6808 22.5584 37.1792
51.0000 50.6675 22.5581 37.1796
53.0000 52.6542 22.5518 37.1838
55.0000 54.6409 22.5469 37.1873
57.0000 56.6276 22.5392 37.1937
59.0000 58.6142 22.5271 37.2064
61.0000 60.6009 22.5190 37.2168
63.0000 62.5875 22.5193 37.2132
65.0000 64.5741 22.5099 37.2180
67.0000 66.5606 22.5045 37.2196
69.0000 68.5472 22.5064 37.2216
71.0000 70.5337 22.5040 37.2246
73.0000 72.5202 22.5041 37.2281
75.0000 74.5067 22.5026 37.2283
77.0000 76.4932 22.4995 37.2276
79.0000 78.4797 22.4923 37.2263
81.0000 80.4661 22.4807 37.2237
83.0000 82.4525 22.4783 37.2228
85.0000 84.4389 22.4680 37.2199
87.0000 86.4253 22.4689 37.2203
89.0000 88.4117 22.4659 37.2191
91.0000 90.3980 22.4599 37.2169
93.0000 92.3843 22.4385 37.2099
95.0000 94.3706 22.2300 37.1516
97.0000 96.3569 22.0516 37.1228
99.0000 98.3432 20.8061 36.9114
101.0000 100.3294 20.1020 36.8167
103.0000 102.3157 19.7749 36.7848
105.0000 104.3018 19.6295 36.7769
107.0000 106.2880 19.5849 36.7796
109.0000 108.2742 19.5475 36.7819
111.0000 110.2604 19.4447 36.7844
113.0000 112.2465 19.3631 36.7831
115.0000 114.2326 19.2775 36.7713
117.0000 116.2187 19.1252 36.7530
119.0000 118.2048 19.0489 36.7620
121.0000 120.1908 19.0248 36.7618
123.0000 122.1768 19.0211 36.7660
125.0000 124.1629 18.9839 36.7856
127.0000 126.1489 18.9753 36.7896
129.0000 128.1348 18.9824 36.7878
131.0000 130.1208 18.9648 36.7939
133.0000 132.1067 18.9119 36.7849
135.0000 134.0927 18.8976 36.7829
137.0000 136.0786 18.8783 36.7772
139.0000 138.0644 18.7802 36.7611
141.0000 140.0503 18.7694 36.7622
143.0000 142.0361 18.7712 36.7631
145.0000 144.0219 18.7437 36.7625
147.0000 146.0078 18.7376 36.7647
149.0000 147.9935 18.7333 36.7642
151.0000 149.9793 18.7276 36.7638
153.0000 151.9650 18.7099 36.7623
155.0000 153.9508 18.6523 36.7524
157.0000 155.9365 18.6562 36.7524
159.0000 157.9222 18.5737 36.7346
161.0000 159.9078 18.5229 36.7223
163.0000 161.8935 18.4387 36.7044
165.0000 163.8791 18.4364 36.7045
167.0000 165.8647 18.4518 36.7239
169.0000 167.8503 18.4854 36.7340
171.0000 169.8359 18.5165 36.7490
173.0000 171.8214 18.5385 36.7597
175.0000 173.8070 18.5410 36.7669
177.0000 175.7925 18.5341 36.7653
179.0000 177.7780 18.5190 36.7701
181.0000 179.7635 18.4994 36.7668
183.0000 181.7489 18.4775 36.7638
185.0000 183.7344 18.4346 36.7517
187.0000 185.7198 18.3558 36.7338
189.0000 187.7052 18.3036 36.7233
191.0000 189.6906 18.2866 36.7208
193.0000 191.6759 18.2832 36.7202
195.0000 193.6613 18.2894 36.7215
197.0000 195.6466 18.2535 36.7168
199.0000 197.6319 18.2499 36.7181
201.0000 199.6172 18.2496 36.7192
203.0000 201.6024 18.2473 36.7191
205.0000 203.5877 18.2187 36.7158
207.0000 205.5729 18.1723 36.7104
209.0000 207.5581 18.1524 36.7063
211.0000 209.5433 18.1371 36.7031
213.0000 211.5285 18.1438 36.7052
215.0000 213.5136 18.1165 36.6995
217.0000 215.4988 18.0879 36.6952
219.0000 217.4839 18.0629 36.6892
221.0000 219.4690 18.0243 36.6828
223.0000 221.4540 18.0105 36.6796
225.0000 223.4391 17.9923 36.6763
227.0000 225.4241 17.9797 36.6744
229.0000 227.4092 17.9638 36.6701
231.0000 229.3941 17.9341 36.6631
233.0000 231.3791 17.9175 36.6594
235.0000 233.3641 17.8508 36.6439
237.0000 235.3490 17.7973 36.6334
239.0000 237.3339 17.7762 36.6273
241.0000 239.3188 17.7639 36.6249
243.0000 241.3037 17.7574 36.6215
245.0000 243.2886 17.7137 36.6138
247.0000 245.2734 17.6955 36.6104
249.0000 247.2583 17.6681 36.6022
251.0000 249.2431 17.6263 36.5947
253.0000 251.2278 17.6265 36.5941
255.0000 253.2126 17.5613 36.5812
257.0000 255.1974 17.5422 36.5763
259.0000 257.1821 17.5222 36.5720
261.0000 259.1668 17.4552 36.5551
263.0000 261.1515 17.3769 36.5378
265.0000 263.1362 17.3482 36.5313
267.0000 265.1208 17.3231 36.5257
269.0000 267.1054 17.2884 36.5188
271.0000 269.0901 17.2720 36.5158
273.0000 271.0746 17.2727 36.5154
275.0000 273.0593 17.2355 36.5063
277.0000 275.0438 17.2004 36.4982
279.0000 277.0284 17.1649 36.4895
281.0000 279.0128 17.1442 36.4849
283.0000 280.9974 17.1417 36.4840
285.0000 282.9818 17.1252 36.4791
287.0000 284.9663 17.0324 36.4599
289.0000 286.9507 17.0408 36.4572
291.0000 288.9352 16.8732 36.4202
293.0000 290.9196 16.8023 36.4054
295.0000 292.9040 16.6832 36.3801
297.0000 294.8883 16.5965 36.3633
299.0000 296.8727 16.5299 36.3466
301.0000 298.8570 16.4190 36.3291
303.0000 300.8413 16.3809 36.3223
305.0000 302.8256 16.3399 36.3142
307.0000 304.8099 16.2949 36.3054
309.0000 306.7941 16.2594 36.2983
311.0000 308.7784 16.2126 36.2895
313.0000 310.7626 16.1814 36.2818
315.0000 312.7467 16.1131 36.2674
317.0000 314.7309 16.0211 36.2474
319.0000 316.7151 15.9369 36.2284
321.0000 318.6992 15.8313 36.2062
323.0000 320.6833 15.7472 36.1921
325.0000 322.6674 15.7036 36.1842
327.0000 324.6515 15.6840 36.1796
329.0000 326.6356 15.6275 36.1692
331.0000 328.6196 15.5687 36.1600
333.0000 330.6036 15.5489 36.1578
335.0000 332.5876 15.5352 36.1559
337.0000 334.5716 15.5237 36.1542
339.0000 336.5556 15.5130 36.1527
341.0000 338.5396 15.5071 36.1514
343.0000 340.5235 15.4886 36.1466
345.0000 342.5074 15.4145 36.1365
347.0000 344.4913 15.3911 36.1323
349.0000 346.4751 15.3689 36.1280
351.0000 348.4590 15.3268 36.1196
353.0000 350.4428 15.2413 36.1064
355.0000 352.4266 15.2246 36.1042
357.0000 354.4104 15.2126 36.1021
359.0000 356.3942 15.1865 36.0972
361.0000 358.3779 15.1210 36.0851
363.0000 360.3617 15.0801 36.0797
365.0000 362.3454 15.0338 36.0708
367.0000 364.3291 14.9908 36.0653
369.0000 366.3127 14.9974 36.0668
371.0000 368.2964 14.9818 36.0645
373.0000 370.2801 14.9377 36.0569
375.0000 372.2637 14.9131 36.0530
377.0000 374.2473 14.8849 36.0485
379.0000 376.2309 14.8551 36.0434
381.0000 378.2145 14.8293 36.0392
383.0000 380.1980 14.8527 36.0436
385.0000 382.1815 14.7621 36.0263
387.0000 384.1650 14.6631 36.0126
389.0000 386.1485 14.6436 36.0097
391.0000 388.1320 14.6357 36.0086
393.0000 390.1154 14.6304 36.0079
395.0000 392.0989 14.5990 36.0020
397.0000 394.0822 14.6000 36.0023
399.0000 396.0656 14.4735 35.9828
401.0000 398.0490 14.4181 35.9738
403.0000 400.0324 14.3817 35.9693
405.0000 402.0157 14.3438 35.9624
407.0000 403.9990 14.3114 35.9581
409.0000 405.9823 14.2983 35.9557
411.0000 407.9656 14.2306 35.9445
413.0000 409.9489 14.1790 35.9383
415.0000 411.9321 14.1603 35.9353
417.0000 413.9154 14.1328 35.9321
419.0000 415.8985 14.1129 35.9289
421.0000 417.8817 14.0901 35.9251
423.0000 419.8649 14.0342 35.9162
425.0000 421.8480 13.9905 35.9098
427.0000 423.8311 13.9129 35.8988
429.0000 425.8143 13.8815 35.8948
431.0000 427.7973 13.8722 35.8937
433.0000 429.7804 13.8671 35.8928
435.0000 431.7635 13.8546 35.8910
437.0000 433.7465 13.8438 35.8893
439.0000 435.7295 13.7703 35.8766
441.0000 437.7125 13.7158 35.8694
443.0000 439.6955 13.6610 35.8605
445.0000 441.6784 13.6218 35.8554
447.0000 443.6614 13.5941 35.8514
449.0000 445.6443 13.5615 35.8462
451.0000 447.6272 13.5364 35.8432
453.0000 449.6100 13.5056 35.8395
455.0000 451.5929 13.4834 35.8363
457.0000 453.5757 13.4668 35.8335
459.0000 455.5585 13.4251 35.8283
461.0000 457.5414 13.3786 35.8208
463.0000 459.5242 13.3483 35.8171
465.0000 461.5069 13.3335 35.8152
467.0000 463.4897 13.3008 35.8106
469.0000 465.4724 13.2544 35.8043
471.0000 467.4551 13.2333 35.8019
473.0000 469.4378 13.2017 35.7981
475.0000 471.4204 13.1634 35.7940
477.0000 473.4031 13.1438 35.7912
479.0000 475.3858 13.1111 35.7872
481.0000 477.3683 13.0904 35.7839
483.0000 479.3510 13.0360 35.7759
485.0000 481.3335 13.0066 35.7732
487.0000 483.3161 12.9917 35.7713
489.0000 485.2986 12.9831 35.7698
491.0000 487.2811 12.9629 35.7668
493.0000 489.2636 12.9675 35.7682
495.0000 491.2461 12.9449 35.7645
497.0000 493.2286 12.9295 35.7623
499.0000 495.2110 12.8838 35.7554
501.0000 497.1934 12.8473 35.7507
503.0000 499.1758 12.8347 35.7493
505.0000 501.1582 12.7998 35.7439
507.0000 503.1405 12.7784 35.7416
509.0000 505.1229 12.7713 35.7416
511.0000 507.1053 12.7623 35.7396
513.0000 509.0876 12.7271 35.7344
515.0000 511.0698 12.6869 35.7280
517.0000 513.0521 12.6389 35.7217
519.0000 515.0344 12.6022 35.7174
521.0000 517.0165 12.5595 35.7123
523.0000 518.9988 12.5832 35.7162
525.0000 520.9810 12.5491 35.7106
527.0000 522.9632 12.4855 35.7032
529.0000 524.9453 12.4459 35.6981
531.0000 526.9275 12.4244 35.6951
533.0000 528.9096 12.4007 35.6923
535.0000 530.8917 12.3724 35.6881
537.0000 532.8737 12.3148 35.6807
539.0000 534.8558 12.2820 35.6767
541.0000 536.8379 12.2570 35.6738
543.0000 538.8199 12.2364 35.6714
545.0000 540.8019 12.2243 35.6700
547.0000 542.7839 12.2027 35.6670
549.0000 544.7658 12.1813 35.6644
551.0000 546.7478 12.1510 35.6603
553.0000 548.7297 12.1188 35.6567
555.0000 550.7115 12.0918 35.6537
557.0000 552.6935 12.0801 35.6524
559.0000 554.6754 12.0594 35.6494
561.0000 556.6573 12.0384 35.6470
563.0000 558.6390 12.0117 35.6438
565.0000 560.6209 11.9850 35.6399
567.0000 562.6027 11.9396 35.6354
569.0000 564.5844 11.9152 35.6326
571.0000 566.5662 11.9055 35.6313
573.0000 568.5480 11.8643 35.6259
575.0000 570.5297 11.8302 35.6225
577.0000 572.5114 11.8192 35.6206
579.0000 574.4930 11.7815 35.6159
581.0000 576.4747 11.7673 35.6149
583.0000 578.4564 11.7478 35.6122
585.0000 580.4380 11.7292 35.6101
587.0000 582.4197 11.7145 35.6078
589.0000 584.4012 11.6788 35.6029
591.0000 586.3828 11.6703 35.6021
593.0000 588.3643 11.6323 35.5975
595.0000 590.3458 11.6006 35.5928
597.0000 592.3273 11.5731 35.5892
599.0000 594.3088 11.5332 35.5848
601.0000 596.2903 11.5010 35.5813
603.0000 598.2718 11.4756 35.5790
605.0000 600.2532 11.4681 35.5782
607.0000 602.2346 11.4513 35.5765
609.0000 604.2160 11.4353 35.5747
611.0000 606.1974 11.4194 35.5729
613.0000 608.1787 11.3808 35.5676
615.0000 610.1602 11.3310 35.5612
617.0000 612.1415 11.2804 35.5555
619.0000 614.1227 11.2283 35.5507
621.0000 616.1040 11.2240 35.5504
623.0000 618.0853 11.2239 35.5505
625.0000 620.0665 11.2196 35.5498
627.0000 622.0477 11.1949 35.5464
629.0000 624.0289 11.1687 35.5435
631.0000 626.0101 11.1605 35.5439
633.0000 627.9913 11.1083 35.5370
635.0000 629.9724 11.0853 35.5344
637.0000 631.9536 11.0510 35.5300
639.0000 633.9347 11.0092 35.5256
641.0000 635.9158 10.9778 35.5227
643.0000 637.8969 10.9658 35.5214
645.0000 639.8779 10.9583 35.5207
647.0000 641.8589 10.9248 35.5168
649.0000 643.8400 10.8908 35.5131
651.0000 645.8210 10.8602 35.5106
653.0000 647.8019 10.8431 35.5092
655.0000 649.7829 10.8308 35.5082
657.0000 651.7639 10.8268 35.5080
659.0000 653.7448 10.8169 35.5066
661.0000 655.7257 10.8025 35.5056
663.0000 657.7066 10.8071 35.5057
665.0000 659.6874 10.7911 35.5077
667.0000 661.6683 10.7733 35.5070
669.0000 663.6491 10.7576 35.5054
671.0000 665.6299 10.7376 35.5030
673.0000 667.6107 10.7106 35.5000
675.0000 669.5915 10.6853 35.4972
677.0000 671.5723 10.6984 35.4992
679.0000 673.5530 10.6470 35.4933
681.0000 675.5337 10.6278 35.4910
683.0000 677.5144 10.6024 35.4877
685.0000 679.4951 10.5773 35.4853
687.0000 681.4757 10.5558 35.4825
689.0000 683.4564 10.5619 35.4836
691.0000 685.4370 10.5273 35.4799
693.0000 687.4175 10.5082 35.4782
695.0000 689.3982 10.4673 35.4738
697.0000 691.3787 10.4041 35.4674
699.0000 693.3594 10.3780 35.4642
701.0000 695.3398 10.3730 35.4642
703.0000 697.3203 10.3356 35.4595
705.0000 699.3008 10.3078 35.4576
707.0000 701.2812 10.2856 35.4558
709.0000 703.2617 10.2664 35.4540
711.0000 705.2422 10.2429 35.4518
713.0000 707.2226 10.2098 35.4486
715.0000 709.2030 10.1899 35.4467
717.0000 711.1833 10.1739 35.4450
719.0000 713.1637 10.1541 35.4428
721.0000 715.1440 10.1212 35.4401
723.0000 717.1243 10.1094 35.4390
725.0000 719.1047 10.0701 35.4343
727.0000 721.0850 10.0394 35.4315
729.0000 723.0652 10.0413 35.4316
731.0000 725.0455 9.9770 35.4248
733.0000 727.0257 9.9477 35.4216
735.0000 729.0059 9.9229 35.4186
737.0000 730.9861 9.8701 35.4130
739.0000 732.9662 9.8315 35.4087
741.0000 734.9465 9.8133 35.4083
743.0000 736.9265 9.7726 35.4039
745.0000 738.9066 9.7857 35.4058
747.0000 740.8868 9.7589 35.4016
749.0000 742.8668 9.6905 35.3960
751.0000 744.8469 9.6707 35.3947
753.0000 746.8269 9.6574 35.3938
755.0000 748.8068 9.6492 35.3929
757.0000 750.7869 9.6232 35.3906
759.0000 752.7669 9.6072 35.3896
761.0000 754.7469 9.6022 35.3889
763.0000 756.7267 9.5487 35.3839
765.0000 758.7067 9.5113 35.3789
767.0000 760.6866 9.4900 35.3773
769.0000 762.6664 9.4710 35.3752
771.0000 764.6463 9.4441 35.3725
773.0000 766.6262 9.4193 35.3700
775.0000 768.6061 9.4071 35.3675
777.0000 770.5858 9.3481 35.3617
779.0000 772.5656 9.3247 35.3586
781.0000 774.5454 9.2912 35.3546
783.0000 776.5251 9.2665 35.3516
785.0000 778.5049 9.2488 35.3491
787.0000 780.4847 9.2080 35.3453
789.0000 782.4644 9.2032 35.3452
791.0000 784.4440 9.2034 35.3453
793.0000 786.4236 9.1964 35.3444
795.0000 788.4033 9.1622 35.3404
797.0000 790.3829 9.1456 35.3423
799.0000 792.3625 9.1306 35.3412
801.0000 794.3420 9.1112 35.3388
803.0000 796.3217 9.0627 35.3316
805.0000 798.3011 8.9898 35.3229
807.0000 800.2808 8.9517 35.3186
809.0000 802.2603 8.9358 35.3175
811.0000 804.2397 8.9287 35.3171
813.0000 806.2192 8.9215 35.3166
815.0000 808.1987 8.9077 35.3153
817.0000 810.1780 8.8932 35.3139
819.0000 812.1574 8.8654 35.3118
821.0000 814.1369 8.8272 35.3083
823.0000 816.1163 8.7976 35.3044
825.0000 818.0956 8.7615 35.3007
827.0000 820.0750 8.7516 35.3018
829.0000 822.0543 8.7394 35.3010
831.0000 824.0336 8.7103 35.2972
833.0000 826.0128 8.6845 35.2939
835.0000 827.9921 8.6528 35.2887
837.0000 829.9714 8.6766 35.2931
839.0000 831.9506 8.5662 35.2820
841.0000 833.9299 8.5290 35.2780
843.0000 835.9090 8.5102 35.2759
845.0000 837.8881 8.4831 35.2735
847.0000 839.8673 8.4738 35.2726
849.0000 841.8465 8.4611 35.2711
851.0000 843.8257 8.4397 35.2691
853.0000 845.8046 8.4119 35.2667
855.0000 847.7837 8.3733 35.2627
857.0000 849.7628 8.3597 35.2624
859.0000 851.7418 8.3160 35.2580
861.0000 853.7209 8.2760 35.2569
863.0000 855.6999 8.2559 35.2573
865.0000 857.6788 8.2594 35.2586
867.0000 859.6577 8.2456 35.2589
869.0000 861.6368 8.2401 35.2589
871.0000 863.6158 8.2272 35.2565
873.0000 865.5945 8.1975 35.2551
875.0000 867.5735 8.1974 35.2563
877.0000 869.5524 8.1697 35.2531
879.0000 871.5312 8.1440 35.2515
881.0000 873.5100 8.1291 35.2503
883.0000 875.4888 8.1207 35.2498
885.0000 877.4677 8.0939 35.2487
887.0000 879.4464 8.0858 35.2507
889.0000 881.4251 8.0851 35.2521
891.0000 883.4040 8.0722 35.2526
893.0000 885.3825 8.0703 35.2536
895.0000 887.3613 8.0656 35.2546
897.0000 889.3400 8.0678 35.2537
899.0000 891.3187 8.0487 35.2547
901.0000 893.2972 8.0285 35.2514
903.0000 895.2759 7.9938 35.2466
905.0000 897.2545 7.9825 35.2469
907.0000 899.2331 7.8931 35.2311
909.0000 901.2117 7.8999 35.2334
911.0000 903.1902 7.8081 35.2207
913.0000 905.1688 7.7939 35.2194
915.0000 907.1473 7.7815 35.2182
917.0000 909.1257 7.7596 35.2164
919.0000 911.1043 7.7522 35.2174
921.0000 913.0827 7.7636 35.2178
923.0000 915.0611 7.7560 35.2220
925.0000 917.0396 7.7579 35.2226
927.0000 919.0179 7.7532 35.2214
929.0000 920.9963 7.7060 35.2159
931.0000 922.9747 7.6707 35.2127
933.0000 924.9531 7.6782 35.2130
935.0000 926.9313 7.6449 35.2105
937.0000 928.9097 7.6403 35.2125
939.0000 930.8880 7.6425 35.2160
941.0000 932.8662 7.6300 35.2177
943.0000 934.8445 7.5868 35.2143
945.0000 936.8227 7.5701 35.2137
947.0000 938.8009 7.5459 35.2109
949.0000 940.7791 7.5168 35.2087
951.0000 942.7573 7.4796 35.2052
953.0000 944.7354 7.4623 35.2052
955.0000 946.7136 7.4562 35.2066
957.0000 948.6917 7.4635 35.2090
959.0000 950.6697 7.4435 35.2113
961.0000 952.6478 7.4291 35.2135
963.0000 954.6259 7.4309 35.2147
965.0000 956.6039 7.4295 35.2143
967.0000 958.5820 7.4047 35.2117
969.0000 960.5599 7.3880 35.2107
971.0000 962.5380 7.3862 35.2111
973.0000 964.5159 7.3822 35.2116
975.0000 966.4939 7.3785 35.2117
977.0000 968.4719 7.3693 35.2120
979.0000 970.4496 7.3626 35.2127
981.0000 972.4277 7.3587 35.2131
983.0000 974.4055 7.3533 35.2141
985.0000 976.3834 7.3276 35.2146
987.0000 978.3611 7.3197 35.2146
989.0000 980.3391 7.3179 35.2147
991.0000 982.3168 7.3150 35.2157
993.0000 984.2946 7.3033 35.2163
995.0000 986.2724 7.2912 35.2161
997.0000 988.2501 7.2764 35.2156
999.0000 990.2278 7.2686 35.2155
1001.0000 992.2055 7.2678 35.2157
1003.0000 994.1832 7.2654 35.2158
1005.0000 996.1608 7.2557 35.2157
1007.0000 998.1385 7.2487 35.2153
1009.0000 1000.1161 7.2365 35.2144
1011.0000 1002.0938 7.2260 35.2137
1013.0000 1004.0714 7.2271 35.2138
1015.0000 1006.0490 7.2009 35.2106
1017.0000 1008.0264 7.1899 35.2101
1019.0000 1010.0040 7.1801 35.2105
1021.0000 1011.9816 7.1737 35.2101
1023.0000 1013.9591 7.1652 35.2099
1025.0000 1015.9365 7.1448 35.2087
1027.0000 1017.9140 7.1215 35.2087
1029.0000 1019.8915 7.1049 35.2083
1031.0000 1021.8689 7.0949 35.2085
1033.0000 1023.8462 7.0879 35.2088
1035.0000 1025.8237 7.0824 35.2091
1037.0000 1027.8010 7.0747 35.2095
1039.0000 1029.7783 7.0690 35.2101
1041.0000 1031.7556 7.0645 35.2104
1043.0000 1033.7329 7.0662 35.2101
1045.0000 1035.7102 7.0585 35.2107
1047.0000 1037.6875 7.0537 35.2109
1049.0000 1039.6649 7.0478 35.2111
1051.0000 1041.6421 7.0414 35.2115
1053.0000 1043.6193 7.0290 35.2107
1055.0000 1045.5966 7.0143 35.2107
1057.0000 1047.5737 7.0076 35.2109
1059.0000 1049.5508 6.9995 35.2116
1061.0000 1051.5280 6.9859 35.2121
1063.0000 1053.5051 6.9812 35.2121
1065.0000 1055.4823 6.9703 35.2124
1067.0000 1057.4594 6.9671 35.2124
1069.0000 1059.4363 6.9696 35.2124
1071.0000 1061.4133 6.9615 35.2123
1073.0000 1063.3904 6.9528 35.2123
1075.0000 1065.3674 6.9505 35.2124
1077.0000 1067.3445 6.9488 35.2125
1079.0000 1069.3213 6.9465 35.2124
1081.0000 1071.2983 6.9401 35.2123
1083.0000 1073.2754 6.9330 35.2124
1085.0000 1075.2523 6.9262 35.2125
1087.0000 1077.2291 6.9222 35.2126
1089.0000 1079.2061 6.9133 35.2120
1091.0000 1081.1829 6.9018 35.2121
1093.0000 1083.1597 6.8920 35.2135
1095.0000 1085.1366 6.8885 35.2155
1097.0000 1087.1134 6.8843 35.2168
1099.0000 1089.0902 6.8681 35.2166
1101.0000 1091.0668 6.8629 35.2185
1103.0000 1093.0437 6.8522 35.2196
1105.0000 1095.0205 6.8437 35.2196
1107.0000 1096.9971 6.8319 35.2198
1109.0000 1098.9739 6.8134 35.2201
1111.0000 1100.9506 6.8077 35.2201
1113.0000 1102.9271 6.7923 35.2193
1115.0000 1104.9038 6.7857 35.2199
1117.0000 1106.8805 6.7782 35.2211
1119.0000 1108.8571 6.7812 35.2211
1121.0000 1110.8335 6.7787 35.2213
1123.0000 1112.8102 6.7648 35.2220
1125.0000 1114.7866 6.7512 35.2206
1127.0000 1116.7632 6.7233 35.2174
1129.0000 1118.7397 6.7152 35.2165
1131.0000 1120.7163 6.7120 35.2177
1133.0000 1122.6929 6.7023 35.2176
1135.0000 1124.6692 6.6929 35.2183
1137.0000 1126.6456 6.6952 35.2185
1139.0000 1128.6219 6.6740 35.2186
1141.0000 1130.5984 6.6606 35.2185
1143.0000 1132.5748 6.6513 35.2181
1145.0000 1134.5511 6.6441 35.2193
1147.0000 1136.5276 6.6439 35.2197
1149.0000 1138.5038 6.6387 35.2191
1151.0000 1140.4802 6.6255 35.2176
1153.0000 1142.4565 6.6121 35.2171
1155.0000 1144.4326 6.6060 35.2174
1157.0000 1146.4089 6.6031 35.2185
1159.0000 1148.3851 6.5964 35.2210
1161.0000 1150.3615 6.5924 35.2223
1163.0000 1152.3375 6.5906 35.2223
1165.0000 1154.3138 6.5852 35.2220
1167.0000 1156.2899 6.5809 35.2223
1169.0000 1158.2660 6.5763 35.2225
1171.0000 1160.2422 6.5681 35.2227
1173.0000 1162.2183 6.5567 35.2223
1175.0000 1164.1943 6.5462 35.2227
1177.0000 1166.1703 6.5413 35.2228
1179.0000 1168.1464 6.5320 35.2229
1181.0000 1170.1226 6.5224 35.2231
1183.0000 1172.0984 6.5090 35.2229
1185.0000 1174.0745 6.5027 35.2231
1187.0000 1176.0505 6.5072 35.2234
1189.0000 1178.0265 6.5316 35.2334
1191.0000 1180.0023 6.5321 35.2334
1193.0000 1181.9781 6.5142 35.2309
1195.0000 1183.9541 6.4942 35.2282
1197.0000 1185.9298 6.4591 35.2251
1199.0000 1187.9058 6.4598 35.2259
1201.0000 1189.8817 6.4636 35.2259
1203.0000 1191.8575 6.4632 35.2273
1205.0000 1193.8333 6.4572 35.2275
1207.0000 1195.8091 6.4485 35.2270
1209.0000 1197.7849 6.4476 35.2307
1211.0000 1199.7605 6.4697 35.2362
1213.0000 1201.7363 6.4941 35.2426
1215.0000 1203.7120 6.4984 35.2434
1217.0000 1205.6877 6.4819 35.2405
1219.0000 1207.6633 6.4690 35.2386
1221.0000 1209.6389 6.4522 35.2361
1223.0000 1211.6146 6.4198 35.2301
1225.0000 1213.5902 6.4060 35.2288
1227.0000 1215.5658 6.3999 35.2295
1229.0000 1217.5414 6.3969 35.2301
1231.0000 1219.5170 6.3942 35.2304
1233.0000 1221.4926 6.3944 35.2313
1235.0000 1223.4680 6.3914 35.2313
1237.0000 1225.4437 6.3771 35.2309
1239.0000 1227.4191 6.3779 35.2333
1241.0000 1229.3945 6.3809 35.2335
1243.0000 1231.3700 6.3859 35.2375
1245.0000 1233.3453 6.3987 35.2418
1247.0000 1235.3208 6.4094 35.2450
1249.0000 1237.2963 6.4287 35.2504
1251.0000 1239.2716 6.4454 35.2556
1253.0000 1241.2469 6.4481 35.2576
1255.0000 1243.2223 6.4420 35.2547
1257.0000 1245.1976 6.4676 35.2650
1259.0000 1247.1729 6.4855 35.2704
1261.0000 1249.1482 6.4848 35.2704
1263.0000 1251.1234 6.4684 35.2676
1265.0000 1253.0988 6.4414 35.2636
1267.0000 1255.0740 6.4440 35.2643
1269.0000 1257.0491 6.4214 35.2588
1271.0000 1259.0243 6.3608 35.2515
1273.0000 1260.9994 6.3732 35.2553
1275.0000 1262.9745 6.3763 35.2558
1277.0000 1264.9497 6.3848 35.2598
1279.0000 1266.9247 6.3741 35.2576
1281.0000 1268.8998 6.3452 35.2561
1283.0000 1270.8749 6.3440 35.2589
1285.0000 1272.8500 6.3319 35.2584
1287.0000 1274.8250 6.3314 35.2597
1289.0000 1276.8000 6.3333 35.2616
1291.0000 1278.7750 6.3122 35.2599
1293.0000 1280.7500 6.2932 35.2577
1295.0000 1282.7250 6.2823 35.2565
1297.0000 1284.7000 6.2709 35.2558
1299.0000 1286.6749 6.2519 35.2542
1301.0000 1288.6497 6.2379 35.2525
1303.0000 1290.6248 6.2223 35.2510
1305.0000 1292.5996 6.2146 35.2502
1307.0000 1294.5745 6.2043 35.2492
1309.0000 1296.5493 6.1992 35.2496
1311.0000 1298.5243 6.1945 35.2490
1313.0000 1300.4990 6.1734 35.2470
1315.0000 1302.4736 6.1527 35.2442
1317.0000 1304.4485 6.1425 35.2437
1319.0000 1306.4232 6.1323 35.2430
1321.0000 1308.3979 6.1334 35.2440
1323.0000 1310.3726 6.1229 35.2429
1325.0000 1312.3474 6.1121 35.2417
1327.0000 1314.3220 6.0745 35.2378
1329.0000 1316.2966 6.0606 35.2363
1331.0000 1318.2712 6.0506 35.2357
1333.0000 1320.2458 6.0487 35.2355
1335.0000 1322.2205 6.0513 35.2356
1337.0000 1324.1951 6.0343 35.2345
1339.0000 1326.1696 6.0266 35.2340
1341.0000 1328.1440 6.0135 35.2326
1343.0000 1330.1187 6.0036 35.2316
1345.0000 1332.0931 5.9917 35.2305
1347.0000 1334.0676 5.9857 35.2302
1349.0000 1336.0420 5.9699 35.2285
1351.0000 1338.0165 5.9635 35.2282
1353.0000 1339.9910 5.9617 35.2275
1355.0000 1341.9652 5.9348 35.2247
1357.0000 1343.9398 5.9270 35.2236
1359.0000 1345.9142 5.9152 35.2223
1361.0000 1347.8885 5.8948 35.2201
1363.0000 1349.8628 5.8759 35.2183
1365.0000 1351.8372 5.8577 35.2169
1367.0000 1353.8115 5.8575 35.2176
1369.0000 1355.7856 5.8548 35.2175
1371.0000 1357.7600 5.8456 35.2165
1373.0000 1359.7343 5.8343 35.2164
1375.0000 1361.7084 5.8333 35.2182
1377.0000 1363.6825 5.8156 35.2169
1379.0000 1365.6569 5.7917 35.2149
1381.0000 1367.6310 5.7843 35.2129
1383.0000 1369.6051 5.7766 35.2126
1385.0000 1371.5792 5.7725 35.2120
1387.0000 1373.5535 5.7709 35.2123
1389.0000 1375.5276 5.7731 35.2143
1391.0000 1377.5015 5.7754 35.2157
1393.0000 1379.4756 5.7761 35.2152
1395.0000 1381.4496 5.7778 35.2166
1397.0000 1383.4236 5.7747 35.2170
1399.0000 1385.3976 5.7679 35.2163
1401.0000 1387.3716 5.7548 35.2151
1403.0000 1389.3457 5.7464 35.2144
1405.0000 1391.3195 5.7400 35.2139
1407.0000 1393.2935 5.7362 35.2136
1409.0000 1395.2675 5.7300 35.2129
1411.0000 1397.2412 5.7291 35.2128
1413.0000 1399.2151 5.7113 35.2114
1415.0000 1401.1890 5.7036 35.2106
1417.0000 1403.1627 5.6976 35.2101
1419.0000 1405.1366 5.6891 35.2096
1421.0000 1407.1105 5.6748 35.2080
1423.0000 1409.0842 5.6648 35.2073
1425.0000 1411.0580 5.6514 35.2061
1427.0000 1413.0317 5.6371 35.2051
1429.0000 1415.0055 5.6301 35.2048
1431.0000 1416.9791 5.6208 35.2041
1433.0000 1418.9528 5.6093 35.2034
1435.0000 1420.9265 5.6016 35.2033
1437.0000 1422.9001 5.6013 35.2033
1439.0000 1424.8738 5.5997 35.2032
1441.0000 1426.8474 5.5876 35.2017
1443.0000 1428.8209 5.5859 35.2019
1445.0000 1430.7944 5.5773 35.2006
1447.0000 1432.7679 5.5658 35.2001
1449.0000 1434.7417 5.5558 35.1991
1451.0000 1436.7153 5.5604 35.1995
1453.0000 1438.6887 5.5376 35.1978
1455.0000 1440.6621 5.5307 35.1976
1457.0000 1442.6356 5.5275 35.1980
1459.0000 1444.6089 5.5171 35.1966
1461.0000 1446.5824 5.5136 35.1970
1463.0000 1448.5560 5.5044 35.1963
1465.0000 1450.5294 5.4984 35.1956
1467.0000 1452.5026 5.4895 35.1948
1469.0000 1454.4761 5.4773 35.1946
1471.0000 1456.4493 5.4671 35.1938
1473.0000 1458.4225 5.4604 35.1932
1475.0000 1460.3960 5.4482 35.1923
1477.0000 1462.3693 5.4402 35.1917
1479.0000 1464.3424 5.4430 35.1921
1481.0000 1466.3157 5.4389 35.1918
1483.0000 1468.2889 5.4392 35.1918
1485.0000 1470.2622 5.4387 35.1920
1487.0000 1472.2354 5.4369 35.1926
1489.0000 1474.2085 5.4297 35.1917
1491.0000 1476.1816 5.4198 35.1911
1493.0000 1478.1548 5.4140 35.1907
1495.0000 1480.1278 5.4125 35.1908
1497.0000 1482.1011 5.4074 35.1901
1499.0000 1484.0742 5.4156 35.1909
1501.0000 1486.0470 5.3937 35.1882
1503.0000 1488.0201 5.3751 35.1868
1505.0000 1489.9932 5.3711 35.1867
1507.0000 1491.9662 5.3621 35.1856
1509.0000 1493.9392 5.3514 35.1845
1511.0000 1495.9121 5.3436 35.1840
1513.0000 1497.8851 5.3518 35.1848
1515.0000 1499.8579 5.3467 35.1844
1517.0000 1501.8309 5.3335 35.1838
1519.0000 1503.8038 5.3290 35.1835
1521.0000 1505.7766 5.3216 35.1828
1523.0000 1507.7495 5.3139 35.1821
1525.0000 1509.7224 5.3035 35.1815
1527.0000 1511.6953 5.3003 35.1814
1529.0000 1513.6680 5.2923 35.1808
1531.0000 1515.6407 5.2875 35.1809
1533.0000 1517.6135 5.2812 35.1797
1535.0000 1519.5863 5.2719 35.1792
1537.0000 1521.5591 5.2544 35.1774
1539.0000 1523.5317 5.2443 35.1764
1541.0000 1525.5043 5.2372 35.1754
1543.0000 1527.4771 5.2232 35.1741
1545.0000 1529.4498 5.2128 35.1733
1547.0000 1531.4224 5.2177 35.1740
1549.0000 1533.3949 5.2172 35.1736
1551.0000 1535.3677 5.2091 35.1732
1553.0000 1537.3402 5.2007 35.1722
1555.0000 1539.3126 5.1849 35.1705
1557.0000 1541.2852 5.1803 35.1701
1559.0000 1543.2578 5.1741 35.1692
1561.0000 1545.2303 5.1658 35.1684
1563.0000 1547.2026 5.1574 35.1677
1565.0000 1549.1752 5.1482 35.1668
1567.0000 1551.1478 5.1395 35.1662
1569.0000 1553.1201 5.1362 35.1661
1571.0000 1555.0925 5.1269 35.1650
1573.0000 1557.0649 5.1220 35.1648
1575.0000 1559.0374 5.1204 35.1646
1577.0000 1561.0096 5.1159 35.1640
1579.0000 1562.9819 5.1145 35.1639
1581.0000 1564.9542 5.1102 35.1635
1583.0000 1566.9266 5.1060 35.1631
1585.0000 1568.8989 5.1063 35.1630
1587.0000 1570.8712 5.0983 35.1622
1589.0000 1572.8435 5.0900 35.1614
1591.0000 1574.8156 5.0813 35.1606
1593.0000 1576.7878 5.0755 35.1604
1595.0000 1578.7600 5.0729 35.1604
1597.0000 1580.7322 5.0671 35.1598
1599.0000 1582.7043 5.0723 35.1602
1601.0000 1584.6765 5.0547 35.1587
1603.0000 1586.6487 5.0473 35.1578
1605.0000 1588.6207 5.0397 35.1572
1607.0000 1590.5928 5.0271 35.1559
1609.0000 1592.5648 5.0181 35.1550
1611.0000 1594.5369 5.0192 35.1553
1613.0000 1596.5089 5.0112 35.1546
1615.0000 1598.4810 5.0055 35.1543
1617.0000 1600.4529 5.0020 35.1540
1619.0000 1602.4249 5.0009 35.1539
1621.0000 1604.3969 4.9898 35.1531
1623.0000 1606.3689 4.9799 35.1521
1625.0000 1608.3407 4.9601 35.1502
1627.0000 1610.3125 4.9462 35.1491
1629.0000 1612.2844 4.9353 35.1479
1631.0000 1614.2562 4.9286 35.1474
1633.0000 1616.2281 4.9239 35.1469
1635.0000 1618.2000 4.9221 35.1467
1637.0000 1620.1719 4.9189 35.1465
1639.0000 1622.1436 4.9127 35.1462
1641.0000 1624.1154 4.9018 35.1451
1643.0000 1626.0872 4.8978 35.1447
1645.0000 1628.0588 4.8924 35.1442
1647.0000 1630.0304 4.8793 35.1431
1649.0000 1632.0023 4.8742 35.1427
1651.0000 1633.9740 4.8675 35.1421
1653.0000 1635.9454 4.8640 35.1418
1655.0000 1637.9172 4.8532 35.1408
1657.0000 1639.8889 4.8490 35.1406
1659.0000 1641.8602 4.8451 35.1403
1661.0000 1643.8320 4.8408 35.1399
1663.0000 1645.8036 4.8468 35.1403
1665.0000 1647.7751 4.8386 35.1395
1667.0000 1649.7466 4.8265 35.1386
1669.0000 1651.7181 4.8174 35.1378
1671.0000 1653.6896 4.8132 35.1376
1673.0000 1655.6611 4.8114 35.1374
1675.0000 1657.6326 4.8124 35.1378
1677.0000 1659.6041 4.8051 35.1367
1679.0000 1661.5753 4.7951 35.1360
1681.0000 1663.5469 4.7906 35.1358
1683.0000 1665.5183 4.7874 35.1355
1685.0000 1667.4896 4.7828 35.1350
1687.0000 1669.4608 4.7763 35.1345
1689.0000 1671.4324 4.7728 35.1342
1691.0000 1673.4037 4.7682 35.1338
1693.0000 1675.3749 4.7635 35.1335
1695.0000 1677.3462 4.7604 35.1333
1697.0000 1679.3174 4.7610 35.1332
1699.0000 1681.2887 4.7509 35.1324
1701.0000 1683.2599 4.7450 35.1318
1703.0000 1685.2310 4.7378 35.1310
1705.0000 1687.2023 4.7320 35.1306
1707.0000 1689.1732 4.7242 35.1299
1709.0000 1691.1447 4.7258 35.1301
1711.0000 1693.1157 4.7165 35.1285
1713.0000 1695.0869 4.7015 35.1273
1715.0000 1697.0579 4.6939 35.1266
1717.0000 1699.0289 4.6878 35.1259
1719.0000 1701.0001 4.6737 35.1248
1721.0000 1702.9708 4.6697 35.1243
1723.0000 1704.9420 4.6654 35.1240
1725.0000 1706.9131 4.6554 35.1229
1727.0000 1708.8840 4.6544 35.1225
1729.0000 1710.8550 4.6360 35.1210
1731.0000 1712.8259 4.6252 35.1200
1733.0000 1714.7969 4.6109 35.1188
1735.0000 1716.7676 4.6036 35.1181
1737.0000 1718.7385 4.6010 35.1180
1739.0000 1720.7097 4.6036 35.1182
1741.0000 1722.6802 4.5976 35.1178
1743.0000 1724.6511 4.5948 35.1175
1745.0000 1726.6221 4.5841 35.1164
1747.0000 1728.5928 4.5781 35.1155
1749.0000 1730.5635 4.5762 35.1155
1751.0000 1732.5343 4.5652 35.1140
1753.0000 1734.5051 4.5628 35.1139
1755.0000 1736.4757 4.5636 35.1141
1757.0000 1738.4464 4.5631 35.1142
1759.0000 1740.4171 4.5623 35.1145
1761.0000 1742.3878 4.5625 35.1143
1763.0000 1744.3584 4.5563 35.1134
1765.0000 1746.3291 4.5442 35.1121
1767.0000 1748.2998 4.5410 35.1117
1769.0000 1750.2701 4.5394 35.1117
1771.0000 1752.2408 4.5268 35.1101
1773.0000 1754.2115 4.5179 35.1091
1775.0000 1756.1821 4.5074 35.1079
1777.0000 1758.1525 4.4959 35.1066
1779.0000 1760.1229 4.4819 35.1051
1781.0000 1762.0936 4.4778 35.1048
1783.0000 1764.0637 4.4739 35.1045
1785.0000 1766.0344 4.4676 35.1039
1787.0000 1768.0048 4.4677 35.1038
1789.0000 1769.9755 4.4619 35.1034
1791.0000 1771.9456 4.4583 35.1030
1793.0000 1773.9161 4.4540 35.1025
1795.0000 1775.8865 4.4515 35.1023
1797.0000 1777.8566 4.4477 35.1021
1799.0000 1779.8270 4.4304 35.1002
1801.0000 1781.7974 4.4359 35.1013
1803.0000 1783.7675 4.4286 35.0999
1805.0000 1785.7378 4.4164 35.0993
1807.0000 1787.7083 4.4112 35.0989
1809.0000 1789.6783 4.4049 35.0981
1811.0000 1791.6484 4.4021 35.0982
1813.0000 1793.6188 4.3976 35.0974
1815.0000 1795.5891 4.3905 35.0962
1817.0000 1797.5590 4.3828 35.0953
1819.0000 1799.5293 4.3811 35.0952
1821.0000 1801.4994 4.3780 35.0945
1823.0000 1803.4696 4.3725 35.0940
1825.0000 1805.4393 4.3686 35.0935
1827.0000 1807.4097 4.3654 35.0931
1829.0000 1809.3795 4.3602 35.0927
1831.0000 1811.3496 4.3553 35.0920
1833.0000 1813.3196 4.3509 35.0918
1835.0000 1815.2898 4.3538 35.0928
1837.0000 1817.2596 4.3563 35.0930
1839.0000 1819.2296 4.3448 35.0915
1841.0000 1821.1995 4.3316 35.0901
1843.0000 1823.1696 4.3295 35.0900
1845.0000 1825.1393 4.3296 35.0903
1847.0000 1827.1091 4.3297 35.0908
1849.0000 1829.0790 4.3287 35.0910
1851.0000 1831.0491 4.3260 35.0906
1853.0000 1833.0186 4.3157 35.0892
1855.0000 1834.9885 4.3049 35.0876
1857.0000 1836.9584 4.2999 35.0871
1859.0000 1838.9281 4.2982 35.0870
1861.0000 1840.8977 4.2989 35.0877
1863.0000 1842.8676 4.2989 35.0880
1865.0000 1844.8372 4.2941 35.0878
1867.0000 1846.8070 4.2928 35.0877
1869.0000 1848.7769 4.2913 35.0874
1871.0000 1850.7463 4.2853 35.0866
1873.0000 1852.7161 4.2797 35.0861
1875.0000 1854.6854 4.2797 35.0857
1877.0000 1856.6554 4.2690 35.0846
1879.0000 1858.6246 4.2649 35.0844
1881.0000 1860.5944 4.2595 35.0835
1883.0000 1862.5640 4.2542 35.0833
1885.0000 1864.5337 4.2528 35.0831
1887.0000 1866.5029 4.2535 35.0828
1889.0000 1868.4724 4.2386 35.0813
1891.0000 1870.4420 4.2310 35.0802
1893.0000 1872.4114 4.2225 35.0792
1895.0000 1874.3810 4.2135 35.0783
1897.0000 1876.3502 4.2078 35.0777
1899.0000 1878.3197 4.2005 35.0769
1901.0000 1880.2889 4.1925 35.0762
1903.0000 1882.2584 4.1853 35.0754
1905.0000 1884.2277 4.1812 35.0751
1907.0000 1886.1970 4.1780 35.0748
1909.0000 1888.1664 4.1770 35.0747
1911.0000 1890.1357 4.1717 35.0740
1913.0000 1892.1051 4.1653 35.0734
1915.0000 1894.0742 4.1614 35.0730
1917.0000 1896.0435 4.1567 35.0726
1919.0000 1898.0127 4.1537 35.0724
1921.0000 1899.9818 4.1528 35.0725
1923.0000 1901.9513 4.1496 35.0723
1925.0000 1903.9203 4.1426 35.0716
1927.0000 1905.8894 4.1378 35.0711
1929.0000 1907.8584 4.1322 35.0704
1931.0000 1909.8276 4.1274 35.0698
1933.0000 1911.7969 4.1237 35.0694
1935.0000 1913.7657 4.1219 35.0692
1937.0000 1915.7350 4.1193 35.0690
1939.0000 1917.7039 4.1182 35.0691
1941.0000 1919.6729 4.1151 35.0688
1943.0000 1921.6420 4.1074 35.0681
1945.0000 1923.6110 4.1006 35.0676
1947.0000 1925.5801 4.0981 35.0675
1949.0000 1927.5487 4.0919 35.0670
1951.0000 1929.5179 4.0901 35.0667
1953.0000 1931.4869 4.0737 35.0654
1955.0000 1933.4554 4.0722 35.0651
1957.0000 1935.4244 4.0657 35.0644
1959.0000 1937.3933 4.0630 35.0642
1961.0000 1939.3623 4.0601 35.0640
1963.0000 1941.3309 4.0545 35.0634
1965.0000 1943.2998 4.0511 35.0631
1967.0000 1945.2687 4.0471 35.0627
1969.0000 1947.2374 4.0491 35.0628
1971.0000 1949.2061 4.0400 35.0617
1973.0000 1951.1749 4.0322 35.0612
1975.0000 1953.1436 4.0253 35.0605
1977.0000 1955.1122 4.0229 35.0601
1979.0000 1957.0811 4.0179 35.0599
1981.0000 1959.0497 4.0122 35.0592
1983.0000 1961.0181 4.0061 35.0589
1985.0000 1962.9869 4.0055 35.0586
1987.0000 1964.9556 3.9977 35.0582
1989.0000 1966.9242 3.9963 35.0581
1991.0000 1968.8926 3.9945 35.0578
1993.0000 1970.8612 3.9907 35.0574
1995.0000 1972.8298 3.9858 35.0571
1997.0000 1974.7983 3.9837 35.0579
1999.0000 1976.7667 3.9781 35.0572
2001.0000 1978.7354 3.9726 35.0564
2003.0000 1980.7037 3.9541 35.0542
2005.0000 1982.6720 3.9546 35.0542
2007.0000 1984.6406 3.9554 35.0543
2009.0000 1986.6088 3.9494 35.0531
2011.0000 1988.5773 3.9345 35.0509
2013.0000 1990.5457 3.9348 35.0508
2015.0000 1992.5140 3.9240 35.0495
2017.0000 1994.4823 3.9172 35.0485
2019.0000 1996.4507 3.9158 35.0483
2021.0000 1998.4191 3.9118 35.0478
2023.0000 2000.3873 3.9070 35.0472
2025.0000 2002.3556 3.8977 35.0460
2027.0000 2004.3237 3.8912 35.0455
2029.0000 2006.2920 3.8872 35.0450
2031.0000 2008.2601 3.8807 35.0442
2033.0000 2010.2284 3.8743 35.0435
2035.0000 2012.1965 3.8685 35.0430
2037.0000 2014.1648 3.8714 35.0432
2039.0000 2016.1328 3.8604 35.0422
2041.0000 2018.1008 3.8534 35.0416
2043.0000 2020.0690 3.8502 35.0411
2045.0000 2022.0370 3.8469 35.0408
2047.0000 2024.0050 3.8451 35.0406
2049.0000 2025.9733 3.8452 35.0406
2051.0000 2027.9414 3.8425 35.0406
2053.0000 2029.9092 3.8403 35.0406
2055.0000 2031.8772 3.8403 35.0407
2057.0000 2033.8452 3.8367 35.0409
2059.0000 2035.8130 3.8383 35.0417
2061.0000 2037.7810 3.8374 35.0415
2063.0000 2039.7490 3.8331 35.0411
2065.0000 2041.7168 3.8353 35.0417
2067.0000 2043.6846 3.8338 35.0416
2069.0000 2045.6526 3.8278 35.0412
2071.0000 2047.6206 3.8275 35.0414
2073.0000 2049.5881 3.8277 35.0417
2075.0000 2051.5559 3.8289 35.0421
2077.0000 2053.5239 3.8256 35.0414
2079.0000 2055.4915 3.8174 35.0406
2081.0000 2057.4595 3.8184 35.0406
2083.0000 2059.4272 3.8101 35.0398
2085.0000 2061.3950 3.8093 35.0398
2087.0000 2063.3625 3.8074 35.0396
2089.0000 2065.3301 3.7977 35.0381
2091.0000 2067.2979 3.7920 35.0376
2093.0000 2069.2654 3.7908 35.0374
2095.0000 2071.2332 3.7889 35.0369
2097.0000 2073.2007 3.7794 35.0364
2099.0000 2075.1685 3.7759 35.0360
2101.0000 2077.1357 3.7789 35.0361
2103.0000 2079.1035 3.7693 35.0351
2105.0000 2081.0710 3.7571 35.0340
2107.0000 2083.0383 3.7552 35.0340
2109.0000 2085.0059 3.7543 35.0335
2111.0000 2086.9734 3.7398 35.0317
2113.0000 2088.9409 3.7332 35.0310
2115.0000 2090.9082 3.7314 35.0308
2117.0000 2092.8757 3.7279 35.0306
2119.0000 2094.8433 3.7271 35.0310
2121.0000 2096.8103 3.7258 35.0308
2123.0000 2098.7778 3.7226 35.0305
2125.0000 2100.7454 3.7215 35.0303
2127.0000 2102.7124 3.7189 35.0300
2129.0000 2104.6802 3.7133 35.0297
2131.0000 2106.6472 3.7086 35.0290
2133.0000 2108.6145 3.7055 35.0287
2135.0000 2110.5818 3.6981 35.0278
2137.0000 2112.5491 3.6958 35.0277
2139.0000 2114.5161 3.6957 35.0274
2141.0000 2116.4832 3.6868 35.0264
2143.0000 2118.4507 3.6799 35.0256
2145.0000 2120.4177 3.6753 35.0251
2147.0000 2122.3853 3.6718 35.0246
2149.0000 2124.3518 3.6633 35.0233
2151.0000 2126.3191 3.6614 35.0236
2153.0000 2128.2864 3.6589 35.0230
2155.0000 2130.2534 3.6591 35.0238
2157.0000 2132.2205 3.6619 35.0245
2159.0000 2134.1875 3.6622 35.0247
2161.0000 2136.1545 3.6569 35.0246
2163.0000 2138.1213 3.6508 35.0241
2165.0000 2140.0886 3.6487 35.0237
2167.0000 2142.0557 3.6465 35.0235
2169.0000 2144.0222 3.6424 35.0229
2171.0000 2145.9893 3.6363 35.0226
2173.0000 2147.9563 3.6371 35.0224
2175.0000 2149.9233 3.6306 35.0218
2177.0000 2151.8901 3.6276 35.0215
2179.0000 2153.8569 3.6236 35.0210
2181.0000 2155.8237 3.6190 35.0205
2183.0000 2157.7905 3.6191 35.0207
2185.0000 2159.7576 3.6186 35.0209
2187.0000 2161.7241 3.6108 35.0203
2189.0000 2163.6909 3.6091 35.0201
2191.0000 2165.6575 3.6070 35.0199
2193.0000 2167.6245 3.6032 35.0195
2195.0000 2169.5911 3.5999 35.0192
2197.0000 2171.5576 3.5984 35.0189
2199.0000 2173.5247 3.5906 35.0175
2201.0000 2175.4915 3.5852 35.0169
2203.0000 2177.4578 3.5834 35.0169
2205.0000 2179.4246 3.5810 35.0165
2207.0000 2181.3911 3.5759 35.0163
2209.0000 2183.3577 3.5732 35.0159
2211.0000 2185.3242 3.5764 35.0163
2213.0000 2187.2908 3.5745 35.0159
2215.0000 2189.2573 3.5703 35.0157
2217.0000 2191.2236 3.5659 35.0155
2219.0000 2193.1902 3.5659 35.0154
2221.0000 2195.1570 3.5655 35.0153
2223.0000 2197.1235 3.5624 35.0149
2225.0000 2199.0898 3.5618 35.0148
2227.0000 2201.0564 3.5560 35.0144
2229.0000 2203.0225 3.5533 35.0144
2231.0000 2204.9888 3.5541 35.0150
2233.0000 2206.9553 3.5536 35.0150
2235.0000 2208.9216 3.5524 35.0148
2237.0000 2210.8882 3.5461 35.0141
2239.0000 2212.8542 3.5455 35.0141
2241.0000 2214.8208 3.5405 35.0136
2243.0000 2216.7871 3.5395 35.0137
2245.0000 2218.7532 3.5421 35.0145
2247.0000 2220.7195 3.5430 35.0147
2249.0000 2222.6858 3.5390 35.0140
2251.0000 2224.6521 3.5329 35.0132
2253.0000 2226.6182 3.5315 35.0130
2255.0000 2228.5842 3.5301 35.0130
2257.0000 2230.5505 3.5304 35.0129
2259.0000 2232.5164 3.5218 35.0122
2261.0000 2234.4827 3.5153 35.0114
2263.0000 2236.4487 3.5108 35.0110
2265.0000 2238.4146 3.5065 35.0105
2267.0000 2240.3809 3.5025 35.0098
2269.0000 2242.3472 3.5013 35.0097
2271.0000 2244.3132 3.4930 35.0086
2273.0000 2246.2791 3.4866 35.0085
2275.0000 2248.2449 3.4833 35.0081
2277.0000 2250.2112 3.4804 35.0079
2279.0000 2252.1770 3.4778 35.0077
2281.0000 2254.1426 3.4754 35.0075
2283.0000 2256.1089 3.4744 35.0074
2285.0000 2258.0747 3.4722 35.0072
2287.0000 2260.0405 3.4690 35.0067
2289.0000 2262.0066 3.4669 35.0067
2291.0000 2263.9724 3.4640 35.0064
2293.0000 2265.9380 3.4596 35.0058
2295.0000 2267.9041 3.4547 35.0054
2297.0000 2269.8699 3.4540 35.0055
2299.0000 2271.8357 3.4550 35.0055
2301.0000 2273.8013 3.4538 35.0056
2303.0000 2275.7673 3.4483 35.0050
2305.0000 2277.7329 3.4451 35.0048
2307.0000 2279.6982 3.4475 35.0048
2309.0000 2281.6641 3.4438 35.0047
2311.0000 2283.6299 3.4425 35.0046
2313.0000 2285.5955 3.4415 35.0045
2315.0000 2287.5610 3.4363 35.0036
2317.0000 2289.5266 3.4303 35.0032
2319.0000 2291.4924 3.4275 35.0030
2321.0000 2293.4578 3.4276 35.0029
2323.0000 2295.4236 3.4264 35.0027
2325.0000 2297.3889 3.4243 35.0027
2327.0000 2299.3545 3.4203 35.0022
2329.0000 2301.3201 3.4204 35.0020
2331.0000 2303.2856 3.4164 35.0017
2333.0000 2305.2512 3.4115 35.0014
2335.0000 2307.2166 3.4066 35.0010
2337.0000 2309.1819 3.4022 35.0005
2339.0000 2311.1475 3.3996 35.0003
2341.0000 2313.1128 3.3957 35.0000
2343.0000 2315.0781 3.3951 34.9999
2345.0000 2317.0435 3.3925 34.9996
2347.0000 2319.0088 3.3866 34.9992
2349.0000 2320.9741 3.3851 34.9990
2351.0000 2322.9392 3.3821 34.9988
2353.0000 2324.9048 3.3778 34.9984
2355.0000 2326.8699 3.3761 34.9982
2357.0000 2328.8352 3.3731 34.9980
2359.0000 2330.8003 3.3695 34.9978
2361.0000 2332.7656 3.3684 34.9976
2363.0000 2334.7307 3.3665 34.9975
2365.0000 2336.6960 3.3651 34.9974
2367.0000 2338.6614 3.3639 34.9973
2369.0000 2340.6262 3.3607 34.9969
2371.0000 2342.5913 3.3590 34.9969
2373.0000 2344.5566 3.3547 34.9965
2375.0000 2346.5217 3.3533 34.9962
2377.0000 2348.4868 3.3455 34.9957
2379.0000 2350.4519 3.3442 34.9957
2381.0000 2352.4170 3.3407 34.9952
2383.0000 2354.3818 3.3387 34.9951
2385.0000 2356.3469 3.3381 34.9951
2387.0000 2358.3120 3.3356 34.9948
2389.0000 2360.2769 3.3308 34.9943
2391.0000 2362.2419 3.3273 34.9941
2393.0000 2364.2068 3.3226 34.9937
2395.0000 2366.1719 3.3196 34.9935
2397.0000 2368.1365 3.3188 34.9934
2399.0000 2370.1016 3.3184 34.9935
2401.0000 2372.0664 3.3169 34.9933
2403.0000 2374.0310 3.3172 34.9931
2405.0000 2375.9958 3.3102 34.9927
2407.0000 2377.9607 3.3070 34.9923
2409.0000 2379.9255 3.3043 34.9921
2411.0000 2381.8901 3.3012 34.9919
2413.0000 2383.8550 3.2994 34.9917
2415.0000 2385.8198 3.3009 34.9917
2417.0000 2387.7844 3.3009 34.9917
2419.0000 2389.7495 3.2949 34.9913
2421.0000 2391.7141 3.2931 34.9911
2423.0000 2393.6787 3.2887 34.9909
2425.0000 2395.6433 3.2868 34.9907
2427.0000 2397.6079 3.2842 34.9903
2429.0000 2399.5728 3.2818 34.9901
2431.0000 2401.5371 3.2789 34.9898
2433.0000 2403.5017 3.2785 34.9898
2435.0000 2405.4663 3.2755 34.9895
2437.0000 2407.4309 3.2714 34.9891
2439.0000 2409.3953 3.2687 34.9889
2441.0000 2411.3596 3.2675 34.9888
2443.0000 2413.3245 3.2660 34.9887
2445.0000 2415.2886 3.2661 34.9886
2447.0000 2417.2529 3.2641 34.9886
2449.0000 2419.2178 3.2638 34.9885
2451.0000 2421.1819 3.2617 34.9882
2453.0000 2423.1462 3.2611 34.9882
2455.0000 2425.1108 3.2600 34.9881
2457.0000 2427.0754 3.2562 34.9877
2459.0000 2429.0393 3.2589 34.9878
2461.0000 2431.0039 3.2537 34.9875
2463.0000 2432.9683 3.2541 34.9873
2465.0000 2434.9324 3.2512 34.9873
2467.0000 2436.8965 3.2505 34.9872
2469.0000 2438.8611 3.2487 34.9869
2471.0000 2440.8252 3.2459 34.9866
2473.0000 2442.7893 3.2383 34.9859
2475.0000 2444.7534 3.2379 34.9858
2477.0000 2446.7178 3.2331 34.9854
2479.0000 2448.6816 3.2248 34.9847
2481.0000 2450.6460 3.2182 34.9841
2483.0000 2452.6104 3.2141 34.9837
2485.0000 2454.5745 3.2100 34.9833
2487.0000 2456.5383 3.2102 34.9832
2489.0000 2458.5024 3.2047 34.9829
2491.0000 2460.4666 3.2017 34.9826
2493.0000 2462.4304 3.1986 34.9825
2495.0000 2464.3945 3.1972 34.9824
2497.0000 2466.3584 3.1956 34.9822
2499.0000 2468.3225 3.1938 34.9820
2501.0000 2470.2864 3.1914 34.9817
2503.0000 2472.2505 3.1893 34.9816
2505.0000 2474.2146 3.1859 34.9814
2507.0000 2476.1782 3.1850 34.9811
2509.0000 2478.1421 3.1826 34.9811
2511.0000 2480.1060 3.1799 34.9808
2513.0000 2482.0701 3.1784 34.9806
2515.0000 2484.0337 3.1776 34.9806
2517.0000 2485.9973 3.1758 34.9803
2519.0000 2487.9612 3.1702 34.9797
2521.0000 2489.9250 3.1669 34.9794
2523.0000 2491.8889 3.1625 34.9789
2525.0000 2493.8525 3.1596 34.9788
2527.0000 2495.8162 3.1569 34.9784
2529.0000 2497.7800 3.1529 34.9782
2531.0000 2499.7437 3.1516 34.9780
2533.0000 2501.7075 3.1495 34.9779
2535.0000 2503.6711 3.1480 34.9777
2537.0000 2505.6348 3.1424 34.9772
2539.0000 2507.5984 3.1405 34.9770
2541.0000 2509.5618 3.1370 34.9766
2543.0000 2511.5254 3.1346 34.9764
2545.0000 2513.4890 3.1324 34.9762
2547.0000 2515.4526 3.1293 34.9760
2549.0000 2517.4163 3.1283 34.9759
2551.0000 2519.3799 3.1265 34.9757
2553.0000 2521.3433 3.1244 34.9755
2555.0000 2523.3066 3.1232 34.9754
2557.0000 2525.2700 3.1225 34.9753
2559.0000 2527.2334 3.1216 34.9753
2561.0000 2529.1970 3.1205 34.9751
2563.0000 2531.1604 3.1189 34.9749
2565.0000 2533.1238 3.1142 34.9746
2567.0000 2535.0872 3.1133 34.9744
2569.0000 2537.0503 3.1115 34.9742
2571.0000 2539.0137 3.1106 34.9741
2573.0000 2540.9771 3.1096 34.9740
2575.0000 2542.9407 3.1044 34.9735
2577.0000 2544.9036 3.1008 34.9731
2579.0000 2546.8669 3.0980 34.9729
2581.0000 2548.8303 3.0968 34.9729
2583.0000 2550.7932 3.0960 34.9727
2585.0000 2552.7568 3.0937 34.9723
2587.0000 2554.7200 3.0906 34.9723
2589.0000 2556.6829 3.0896 34.9722
2591.0000 2558.6460 3.0870 34.9718
2593.0000 2560.6094 3.0819 34.9714
2595.0000 2562.5725 3.0777 34.9709
2597.0000 2564.5356 3.0774 34.9709
2599.0000 2566.4985 3.0754 34.9707
2601.0000 2568.4619 3.0733 34.9705
2603.0000 2570.4246 3.0704 34.9703
2605.0000 2572.3875 3.0693 34.9701
2607.0000 2574.3508 3.0694 34.9700
2609.0000 2576.3140 3.0670 34.9699
2611.0000 2578.2766 3.0642 34.9697
2613.0000 2580.2395 3.0658 34.9697
2615.0000 2582.2029 3.0617 34.9694
2617.0000 2584.1655 3.0598 34.9692
2619.0000 2586.1284 3.0596 34.9692
2621.0000 2588.0913 3.0582 34.9691
2623.0000 2590.0542 3.0571 34.9690
2625.0000 2592.0171 3.0568 34.9689
2627.0000 2593.9800 3.0536 34.9684
2629.0000 2595.9429 3.0494 34.9682
2631.0000 2597.9055 3.0471 34.9679
2633.0000 2599.8682 3.0443 34.9676
2635.0000 2601.8313 3.0404 34.9673
2637.0000 2603.7939 3.0392 34.9672
2639.0000 2605.7566 3.0381 34.9671
2641.0000 2607.7190 3.0359 34.9669
2643.0000 2609.6821 3.0346 34.9668
2645.0000 2611.6445 3.0339 34.9668
2647.0000 2613.6074 3.0332 34.9666
2649.0000 2615.5698 3.0315 34.9664
2651.0000 2617.5327 3.0290 34.9662
2653.0000 2619.4951 3.0260 34.9659
2655.0000 2621.4578 3.0254 34.9658
2657.0000 2623.4204 3.0233 34.9657
2659.0000 2625.3828 3.0229 34.9657
2661.0000 2627.3455 3.0208 34.9655
2663.0000 2629.3079 3.0185 34.9652
2665.0000 2631.2703 3.0166 34.9650
2667.0000 2633.2329 3.0142 34.9648
2669.0000 2635.1953 3.0135 34.9648
2671.0000 2637.1577 3.0134 34.9648
2673.0000 2639.1201 3.0121 34.9646
2675.0000 2641.0825 3.0077 34.9642
2677.0000 2643.0452 3.0073 34.9641
2679.0000 2645.0073 3.0061 34.9638
2681.0000 2646.9697 3.0039 34.9637
2683.0000 2648.9321 3.0003 34.9635
2685.0000 2650.8945 2.9973 34.9632
2687.0000 2652.8564 2.9960 34.9631
2689.0000 2654.8191 2.9958 34.9629
2691.0000 2656.7812 2.9926 34.9627
2693.0000 2658.7432 2.9909 34.9625
2695.0000 2660.7056 2.9916 34.9624
2697.0000 2662.6680 2.9873 34.9622
2699.0000 2664.6304 2.9861 34.9621
2701.0000 2666.5923 2.9821 34.9616
2703.0000 2668.5544 2.9786 34.9613
2705.0000 2670.5166 2.9751 34.9610
2707.0000 2672.4785 2.9737 34.9609
2709.0000 2674.4407 2.9727 34.9607
2711.0000 2676.4031 2.9717 34.9606
2713.0000 2678.3647 2.9705 34.9607
2715.0000 2680.3269 2.9679 34.9604
2717.0000 2682.2893 2.9627 34.9598
2719.0000 2684.2512 2.9598 34.9595
2721.0000 2686.2129 2.9584 34.9595
2723.0000 2688.1748 2.9590 34.9593
2725.0000 2690.1372 2.9549 34.9591
2727.0000 2692.0989 2.9531 34.9588
2729.0000 2694.0608 2.9528 34.9589
2731.0000 2696.0229 2.9513 34.9587
2733.0000 2697.9849 2.9499 34.9586
2735.0000 2699.9463 2.9442 34.9578
2737.0000 2701.9084 2.9389 34.9575
2739.0000 2703.8704 2.9367 34.9574
2741.0000 2705.8318 2.9378 34.9574
2743.0000 2707.7939 2.9376 34.9574
2745.0000 2709.7556 2.9368 34.9574
2747.0000 2711.7175 2.9349 34.9571
2749.0000 2713.6792 2.9330 34.9570
2751.0000 2715.6409 2.9328 34.9569
2753.0000 2717.6025 2.9317 34.9567
2755.0000 2719.5642 2.9302 34.9567
2757.0000 2721.5259 2.9270 34.9563
2759.0000 2723.4875 2.9243 34.9561
2761.0000 2725.4495 2.9229 34.9559
2763.0000 2727.4109 2.9198 34.9556
2765.0000 2729.3723 2.9185 34.9553
2767.0000 2731.3342 2.9143 34.9551
2769.0000 2733.2957 2.9118 34.9549
2771.0000 2735.2571 2.9089 34.9545
2773.0000 2737.2188 2.9070 34.9544
2775.0000 2739.1802 2.9050 34.9542
2777.0000 2741.1416 2.9045 34.9542
2779.0000 2743.1033 2.9045 34.9540
2781.0000 2745.0647 2.8997 34.9537
2783.0000 2747.0259 2.8997 34.9537
2785.0000 2748.9875 2.8974 34.9534
2787.0000 2750.9490 2.8963 34.9534
2789.0000 2752.9104 2.8953 34.9533
2791.0000 2754.8716 2.8945 34.9531
2793.0000 2756.8330 2.8939 34.9530
2795.0000 2758.7944 2.8917 34.9528
2797.0000 2760.7556 2.8899 34.9528
2799.0000 2762.7168 2.8893 34.9526
2801.0000 2764.6785 2.8876 34.9524
2803.0000 2766.6394 2.8852 34.9522
2805.0000 2768.6008 2.8841 34.9520
2807.0000 2770.5620 2.8827 34.9520
2809.0000 2772.5234 2.8819 34.9520
2811.0000 2774.4844 2.8800 34.9517
2813.0000 2776.4456 2.8772 34.9515
2815.0000 2778.4067 2.8764 34.9514
2817.0000 2780.3679 2.8759 34.9513
2819.0000 2782.3289 2.8733 34.9510
2821.0000 2784.2903 2.8708 34.9508
2823.0000 2786.2512 2.8715 34.9508
2825.0000 2788.2122 2.8678 34.9505
2827.0000 2790.1733 2.8672 34.9505
2829.0000 2792.1343 2.8644 34.9501
2831.0000 2794.0955 2.8622 34.9500
2833.0000 2796.0564 2.8619 34.9499
2835.0000 2798.0173 2.8601 34.9497
2837.0000 2799.9785 2.8599 34.9497
2839.0000 2801.9392 2.8592 34.9496
2841.0000 2803.9004 2.8588 34.9495
2843.0000 2805.8613 2.8575 34.9495
2845.0000 2807.8220 2.8563 34.9494
2847.0000 2809.7830 2.8553 34.9492
2849.0000 2811.7437 2.8538 34.9491
2851.0000 2813.7046 2.8518 34.9489
2853.0000 2815.6653 2.8513 34.9488
2855.0000 2817.6265 2.8515 34.9488
2857.0000 2819.5872 2.8512 34.9488
2859.0000 2821.5476 2.8511 34.9488
2861.0000 2823.5088 2.8500 34.9487
2863.0000 2825.4692 2.8473 34.9484
2865.0000 2827.4299 2.8437 34.9480
2867.0000 2829.3906 2.8418 34.9479
2869.0000 2831.3516 2.8424 34.9478
2871.0000 2833.3123 2.8381 34.9474
2873.0000 2835.2727 2.8368 34.9474
2875.0000 2837.2334 2.8359 34.9472
2877.0000 2839.1941 2.8349 34.9472
2879.0000 2841.1543 2.8325 34.9469
2881.0000 2843.1150 2.8294 34.9467
2883.0000 2845.0757 2.8272 34.9465
2885.0000 2847.0361 2.8249 34.9462
2887.0000 2848.9968 2.8248 34.9464
2889.0000 2850.9573 2.8239 34.9460
2891.0000 2852.9180 2.8161 34.9454
2893.0000 2854.8779 2.8127 34.9451
2895.0000 2856.8384 2.8103 34.9448
2897.0000 2858.7991 2.8082 34.9447
2899.0000 2860.7595 2.8064 34.9446
2901.0000 2862.7197 2.8065 34.9445
2903.0000 2864.6802 2.8052 34.9443
2905.0000 2866.6406 2.8034 34.9442
2907.0000 2868.6008 2.8014 34.9440
2909.0000 2870.5613 2.7996 34.9439
2911.0000 2872.5217 2.7980 34.9436
2913.0000 2874.4819 2.7955 34.9435
2915.0000 2876.4421 2.7944 34.9432
2917.0000 2878.4026 2.7913 34.9431
2919.0000 2880.3625 2.7882 34.9428
2921.0000 2882.3228 2.7870 34.9426
2923.0000 2884.2832 2.7839 34.9423
2925.0000 2886.2437 2.7815 34.9422
2927.0000 2888.2034 2.7824 34.9422
2929.0000 2890.1636 2.7790 34.9419
2931.0000 2892.1235 2.7770 34.9419
2933.0000 2894.0842 2.7761 34.9417
2935.0000 2896.0439 2.7758 34.9417
2937.0000 2898.0042 2.7750 34.9416
2939.0000 2899.9641 2.7751 34.9415
2941.0000 2901.9241 2.7743 34.9414
2943.0000 2903.8840 2.7723 34.9412
2945.0000 2905.8442 2.7722 34.9411
2947.0000 2907.8042 2.7685 34.9409
2949.0000 2909.7642 2.7664 34.9407
2951.0000 2911.7239 2.7633 34.9403
2953.0000 2913.6843 2.7641 34.9403
2955.0000 2915.6438 2.7605 34.9400
2957.0000 2917.6038 2.7582 34.9398
2959.0000 2919.5637 2.7577 34.9398
2961.0000 2921.5237 2.7562 34.9397
2963.0000 2923.4834 2.7550 34.9395
2965.0000 2925.4434 2.7524 34.9392
2967.0000 2927.4031 2.7495 34.9390
2969.0000 2929.3628 2.7496 34.9390
2971.0000 2931.3225 2.7459 34.9387
2973.0000 2933.2825 2.7452 34.9387
2975.0000 2935.2419 2.7444 34.9385
2977.0000 2937.2019 2.7427 34.9385
2979.0000 2939.1614 2.7410 34.9383
2981.0000 2941.1213 2.7408 34.9381
2983.0000 2943.0806 2.7400 34.9382
2985.0000 2945.0405 2.7400 34.9382
2987.0000 2947.0002 2.7389 34.9379
2989.0000 2948.9597 2.7363 34.9378
2991.0000 2950.9194 2.7349 34.9377
2993.0000 2952.8789 2.7336 34.9374
2995.0000 2954.8389 2.7326 34.9375
2997.0000 2956.7979 2.7319 34.9372
2999.0000 2958.7578 2.7297 34.9369
3001.0000 2960.7173 2.7294 34.9370
3003.0000 2962.6765 2.7279 34.9369
3005.0000 2964.6360 2.7272 34.9368
3007.0000 2966.5957 2.7259 34.9366
3009.0000 2968.5552 2.7246 34.9365
3011.0000 2970.5144 2.7237 34.9364
3013.0000 2972.4741 2.7220 34.9363
3015.0000 2974.4333 2.7200 34.9360
3017.0000 2976.3926 2.7194 34.9359
3019.0000 2978.3518 2.7187 34.9360
3021.0000 2980.3115 2.7186 34.9359
3023.0000 2982.2710 2.7184 34.9358
3025.0000 2984.2297 2.7175 34.9358
3027.0000 2986.1892 2.7170 34.9356
3029.0000 2988.1484 2.7161 34.9356
3031.0000 2990.1077 2.7157 34.9355
3033.0000 2992.0669 2.7150 34.9356
3035.0000 2994.0261 2.7146 34.9355
3037.0000 2995.9854 2.7142 34.9354
3039.0000 2997.9443 2.7136 34.9353
3041.0000 2999.9038 2.7127 34.9351
3043.0000 3001.8628 2.7113 34.9353
3045.0000 3003.8220 2.7114 34.9350
3047.0000 3005.7812 2.7086 34.9348
3049.0000 3007.7402 2.7064 34.9345
3051.0000 3009.6990 2.7047 34.9344
3053.0000 3011.6582 2.7035 34.9343
3055.0000 3013.6172 2.7012 34.9341
3057.0000 3015.5764 2.6990 34.9339
3059.0000 3017.5352 2.6983 34.9337
3061.0000 3019.4944 2.6936 34.9333
3063.0000 3021.4534 2.6907 34.9329
3065.0000 3023.4121 2.6892 34.9328
3067.0000 3025.3711 2.6893 34.9329
3069.0000 3027.3301 2.6887 34.9328
3071.0000 3029.2893 2.6877 34.9327
3073.0000 3031.2478 2.6871 34.9326
3075.0000 3033.2068 2.6866 34.9326
3077.0000 3035.1658 2.6862 34.9325
3079.0000 3037.1243 2.6864 34.9324
3081.0000 3039.0833 2.6842 34.9322
3083.0000 3041.0422 2.6819 34.9321
3085.0000 3043.0007 2.6798 34.9320
3087.0000 3044.9595 2.6791 34.9317
3089.0000 3046.9182 2.6786 34.9318
3091.0000 3048.8772 2.6769 34.9316
3093.0000 3050.8357 2.6764 34.9315
3095.0000 3052.7942 2.6773 34.9314
3097.0000 3054.7529 2.6748 34.9314
3099.0000 3056.7119 2.6746 34.9313
3101.0000 3058.6702 2.6745 34.9311
3103.0000 3060.6289 2.6726 34.9312
3105.0000 3062.5876 2.6715 34.9310
3107.0000 3064.5459 2.6699 34.9309
3109.0000 3066.5046 2.6706 34.9308
3111.0000 3068.4634 2.6672 34.9306
3113.0000 3070.4214 2.6665 34.9305
3115.0000 3072.3804 2.6654 34.9304
3117.0000 3074.3386 2.6653 34.9304
3119.0000 3076.2971 2.6647 34.9303
3121.0000 3078.2556 2.6631 34.9301
3123.0000 3080.2139 2.6604 34.9298
3125.0000 3082.1724 2.6576 34.9297
3127.0000 3084.1309 2.6570 34.9295
3129.0000 3086.0891 2.6559 34.9293
3131.0000 3088.0476 2.6558 34.9293
3133.0000 3090.0061 2.6533 34.9291
3135.0000 3091.9641 2.6521 34.9289
3137.0000 3093.9226 2.6501 34.9289
3139.0000 3095.8809 2.6502 34.9289
3141.0000 3097.8394 2.6498 34.9286
3143.0000 3099.7974 2.6480 34.9286
3145.0000 3101.7559 2.6470 34.9283
3147.0000 3103.7141 2.6461 34.9284
3149.0000 3105.6721 2.6466 34.9283
3151.0000 3107.6304 2.6435 34.9281
3153.0000 3109.5889 2.6416 34.9278
3155.0000 3111.5464 2.6412 34.9279
3157.0000 3113.5049 2.6413 34.9279
3159.0000 3115.4629 2.6410 34.9279
3161.0000 3117.4209 2.6402 34.9277
3163.0000 3119.3792 2.6402 34.9276
3165.0000 3121.3372 2.6381 34.9275
3167.0000 3123.2952 2.6362 34.9273
3169.0000 3125.2529 2.6358 34.9272
3171.0000 3127.2112 2.6351 34.9271
3173.0000 3129.1694 2.6336 34.9270
3175.0000 3131.1270 2.6323 34.9268
3177.0000 3133.0852 2.6322 34.9267
3179.0000 3135.0432 2.6294 34.9265
3181.0000 3137.0010 2.6283 34.9265
3183.0000 3138.9587 2.6282 34.9264
3185.0000 3140.9170 2.6279 34.9264
3187.0000 3142.8750 2.6277 34.9264
3189.0000 3144.8323 2.6273 34.9263
3191.0000 3146.7903 2.6258 34.9261
3193.0000 3148.7483 2.6249 34.9260
3195.0000 3150.7061 2.6225 34.9258
3197.0000 3152.6638 2.6211 34.9256
3199.0000 3154.6216 2.6222 34.9256
3201.0000 3156.5796 2.6199 34.9255
3203.0000 3158.5369 2.6194 34.9254
3205.0000 3160.4949 2.6186 34.9253
3207.0000 3162.4526 2.6189 34.9251
3209.0000 3164.4106 2.6158 34.9249
3211.0000 3166.3677 2.6148 34.9248
3213.0000 3168.3254 2.6168 34.9250
3215.0000 3170.2832 2.6142 34.9248
3217.0000 3172.2407 2.6113 34.9246
3219.0000 3174.1982 2.6136 34.9244
3221.0000 3176.1560 2.6091 34.9242
3223.0000 3178.1138 2.6070 34.9240
3225.0000 3180.0710 2.6088 34.9241
3227.0000 3182.0283 2.6049 34.9237
3229.0000 3183.9861 2.6025 34.9237
3231.0000 3185.9436 2.6032 34.9236
3233.0000 3187.9011 2.6013 34.9234
3235.0000 3189.8584 2.6001 34.9234
3237.0000 3191.8157 2.5999 34.9233
3239.0000 3193.7732 2.5998 34.9233
3241.0000 3195.7307 2.5985 34.9231
3243.0000 3197.6880 2.5968 34.9230
3245.0000 3199.6453 2.5968 34.9229
3247.0000 3201.6028 2.5960 34.9228
3249.0000 3203.5603 2.5959 34.9227
3251.0000 3205.5171 2.5953 34.9228
3253.0000 3207.4746 2.5948 34.9228
3255.0000 3209.4321 2.5949 34.9227
3257.0000 3211.3894 2.5945 34.9227
3259.0000 3213.3464 2.5931 34.9225
3261.0000 3215.3035 2.5927 34.9224
3263.0000 3217.2610 2.5910 34.9223
3265.0000 3219.2178 2.5903 34.9223
3267.0000 3221.1753 2.5891 34.9220
3269.0000 3223.1326 2.5888 34.9221
3271.0000 3225.0896 2.5888 34.9220
3273.0000 3227.0464 2.5882 34.9219
3275.0000 3229.0039 2.5889 34.9219
3277.0000 3230.9609 2.5864 34.9218
3279.0000 3232.9180 2.5856 34.9215
3281.0000 3234.8750 2.5844 34.9215
3283.0000 3236.8320 2.5840 34.9215
3285.0000 3238.7891 2.5839 34.9214
3287.0000 3240.7458 2.5838 34.9214
3289.0000 3242.7031 2.5834 34.9213
3291.0000 3244.6599 2.5820 34.9211
3293.0000 3246.6167 2.5807 34.9210
3295.0000 3248.5737 2.5803 34.9209
3297.0000 3250.5308 2.5794 34.9209
3299.0000 3252.4875 2.5795 34.9208
3301.0000 3254.4443 2.5793 34.9209
3303.0000 3256.4014 2.5794 34.9207
3305.0000 3258.3584 2.5789 34.9207
3307.0000 3260.3149 2.5770 34.9206
3309.0000 3262.2720 2.5768 34.9206
3311.0000 3264.2288 2.5752 34.9203
3313.0000 3266.1853 2.5738 34.9202
3315.0000 3268.1418 2.5732 34.9201
3317.0000 3270.0989 2.5725 34.9201
3319.0000 3272.0557 2.5706 34.9198
3321.0000 3274.0122 2.5694 34.9197
3323.0000 3275.9690 2.5693 34.9197
3325.0000 3277.9255 2.5692 34.9197
3327.0000 3279.8821 2.5688 34.9197
3329.0000 3281.8389 2.5684 34.9195
3331.0000 3283.7957 2.5681 34.9194
3333.0000 3285.7522 2.5668 34.9194
3335.0000 3287.7087 2.5653 34.9193
3337.0000 3289.6650 2.5636 34.9190
3339.0000 3291.6218 2.5619 34.9189
3341.0000 3293.5781 2.5612 34.9188
3343.0000 3295.5347 2.5608 34.9189
3345.0000 3297.4915 2.5600 34.9187
3347.0000 3299.4480 2.5591 34.9186
3349.0000 3301.4043 2.5588 34.9185
3351.0000 3303.3606 2.5580 34.9185
3353.0000 3305.3171 2.5574 34.9184
3355.0000 3307.2732 2.5565 34.9182
3357.0000 3309.2297 2.5558 34.9182
3359.0000 3311.1863 2.5545 34.9181
3361.0000 3313.1428 2.5533 34.9179
3363.0000 3315.0989 2.5529 34.9180
3365.0000 3317.0554 2.5515 34.9177
3367.0000 3319.0115 2.5524 34.9176
3369.0000 3320.9675 2.5506 34.9176
3371.0000 3322.9241 2.5494 34.9174
3373.0000 3324.8804 2.5489 34.9174
3375.0000 3326.8364 2.5491 34.9174
3377.0000 3328.7927 2.5489 34.9174
3379.0000 3330.7490 2.5481 34.9172
3381.0000 3332.7053 2.5482 34.9171
3383.0000 3334.6611 2.5455 34.9169
3385.0000 3336.6174 2.5451 34.9169
3387.0000 3338.5735 2.5448 34.9168
3389.0000 3340.5293 2.5441 34.9168
3391.0000 3342.4856 2.5437 34.9166
3393.0000 3344.4417 2.5423 34.9166
3395.0000 3346.3979 2.5411 34.9165
3397.0000 3348.3540 2.5410 34.9164
3399.0000 3350.3098 2.5405 34.9164
3401.0000 3352.2661 2.5407 34.9163
3403.0000 3354.2217 2.5388 34.9162
3405.0000 3356.1775 2.5376 34.9160
3407.0000 3358.1338 2.5367 34.9159
3409.0000 3360.0896 2.5363 34.9159
3411.0000 3362.0452 2.5355 34.9158
3413.0000 3364.0015 2.5348 34.9156
3415.0000 3365.9575 2.5345 34.9156
3417.0000 3367.9128 2.5344 34.9157
3419.0000 3369.8691 2.5343 34.9157
3421.0000 3371.8252 2.5338 34.9155
3423.0000 3373.7810 2.5330 34.9154
3425.0000 3375.7366 2.5327 34.9154
3427.0000 3377.6924 2.5317 34.9153
3429.0000 3379.6479 2.5302 34.9151
3431.0000 3381.6033 2.5299 34.9151
3433.0000 3383.5593 2.5297 34.9151
3435.0000 3385.5151 2.5295 34.9149
3437.0000 3387.4707 2.5299 34.9149
3439.0000 3389.4265 2.5284 34.9148
3441.0000 3391.3821 2.5282 34.9148
3443.0000 3393.3379 2.5283 34.9148
3445.0000 3395.2935 2.5283 34.9148
3447.0000 3397.2488 2.5277 34.9147
3449.0000 3399.2046 2.5272 34.9147
3451.0000 3401.1602 2.5265 34.9145
3453.0000 3403.1157 2.5250 34.9144
3455.0000 3405.0715 2.5246 34.9144
3457.0000 3407.0271 2.5243 34.9143
3459.0000 3408.9822 2.5236 34.9142
3461.0000 3410.9380 2.5235 34.9142
3463.0000 3412.8933 2.5226 34.9140
3465.0000 3414.8486 2.5213 34.9139
3467.0000 3416.8040 2.5204 34.9138
3469.0000 3418.7595 2.5202 34.9138
3471.0000 3420.7148 2.5197 34.9137
3473.0000 3422.6699 2.5197 34.9137
3475.0000 3424.6255 2.5189 34.9137
3477.0000 3426.5808 2.5186 34.9136
3479.0000 3428.5361 2.5177 34.9135
3481.0000 3430.4915 2.5168 34.9134
3483.0000 3432.4470 2.5163 34.9134
3485.0000 3434.4021 2.5170 34.9133
3487.0000 3436.3572 2.5154 34.9132
3489.0000 3438.3125 2.5144 34.9131
3491.0000 3440.2676 2.5140 34.9129
3493.0000 3442.2227 2.5141 34.9130
3495.0000 3444.1782 2.5140 34.9131
3497.0000 3446.1333 2.5141 34.9128
3499.0000 3448.0884 2.5131 34.9129
3501.0000 3450.0432 2.5130 34.9129
3503.0000 3451.9988 2.5132 34.9129
3505.0000 3453.9539 2.5136 34.9129
3507.0000 3455.9084 2.5134 34.9129
3509.0000 3457.8640 2.5135 34.9127
3511.0000 3459.8191 2.5129 34.9127
3513.0000 3461.7737 2.5117 34.9125
3515.0000 3463.7288 2.5117 34.9125
3517.0000 3465.6838 2.5104 34.9124
3519.0000 3467.6387 2.5094 34.9123
3521.0000 3469.5940 2.5102 34.9122
3523.0000 3471.5488 2.5095 34.9123
3525.0000 3473.5034 2.5097 34.9123
3527.0000 3475.4583 2.5094 34.9122
3529.0000 3477.4133 2.5087 34.9121
3531.0000 3479.3684 2.5068 34.9120
3533.0000 3481.3232 2.5061 34.9118
3535.0000 3483.2781 2.5061 34.9117
3537.0000 3485.2327 2.5057 34.9118
3539.0000 3487.1877 2.5062 34.9118
3541.0000 3489.1423 2.5058 34.9117
3543.0000 3491.0969 2.5054 34.9117
3545.0000 3493.0520 2.5056 34.9116
3547.0000 3495.0071 2.5044 34.9115
3549.0000 3496.9612 2.5027 34.9113
3551.0000 3498.9163 2.5018 34.9113
3553.0000 3500.8708 2.5004 34.9111
3555.0000 3502.8252 2.4999 34.9111
3557.0000 3504.7803 2.4992 34.9110
3559.0000 3506.7349 2.4991 34.9108
3561.0000 3508.6892 2.4986 34.9107
3563.0000 3510.6438 2.4984 34.9108
3565.0000 3512.5984 2.4978 34.9107
3567.0000 3514.5530 2.4976 34.9106
3569.0000 3516.5073 2.4962 34.9105
3571.0000 3518.4619 2.4960 34.9105
3573.0000 3520.4165 2.4960 34.9105
3575.0000 3522.3708 2.4947 34.9103
3577.0000 3524.3254 2.4942 34.9104
3579.0000 3526.2800 2.4944 34.9102
3581.0000 3528.2341 2.4940 34.9102
3583.0000 3530.1885 2.4937 34.9102
3585.0000 3532.1431 2.4933 34.9101
3587.0000 3534.0977 2.4933 34.9102
3589.0000 3536.0520 2.4925 34.9100
3591.0000 3538.0061 2.4918 34.9100
3593.0000 3539.9607 2.4927 34.9099
3595.0000 3541.9150 2.4914 34.9100
3597.0000 3543.8691 2.4913 34.9098
3599.0000 3545.8235 2.4906 34.9097
3601.0000 3547.7776 2.4901 34.9096
3603.0000 3549.7319 2.4897 34.9097
3605.0000 3551.6860 2.4893 34.9095
3607.0000 3553.6401 2.4879 34.9094
3609.0000 3555.5945 2.4875 34.9094
3611.0000 3557.5486 2.4868 34.9092
3613.0000 3559.5029 2.4866 34.9092
3615.0000 3561.4570 2.4861 34.9091
3617.0000 3563.4109 2.4856 34.9091
3619.0000 3565.3652 2.4852 34.9090
3621.0000 3567.3193 2.4852 34.9091
3623.0000 3569.2734 2.4851 34.9090
3625.0000 3571.2273 2.4849 34.9089
3627.0000 3573.1816 2.4856 34.9087
3629.0000 3575.1353 2.4848 34.9088
3631.0000 3577.0896 2.4845 34.9089
3633.0000 3579.0435 2.4847 34.9088
3635.0000 3580.9976 2.4845 34.9089
3637.0000 3582.9514 2.4832 34.9086
3639.0000 3584.9053 2.4825 34.9085
3641.0000 3586.8594 2.4833 34.9085
3643.0000 3588.8132 2.4822 34.9084
3645.0000 3590.7666 2.4825 34.9085
3647.0000 3592.7207 2.4820 34.9084
3649.0000 3594.6750 2.4818 34.9083
3651.0000 3596.6284 2.4809 34.9083
3653.0000 3598.5823 2.4803 34.9082
3655.0000 3600.5359 2.4796 34.9081
3657.0000 3602.4902 2.4796 34.9080
3659.0000 3604.4436 2.4794 34.9080
3661.0000 3606.3975 2.4787 34.9079
3663.0000 3608.3511 2.4781 34.9079
3665.0000 3610.3044 2.4779 34.9079
3667.0000 3612.2583 2.4776 34.9078
3669.0000 3614.2122 2.4777 34.9077
3671.0000 3616.1658 2.4769 34.9077
3673.0000 3618.1194 2.4766 34.9076
3675.0000 3620.0730 2.4757 34.9075
3677.0000 3622.0269 2.4755 34.9075
3679.0000 3623.9802 2.4761 34.9076
3681.0000 3625.9336 2.4759 34.9075
3683.0000 3627.8875 2.4745 34.9074
3685.0000 3629.8408 2.4751 34.9073
3687.0000 3631.7942 2.4718 34.9070
3689.0000 3633.7476 2.4707 34.9069
3691.0000 3635.7017 2.4692 34.9067
3693.0000 3637.6548 2.4685 34.9066
3695.0000 3639.6082 2.4678 34.9065
3697.0000 3641.5618 2.4676 34.9065
3699.0000 3643.5149 2.4673 34.9064
3701.0000 3645.4683 2.4678 34.9063
3703.0000 3647.4221 2.4660 34.9063
3705.0000 3649.3755 2.4655 34.9063
3707.0000 3651.3284 2.4656 34.9062
3709.0000 3653.2817 2.4658 34.9063
3711.0000 3655.2351 2.4656 34.9061
3713.0000 3657.1880 2.4650 34.9061
3715.0000 3659.1418 2.4654 34.9061
3717.0000 3661.0952 2.4651 34.9060
3719.0000 3663.0481 2.4633 34.9058
3721.0000 3665.0012 2.4616 34.9057
3723.0000 3666.9546 2.4611 34.9056
3725.0000 3668.9080 2.4603 34.9054
3727.0000 3670.8608 2.4592 34.9054
3729.0000 3672.8142 2.4584 34.9053
3731.0000 3674.7671 2.4586 34.9053
3733.0000 3676.7205 2.4582 34.9052
3735.0000 3678.6736 2.4576 34.9052
3737.0000 3680.6265 2.4572 34.9052
3739.0000 3682.5798 2.4578 34.9051
3741.0000 3684.5325 2.4575 34.9051
3743.0000 3686.4854 2.4575 34.9052
3745.0000 3688.4387 2.4574 34.9051
3747.0000 3690.3921 2.4569 34.9050
3749.0000 3692.3447 2.4562 34.9049
3751.0000 3694.2976 2.4556 34.9049
3753.0000 3696.2505 2.4555 34.9048
3755.0000 3698.2036 2.4548 34.9047
3757.0000 3700.1565 2.4537 34.9046
3759.0000 3702.1094 2.4531 34.9046
3761.0000 3704.0620 2.4523 34.9045
3763.0000 3706.0149 2.4519 34.9043
3765.0000 3707.9678 2.4519 34.9043
3767.0000 3709.9209 2.4519 34.9043
3769.0000 3711.8733 2.4518 34.9043
3771.0000 3713.8259 2.4525 34.9042
3773.0000 3715.7793 2.4515 34.9042
3775.0000 3717.7314 2.4506 34.9041
3777.0000 3719.6843 2.4500 34.9040
3779.0000 3721.6370 2.4498 34.9040
3781.0000 3723.5901 2.4489 34.9038
3783.0000 3725.5425 2.4488 34.9038
3785.0000 3727.4954 2.4482 34.9037
3787.0000 3729.4478 2.4475 34.9037
3789.0000 3731.4004 2.4470 34.9036
3791.0000 3733.3530 2.4471 34.9037
3793.0000 3735.3059 2.4473 34.9036
3795.0000 3737.2583 2.4470 34.9036
3797.0000 3739.2109 2.4466 34.9036
3799.0000 3741.1636 2.4466 34.9035
3801.0000 3743.1160 2.4455 34.9034
3803.0000 3745.0681 2.4464 34.9033
3805.0000 3747.0210 2.4446 34.9032
3807.0000 3748.9736 2.4429 34.9031
3809.0000 3750.9260 2.4425 34.9030
3811.0000 3752.8779 2.4423 34.9031
3813.0000 3754.8308 2.4423 34.9030
3815.0000 3756.7832 2.4418 34.9030
3817.0000 3758.7351 2.4417 34.9029
3819.0000 3760.6875 2.4411 34.9029
3821.0000 3762.6406 2.4403 34.9027
3823.0000 3764.5923 2.4405 34.9027
3825.0000 3766.5447 2.4405 34.9026
3827.0000 3768.4973 2.4401 34.9027
3829.0000 3770.4497 2.4402 34.9027
3831.0000 3772.4016 2.4403 34.9027
3833.0000 3774.3538 2.4401 34.9026
3835.0000 3776.3062 2.4398 34.9026
3837.0000 3778.2583 2.4396 34.9023
3839.0000 3780.2104 2.4384 34.9023
3841.0000 3782.1628 2.4382 34.9023
3843.0000 3784.1150 2.4379 34.9023
3845.0000 3786.0669 2.4380 34.9022
3847.0000 3788.0188 2.4373 34.9021
3849.0000 3789.9714 2.4370 34.9021
3851.0000 3791.9231 2.4364 34.9020
3853.0000 3793.8752 2.4358 34.9020
3855.0000 3795.8276 2.4356 34.9019
3857.0000 3797.7798 2.4356 34.9020
3859.0000 3799.7317 2.4352 34.9018
3861.0000 3801.6836 2.4352 34.9017
3863.0000 3803.6357 2.4350 34.9017
3865.0000 3805.5874 2.4344 34.9017
3867.0000 3807.5396 2.4342 34.9017
3869.0000 3809.4917 2.4340 34.9015
3871.0000 3811.4434 2.4335 34.9015
3873.0000 3813.3950 2.4326 34.9014
3875.0000 3815.3472 2.4323 34.9014
3877.0000 3817.2993 2.4325 34.9013
3879.0000 3819.2507 2.4325 34.9013
3881.0000 3821.2026 2.4312 34.9012
3883.0000 3823.1545 2.4310 34.9012
3885.0000 3825.1064 2.4310 34.9011
3887.0000 3827.0583 2.4301 34.9010
3889.0000 3829.0100 2.4296 34.9010
3891.0000 3830.9617 2.4300 34.9009
3893.0000 3832.9133 2.4287 34.9007
3895.0000 3834.8650 2.4282 34.9007
3897.0000 3836.8167 2.4274 34.9006
3899.0000 3838.7686 2.4269 34.9006
3901.0000 3840.7202 2.4255 34.9004
3903.0000 3842.6719 2.4250 34.9003
3905.0000 3844.6235 2.4248 34.9003
3907.0000 3846.5747 2.4246 34.9003
3909.0000 3848.5264 2.4241 34.9001
3911.0000 3850.4785 2.4236 34.9001
3913.0000 3852.4294 2.4235 34.9000
3915.0000 3854.3816 2.4235 34.9000
3917.0000 3856.3328 2.4237 34.9001
3919.0000 3858.2844 2.4237 34.9000
3921.0000 3860.2358 2.4233 34.9000
3923.0000 3862.1875 2.4233 34.9000
3925.0000 3864.1387 2.4223 34.8998
3927.0000 3866.0901 2.4212 34.8997
3929.0000 3868.0417 2.4199 34.8995
3931.0000 3869.9929 2.4211 34.8995
3933.0000 3871.9446 2.4203 34.8996
3935.0000 3873.8955 2.4202 34.8994
3937.0000 3875.8472 2.4198 34.8994
3939.0000 3877.7986 2.4194 34.8993
3941.0000 3879.7495 2.4193 34.8993
3943.0000 3881.7012 2.4190 34.8992
3945.0000 3883.6523 2.4192 34.8991
3947.0000 3885.6038 2.4181 34.8991
3949.0000 3887.5549 2.4173 34.8990
3951.0000 3889.5061 2.4172 34.8990
3953.0000 3891.4575 2.4174 34.8991
3955.0000 3893.4084 2.4168 34.8989
3957.0000 3895.3596 2.4163 34.8988
3959.0000 3897.3108 2.4161 34.8988
3961.0000 3899.2617 2.4160 34.8987
3963.0000 3901.2134 2.4152 34.8986
3965.0000 3903.1643 2.4146 34.8985
3967.0000 3905.1155 2.4147 34.8985
3969.0000 3907.0664 2.4142 34.8986
3971.0000 3909.0173 2.4136 34.8985
3973.0000 3910.9690 2.4130 34.8982
3975.0000 3912.9194 2.4126 34.8982
3977.0000 3914.8704 2.4129 34.8981
3979.0000 3916.8215 2.4129 34.8981
3981.0000 3918.7727 2.4121 34.8982
3983.0000 3920.7236 2.4117 34.8982
3985.0000 3922.6746 2.4119 34.8982
3987.0000 3924.6255 2.4121 34.8981
3989.0000 3926.5762 2.4119 34.8981
3991.0000 3928.5271 2.4114 34.8979
3993.0000 3930.4783 2.4106 34.8979
3995.0000 3932.4292 2.4107 34.8978
3997.0000 3934.3796 2.4108 34.8979
3999.0000 3936.3306 2.4107 34.8978
4001.0000 3938.2812 2.4104 34.8977
4003.0000 3940.2322 2.4100 34.8976
4005.0000 3942.1826 2.4094 34.8976
4007.0000 3944.1340 2.4091 34.8975
4009.0000 3946.0845 2.4089 34.8975
4011.0000 3948.0352 2.4090 34.8975
4013.0000 3949.9856 2.4090 34.8975
4015.0000 3951.9365 2.4092 34.8975
4017.0000 3953.8870 2.4092 34.8974
4019.0000 3955.8379 2.4091 34.8973
4021.0000 3957.7886 2.4082 34.8973
4023.0000 3959.7388 2.4080 34.8973
4025.0000 3961.6895 2.4076 34.8971
4027.0000 3963.6404 2.4072 34.8971
4029.0000 3965.5913 2.4064 34.8970
4031.0000 3967.5413 2.4060 34.8969
4033.0000 3969.4922 2.4056 34.8968
4035.0000 3971.4426 2.4060 34.8968
4037.0000 3973.3926 2.4044 34.8966
4039.0000 3975.3435 2.4043 34.8966
4041.0000 3977.2939 2.4047 34.8967
4043.0000 3979.2446 2.4049 34.8966
4045.0000 3981.1943 2.4047 34.8967
4047.0000 3983.1453 2.4049 34.8966
4049.0000 3985.0957 2.4045 34.8966
4051.0000 3987.0461 2.4043 34.8965
4053.0000 3988.9961 2.4040 34.8965
4055.0000 3990.9468 2.4038 34.8965
4057.0000 3992.8970 2.4034 34.8963
4059.0000 3994.8474 2.4027 34.8962
4061.0000 3996.7974 2.4025 34.8962
4063.0000 3998.7483 2.4020 34.8962
4065.0000 4000.6978 2.4017 34.8961
4067.0000 4002.6482 2.4010 34.8961
4069.0000 4004.5986 2.4006 34.8960
4071.0000 4006.5491 2.4006 34.8960
4073.0000 4008.4988 2.4003 34.8958
4075.0000 4010.4492 2.4001 34.8958
4077.0000 4012.3992 2.4002 34.8959
4079.0000 4014.3496 2.4003 34.8958
4081.0000 4016.2996 2.4005 34.8958
4083.0000 4018.2500 2.4004 34.8957
4085.0000 4020.1997 2.4006 34.8956
4087.0000 4022.1497 2.4003 34.8957
4089.0000 4024.0996 2.3998 34.8957
4091.0000 4026.0500 2.3996 34.8956
4093.0000 4027.9998 2.3997 34.8956
4095.0000 4029.9502 2.3997 34.8955
4097.0000 4031.8997 2.3996 34.8955
4099.0000 4033.8499 2.3997 34.8955
4101.0000 4035.7998 2.3996 34.8955
4103.0000 4037.7498 2.3992 34.8954
4105.0000 4039.6997 2.3981 34.8953
4107.0000 4041.6494 2.3979 34.8952
4109.0000 4043.5994 2.3976 34.8951
4111.0000 4045.5493 2.3975 34.8952
4113.0000 4047.4985 2.3976 34.8952
4115.0000 4049.4490 2.3979 34.8952
4117.0000 4051.3987 2.3979 34.8952
4119.0000 4053.3486 2.3980 34.8951
4121.0000 4055.2979 2.3979 34.8951
4123.0000 4057.2483 2.3972 34.8950
4125.0000 4059.1978 2.3974 34.8949
4127.0000 4061.1475 2.3971 34.8949
4129.0000 4063.0974 2.3970 34.8948
4131.0000 4065.0471 2.3970 34.8948
4133.0000 4066.9971 2.3972 34.8949
4135.0000 4068.9463 2.3977 34.8949
4137.0000 4070.8958 2.3975 34.8949
4139.0000 4072.8455 2.3979 34.8947
4141.0000 4074.7949 2.3974 34.8947
4143.0000 4076.7446 2.3974 34.8948
4145.0000 4078.6941 2.3971 34.8948
4147.0000 4080.6433 2.3977 34.8946
4149.0000 4082.5935 2.3971 34.8946
4151.0000 4084.5430 2.3969 34.8946
4153.0000 4086.4927 2.3968 34.8946
4155.0000 4088.4417 2.3971 34.8946
4157.0000 4090.3914 2.3971 34.8945
4159.0000 4092.3408 2.3965 34.8945
4161.0000 4094.2898 2.3965 34.8944
4163.0000 4096.2397 2.3961 34.8944
4165.0000 4098.1895 2.3963 34.8945
4167.0000 4100.1387 2.3960 34.8944
4169.0000 4102.0879 2.3959 34.8943
4171.0000 4104.0366 2.3952 34.8942
4173.0000 4105.9863 2.3941 34.8941
4175.0000 4107.9351 2.3940 34.8941
4177.0000 4109.8848 2.3939 34.8940
4179.0000 4111.8345 2.3934 34.8940
4181.0000 4113.7837 2.3933 34.8940
4183.0000 4115.7329 2.3933 34.8940
4185.0000 4117.6821 2.3931 34.8938
4187.0000 4119.6313 2.3929 34.8939
4189.0000 4121.5801 2.3926 34.8938
4191.0000 4123.5293 2.3924 34.8937
4193.0000 4125.4790 2.3919 34.8936
4195.0000 4127.4282 2.3918 34.8936
4197.0000 4129.3770 2.3913 34.8937
4199.0000 4131.3262 2.3913 34.8936
4201.0000 4133.2754 2.3909 34.8935
4203.0000 4135.2246 2.3900 34.8934
4205.0000 4137.1733 2.3900 34.8934
4207.0000 4139.1226 2.3899 34.8933
4209.0000 4141.0718 2.3894 34.8933
4211.0000 4143.0205 2.3893 34.8932
4213.0000 4144.9697 2.3890 34.8932
4215.0000 4146.9185 2.3895 34.8931
4217.0000 4148.8672 2.3890 34.8931
4219.0000 4150.8164 2.3890 34.8931
4221.0000 4152.7651 2.3886 34.8931
4223.0000 4154.7139 2.3884 34.8930
4225.0000 4156.6631 2.3880 34.8929
4227.0000 4158.6118 2.3878 34.8929
4229.0000 4160.5610 2.3877 34.8929
4231.0000 4162.5093 2.3875 34.8928
4233.0000 4164.4585 2.3875 34.8928
4235.0000 4166.4072 2.3872 34.8927
4237.0000 4168.3560 2.3869 34.8927
4239.0000 4170.3047 2.3866 34.8926
4241.0000 4172.2534 2.3864 34.8925
4243.0000 4174.2026 2.3859 34.8926
4245.0000 4176.1509 2.3860 34.8926
4247.0000 4178.0996 2.3857 34.8926
4249.0000 4180.0483 2.3855 34.8924
4251.0000 4181.9971 2.3854 34.8924
4253.0000 4183.9453 2.3851 34.8923
4255.0000 4185.8940 2.3855 34.8922
4257.0000 4187.8433 2.3850 34.8924
4259.0000 4189.7915 2.3851 34.8923
4261.0000 4191.7402 2.3853 34.8923
4263.0000 4193.6890 2.3854 34.8923
4265.0000 4195.6367 2.3848 34.8922
4267.0000 4197.5859 2.3846 34.8920
4269.0000 4199.5347 2.3847 34.8922
4271.0000 4201.4829 2.3843 34.8920
4273.0000 4203.4312 2.3840 34.8920
4275.0000 4205.3799 2.3839 34.8920
4277.0000 4207.3281 2.3838 34.8919
4279.0000 4209.2764 2.3837 34.8919
4281.0000 4211.2251 2.3836 34.8918
4283.0000 4213.1733 2.3837 34.8919
4285.0000 4215.1216 2.3835 34.8919
4287.0000 4217.0698 2.3833 34.8918
4289.0000 4219.0186 2.3834 34.8918
4291.0000 4220.9668 2.3832 34.8917
4293.0000 4222.9150 2.3833 34.8916
4295.0000 4224.8628 2.3823 34.8915
4297.0000 4226.8115 2.3818 34.8914
4299.0000 4228.7598 2.3818 34.8915
4301.0000 4230.7080 2.3819 34.8915
4303.0000 4232.6562 2.3815 34.8915
4305.0000 4234.6045 2.3813 34.8914
4307.0000 4236.5527 2.3812 34.8913
4309.0000 4238.5010 2.3815 34.8912
4311.0000 4240.4492 2.3816 34.8911
4313.0000 4242.3970 2.3810 34.8912
4315.0000 4244.3452 2.3810 34.8913
4317.0000 4246.2935 2.3810 34.8911
4319.0000 4248.2417 2.3812 34.8912
4321.0000 4250.1895 2.3811 34.8911
4323.0000 4252.1377 2.3812 34.8910
4325.0000 4254.0859 2.3810 34.8910
4327.0000 4256.0332 2.3805 34.8910
4329.0000 4257.9819 2.3804 34.8909
4331.0000 4259.9297 2.3804 34.8910
4333.0000 4261.8779 2.3805 34.8909
4335.0000 4263.8252 2.3805 34.8909
4337.0000 4265.7734 2.3794 34.8907
4339.0000 4267.7217 2.3793 34.8907
4341.0000 4269.6689 2.3793 34.8906
4343.0000 4271.6172 2.3787 34.8905
4345.0000 4273.5649 2.3779 34.8905
4347.0000 4275.5127 2.3779 34.8904
4349.0000 4277.4604 2.3767 34.8904
4351.0000 4279.4087 2.3759 34.8903
4353.0000 4281.3564 2.3764 34.8902
4355.0000 4283.3042 2.3756 34.8901
4357.0000 4285.2515 2.3758 34.8902
4359.0000 4287.1997 2.3759 34.8902
4361.0000 4289.1475 2.3759 34.8902
4363.0000 4291.0947 2.3759 34.8902
4365.0000 4293.0430 2.3758 34.8901
4367.0000 4294.9907 2.3755 34.8900
4369.0000 4296.9385 2.3752 34.8899
4371.0000 4298.8853 2.3753 34.8900
4373.0000 4300.8335 2.3750 34.8898
4375.0000 4302.7808 2.3741 34.8897
4377.0000 4304.7285 2.3736 34.8896
4379.0000 4306.6763 2.3736 34.8896
4381.0000 4308.6235 2.3737 34.8896
4383.0000 4310.5713 2.3737 34.8897
4385.0000 4312.5190 2.3738 34.8896
4387.0000 4314.4668 2.3740 34.8895
4389.0000 4316.4136 2.3740 34.8895
4391.0000 4318.3613 2.3739 34.8896
4393.0000 4320.3091 2.3737 34.8894
4395.0000 4322.2563 2.3736 34.8894
4397.0000 4324.2031 2.3735 34.8894
4399.0000 4326.1509 2.3735 34.8893
4401.0000 4328.0986 2.3736 34.8894
4403.0000 4330.0459 2.3736 34.8895
4405.0000 4331.9927 2.3735 34.8893
4407.0000 4333.9404 2.3737 34.8893
4409.0000 4335.8877 2.3739 34.8893
4411.0000 4337.8354 2.3738 34.8894
4413.0000 4339.7827 2.3738 34.8892
4415.0000 4341.7300 2.3734 34.8892
4417.0000 4343.6768 2.3733 34.8891
4419.0000 4345.6240 2.3734 34.8892
4421.0000 4347.5713 2.3735 34.8892
4423.0000 4349.5186 2.3733 34.8892
4425.0000 4351.4658 2.3733 34.8891
4427.0000 4353.4131 2.3740 34.8889
4429.0000 4355.3604 2.3734 34.8891
4431.0000 4357.3071 2.3730 34.8889
4433.0000 4359.2549 2.3732 34.8889
4435.0000 4361.2012 2.3738 34.8890
4437.0000 4363.1484 2.3737 34.8889
4439.0000 4365.0957 2.3738 34.8888
4441.0000 4367.0430 2.3736 34.8889
4443.0000 4368.9902 2.3736 34.8888
4445.0000 4370.9365 2.3729 34.8887
4447.0000 4372.8838 2.3734 34.8886
4449.0000 4374.8311 2.3725 34.8886
4451.0000 4376.7773 2.3721 34.8886
4453.0000 4378.7246 2.3728 34.8885
4455.0000 4380.6714 2.3726 34.8886
4457.0000 4382.6182 2.3725 34.8885
4459.0000 4384.5649 2.3722 34.8885
4461.0000 4386.5122 2.3722 34.8884
4463.0000 4388.4590 2.3723 34.8883
4465.0000 4390.4058 2.3727 34.8884
4467.0000 4392.3525 2.3727 34.8884
4469.0000 4394.2993 2.3725 34.8884
4471.0000 4396.2466 2.3729 34.8884
4473.0000 4398.1934 2.3731 34.8884
4475.0000 4400.1396 2.3727 34.8883
4477.0000 4402.0869 2.3730 34.8882
4479.0000 4404.0332 2.3727 34.8882
4481.0000 4405.9800 2.3720 34.8883
4483.0000 4407.9268 2.3727 34.8881
4485.0000 4409.8730 2.3722 34.8882
4487.0000 4411.8203 2.3722 34.8880
4489.0000 4413.7671 2.3722 34.8882
4491.0000 4415.7134 2.3726 34.8882
4493.0000 4417.6597 2.3724 34.8881
4495.0000 4419.6064 2.3724 34.8880
4497.0000 4421.5532 2.3724 34.8880
4499.0000 4423.4995 2.3723 34.8880
4501.0000 4425.4463 2.3723 34.8880
4503.0000 4427.3931 2.3727 34.8880
4505.0000 4429.3394 2.3728 34.8879
4507.0000 4431.2856 2.3728 34.8879
4509.0000 4433.2319 2.3727 34.8879
4511.0000 4435.1787 2.3726 34.8878
4513.0000 4437.1250 2.3727 34.8879
4515.0000 4439.0718 2.3724 34.8878
4517.0000 4441.0181 2.3725 34.8878
4519.0000 4442.9648 2.3726 34.8877
4521.0000 4444.9102 2.3723 34.8877
4523.0000 4446.8569 2.3728 34.8876
4525.0000 4448.8037 2.3726 34.8876
4527.0000 4450.7495 2.3725 34.8876
4529.0000 4452.6963 2.3728 34.8875
4531.0000 4454.6426 2.3729 34.8876
4533.0000 4456.5889 2.3731 34.8876
4535.0000 4458.5347 2.3729 34.8875
4537.0000 4460.4810 2.3733 34.8875
4539.0000 4462.4272 2.3732 34.8876
4541.0000 4464.3730 2.3729 34.8875
4543.0000 4466.3198 2.3729 34.8875
4545.0000 4468.2661 2.3730 34.8875
4547.0000 4470.2119 2.3730 34.8874
4549.0000 4472.1582 2.3727 34.8873
4551.0000 4474.1045 2.3728 34.8874
4553.0000 4476.0508 2.3728 34.8873
4555.0000 4477.9966 2.3727 34.8873
4557.0000 4479.9424 2.3727 34.8872
4559.0000 4481.8882 2.3729 34.8872
4561.0000 4483.8340 2.3732 34.8872
4563.0000 4485.7803 2.3735 34.8872
4565.0000 4487.7266 2.3737 34.8873
4567.0000 4489.6729 2.3739 34.8873
4569.0000 4491.6187 2.3739 34.8872
4571.0000 4493.5645 2.3740 34.8871
4573.0000 4495.5107 2.3741 34.8871
4575.0000 4497.4565 2.3740 34.8871
4577.0000 4499.4023 2.3741 34.8871
4579.0000 4501.3486 2.3743 34.8871
4581.0000 4503.2939 2.3742 34.8871
4583.0000 4505.2397 2.3741 34.8871
4585.0000 4507.1855 2.3742 34.8870
4587.0000 4509.1313 2.3740 34.8870
4589.0000 4511.0771 2.3740 34.8869
4591.0000 4513.0229 2.3743 34.8870
4593.0000 4514.9688 2.3744 34.8870
4595.0000 4516.9146 2.3745 34.8870
4597.0000 4518.8604 2.3747 34.8870
4599.0000 4520.8062 2.3748 34.8870
4601.0000 4522.7520 2.3746 34.8868
4603.0000 4524.6973 2.3748 34.8868
4605.0000 4526.6431 2.3749 34.8867
4607.0000 4528.5889 2.3749 34.8867
4609.0000 4530.5347 2.3750 34.8868
4611.0000 4532.4805 2.3751 34.8868
4613.0000 4534.4258 2.3751 34.8868
4615.0000 4536.3711 2.3752 34.8867
4617.0000 4538.3164 2.3754 34.8867
4619.0000 4540.2622 2.3755 34.8866
4621.0000 4542.2075 2.3754 34.8866
4623.0000 4544.1528 2.3754 34.8867
4625.0000 4546.0986 2.3755 34.8866
4627.0000 4548.0444 2.3755 34.8866
4629.0000 4549.9897 2.3756 34.8866
4631.0000 4551.9351 2.3756 34.8866
4633.0000 4553.8804 2.3757 34.8865
4635.0000 4555.8262 2.3760 34.8866
4637.0000 4557.7710 2.3762 34.8866
4639.0000 4559.7168 2.3764 34.8866
4641.0000 4561.6626 2.3766 34.8866
4643.0000 4563.6079 2.3766 34.8865
4645.0000 4565.5527 2.3767 34.8864
4647.0000 4567.4980 2.3769 34.8864
4649.0000 4569.4434 2.3770 34.8864
4651.0000 4571.3887 2.3772 34.8865
4653.0000 4573.3340 2.3775 34.8865
4655.0000 4575.2793 2.3776 34.8865
4657.0000 4577.2246 2.3776 34.8864
4659.0000 4579.1699 2.3778 34.8864
4661.0000 4581.1152 2.3776 34.8863
4663.0000 4583.0601 2.3779 34.8862
4665.0000 4585.0049 2.3774 34.8864
4667.0000 4586.9502 2.3774 34.8862
4669.0000 4588.8955 2.3774 34.8863
4671.0000 4590.8403 2.3779 34.8863
4673.0000 4592.7856 2.3780 34.8863
4675.0000 4594.7310 2.3779 34.8862
4677.0000 4596.6763 2.3779 34.8862
4679.0000 4598.6206 2.3779 34.8861
4681.0000 4600.5659 2.3779 34.8861
4683.0000 4602.5112 2.3782 34.8860
4685.0000 4604.4556 2.3783 34.8860
4687.0000 4606.4004 2.3783 34.8861
4689.0000 4608.3457 2.3785 34.8861
4691.0000 4610.2910 2.3786 34.8860
4693.0000 4612.2354 2.3788 34.8861
4695.0000 4614.1807 2.3792 34.8861
4697.0000 4616.1255 2.3792 34.8861
4699.0000 4618.0698 2.3793 34.8859
4701.0000 4620.0151 2.3793 34.8860
4703.0000 4621.9600 2.3793 34.8860
4705.0000 4623.9048 2.3794 34.8859
4707.0000 4625.8496 2.3798 34.8860
4709.0000 4627.7944 2.3800 34.8860
4711.0000 4629.7393 2.3799 34.8860
4713.0000 4631.6836 2.3803 34.8858
4715.0000 4633.6284 2.3803 34.8859
4717.0000 4635.5732 2.3800 34.8858
4719.0000 4637.5186 2.3805 34.8857
4721.0000 4639.4629 2.3805 34.8859
4723.0000 4641.4077 2.3803 34.8858
4725.0000 4643.3525 2.3801 34.8857
4727.0000 4645.2964 2.3801 34.8858
4729.0000 4647.2417 2.3803 34.8857
4731.0000 4649.1860 2.3803 34.8856
4733.0000 4651.1309 2.3806 34.8857
4735.0000 4653.0752 2.3810 34.8857
4737.0000 4655.0195 2.3811 34.8857
4739.0000 4656.9644 2.3812 34.8857
4741.0000 4658.9082 2.3812 34.8856
4743.0000 4660.8530 2.3816 34.8855
4745.0000 4662.7974 2.3815 34.8855
4747.0000 4664.7417 2.3814 34.8856
4749.0000 4666.6860 2.3815 34.8856
4751.0000 4668.6309 2.3818 34.8855
4753.0000 4670.5757 2.3818 34.8856
4755.0000 4672.5200 2.3817 34.8855
4757.0000 4674.4644 2.3818 34.8855
4759.0000 4676.4092 2.3819 34.8854
4761.0000 4678.3525 2.3820 34.8854
4763.0000 4680.2974 2.3823 34.8855
4765.0000 4682.2417 2.3824 34.8854
4767.0000 4684.1860 2.3825 34.8855
4769.0000 4686.1299 2.3827 34.8854
4771.0000 4688.0742 2.3828 34.8854
4773.0000 4690.0186 2.3828 34.8853
4775.0000 4691.9624 2.3830 34.8853
4777.0000 4693.9072 2.3833 34.8853
4779.0000 4695.8516 2.3835 34.8853
4781.0000 4697.7959 2.3838 34.8853
4783.0000 4699.7397 2.3839 34.8854
4785.0000 4701.6841 2.3838 34.8853
4787.0000 4703.6279 2.3841 34.8852
4789.0000 4705.5718 2.3844 34.8853
4791.0000 4707.5161 2.3846 34.8853
4793.0000 4709.4600 2.3846 34.8852
4795.0000 4711.4043 2.3849 34.8852
4797.0000 4713.3486 2.3852 34.8852
4799.0000 4715.2930 2.3855 34.8851
4801.0000 4717.2363 2.3858 34.8852
4803.0000 4719.1802 2.3861 34.8852
4805.0000 4721.1245 2.3861 34.8853
4807.0000 4723.0684 2.3861 34.8852
4809.0000 4725.0122 2.3862 34.8853
4811.0000 4726.9561 2.3864 34.8852
4813.0000 4728.8999 2.3867 34.8851
4815.0000 4730.8447 2.3871 34.8851
4817.0000 4732.7881 2.3873 34.8853
4819.0000 4734.7319 2.3874 34.8853
4821.0000 4736.6758 2.3877 34.8852
4823.0000 4738.6196 2.3878 34.8852
4825.0000 4740.5630 2.3880 34.8851
4827.0000 4742.5068 2.3883 34.8851
4829.0000 4744.4517 2.3882 34.8851
4831.0000 4746.3945 2.3885 34.8852
4833.0000 4748.3384 2.3887 34.8852
4835.0000 4750.2822 2.3885 34.8851
4837.0000 4752.2256 2.3885 34.8850
4839.0000 4754.1694 2.3886 34.8850
4841.0000 4756.1133 2.3886 34.8849
4843.0000 4758.0576 2.3888 34.8850
4845.0000 4760.0005 2.3890 34.8849
4847.0000 4761.9443 2.3891 34.8850
4849.0000 4763.8882 2.3892 34.8849
4851.0000 4765.8311 2.3895 34.8850
4853.0000 4767.7749 2.3895 34.8849
4855.0000 4769.7183 2.3897 34.8848
4857.0000 4771.6626 2.3899 34.8849
4859.0000 4773.6060 2.3900 34.8848
4861.0000 4775.5493 2.3896 34.8848
4863.0000 4777.4927 2.3899 34.8848
4865.0000 4779.4355 2.3903 34.8848
4867.0000 4781.3794 2.3904 34.8848
4869.0000 4783.3232 2.3904 34.8848
4871.0000 4785.2661 2.3905 34.8848
4873.0000 4787.2095 2.3908 34.8848
4875.0000 4789.1533 2.3908 34.8847
4877.0000 4791.0967 2.3912 34.8847
4879.0000 4793.0400 2.3913 34.8847
4881.0000 4794.9834 2.3913 34.8847
4883.0000 4796.9268 2.3915 34.8846
4885.0000 4798.8696 2.3918 34.8847
4887.0000 4800.8130 2.3919 34.8846
4889.0000 4802.7563 2.3920 34.8847
4891.0000 4804.7002 2.3922 34.8846
4893.0000 4806.6431 2.3923 34.8846
4895.0000 4808.5864 2.3927 34.8847
4897.0000 4810.5298 2.3929 34.8847
4899.0000 4812.4722 2.3929 34.8847
4901.0000 4814.4160 2.3932 34.8847
4903.0000 4816.3589 2.3937 34.8847
4905.0000 4818.3022 2.3937 34.8847
4907.0000 4820.2451 2.3939 34.8846
4909.0000 4822.1880 2.3943 34.8846
4911.0000 4824.1318 2.3942 34.8847
4913.0000 4826.0747 2.3944 34.8846
4915.0000 4828.0176 2.3947 34.8846
4917.0000 4829.9609 2.3949 34.8847
4919.0000 4831.9038 2.3948 34.8847
4921.0000 4833.8467 2.3951 34.8844
4923.0000 4835.7896 2.3951 34.8846
4925.0000 4837.7324 2.3955 34.8844
4927.0000 4839.6753 2.3958 34.8846
4929.0000 4841.6187 2.3961 34.8847
4931.0000 4843.5615 2.3961 34.8847
4933.0000 4845.5039 2.3961 34.8846
4935.0000 4847.4468 2.3963 34.8846
4937.0000 4849.3896 2.3965 34.8845
4939.0000 4851.3330 2.3966 34.8844
4941.0000 4853.2754 2.3969 34.8844
4943.0000 4855.2183 2.3971 34.8844
4945.0000 4857.1611 2.3974 34.8845
4947.0000 4859.1040 2.3980 34.8846
4949.0000 4861.0469 2.3982 34.8845
4951.0000 4862.9897 2.3982 34.8846
4953.0000 4864.9326 2.3983 34.8845
4955.0000 4866.8750 2.3986 34.8844
4957.0000 4868.8179 2.3987 34.8844
4959.0000 4870.7607 2.3992 34.8845
4961.0000 4872.7031 2.3996 34.8846
4963.0000 4874.6465 2.3999 34.8846
4965.0000 4876.5889 2.3998 34.8845
4967.0000 4878.5317 2.3999 34.8844
4969.0000 4880.4736 2.4001 34.8845
4971.0000 4882.4165 2.4001 34.8845
4973.0000 4884.3594 2.4003 34.8844
4975.0000 4886.3013 2.4007 34.8844
4977.0000 4888.2437 2.4010 34.8845
4979.0000 4890.1870 2.4013 34.8843
4981.0000 4892.1294 2.4014 34.8844
4983.0000 4894.0718 2.4015 34.8844
4985.0000 4896.0142 2.4016 34.8843
4987.0000 4897.9570 2.4018 34.8844
4989.0000 4899.8989 2.4021 34.8844
4991.0000 4901.8413 2.4022 34.8843
4993.0000 4903.7842 2.4026 34.8842
4995.0000 4905.7261 2.4025 34.8843
4997.0000 4907.6689 2.4029 34.8844
4999.0000 4909.6108 2.4035 34.8844
5001.0000 4911.5537 2.4037 34.8844
5003.0000 4913.4956 2.4037 34.8843
5005.0000 4915.4375 2.4037 34.8843
5007.0000 4917.3804 2.4039 34.8842
5009.0000 4919.3228 2.4040 34.8843
5011.0000 4921.2646 2.4043 34.8842
5013.0000 4923.2070 2.4046 34.8843
5015.0000 4925.1494 2.4050 34.8843
5017.0000 4927.0913 2.4055 34.8843
5019.0000 4929.0337 2.4057 34.8843
5021.0000 4930.9761 2.4058 34.8843
5023.0000 4932.9180 2.4062 34.8843
5025.0000 4934.8599 2.4064 34.8843
5027.0000 4936.8022 2.4063 34.8842
5029.0000 4938.7446 2.4065 34.8842
5031.0000 4940.6860 2.4067 34.8842
5033.0000 4942.6284 2.4070 34.8842
5035.0000 4944.5708 2.4074 34.8843
5037.0000 4946.5127 2.4075 34.8843
5039.0000 4948.4546 2.4076 34.8842
5041.0000 4950.3970 2.4077 34.8842
5043.0000 4952.3389 2.4080 34.8841
5045.0000 4954.2803 2.4082 34.8841
5047.0000 4956.2227 2.4084 34.8842
5049.0000 4958.1650 2.4086 34.8842
5051.0000 4960.1060 2.4087 34.8842
5053.0000 4962.0483 2.4089 34.8842
5055.0000 4963.9902 2.4091 34.8841
5057.0000 4965.9321 2.4093 34.8841
5059.0000 4967.8740 2.4095 34.8841
5061.0000 4969.8159 2.4097 34.8842
5063.0000 4971.7578 2.4097 34.8840
5065.0000 4973.6997 2.4100 34.8841
5067.0000 4975.6411 2.4103 34.8841
5069.0000 4977.5830 2.4103 34.8841
5071.0000 4979.5249 2.4106 34.8841
5073.0000 4981.4668 2.4111 34.8841
5075.0000 4983.4082 2.4113 34.8841
5077.0000 4985.3501 2.4113 34.8841
5079.0000 4987.2915 2.4116 34.8839
5081.0000 4989.2329 2.4117 34.8841
5083.0000 4991.1753 2.4118 34.8842
5085.0000 4993.1167 2.4123 34.8841
5087.0000 4995.0576 2.4127 34.8841
5089.0000 4997.0005 2.4129 34.8841
5091.0000 4998.9414 2.4129 34.8840
5093.0000 5000.8828 2.4130 34.8840
5095.0000 5002.8247 2.4132 34.8840
5097.0000 5004.7661 2.4135 34.8840
5099.0000 5006.7080 2.4140 34.8840
5101.0000 5008.6489 2.4143 34.8840
5103.0000 5010.5908 2.4144 34.8840
5105.0000 5012.5327 2.4144 34.8840
5107.0000 5014.4736 2.4146 34.8840
5109.0000 5016.4146 2.4150 34.8840
5111.0000 5018.3569 2.4150 34.8840
5113.0000 5020.2974 2.4151 34.8840
5115.0000 5022.2393 2.4155 34.8840
5117.0000 5024.1807 2.4156 34.8840
5119.0000 5026.1221 2.4157 34.8839
5121.0000 5028.0635 2.4160 34.8840
5123.0000 5030.0049 2.4163 34.8840
5125.0000 5031.9458 2.4164 34.8839
5127.0000 5033.8872 2.4167 34.8839
5129.0000 5035.8286 2.4170 34.8839
5131.0000 5037.7700 2.4170 34.8840
5133.0000 5039.7109 2.4171 34.8839
5135.0000 5041.6523 2.4174 34.8840
5137.0000 5043.5938 2.4177 34.8839
5139.0000 5045.5347 2.4179 34.8838
5141.0000 5047.4761 2.4181 34.8839
5143.0000 5049.4170 2.4184 34.8839
5145.0000 5051.3579 2.4185 34.8838
5147.0000 5053.2993 2.4187 34.8838
5149.0000 5055.2402 2.4190 34.8840
5151.0000 5057.1816 2.4193 34.8838
5153.0000 5059.1230 2.4194 34.8839
5155.0000 5061.0630 2.4198 34.8838
5157.0000 5063.0049 2.4200 34.8838
5159.0000 5064.9458 2.4201 34.8839
5161.0000 5066.8867 2.4204 34.8839
5163.0000 5068.8276 2.4205 34.8839
5165.0000 5070.7681 2.4208 34.8838
5167.0000 5072.7100 2.4213 34.8838
5169.0000 5074.6504 2.4215 34.8838
5171.0000 5076.5918 2.4216 34.8838
5173.0000 5078.5327 2.4217 34.8839
5175.0000 5080.4731 2.4220 34.8838
5177.0000 5082.4141 2.4221 34.8837
5179.0000 5084.3550 2.4222 34.8837
5181.0000 5086.2959 2.4225 34.8838
5183.0000 5088.2363 2.4227 34.8838
5185.0000 5090.1777 2.4229 34.8838
5187.0000 5092.1182 2.4233 34.8837
5189.0000 5094.0591 2.4235 34.8838
5191.0000 5096.0000 2.4236 34.8838
5193.0000 5097.9409 2.4238 34.8837
5195.0000 5099.8809 2.4241 34.8837
5197.0000 5101.8218 2.4245 34.8838
5199.0000 5103.7632 2.4249 34.8837
5201.0000 5105.7031 2.4251 34.8839
5203.0000 5107.6440 2.4253 34.8837
5205.0000 5109.5845 2.4254 34.8838
5207.0000 5111.5254 2.4258 34.8836
5209.0000 5113.4653 2.4259 34.8838
5211.0000 5115.4067 2.4263 34.8838
5213.0000 5117.3472 2.4266 34.8838
5215.0000 5119.2881 2.4270 34.8839
5217.0000 5121.2280 2.4271 34.8838
5219.0000 5123.1685 2.4272 34.8837
5221.0000 5125.1094 2.4274 34.8838
5223.0000 5127.0493 2.4276 34.8837
5225.0000 5128.9902 2.4279 34.8837
5227.0000 5130.9307 2.4283 34.8838
5229.0000 5132.8716 2.4285 34.8837
5231.0000 5134.8115 2.4285 34.8838
5233.0000 5136.7520 2.4289 34.8838
5235.0000 5138.6924 2.4292 34.8837
5237.0000 5140.6328 2.4291 34.8837
5239.0000 5142.5728 2.4296 34.8836
5241.0000 5144.5137 2.4296 34.8837
5243.0000 5146.4541 2.4299 34.8837
5245.0000 5148.3940 2.4304 34.8838
5247.0000 5150.3345 2.4306 34.8837
5249.0000 5152.2749 2.4306 34.8836
5251.0000 5154.2148 2.4306 34.8837
5253.0000 5156.1553 2.4307 34.8836
5255.0000 5158.0957 2.4310 34.8836
5257.0000 5160.0352 2.4310 34.8835
5259.0000 5161.9756 2.4314 34.8836
5261.0000 5163.9160 2.4317 34.8836
5263.0000 5165.8564 2.4316 34.8836
5265.0000 5167.7964 2.4317 34.8836
5267.0000 5169.7363 2.4321 34.8836
5269.0000 5171.6772 2.4324 34.8836
5271.0000 5173.6167 2.4324 34.8835
5273.0000 5175.5571 2.4325 34.8836
5275.0000 5177.4971 2.4327 34.8834
5277.0000 5179.4370 2.4329 34.8835
5279.0000 5181.3765 2.4333 34.8835
5281.0000 5183.3169 2.4335 34.8836
5283.0000 5185.2568 2.4339 34.8836
5285.0000 5187.1968 2.4342 34.8836
5287.0000 5189.1367 2.4343 34.8836
5289.0000 5191.0771 2.4347 34.8835
5291.0000 5193.0166 2.4347 34.8835
5293.0000 5194.9565 2.4346 34.8834
5295.0000 5196.8965 2.4348 34.8834
5297.0000 5198.8364 2.4353 34.8835
5299.0000 5200.7759 2.4355 34.8835
5301.0000 5202.7163 2.4356 34.8835
5303.0000 5204.6558 2.4361 34.8835
5305.0000 5206.5962 2.4364 34.8835
5307.0000 5208.5356 2.4364 34.8835
5309.0000 5210.4756 2.4366 34.8833
5311.0000 5212.4155 2.4369 34.8835
5313.0000 5214.3545 2.4372 34.8835
5315.0000 5216.2949 2.4374 34.8835
5317.0000 5218.2344 2.4378 34.8835
5319.0000 5220.1743 2.4380 34.8834
5321.0000 5222.1133 2.4381 34.8834
5323.0000 5224.0532 2.4386 34.8834
5325.0000 5225.9927 2.4388 34.8835
5327.0000 5227.9321 2.4389 34.8834
5329.0000 5229.8726 2.4392 34.8834
5331.0000 5231.8120 2.4394 34.8834
5333.0000 5233.7510 2.4399 34.8835
5335.0000 5235.6909 2.4403 34.8835
5337.0000 5237.6309 2.4405 34.8835
5339.0000 5239.5703 2.4406 34.8834
5341.0000 5241.5098 2.4406 34.8835
5343.0000 5243.4497 2.4410 34.8835
5345.0000 5245.3887 2.4413 34.8835
5347.0000 5247.3281 2.4414 34.8835
5349.0000 5249.2671 2.4415 34.8835
5351.0000 5251.2070 2.4416 34.8834
5353.0000 5253.1465 2.4419 34.8832
5355.0000 5255.0859 2.4421 34.8834
5357.0000 5257.0254 2.4425 34.8834
5359.0000 5258.9648 2.4429 34.8835
5361.0000 5260.9038 2.4430 34.8834
5363.0000 5262.8428 2.4431 34.8834
5365.0000 5264.7827 2.4433 34.8835
5367.0000 5266.7222 2.4435 34.8834
5369.0000 5268.6611 2.4439 34.8832
5371.0000 5270.6006 2.4443 34.8834
5373.0000 5272.5396 2.4444 34.8834
5375.0000 5274.4785 2.4448 34.8833
5377.0000 5276.4180 2.4454 34.8834
5379.0000 5278.3574 2.4457 34.8835
5381.0000 5280.2969 2.4456 34.8834
5383.0000 5282.2354 2.4459 34.8833
5385.0000 5284.1748 2.4462 34.8834
5387.0000 5286.1143 2.4463 34.8834
5389.0000 5288.0532 2.4464 34.8834
5391.0000 5289.9927 2.4467 34.8833
5393.0000 5291.9312 2.4469 34.8834
5395.0000 5293.8701 2.4473 34.8832
5397.0000 5295.8096 2.4476 34.8834
5399.0000 5297.7485 2.4480 34.8834
5401.0000 5299.6880 2.4482 34.8834
5403.0000 5301.6265 2.4484 34.8834
5405.0000 5303.5654 2.4487 34.8834
5407.0000 5305.5049 2.4488 34.8833
5409.0000 5307.4429 2.4492 34.8832
5411.0000 5309.3823 2.4495 34.8834
5413.0000 5311.3213 2.4498 34.8834
5415.0000 5313.2603 2.4500 34.8835
5417.0000 5315.1987 2.4503 34.8834
5419.0000 5317.1377 2.4505 34.8835
5421.0000 5319.0771 2.4507 34.8834
5423.0000 5321.0156 2.4510 34.8834
5425.0000 5322.9546 2.4513 34.8834
5427.0000 5324.8936 2.4518 34.8832
5429.0000 5326.8325 2.4520 34.8832
5431.0000 5328.7710 2.4522 34.8832
5433.0000 5330.7100 2.4524 34.8832
5435.0000 5332.6484 2.4526 34.8833
5437.0000 5334.5869 2.4527 34.8833
5439.0000 5336.5259 2.4532 34.8832
5441.0000 5338.4648 2.4533 34.8832
5443.0000 5340.4033 2.4535 34.8833
5445.0000 5342.3418 2.4538 34.8834
5447.0000 5344.2803 2.4542 34.8832
5449.0000 5346.2192 2.4543 34.8833
5451.0000 5348.1577 2.4544 34.8832
5453.0000 5350.0962 2.4548 34.8833
5455.0000 5352.0352 2.4549 34.8833
5457.0000 5353.9736 2.4552 34.8832
5459.0000 5355.9116 2.4553 34.8832
5461.0000 5357.8506 2.4554 34.8832
5463.0000 5359.7896 2.4556 34.8832
5465.0000 5361.7271 2.4562 34.8831
5467.0000 5363.6660 2.4565 34.8832
5469.0000 5365.6050 2.4563 34.8832
5471.0000 5367.5425 2.4563 34.8832
5473.0000 5369.4814 2.4566 34.8832
5475.0000 5371.4199 2.4572 34.8831
5477.0000 5373.3579 2.4573 34.8831
5479.0000 5375.2964 2.4574 34.8831
5481.0000 5377.2354 2.4577 34.8832
5483.0000 5379.1733 2.4580 34.8831
5485.0000 5381.1113 2.4584 34.8830
5487.0000 5383.0498 2.4584 34.8832
5489.0000 5384.9888 2.4587 34.8832
5491.0000 5386.9268 2.4589 34.8832
5493.0000 5388.8647 2.4590 34.8832
5495.0000 5390.8032 2.4595 34.8830
5497.0000 5392.7412 2.4598 34.8832
5499.0000 5394.6792 2.4598 34.8831
5501.0000 5396.6177 2.4601 34.8831
5503.0000 5398.5562 2.4604 34.8831
5505.0000 5400.4941 2.4606 34.8831
5507.0000 5402.4321 2.4607 34.8831
5509.0000 5404.3706 2.4612 34.8830
5511.0000 5406.3086 2.4614 34.8831
5513.0000 5408.2461 2.4616 34.8830
5515.0000 5410.1851 2.4620 34.8830
5517.0000 5412.1226 2.4622 34.8831
5519.0000 5414.0605 2.4625 34.8831
5521.0000 5415.9990 2.4627 34.8830
5523.0000 5417.9370 2.4630 34.8831
5525.0000 5419.8750 2.4633 34.8830
5527.0000 5421.8125 2.4636 34.8830
5529.0000 5423.7510 2.4639 34.8831
5531.0000 5425.6890 2.4645 34.8830
5533.0000 5427.6265 2.4647 34.8830
5535.0000 5429.5649 2.4651 34.8830
5537.0000 5431.5024 2.4654 34.8830
5539.0000 5433.4404 2.4653 34.8831
5541.0000 5435.3784 2.4652 34.8830
5543.0000 5437.3159 2.4654 34.8831
5545.0000 5439.2544 2.4660 34.8830
5547.0000 5441.1914 2.4663 34.8832
5549.0000 5443.1294 2.4664 34.8830
5551.0000 5445.0679 2.4666 34.8832
5553.0000 5447.0054 2.4670 34.8830
5555.0000 5448.9424 2.4672 34.8831
5557.0000 5450.8809 2.4673 34.8830
5559.0000 5452.8188 2.4674 34.8830
5561.0000 5454.7554 2.4674 34.8830
5563.0000 5456.6934 2.4675 34.8831
5565.0000 5458.6318 2.4677 34.8830
5567.0000 5460.5693 2.4681 34.8829
5569.0000 5462.5063 2.4684 34.8829
5571.0000 5464.4443 2.4685 34.8829
5573.0000 5466.3823 2.4687 34.8831
5575.0000 5468.3193 2.4689 34.8829
5577.0000 5470.2573 2.4693 34.8829
5579.0000 5472.1948 2.4696 34.8829
5581.0000 5474.1328 2.4699 34.8829
5583.0000 5476.0698 2.4701 34.8830
5585.0000 5478.0073 2.4704 34.8830
5587.0000 5479.9448 2.4706 34.8831
5589.0000 5481.8818 2.4710 34.8829
5591.0000 5483.8193 2.4712 34.8830
5593.0000 5485.7573 2.4715 34.8830
5595.0000 5487.6938 2.4716 34.8831
5597.0000 5489.6318 2.4720 34.8829
5599.0000 5491.5693 2.4721 34.8829
5601.0000 5493.5068 2.4723 34.8829
5603.0000 5495.4443 2.4727 34.8829
5605.0000 5497.3813 2.4733 34.8829
5607.0000 5499.3188 2.4735 34.8828
5609.0000 5501.2559 2.4737 34.8829
5611.0000 5503.1934 2.4738 34.8829
5613.0000 5505.1309 2.4739 34.8829
5615.0000 5507.0679 2.4741 34.8829
5617.0000 5509.0049 2.4744 34.8829
5619.0000 5510.9429 2.4746 34.8829
5621.0000 5512.8799 2.4749 34.8828
5623.0000 5514.8169 2.4750 34.8829
5625.0000 5516.7534 2.4752 34.8830
5627.0000 5518.6909 2.4755 34.8829
5629.0000 5520.6284 2.4758 34.8829
5631.0000 5522.5654 2.4761 34.8829
5633.0000 5524.5029 2.4762 34.8829
5635.0000 5526.4399 2.4766 34.8828
5637.0000 5528.3765 2.4766 34.8828
5639.0000 5530.3135 2.4768 34.8829
5641.0000 5532.2510 2.4766 34.8829
5643.0000 5534.1885 2.4769 34.8827
5645.0000 5536.1245 2.4769 34.8828
5647.0000 5538.0615 2.4774 34.8827
5649.0000 5539.9990 2.4774 34.8828
5651.0000 5541.9360 2.4779 34.8826
5653.0000 5543.8730 2.4782 34.8827
5655.0000 5545.8101 2.4783 34.8827
5657.0000 5547.7461 2.4788 34.8827
5659.0000 5549.6836 2.4791 34.8826
5661.0000 5551.6206 2.4794 34.8827
5663.0000 5553.5576 2.4795 34.8827
5665.0000 5555.4941 2.4798 34.8827
5667.0000 5557.4312 2.4800 34.8828
5669.0000 5559.3682 2.4804 34.8827
5671.0000 5561.3042 2.4806 34.8828
5673.0000 5563.2412 2.4805 34.8827
5675.0000 5565.1782 2.4806 34.8826
5677.0000 5567.1152 2.4811 34.8826
5679.0000 5569.0518 2.4812 34.8828
5681.0000 5570.9883 2.4814 34.8828
5683.0000 5572.9253 2.4816 34.8827
5685.0000 5574.8618 2.4819 34.8827
5687.0000 5576.7988 2.4824 34.8826
5689.0000 5578.7354 2.4829 34.8825
5691.0000 5580.6724 2.4830 34.8825
5693.0000 5582.6089 2.4831 34.8826
5695.0000 5584.5449 2.4835 34.8826
5697.0000 5586.4814 2.4837 34.8826
5699.0000 5588.4180 2.4841 34.8827
5701.0000 5590.3545 2.4845 34.8826
5703.0000 5592.2915 2.4845 34.8825
