CTD cast

DATE:  05-Jan-2016 20:34:00
latitude:  24.4989
longitude:  -41.9512
  P (db)  z (m)    T (^oC)  S (psu)
3.0000 2.9808 23.8942 37.3586
5.0000 4.9680 23.8942 37.3587
7.0000 6.9551 23.8940 37.3587
9.0000 8.9422 23.8937 37.3586
11.0000 10.9293 23.8941 37.3587
13.0000 12.9164 23.8937 37.3587
15.0000 14.9035 23.8946 37.3587
17.0000 16.8906 23.8969 37.3586
19.0000 18.8776 23.8968 37.3587
21.0000 20.8646 23.8984 37.3587
23.0000 22.8516 23.8991 37.3588
25.0000 24.8386 23.8979 37.3586
27.0000 26.8256 23.8969 37.3585
29.0000 28.8125 23.8978 37.3586
31.0000 30.7994 23.8988 37.3588
33.0000 32.7863 23.8988 37.3586
35.0000 34.7732 23.8986 37.3585
37.0000 36.7600 23.8997 37.3587
39.0000 38.7469 23.9003 37.3586
41.0000 40.7337 23.8998 37.3585
43.0000 42.7205 23.8980 37.3583
45.0000 44.7073 23.8984 37.3583
47.0000 46.6941 23.8972 37.3582
49.0000 48.6808 23.8971 37.3582
51.0000 50.6675 23.8982 37.3583
53.0000 52.6542 23.8959 37.3580
55.0000 54.6409 23.8939 37.3578
57.0000 56.6276 23.8847 37.3573
59.0000 58.6142 23.8859 37.3572
61.0000 60.6009 23.8819 37.3564
63.0000 62.5875 23.8811 37.3563
65.0000 64.5741 23.8819 37.3568
67.0000 66.5606 23.8825 37.3569
69.0000 68.5472 23.8815 37.3570
71.0000 70.5337 23.8799 37.3568
73.0000 72.5202 23.8796 37.3566
75.0000 74.5067 23.8779 37.3563
77.0000 76.4932 23.8770 37.3562
79.0000 78.4797 23.8776 37.3563
81.0000 80.4661 23.8734 37.3555
83.0000 82.4525 23.8723 37.3550
85.0000 84.4389 23.8693 37.3542
87.0000 86.4253 23.8685 37.3539
89.0000 88.4117 23.8666 37.3536
91.0000 90.3980 23.8582 37.3509
93.0000 92.3843 23.8458 37.3474
95.0000 94.3706 23.8461 37.3473
97.0000 96.3569 23.8114 37.3370
99.0000 98.3432 23.7901 37.3309
101.0000 100.3294 23.6386 37.2933
103.0000 102.3157 23.5905 37.2904
105.0000 104.3019 23.4693 37.2623
107.0000 106.2880 23.2987 37.2253
109.0000 108.2742 22.5564 37.1105
111.0000 110.2604 22.3801 37.0938
113.0000 112.2465 22.0995 37.0549
115.0000 114.2326 22.0752 37.1074
117.0000 116.2187 22.0892 37.1225
119.0000 118.2048 21.9869 37.1060
121.0000 120.1908 21.9121 37.0935
123.0000 122.1768 21.7878 37.0609
125.0000 124.1629 21.6029 37.0144
127.0000 126.1489 21.4783 36.9902
129.0000 128.1348 21.4751 36.9914
131.0000 130.1208 21.4775 36.9957
133.0000 132.1068 21.4376 36.9881
135.0000 134.0927 21.3358 36.9714
137.0000 136.0786 21.2721 36.9639
139.0000 138.0644 21.2628 36.9665
141.0000 140.0503 21.1945 36.9522
143.0000 142.0361 21.1661 36.9471
145.0000 144.0220 21.0933 36.9394
147.0000 146.0078 20.9714 36.9233
149.0000 147.9935 20.9113 36.9159
151.0000 149.9793 20.8709 36.9111
153.0000 151.9651 20.8392 36.9077
155.0000 153.9508 20.8052 36.9037
157.0000 155.9365 20.7966 36.9031
159.0000 157.9222 20.7480 36.8970
161.0000 159.9079 20.6548 36.8914
163.0000 161.8935 20.6172 36.8876
165.0000 163.8791 20.5372 36.8790
167.0000 165.8647 20.5093 36.8760
169.0000 167.8503 20.4738 36.8737
171.0000 169.8359 20.4000 36.8656
173.0000 171.8215 20.3097 36.8596
175.0000 173.8070 20.2733 36.8559
177.0000 175.7925 20.2181 36.8496
179.0000 177.7780 20.1985 36.8513
181.0000 179.7635 20.1561 36.8491
183.0000 181.7489 20.1143 36.8422
185.0000 183.7344 20.0421 36.8393
187.0000 185.7198 19.9685 36.8285
189.0000 187.7052 19.8801 36.8154
191.0000 189.6906 19.7892 36.7941
193.0000 191.6759 19.6742 36.7734
195.0000 193.6613 19.5733 36.7517
197.0000 195.6466 19.4589 36.7269
199.0000 197.6319 19.3758 36.7127
201.0000 199.6172 19.2943 36.7032
203.0000 201.6025 19.2566 36.6973
205.0000 203.5877 19.2436 36.6952
207.0000 205.5729 19.2235 36.6910
209.0000 207.5582 19.2059 36.6911
211.0000 209.5433 19.1969 36.6935
213.0000 211.5285 19.1218 36.6824
215.0000 213.5136 19.0649 36.6742
217.0000 215.4988 19.0429 36.6729
219.0000 217.4839 19.0295 36.6724
221.0000 219.4690 18.9922 36.6690
223.0000 221.4541 18.9595 36.6692
225.0000 223.4391 18.9094 36.6615
227.0000 225.4241 18.8655 36.6557
229.0000 227.4092 18.8500 36.6544
231.0000 229.3941 18.8415 36.6534
233.0000 231.3791 18.8343 36.6525
235.0000 233.3641 18.8289 36.6521
237.0000 235.3491 18.8213 36.6515
239.0000 237.3340 18.8025 36.6485
241.0000 239.3189 18.7973 36.6475
243.0000 241.3038 18.7980 36.6477
245.0000 243.2886 18.7736 36.6441
247.0000 245.2734 18.7487 36.6424
249.0000 247.2583 18.6884 36.6342
251.0000 249.2431 18.6511 36.6272
253.0000 251.2279 18.5956 36.6171
255.0000 253.2126 18.5765 36.6140
257.0000 255.1974 18.5592 36.6107
259.0000 257.1821 18.5418 36.6090
261.0000 259.1668 18.5326 36.6083
263.0000 261.1515 18.4752 36.5992
265.0000 263.1362 18.4501 36.5967
267.0000 265.1208 18.4429 36.5962
269.0000 267.1055 18.4285 36.5932
271.0000 269.0901 18.3924 36.5858
273.0000 271.0747 18.3239 36.5759
275.0000 273.0593 18.3033 36.5746
277.0000 275.0439 18.2808 36.5743
279.0000 277.0284 18.2211 36.5673
281.0000 279.0129 18.1874 36.5620
283.0000 280.9974 18.1703 36.5610
285.0000 282.9819 18.1236 36.5502
287.0000 284.9663 18.0691 36.5390
289.0000 286.9508 18.0557 36.5381
291.0000 288.9352 18.0484 36.5387
293.0000 290.9196 18.0146 36.5404
295.0000 292.9040 18.0040 36.5431
297.0000 294.8883 17.9901 36.5417
299.0000 296.8727 17.9738 36.5398
301.0000 298.8570 17.9621 36.5381
303.0000 300.8413 17.9311 36.5327
305.0000 302.8256 17.9156 36.5303
307.0000 304.8099 17.8979 36.5273
309.0000 306.7942 17.8732 36.5247
311.0000 308.7784 17.8631 36.5230
313.0000 310.7626 17.8505 36.5197
315.0000 312.7468 17.7762 36.5066
317.0000 314.7310 17.6990 36.4952
319.0000 316.7151 17.6554 36.4869
321.0000 318.6992 17.6339 36.4832
323.0000 320.6834 17.6052 36.4786
325.0000 322.6675 17.5602 36.4698
327.0000 324.6516 17.5166 36.4638
329.0000 326.6356 17.4640 36.4542
331.0000 328.6197 17.4432 36.4517
333.0000 330.6037 17.4150 36.4467
335.0000 332.5877 17.3832 36.4410
337.0000 334.5717 17.3578 36.4364
339.0000 336.5556 17.3328 36.4317
341.0000 338.5396 17.2946 36.4246
343.0000 340.5235 17.2479 36.4157
345.0000 342.5074 17.1998 36.4067
347.0000 344.4913 17.1636 36.4005
349.0000 346.4752 17.1404 36.3960
351.0000 348.4590 17.0786 36.3853
353.0000 350.4428 17.0351 36.3776
355.0000 352.4267 16.9734 36.3681
357.0000 354.4105 16.9340 36.3611
359.0000 356.3942 16.9034 36.3551
361.0000 358.3780 16.8438 36.3462
363.0000 360.3617 16.8396 36.3462
365.0000 362.3454 16.8315 36.3444
367.0000 364.3291 16.8121 36.3409
369.0000 366.3128 16.7964 36.3384
371.0000 368.2965 16.7521 36.3309
373.0000 370.2801 16.7102 36.3241
375.0000 372.2637 16.6778 36.3190
377.0000 374.2473 16.6381 36.3133
379.0000 376.2309 16.6170 36.3099
381.0000 378.2145 16.5974 36.3066
383.0000 380.1980 16.5668 36.3018
385.0000 382.1815 16.5315 36.2957
387.0000 384.1650 16.4895 36.2895
389.0000 386.1485 16.4329 36.2789
391.0000 388.1320 16.3868 36.2729
393.0000 390.1155 16.3328 36.2640
395.0000 392.0989 16.3026 36.2595
397.0000 394.0823 16.2725 36.2535
399.0000 396.0657 16.2396 36.2491
401.0000 398.0490 16.1920 36.2397
403.0000 400.0325 16.1613 36.2351
405.0000 402.0157 16.1300 36.2291
407.0000 403.9991 16.0791 36.2205
409.0000 405.9824 16.0390 36.2137
411.0000 407.9656 15.9978 36.2080
413.0000 409.9489 15.9698 36.2039
415.0000 411.9322 15.9419 36.1988
417.0000 413.9154 15.8624 36.1834
419.0000 415.8986 15.8225 36.1780
421.0000 417.8817 15.7989 36.1736
423.0000 419.8649 15.7686 36.1677
425.0000 421.8481 15.7593 36.1671
427.0000 423.8312 15.7032 36.1548
429.0000 425.8143 15.6312 36.1449
431.0000 427.7974 15.5993 36.1403
433.0000 429.7804 15.5767 36.1370
435.0000 431.7635 15.5236 36.1275
437.0000 433.7466 15.4694 36.1207
439.0000 435.7296 15.4435 36.1163
441.0000 437.7125 15.4094 36.1114
443.0000 439.6955 15.3769 36.1069
445.0000 441.6785 15.3324 36.1007
447.0000 443.6614 15.3089 36.0974
449.0000 445.6443 15.2988 36.0962
451.0000 447.6272 15.2799 36.0938
453.0000 449.6101 15.2630 36.0918
455.0000 451.5930 15.2608 36.0928
457.0000 453.5758 15.2114 36.0840
459.0000 455.5586 15.1690 36.0788
461.0000 457.5414 15.1322 36.0722
463.0000 459.5242 15.0757 36.0633
465.0000 461.5070 15.0230 36.0553
467.0000 463.4897 15.0054 36.0541
469.0000 465.4724 14.9490 36.0442
471.0000 467.4552 14.9004 36.0345
473.0000 469.4378 14.8563 36.0294
475.0000 471.4205 14.8430 36.0275
477.0000 473.4031 14.8241 36.0250
479.0000 475.3858 14.8173 36.0242
481.0000 477.3684 14.7852 36.0188
483.0000 479.3510 14.7469 36.0136
485.0000 481.3336 14.7140 36.0086
487.0000 483.3161 14.6814 36.0028
489.0000 485.2987 14.6455 35.9967
491.0000 487.2812 14.5859 35.9874
493.0000 489.2636 14.5824 35.9877
495.0000 491.2462 14.5844 35.9882
497.0000 493.2286 14.5711 35.9852
499.0000 495.2111 14.5243 35.9774
501.0000 497.1934 14.5119 35.9756
503.0000 499.1759 14.4832 35.9704
505.0000 501.1583 14.4464 35.9650
507.0000 503.1406 14.4124 35.9617
509.0000 505.1230 14.4021 35.9612
511.0000 507.1053 14.3957 35.9606
513.0000 509.0876 14.3534 35.9537
515.0000 511.0699 14.2943 35.9450
517.0000 513.0522 14.2826 35.9429
519.0000 515.0344 14.2361 35.9369
521.0000 517.0166 14.2076 35.9325
523.0000 518.9988 14.1965 35.9311
525.0000 520.9811 14.1951 35.9312
527.0000 522.9633 14.1916 35.9307
529.0000 524.9454 14.1609 35.9258
531.0000 526.9276 14.0900 35.9146
533.0000 528.9097 14.0690 35.9123
535.0000 530.8917 14.0053 35.9001
537.0000 532.8738 13.9376 35.8901
539.0000 534.8559 13.8746 35.8805
541.0000 536.8380 13.8490 35.8785
543.0000 538.8199 13.8296 35.8761
545.0000 540.8019 13.7995 35.8720
547.0000 542.7839 13.7797 35.8689
549.0000 544.7659 13.7664 35.8670
551.0000 546.7479 13.7277 35.8598
553.0000 548.7298 13.6778 35.8529
555.0000 550.7117 13.6393 35.8460
557.0000 552.6935 13.5621 35.8356
559.0000 554.6755 13.5121 35.8278
561.0000 556.6573 13.4513 35.8208
563.0000 558.6391 13.4276 35.8181
565.0000 560.6209 13.4078 35.8146
567.0000 562.6028 13.4051 35.8159
569.0000 564.5845 13.3792 35.8117
571.0000 566.5663 13.3357 35.8041
573.0000 568.5480 13.2960 35.7999
575.0000 570.5297 13.2587 35.7945
577.0000 572.5115 13.1879 35.7856
579.0000 574.4931 13.1566 35.7822
581.0000 576.4747 13.1201 35.7776
583.0000 578.4564 13.0736 35.7711
585.0000 580.4380 13.0311 35.7666
587.0000 582.4197 13.0120 35.7637
589.0000 584.4013 12.9769 35.7594
591.0000 586.3828 12.9517 35.7564
593.0000 588.3644 12.9091 35.7502
595.0000 590.3459 12.9009 35.7507
597.0000 592.3273 12.8937 35.7494
599.0000 594.3089 12.8833 35.7477
601.0000 596.2904 12.8678 35.7457
603.0000 598.2719 12.8522 35.7436
605.0000 600.2532 12.8339 35.7413
607.0000 602.2347 12.8143 35.7385
609.0000 604.2161 12.7981 35.7364
611.0000 606.1974 12.7797 35.7337
613.0000 608.1788 12.7546 35.7299
615.0000 610.1602 12.7034 35.7227
617.0000 612.1415 12.6695 35.7185
619.0000 614.1227 12.6476 35.7155
621.0000 616.1041 12.5583 35.7029
623.0000 618.0853 12.5277 35.6993
625.0000 620.0665 12.4908 35.6945
627.0000 622.0478 12.4485 35.6889
629.0000 624.0290 12.3966 35.6821
631.0000 626.0102 12.3681 35.6787
633.0000 627.9913 12.3269 35.6736
635.0000 629.9725 12.3073 35.6716
637.0000 631.9537 12.3008 35.6708
639.0000 633.9348 12.2958 35.6704
641.0000 635.9159 12.2886 35.6695
643.0000 637.8969 12.2758 35.6676
645.0000 639.8779 12.2420 35.6636
647.0000 641.8590 12.2244 35.6611
649.0000 643.8400 12.1857 35.6552
651.0000 645.8210 12.1386 35.6491
653.0000 647.8020 12.0947 35.6444
655.0000 649.7830 12.0830 35.6428
657.0000 651.7639 12.0647 35.6406
659.0000 653.7448 12.0479 35.6382
661.0000 655.7258 11.9983 35.6308
663.0000 657.7067 11.9109 35.6209
665.0000 659.6875 11.8683 35.6155
667.0000 661.6683 11.8354 35.6106
669.0000 663.6492 11.7535 35.6004
671.0000 665.6300 11.7007 35.5936
673.0000 667.6107 11.6283 35.5848
675.0000 669.5916 11.5979 35.5814
677.0000 671.5723 11.5810 35.5795
679.0000 673.5530 11.5717 35.5788
681.0000 675.5338 11.5488 35.5759
683.0000 677.5145 11.5415 35.5753
685.0000 679.4952 11.5225 35.5728
687.0000 681.4758 11.4863 35.5680
689.0000 683.4565 11.4147 35.5587
691.0000 685.4371 11.3841 35.5548
693.0000 687.4176 11.3754 35.5533
695.0000 689.3983 11.3022 35.5436
697.0000 691.3788 11.2442 35.5352
699.0000 693.3594 11.1948 35.5307
701.0000 695.3398 11.1602 35.5242
703.0000 697.3204 11.1232 35.5205
705.0000 699.3009 11.1126 35.5194
707.0000 701.2813 11.1031 35.5179
709.0000 703.2618 11.0816 35.5153
711.0000 705.2423 11.0451 35.5099
713.0000 707.2227 11.0110 35.5052
715.0000 709.2031 10.9823 35.5021
717.0000 711.1834 10.9591 35.4991
719.0000 713.1638 10.8950 35.4887
721.0000 715.1441 10.8500 35.4852
723.0000 717.1245 10.8400 35.4844
725.0000 719.1047 10.8061 35.4796
727.0000 721.0850 10.7597 35.4739
729.0000 723.0652 10.7280 35.4713
731.0000 725.0455 10.7036 35.4680
733.0000 727.0258 10.6811 35.4657
735.0000 729.0059 10.6677 35.4642
737.0000 730.9861 10.6568 35.4632
739.0000 732.9663 10.6283 35.4594
741.0000 734.9465 10.5790 35.4537
743.0000 736.9266 10.5592 35.4514
745.0000 738.9067 10.5247 35.4472
747.0000 740.8868 10.5110 35.4459
749.0000 742.8669 10.4807 35.4418
751.0000 744.8469 10.4634 35.4405
753.0000 746.8270 10.4491 35.4382
755.0000 748.8069 10.4282 35.4365
757.0000 750.7870 10.4126 35.4341
759.0000 752.7670 10.3644 35.4279
761.0000 754.7469 10.3183 35.4229
763.0000 756.7268 10.2795 35.4189
765.0000 758.7068 10.2697 35.4180
767.0000 760.6867 10.2652 35.4177
769.0000 762.6666 10.2514 35.4158
771.0000 764.6464 10.2409 35.4150
773.0000 766.6263 10.2371 35.4144
775.0000 768.6061 10.2273 35.4134
777.0000 770.5859 10.2125 35.4112
779.0000 772.5657 10.1803 35.4071
781.0000 774.5455 10.1481 35.4031
783.0000 776.5251 10.1252 35.4007
785.0000 778.5049 10.0852 35.3952
787.0000 780.4847 10.0379 35.3899
789.0000 782.4644 9.9978 35.3851
791.0000 784.4441 9.9613 35.3802
793.0000 786.4237 9.9057 35.3746
795.0000 788.4034 9.8491 35.3675
797.0000 790.3829 9.7872 35.3621
799.0000 792.3626 9.7591 35.3592
801.0000 794.3422 9.7281 35.3565
803.0000 796.3218 9.7192 35.3556
805.0000 798.3012 9.6960 35.3535
807.0000 800.2808 9.6939 35.3536
809.0000 802.2604 9.6924 35.3537
811.0000 804.2397 9.6867 35.3531
813.0000 806.2193 9.6827 35.3526
815.0000 808.1987 9.6733 35.3513
817.0000 810.1782 9.6519 35.3483
819.0000 812.1575 9.5791 35.3409
821.0000 814.1370 9.5638 35.3398
823.0000 816.1163 9.5458 35.3374
825.0000 818.0957 9.5301 35.3352
827.0000 820.0751 9.5103 35.3326
829.0000 822.0544 9.4852 35.3306
831.0000 824.0337 9.4798 35.3304
833.0000 826.0129 9.4691 35.3298
835.0000 827.9922 9.4576 35.3282
837.0000 829.9714 9.4134 35.3238
839.0000 831.9506 9.3521 35.3168
841.0000 833.9299 9.3296 35.3147
843.0000 835.9091 9.3144 35.3131
845.0000 837.8882 9.2894 35.3104
847.0000 839.8674 9.2510 35.3058
849.0000 841.8466 9.1914 35.2995
851.0000 843.8257 9.1825 35.2997
853.0000 845.8047 9.1737 35.2979
855.0000 847.7838 9.1392 35.2945
857.0000 849.7629 9.1179 35.2924
859.0000 851.7418 9.1079 35.2918
861.0000 853.7210 9.0969 35.2902
863.0000 855.7000 9.0722 35.2874
865.0000 857.6790 9.0365 35.2837
867.0000 859.6578 9.0243 35.2827
869.0000 861.6369 9.0153 35.2814
871.0000 863.6158 8.9611 35.2746
873.0000 865.5946 8.9030 35.2691
875.0000 867.5735 8.8568 35.2627
877.0000 869.5524 8.7860 35.2565
879.0000 871.5313 8.7740 35.2554
881.0000 873.5101 8.7592 35.2538
883.0000 875.4889 8.7417 35.2523
885.0000 877.4678 8.7303 35.2511
887.0000 879.4465 8.7115 35.2490
889.0000 881.4252 8.6773 35.2450
891.0000 883.4041 8.6177 35.2379
893.0000 885.3826 8.5684 35.2336
895.0000 887.3614 8.5471 35.2317
897.0000 889.3401 8.5190 35.2290
899.0000 891.3188 8.4900 35.2262
901.0000 893.2974 8.4723 35.2251
903.0000 895.2760 8.4652 35.2244
905.0000 897.2546 8.4487 35.2225
907.0000 899.2332 8.4256 35.2196
909.0000 901.2117 8.3172 35.2078
911.0000 903.1903 8.2716 35.2045
913.0000 905.1689 8.2561 35.2029
915.0000 907.1474 8.2417 35.2020
917.0000 909.1259 8.2331 35.2016
919.0000 911.1044 8.2309 35.2016
921.0000 913.0828 8.2238 35.2009
923.0000 915.0612 8.2161 35.2002
925.0000 917.0397 8.2034 35.1986
927.0000 919.0181 8.1836 35.1971
929.0000 920.9964 8.1454 35.1924
931.0000 922.9749 8.1118 35.1892
933.0000 924.9532 8.0903 35.1877
935.0000 926.9314 8.0840 35.1870
937.0000 928.9097 8.0538 35.1823
939.0000 930.8881 7.9589 35.1735
941.0000 932.8663 7.9079 35.1691
943.0000 934.8445 7.8878 35.1674
945.0000 936.8228 7.8722 35.1666
947.0000 938.8010 7.8558 35.1650
949.0000 940.7792 7.8080 35.1597
951.0000 942.7574 7.7576 35.1559
953.0000 944.7355 7.7402 35.1541
955.0000 946.7137 7.7114 35.1527
957.0000 948.6918 7.6711 35.1478
959.0000 950.6698 7.6447 35.1454
961.0000 952.6479 7.6177 35.1430
963.0000 954.6260 7.5883 35.1406
965.0000 956.6040 7.5669 35.1389
967.0000 958.5821 7.5504 35.1381
969.0000 960.5601 7.5401 35.1372
971.0000 962.5381 7.5220 35.1367
973.0000 964.5160 7.5077 35.1358
975.0000 966.4940 7.4661 35.1318
977.0000 968.4719 7.4635 35.1324
979.0000 970.4498 7.4333 35.1289
981.0000 972.4278 7.4015 35.1269
983.0000 974.4056 7.3619 35.1234
985.0000 976.3835 7.3162 35.1203
987.0000 978.3612 7.3070 35.1203
989.0000 980.3391 7.3011 35.1199
991.0000 982.3168 7.2993 35.1199
993.0000 984.2947 7.2902 35.1187
995.0000 986.2725 7.2544 35.1137
997.0000 988.2502 7.2279 35.1122
999.0000 990.2279 7.2188 35.1116
1001.0000 992.2056 7.2133 35.1112
1003.0000 994.1833 7.1861 35.1083
1005.0000 996.1609 7.1572 35.1068
1007.0000 998.1387 7.1407 35.1057
1009.0000 1000.1163 7.1284 35.1046
1011.0000 1002.0939 7.1155 35.1038
1013.0000 1004.0715 7.0815 35.1012
1015.0000 1006.0491 7.0501 35.0993
1017.0000 1008.0265 7.0343 35.0991
1019.0000 1010.0041 7.0237 35.0991
1021.0000 1011.9817 7.0195 35.0993
1023.0000 1013.9592 7.0177 35.0991
1025.0000 1015.9366 7.0164 35.0993
1027.0000 1017.9141 7.0130 35.0992
1029.0000 1019.8916 7.0060 35.0989
1031.0000 1021.8690 7.0011 35.0985
1033.0000 1023.8463 6.9958 35.0983
1035.0000 1025.8237 6.9930 35.0981
1037.0000 1027.8011 6.9844 35.0973
1039.0000 1029.7784 6.9588 35.0953
1041.0000 1031.7557 6.9321 35.0937
1043.0000 1033.7330 6.8935 35.0921
1045.0000 1035.7103 6.8779 35.0921
1047.0000 1037.6876 6.8592 35.0910
1049.0000 1039.6650 6.8312 35.0897
1051.0000 1041.6422 6.8176 35.0896
1053.0000 1043.6193 6.8071 35.0892
1055.0000 1045.5966 6.7967 35.0887
1057.0000 1047.5739 6.7817 35.0883
1059.0000 1049.5509 6.7578 35.0864
1061.0000 1051.5281 6.7430 35.0868
1063.0000 1053.5052 6.7210 35.0871
1065.0000 1055.4823 6.7017 35.0869
1067.0000 1057.4595 6.6923 35.0872
1069.0000 1059.4364 6.6616 35.0864
1071.0000 1061.4135 6.6295 35.0851
1073.0000 1063.3905 6.6028 35.0835
1075.0000 1065.3676 6.5854 35.0824
1077.0000 1067.3446 6.5695 35.0826
1079.0000 1069.3214 6.5589 35.0818
1081.0000 1071.2985 6.5320 35.0817
1083.0000 1073.2755 6.5157 35.0816
1085.0000 1075.2524 6.5038 35.0819
1087.0000 1077.2292 6.4896 35.0820
1089.0000 1079.2062 6.4837 35.0822
1091.0000 1081.1830 6.4812 35.0822
1093.0000 1083.1598 6.4711 35.0816
1095.0000 1085.1367 6.4519 35.0813
1097.0000 1087.1135 6.4321 35.0800
1099.0000 1089.0903 6.4125 35.0790
1101.0000 1091.0669 6.3931 35.0779
1103.0000 1093.0438 6.3849 35.0775
1105.0000 1095.0205 6.3826 35.0775
1107.0000 1096.9972 6.3780 35.0773
1109.0000 1098.9740 6.3715 35.0770
1111.0000 1100.9507 6.3625 35.0765
1113.0000 1102.9272 6.3568 35.0763
1115.0000 1104.9039 6.3479 35.0757
1117.0000 1106.8805 6.3271 35.0748
1119.0000 1108.8572 6.3119 35.0744
1121.0000 1110.8336 6.3091 35.0742
1123.0000 1112.8103 6.3004 35.0739
1125.0000 1114.7867 6.2937 35.0735
1127.0000 1116.7633 6.2808 35.0736
1129.0000 1118.7397 6.2684 35.0733
1131.0000 1120.7163 6.2561 35.0736
1133.0000 1122.6929 6.2486 35.0739
1135.0000 1124.6693 6.2462 35.0740
1137.0000 1126.6458 6.2431 35.0739
1139.0000 1128.6221 6.2403 35.0739
1141.0000 1130.5985 6.2363 35.0736
1143.0000 1132.5748 6.2294 35.0731
1145.0000 1134.5513 6.2156 35.0715
1147.0000 1136.5277 6.1915 35.0693
1149.0000 1138.5039 6.1707 35.0669
1151.0000 1140.4802 6.1424 35.0653
1153.0000 1142.4567 6.1362 35.0652
1155.0000 1144.4326 6.1261 35.0650
1157.0000 1146.4091 6.1032 35.0648
1159.0000 1148.3853 6.0943 35.0642
1161.0000 1150.3616 6.0777 35.0638
1163.0000 1152.3376 6.0635 35.0639
1165.0000 1154.3138 6.0607 35.0638
1167.0000 1156.2900 6.0592 35.0639
1169.0000 1158.2661 6.0554 35.0640
1171.0000 1160.2423 6.0542 35.0645
1173.0000 1162.2184 6.0627 35.0676
1175.0000 1164.1945 6.0568 35.0668
1177.0000 1166.1704 6.0195 35.0628
1179.0000 1168.1465 6.0140 35.0632
1181.0000 1170.1226 6.0067 35.0629
1183.0000 1172.0985 5.9796 35.0612
1185.0000 1174.0746 5.9655 35.0610
1187.0000 1176.0507 5.9422 35.0608
1189.0000 1178.0266 5.9245 35.0600
1191.0000 1180.0024 5.9199 35.0600
1193.0000 1181.9783 5.9158 35.0598
1195.0000 1183.9542 5.9136 35.0606
1197.0000 1185.9299 5.9107 35.0611
1199.0000 1187.9059 5.9075 35.0614
1201.0000 1189.8818 5.8954 35.0613
1203.0000 1191.8577 5.8858 35.0607
1205.0000 1193.8334 5.8681 35.0589
1207.0000 1195.8092 5.8508 35.0585
1209.0000 1197.7850 5.8465 35.0582
1211.0000 1199.7606 5.8332 35.0579
1213.0000 1201.7365 5.8272 35.0576
1215.0000 1203.7122 5.8229 35.0574
1217.0000 1205.6879 5.8212 35.0571
1219.0000 1207.6635 5.8191 35.0569
1221.0000 1209.6390 5.8114 35.0565
1223.0000 1211.6147 5.8035 35.0567
1225.0000 1213.5903 5.8028 35.0570
1227.0000 1215.5659 5.8026 35.0570
1229.0000 1217.5415 5.8014 35.0572
1231.0000 1219.5171 5.8005 35.0572
1233.0000 1221.4927 5.7972 35.0570
1235.0000 1223.4681 5.7822 35.0566
1237.0000 1225.4438 5.7704 35.0568
1239.0000 1227.4192 5.7660 35.0567
1241.0000 1229.3947 5.7637 35.0567
1243.0000 1231.3701 5.7609 35.0566
1245.0000 1233.3455 5.7557 35.0565
1247.0000 1235.3209 5.7475 35.0561
1249.0000 1237.2964 5.7392 35.0562
1251.0000 1239.2717 5.7359 35.0572
1253.0000 1241.2471 5.7333 35.0567
1255.0000 1243.2224 5.7116 35.0561
1257.0000 1245.1978 5.7030 35.0559
1259.0000 1247.1730 5.6950 35.0558
1261.0000 1249.1483 5.6905 35.0557
1263.0000 1251.1235 5.6895 35.0558
1265.0000 1253.0989 5.6887 35.0559
1267.0000 1255.0741 5.6887 35.0558
1269.0000 1257.0492 5.6882 35.0559
1271.0000 1259.0244 5.6872 35.0559
1273.0000 1260.9995 5.6848 35.0560
1275.0000 1262.9746 5.6807 35.0563
1277.0000 1264.9498 5.6744 35.0567
1279.0000 1266.9248 5.6645 35.0571
1281.0000 1268.8999 5.6492 35.0569
1283.0000 1270.8750 5.6371 35.0576
1285.0000 1272.8501 5.6320 35.0583
1287.0000 1274.8251 5.6323 35.0592
1289.0000 1276.8002 5.6312 35.0596
1291.0000 1278.7753 5.6321 35.0614
1293.0000 1280.7501 5.6317 35.0630
1295.0000 1282.7251 5.6309 35.0632
1297.0000 1284.7001 5.6275 35.0636
1299.0000 1286.6750 5.6242 35.0637
1301.0000 1288.6498 5.6223 35.0638
1303.0000 1290.6249 5.6211 35.0639
1305.0000 1292.5997 5.6190 35.0640
1307.0000 1294.5746 5.6167 35.0643
1309.0000 1296.5494 5.6159 35.0644
1311.0000 1298.5244 5.6167 35.0642
1313.0000 1300.4991 5.6126 35.0646
1315.0000 1302.4738 5.6090 35.0648
1317.0000 1304.4486 5.6081 35.0648
1319.0000 1306.4233 5.6053 35.0648
1321.0000 1308.3981 5.5946 35.0650
1323.0000 1310.3727 5.5789 35.0658
1325.0000 1312.3475 5.5674 35.0659
1327.0000 1314.3221 5.5606 35.0661
1329.0000 1316.2968 5.5553 35.0662
1331.0000 1318.2715 5.5349 35.0668
1333.0000 1320.2460 5.5273 35.0671
1335.0000 1322.2206 5.5247 35.0672
1337.0000 1324.1952 5.5201 35.0670
1339.0000 1326.1697 5.5044 35.0662
1341.0000 1328.1442 5.4977 35.0663
1343.0000 1330.1188 5.4968 35.0663
1345.0000 1332.0933 5.4802 35.0662
1347.0000 1334.0677 5.4637 35.0665
1349.0000 1336.0421 5.4543 35.0664
1351.0000 1338.0166 5.4515 35.0667
1353.0000 1339.9911 5.4458 35.0669
1355.0000 1341.9653 5.4360 35.0669
1357.0000 1343.9399 5.4301 35.0671
1359.0000 1345.9144 5.4247 35.0670
1361.0000 1347.8888 5.4242 35.0669
1363.0000 1349.8629 5.4201 35.0670
1365.0000 1351.8373 5.4154 35.0670
1367.0000 1353.8116 5.4084 35.0669
1369.0000 1355.7858 5.4057 35.0668
1371.0000 1357.7601 5.3995 35.0670
1373.0000 1359.7344 5.3989 35.0670
1375.0000 1361.7085 5.3973 35.0669
1377.0000 1363.6826 5.3959 35.0670
1379.0000 1365.6570 5.3933 35.0670
1381.0000 1367.6311 5.3916 35.0669
1383.0000 1369.6052 5.3921 35.0670
1385.0000 1371.5793 5.3914 35.0669
1387.0000 1373.5536 5.3908 35.0669
1389.0000 1375.5277 5.3874 35.0669
1391.0000 1377.5016 5.3756 35.0661
1393.0000 1379.4757 5.3631 35.0660
1395.0000 1381.4497 5.3629 35.0669
1397.0000 1383.4237 5.3580 35.0671
1399.0000 1385.3977 5.3484 35.0671
1401.0000 1387.3718 5.3410 35.0667
1403.0000 1389.3458 5.3235 35.0663
1405.0000 1391.3197 5.3091 35.0652
1407.0000 1393.2936 5.2813 35.0630
1409.0000 1395.2676 5.2694 35.0633
1411.0000 1397.2413 5.2652 35.0638
1413.0000 1399.2152 5.2636 35.0641
1415.0000 1401.1892 5.2621 35.0643
1417.0000 1403.1628 5.2605 35.0646
1419.0000 1405.1367 5.2507 35.0645
1421.0000 1407.1107 5.2373 35.0648
1423.0000 1409.0844 5.2345 35.0651
1425.0000 1411.0581 5.2297 35.0650
1427.0000 1413.0319 5.2218 35.0648
1429.0000 1415.0056 5.2136 35.0648
1431.0000 1416.9792 5.2013 35.0639
1433.0000 1418.9529 5.1865 35.0633
1435.0000 1420.9266 5.1587 35.0616
1437.0000 1422.9004 5.1502 35.0618
1439.0000 1424.8739 5.1489 35.0620
1441.0000 1426.8475 5.1434 35.0617
1443.0000 1428.8212 5.1425 35.0617
1445.0000 1430.7946 5.1335 35.0612
1447.0000 1432.7682 5.1253 35.0611
1449.0000 1434.7418 5.1142 35.0611
1451.0000 1436.7155 5.1036 35.0618
1453.0000 1438.6888 5.1010 35.0620
1455.0000 1440.6622 5.0942 35.0618
1457.0000 1442.6357 5.0842 35.0617
1459.0000 1444.6090 5.0732 35.0614
1461.0000 1446.5825 5.0684 35.0613
1463.0000 1448.5562 5.0617 35.0612
1465.0000 1450.5295 5.0466 35.0613
1467.0000 1452.5027 5.0345 35.0612
1469.0000 1454.4762 5.0242 35.0606
1471.0000 1456.4495 5.0172 35.0602
1473.0000 1458.4227 5.0138 35.0600
1475.0000 1460.3961 5.0085 35.0599
1477.0000 1462.3694 5.0049 35.0599
1479.0000 1464.3427 5.0038 35.0599
1481.0000 1466.3158 5.0053 35.0598
1483.0000 1468.2891 4.9991 35.0597
1485.0000 1470.2623 4.9968 35.0597
1487.0000 1472.2355 4.9928 35.0596
1489.0000 1474.2086 4.9923 35.0598
1491.0000 1476.1818 4.9877 35.0594
1493.0000 1478.1549 4.9788 35.0594
1495.0000 1480.1279 4.9755 35.0594
1497.0000 1482.1012 4.9741 35.0594
1499.0000 1484.0743 4.9731 35.0593
1501.0000 1486.0472 4.9679 35.0593
1503.0000 1488.0203 4.9617 35.0593
1505.0000 1489.9933 4.9580 35.0593
1507.0000 1491.9663 4.9557 35.0592
1509.0000 1493.9393 4.9520 35.0591
1511.0000 1495.9124 4.9496 35.0591
1513.0000 1497.8853 4.9468 35.0592
1515.0000 1499.8580 4.9422 35.0592
1517.0000 1501.8311 4.9382 35.0594
1519.0000 1503.8040 4.9349 35.0594
1521.0000 1505.7767 4.9279 35.0598
1523.0000 1507.7496 4.9267 35.0597
1525.0000 1509.7225 4.9264 35.0599
1527.0000 1511.6954 4.9267 35.0599
1529.0000 1513.6681 4.9265 35.0600
1531.0000 1515.6410 4.9256 35.0601
1533.0000 1517.6136 4.9245 35.0603
1535.0000 1519.5864 4.9220 35.0605
1537.0000 1521.5592 4.9178 35.0621
1539.0000 1523.5319 4.9133 35.0630
1541.0000 1525.5044 4.9101 35.0638
1543.0000 1527.4773 4.9022 35.0638
1545.0000 1529.4500 4.8951 35.0642
1547.0000 1531.4225 4.8956 35.0642
1549.0000 1533.3950 4.8953 35.0644
1551.0000 1535.3678 4.8908 35.0639
1553.0000 1537.3403 4.8867 35.0635
1555.0000 1539.3129 4.8823 35.0634
1557.0000 1541.2853 4.8811 35.0633
1559.0000 1543.2581 4.8794 35.0634
1561.0000 1545.2305 4.8762 35.0633
1563.0000 1547.2029 4.8707 35.0636
1565.0000 1549.1753 4.8609 35.0632
1567.0000 1551.1479 4.8513 35.0627
1569.0000 1553.1202 4.8475 35.0624
1571.0000 1555.0927 4.8312 35.0615
1573.0000 1557.0651 4.8245 35.0614
1575.0000 1559.0375 4.8217 35.0613
1577.0000 1561.0098 4.8184 35.0616
1579.0000 1562.9822 4.8081 35.0614
1581.0000 1564.9545 4.7999 35.0620
1583.0000 1566.9268 4.7950 35.0622
1585.0000 1568.8990 4.7918 35.0626
1587.0000 1570.8713 4.7888 35.0623
1589.0000 1572.8438 4.7750 35.0612
1591.0000 1574.8157 4.7665 35.0610
1593.0000 1576.7880 4.7446 35.0601
1595.0000 1578.7601 4.7402 35.0608
1597.0000 1580.7323 4.7404 35.0612
1599.0000 1582.7045 4.7411 35.0620
1601.0000 1584.6766 4.7392 35.0630
1603.0000 1586.6488 4.7332 35.0625
1605.0000 1588.6208 4.7274 35.0616
1607.0000 1590.5929 4.7255 35.0619
1609.0000 1592.5651 4.7299 35.0631
1611.0000 1594.5370 4.7263 35.0628
1613.0000 1596.5092 4.7235 35.0637
1615.0000 1598.4811 4.7208 35.0642
1617.0000 1600.4531 4.7065 35.0639
1619.0000 1602.4250 4.7009 35.0637
1621.0000 1604.3970 4.6971 35.0634
1623.0000 1606.3691 4.6951 35.0635
1625.0000 1608.3408 4.6945 35.0637
1627.0000 1610.3126 4.6929 35.0637
1629.0000 1612.2847 4.6894 35.0636
1631.0000 1614.2565 4.6836 35.0637
1633.0000 1616.2283 4.6817 35.0637
1635.0000 1618.2001 4.6808 35.0637
1637.0000 1620.1720 4.6790 35.0636
1639.0000 1622.1437 4.6733 35.0628
1641.0000 1624.1155 4.6616 35.0617
1643.0000 1626.0874 4.6591 35.0615
1645.0000 1628.0590 4.6526 35.0611
1647.0000 1630.0306 4.6495 35.0611
1649.0000 1632.0024 4.6463 35.0610
1651.0000 1633.9741 4.6385 35.0602
1653.0000 1635.9457 4.6163 35.0589
1655.0000 1637.9174 4.6003 35.0576
1657.0000 1639.8890 4.5969 35.0575
1659.0000 1641.8605 4.5889 35.0567
1661.0000 1643.8322 4.5927 35.0571
1663.0000 1645.8037 4.5815 35.0565
1665.0000 1647.7751 4.5816 35.0564
1667.0000 1649.7468 4.5815 35.0564
1669.0000 1651.7183 4.5767 35.0562
1671.0000 1653.6898 4.5756 35.0562
1673.0000 1655.6613 4.5757 35.0562
1675.0000 1657.6327 4.5755 35.0562
1677.0000 1659.6042 4.5721 35.0564
1679.0000 1661.5756 4.5690 35.0566
1681.0000 1663.5470 4.5692 35.0567
1683.0000 1665.5184 4.5724 35.0571
1685.0000 1667.4897 4.5728 35.0575
1687.0000 1669.4609 4.5691 35.0576
1689.0000 1671.4325 4.5661 35.0575
1691.0000 1673.4038 4.5657 35.0573
1693.0000 1675.3750 4.5630 35.0570
1695.0000 1677.3463 4.5623 35.0567
1697.0000 1679.3175 4.5606 35.0571
1699.0000 1681.2888 4.5596 35.0575
1701.0000 1683.2600 4.5568 35.0578
1703.0000 1685.2311 4.5385 35.0563
1705.0000 1687.2025 4.5245 35.0555
1707.0000 1689.1735 4.5162 35.0555
1709.0000 1691.1448 4.5144 35.0554
1711.0000 1693.1160 4.5140 35.0556
1713.0000 1695.0870 4.5118 35.0555
1715.0000 1697.0580 4.5079 35.0553
1717.0000 1699.0292 4.5064 35.0554
1719.0000 1701.0002 4.5027 35.0551
1721.0000 1702.9711 4.4997 35.0550
1723.0000 1704.9421 4.4950 35.0549
1725.0000 1706.9133 4.4941 35.0550
1727.0000 1708.8843 4.4930 35.0549
1729.0000 1710.8552 4.4907 35.0549
1731.0000 1712.8260 4.4874 35.0547
1733.0000 1714.7970 4.4828 35.0547
1735.0000 1716.7678 4.4767 35.0542
1737.0000 1718.7388 4.4712 35.0541
1739.0000 1720.7098 4.4703 35.0542
1741.0000 1722.6804 4.4704 35.0544
1743.0000 1724.6514 4.4694 35.0547
1745.0000 1726.6222 4.4659 35.0550
1747.0000 1728.5929 4.4638 35.0551
1749.0000 1730.5637 4.4630 35.0552
1751.0000 1732.5344 4.4605 35.0553
1753.0000 1734.5054 4.4611 35.0552
1755.0000 1736.4758 4.4561 35.0552
1757.0000 1738.4467 4.4555 35.0553
1759.0000 1740.4174 4.4541 35.0551
1761.0000 1742.3881 4.4423 35.0545
1763.0000 1744.3585 4.4416 35.0547
1765.0000 1746.3292 4.4270 35.0544
1767.0000 1748.3000 4.4268 35.0543
1769.0000 1750.2704 4.4211 35.0536
1771.0000 1752.2411 4.4191 35.0535
1773.0000 1754.2118 4.4107 35.0521
1775.0000 1756.1823 4.4089 35.0520
1777.0000 1758.1526 4.4085 35.0518
1779.0000 1760.1230 4.4052 35.0512
1781.0000 1762.0938 4.4010 35.0506
1783.0000 1764.0640 4.3991 35.0503
1785.0000 1766.0347 4.3858 35.0481
1787.0000 1768.0050 4.3807 35.0478
1789.0000 1769.9757 4.3736 35.0492
1791.0000 1771.9458 4.3711 35.0508
1793.0000 1773.9163 4.3598 35.0502
1795.0000 1775.8866 4.3454 35.0494
1797.0000 1777.8567 4.3372 35.0492
1799.0000 1779.8273 4.3360 35.0497
1801.0000 1781.7975 4.3358 35.0499
1803.0000 1783.7676 4.3251 35.0493
1805.0000 1785.7379 4.3181 35.0491
1807.0000 1787.7084 4.3158 35.0491
1809.0000 1789.6785 4.3137 35.0489
1811.0000 1791.6487 4.3128 35.0489
1813.0000 1793.6189 4.3082 35.0490
1815.0000 1795.5892 4.3057 35.0485
1817.0000 1797.5592 4.2983 35.0478
1819.0000 1799.5294 4.2830 35.0464
1821.0000 1801.4995 4.2667 35.0457
1823.0000 1803.4698 4.2655 35.0456
1825.0000 1805.4396 4.2639 35.0456
1827.0000 1807.4098 4.2633 35.0455
1829.0000 1809.3798 4.2636 35.0457
1831.0000 1811.3499 4.2636 35.0457
1833.0000 1813.3197 4.2638 35.0456
1835.0000 1815.2900 4.2629 35.0455
1837.0000 1817.2599 4.2595 35.0454
1839.0000 1819.2297 4.2438 35.0440
1841.0000 1821.1997 4.2356 35.0437
1843.0000 1823.1698 4.2250 35.0432
1845.0000 1825.1394 4.2161 35.0427
1847.0000 1827.1094 4.1920 35.0408
1849.0000 1829.0792 4.1819 35.0404
1851.0000 1831.0493 4.1785 35.0403
1853.0000 1833.0188 4.1725 35.0399
1855.0000 1834.9886 4.1662 35.0393
1857.0000 1836.9585 4.1608 35.0389
1859.0000 1838.9282 4.1542 35.0383
1861.0000 1840.8979 4.1434 35.0377
1863.0000 1842.8678 4.1400 35.0373
1865.0000 1844.8373 4.1354 35.0369
1867.0000 1846.8071 4.1341 35.0368
1869.0000 1848.7770 4.1328 35.0367
1871.0000 1850.7465 4.1314 35.0364
1873.0000 1852.7162 4.1332 35.0365
1875.0000 1854.6857 4.1314 35.0365
1877.0000 1856.6555 4.1277 35.0360
1879.0000 1858.6249 4.1240 35.0357
1881.0000 1860.5945 4.1161 35.0346
1883.0000 1862.5642 4.1120 35.0341
1885.0000 1864.5338 4.1118 35.0341
1887.0000 1866.5031 4.1089 35.0336
1889.0000 1868.4725 4.1051 35.0330
1891.0000 1870.4423 4.0974 35.0326
1893.0000 1872.4115 4.0942 35.0323
1895.0000 1874.3812 4.0908 35.0320
1897.0000 1876.3505 4.0845 35.0313
1899.0000 1878.3199 4.0749 35.0308
1901.0000 1880.2892 4.0736 35.0307
1903.0000 1882.2587 4.0733 35.0306
1905.0000 1884.2279 4.0715 35.0304
1907.0000 1886.1971 4.0662 35.0299
1909.0000 1888.1666 4.0625 35.0295
1911.0000 1890.1359 4.0601 35.0295
1913.0000 1892.1053 4.0608 35.0294
1915.0000 1894.0743 4.0555 35.0291
1917.0000 1896.0437 4.0511 35.0286
1919.0000 1898.0129 4.0477 35.0287
1921.0000 1899.9819 4.0464 35.0285
1923.0000 1901.9514 4.0442 35.0284
1925.0000 1903.9204 4.0412 35.0282
1927.0000 1905.8895 4.0402 35.0282
1929.0000 1907.8586 4.0395 35.0281
1931.0000 1909.8279 4.0387 35.0280
1933.0000 1911.7971 4.0360 35.0277
1935.0000 1913.7660 4.0314 35.0276
1937.0000 1915.7352 4.0313 35.0276
1939.0000 1917.7040 4.0306 35.0276
1941.0000 1919.6731 4.0301 35.0276
1943.0000 1921.6421 4.0277 35.0272
1945.0000 1923.6112 4.0187 35.0267
1947.0000 1925.5802 4.0162 35.0266
1949.0000 1927.5488 4.0160 35.0267
1951.0000 1929.5181 4.0103 35.0267
1953.0000 1931.4872 4.0059 35.0263
1955.0000 1933.4556 4.0052 35.0263
1957.0000 1935.4247 4.0059 35.0262
1959.0000 1937.3934 4.0025 35.0260
1961.0000 1939.3625 4.0014 35.0259
1963.0000 1941.3312 4.0008 35.0258
1965.0000 1943.3000 4.0017 35.0259
1967.0000 1945.2688 4.0024 35.0260
1969.0000 1947.2377 4.0024 35.0258
1971.0000 1949.2063 4.0017 35.0257
1973.0000 1951.1752 3.9964 35.0254
1975.0000 1953.1438 3.9928 35.0253
1977.0000 1955.1124 3.9894 35.0253
1979.0000 1957.0812 3.9860 35.0251
1981.0000 1959.0498 3.9826 35.0249
1983.0000 1961.0183 3.9788 35.0249
1985.0000 1962.9872 3.9774 35.0248
1987.0000 1964.9557 3.9758 35.0248
1989.0000 1966.9243 3.9739 35.0246
1991.0000 1968.8928 3.9716 35.0245
1993.0000 1970.8615 3.9702 35.0244
1995.0000 1972.8301 3.9680 35.0241
1997.0000 1974.7985 3.9642 35.0241
1999.0000 1976.7668 3.9577 35.0236
2001.0000 1978.7355 3.9502 35.0229
2003.0000 1980.7040 3.9375 35.0220
2005.0000 1982.6721 3.9290 35.0217
2007.0000 1984.6407 3.9282 35.0217
2009.0000 1986.6090 3.9283 35.0217
2011.0000 1988.5774 3.9252 35.0215
2013.0000 1990.5459 3.9242 35.0214
2015.0000 1992.5143 3.9219 35.0213
2017.0000 1994.4825 3.9202 35.0213
2019.0000 1996.4509 3.9172 35.0210
2021.0000 1998.4193 3.9147 35.0209
2023.0000 2000.3876 3.9135 35.0207
2025.0000 2002.3557 3.9121 35.0204
2027.0000 2004.3240 3.9085 35.0205
2029.0000 2006.2921 3.9074 35.0203
2031.0000 2008.2604 3.9079 35.0203
2033.0000 2010.2286 3.9065 35.0203
2035.0000 2012.1968 3.9064 35.0203
2037.0000 2014.1650 3.9053 35.0202
2039.0000 2016.1331 3.9045 35.0201
2041.0000 2018.1010 3.9041 35.0201
2043.0000 2020.0692 3.9023 35.0200
2045.0000 2022.0372 3.8970 35.0196
2047.0000 2024.0052 3.8926 35.0192
2049.0000 2025.9734 3.8900 35.0192
2051.0000 2027.9417 3.8901 35.0192
2053.0000 2029.9094 3.8907 35.0192
2055.0000 2031.8774 3.8907 35.0191
2057.0000 2033.8455 3.8903 35.0192
2059.0000 2035.8132 3.8906 35.0192
2061.0000 2037.7812 3.8897 35.0191
2063.0000 2039.7493 3.8896 35.0190
2065.0000 2041.7170 3.8867 35.0187
2067.0000 2043.6848 3.8772 35.0180
2069.0000 2045.6528 3.8667 35.0172
2071.0000 2047.6208 3.8592 35.0171
2073.0000 2049.5884 3.8660 35.0170
2075.0000 2051.5562 3.8499 35.0162
2077.0000 2053.5242 3.8428 35.0161
2079.0000 2055.4917 3.8403 35.0158
2081.0000 2057.4595 3.8464 35.0161
2083.0000 2059.4272 3.8353 35.0155
2085.0000 2061.3950 3.8308 35.0155
2087.0000 2063.3628 3.8282 35.0153
2089.0000 2065.3303 3.8166 35.0145
2091.0000 2067.2981 3.8088 35.0146
2093.0000 2069.2656 3.8070 35.0145
2095.0000 2071.2332 3.8037 35.0144
2097.0000 2073.2009 3.7960 35.0140
2099.0000 2075.1687 3.7933 35.0137
2101.0000 2077.1360 3.7901 35.0134
2103.0000 2079.1038 3.7847 35.0133
2105.0000 2081.0713 3.7827 35.0134
2107.0000 2083.0386 3.7828 35.0134
2109.0000 2085.0061 3.7827 35.0134
2111.0000 2086.9736 3.7810 35.0133
2113.0000 2088.9412 3.7772 35.0131
2115.0000 2090.9084 3.7736 35.0128
2117.0000 2092.8760 3.7703 35.0127
2119.0000 2094.8435 3.7667 35.0124
2121.0000 2096.8105 3.7590 35.0118
2123.0000 2098.7781 3.7473 35.0113
2125.0000 2100.7456 3.7486 35.0115
2127.0000 2102.7126 3.7314 35.0099
2129.0000 2104.6802 3.7124 35.0089
2131.0000 2106.6475 3.7035 35.0083
2133.0000 2108.6147 3.7002 35.0082
2135.0000 2110.5820 3.6989 35.0081
2137.0000 2112.5493 3.6981 35.0082
2139.0000 2114.5164 3.6973 35.0082
2141.0000 2116.4834 3.6954 35.0081
2143.0000 2118.4509 3.6929 35.0079
2145.0000 2120.4180 3.6898 35.0075
2147.0000 2122.3853 3.6855 35.0072
2149.0000 2124.3521 3.6806 35.0067
2151.0000 2126.3193 3.6724 35.0061
2153.0000 2128.2866 3.6631 35.0054
2155.0000 2130.2537 3.6599 35.0053
2157.0000 2132.2207 3.6596 35.0053
2159.0000 2134.1877 3.6454 35.0038
2161.0000 2136.1548 3.6368 35.0036
2163.0000 2138.1216 3.6279 35.0029
2165.0000 2140.0889 3.6211 35.0025
2167.0000 2142.0559 3.6168 35.0023
2169.0000 2144.0225 3.6145 35.0023
2171.0000 2145.9895 3.6116 35.0020
2173.0000 2147.9565 3.6101 35.0020
2175.0000 2149.9236 3.6076 35.0017
2177.0000 2151.8904 3.6043 35.0015
2179.0000 2153.8569 3.6017 35.0013
2181.0000 2155.8240 3.6008 35.0013
2183.0000 2157.7908 3.5966 35.0010
2185.0000 2159.7576 3.5918 35.0004
2187.0000 2161.7244 3.5862 35.0002
2189.0000 2163.6912 3.5803 34.9996
2191.0000 2165.6577 3.5675 34.9987
2193.0000 2167.6248 3.5584 34.9981
2195.0000 2169.5913 3.5542 34.9978
2197.0000 2171.5579 3.5503 34.9976
2199.0000 2173.5249 3.5471 34.9974
2201.0000 2175.4917 3.5464 34.9974
2203.0000 2177.4580 3.5443 34.9973
2205.0000 2179.4248 3.5402 34.9969
2207.0000 2181.3911 3.5358 34.9966
2209.0000 2183.3579 3.5343 34.9963
2211.0000 2185.3245 3.5310 34.9961
2213.0000 2187.2910 3.5268 34.9958
2215.0000 2189.2576 3.5188 34.9952
2217.0000 2191.2239 3.5140 34.9949
2219.0000 2193.1904 3.5097 34.9946
2221.0000 2195.1572 3.5020 34.9941
2223.0000 2197.1238 3.4990 34.9939
2225.0000 2199.0901 3.4974 34.9939
2227.0000 2201.0566 3.4964 34.9937
2229.0000 2203.0227 3.4956 34.9938
2231.0000 2204.9890 3.4953 34.9937
2233.0000 2206.9556 3.4947 34.9936
2235.0000 2208.9219 3.4930 34.9936
2237.0000 2210.8884 3.4921 34.9934
2239.0000 2212.8545 3.4915 34.9933
2241.0000 2214.8210 3.4918 34.9933
2243.0000 2216.7874 3.4922 34.9933
2245.0000 2218.7532 3.4908 34.9931
2247.0000 2220.7195 3.4868 34.9927
2249.0000 2222.6860 3.4854 34.9927
2251.0000 2224.6523 3.4830 34.9924
2253.0000 2226.6184 3.4809 34.9922
2255.0000 2228.5845 3.4761 34.9917
2257.0000 2230.5508 3.4724 34.9916
2259.0000 2232.5166 3.4717 34.9916
2261.0000 2234.4829 3.4713 34.9916
2263.0000 2236.4490 3.4674 34.9912
2265.0000 2238.4148 3.4585 34.9907
2267.0000 2240.3811 3.4588 34.9907
2269.0000 2242.3472 3.4605 34.9905
2271.0000 2244.3135 3.4521 34.9901
2273.0000 2246.2793 3.4465 34.9896
2275.0000 2248.2451 3.4415 34.9893
2277.0000 2250.2114 3.4402 34.9893
2279.0000 2252.1772 3.4343 34.9887
2281.0000 2254.1428 3.4250 34.9880
2283.0000 2256.1091 3.4203 34.9878
2285.0000 2258.0750 3.4184 34.9877
2287.0000 2260.0405 3.4169 34.9877
2289.0000 2262.0068 3.4165 34.9877
2291.0000 2263.9727 3.4158 34.9876
2293.0000 2265.9382 3.4126 34.9874
2295.0000 2267.9043 3.4114 34.9873
2297.0000 2269.8701 3.4106 34.9873
2299.0000 2271.8359 3.4098 34.9872
2301.0000 2273.8015 3.4084 34.9871
2303.0000 2275.7673 3.4073 34.9870
2305.0000 2277.7332 3.4060 34.9869
2307.0000 2279.6985 3.4057 34.9869
2309.0000 2281.6643 3.4058 34.9869
2311.0000 2283.6301 3.4059 34.9869
2313.0000 2285.5957 3.4035 34.9867
2315.0000 2287.5613 3.3999 34.9863
2317.0000 2289.5269 3.3962 34.9860
2319.0000 2291.4927 3.3930 34.9857
2321.0000 2293.4580 3.3921 34.9858
2323.0000 2295.4238 3.3906 34.9856
2325.0000 2297.3892 3.3850 34.9852
2327.0000 2299.3547 3.3789 34.9847
2329.0000 2301.3203 3.3765 34.9846
2331.0000 2303.2859 3.3766 34.9847
2333.0000 2305.2515 3.3767 34.9848
2335.0000 2307.2166 3.3766 34.9846
2337.0000 2309.1821 3.3761 34.9846
2339.0000 2311.1477 3.3737 34.9845
2341.0000 2313.1128 3.3734 34.9844
2343.0000 2315.0784 3.3729 34.9844
2345.0000 2317.0437 3.3723 34.9842
2347.0000 2319.0090 3.3711 34.9842
2349.0000 2320.9741 3.3661 34.9836
2351.0000 2322.9395 3.3494 34.9824
2353.0000 2324.9050 3.3434 34.9821
2355.0000 2326.8701 3.3403 34.9820
2357.0000 2328.8354 3.3432 34.9820
2359.0000 2330.8005 3.3354 34.9818
2361.0000 2332.7659 3.3348 34.9818
2363.0000 2334.7310 3.3343 34.9817
2365.0000 2336.6963 3.3344 34.9818
2367.0000 2338.6616 3.3344 34.9818
2369.0000 2340.6265 3.3339 34.9817
2371.0000 2342.5916 3.3324 34.9815
2373.0000 2344.5569 3.3319 34.9816
2375.0000 2346.5220 3.3306 34.9813
2377.0000 2348.4871 3.3296 34.9813
2379.0000 2350.4521 3.3283 34.9812
2381.0000 2352.4172 3.3256 34.9810
2383.0000 2354.3821 3.3241 34.9809
2385.0000 2356.3472 3.3236 34.9808
2387.0000 2358.3123 3.3219 34.9807
2389.0000 2360.2771 3.3209 34.9806
2391.0000 2362.2422 3.3176 34.9804
2393.0000 2364.2070 3.3170 34.9803
2395.0000 2366.1721 3.3132 34.9801
2397.0000 2368.1367 3.3112 34.9798
2399.0000 2370.1018 3.3103 34.9798
2401.0000 2372.0667 3.3096 34.9798
2403.0000 2374.0312 3.3095 34.9798
2405.0000 2375.9961 3.3052 34.9794
2407.0000 2377.9609 3.3007 34.9791
2409.0000 2379.9258 3.2997 34.9790
2411.0000 2381.8904 3.2977 34.9789
2413.0000 2383.8552 3.2968 34.9788
2415.0000 2385.8201 3.2934 34.9784
2417.0000 2387.7847 3.2896 34.9781
2419.0000 2389.7498 3.2805 34.9775
2421.0000 2391.7144 3.2797 34.9775
2423.0000 2393.6790 3.2795 34.9775
2425.0000 2395.6436 3.2788 34.9776
2427.0000 2397.6082 3.2785 34.9775
2429.0000 2399.5730 3.2770 34.9773
2431.0000 2401.5374 3.2751 34.9773
2433.0000 2403.5020 3.2750 34.9773
2435.0000 2405.4663 3.2750 34.9772
2437.0000 2407.4312 3.2745 34.9772
2439.0000 2409.3955 3.2732 34.9771
2441.0000 2411.3599 3.2724 34.9771
2443.0000 2413.3247 3.2731 34.9770
2445.0000 2415.2888 3.2717 34.9770
2447.0000 2417.2532 3.2717 34.9770
2449.0000 2419.2180 3.2706 34.9770
2451.0000 2421.1821 3.2697 34.9768
2453.0000 2423.1465 3.2703 34.9767
2455.0000 2425.1111 3.2681 34.9766
2457.0000 2427.0757 3.2659 34.9765
2459.0000 2429.0396 3.2637 34.9763
2461.0000 2431.0042 3.2622 34.9761
2463.0000 2432.9685 3.2603 34.9759
2465.0000 2434.9326 3.2568 34.9756
2467.0000 2436.8967 3.2544 34.9755
2469.0000 2438.8613 3.2508 34.9752
2471.0000 2440.8254 3.2514 34.9751
2473.0000 2442.7896 3.2471 34.9751
2475.0000 2444.7537 3.2463 34.9750
2477.0000 2446.7180 3.2467 34.9751
2479.0000 2448.6819 3.2471 34.9751
2481.0000 2450.6462 3.2479 34.9751
2483.0000 2452.6106 3.2438 34.9746
2485.0000 2454.5747 3.2394 34.9744
2487.0000 2456.5386 3.2382 34.9743
2489.0000 2458.5027 3.2366 34.9741
2491.0000 2460.4668 3.2350 34.9741
2493.0000 2462.4307 3.2305 34.9736
2495.0000 2464.3948 3.2247 34.9733
2497.0000 2466.3586 3.2225 34.9731
2499.0000 2468.3228 3.2238 34.9731
2501.0000 2470.2866 3.2195 34.9729
2503.0000 2472.2507 3.2190 34.9730
2505.0000 2474.2148 3.2194 34.9730
2507.0000 2476.1785 3.2201 34.9728
2509.0000 2478.1423 3.2175 34.9728
2511.0000 2480.1062 3.2167 34.9727
2513.0000 2482.0703 3.2172 34.9728
2515.0000 2484.0339 3.2163 34.9726
2517.0000 2485.9976 3.2164 34.9727
2519.0000 2487.9614 3.2153 34.9725
2521.0000 2489.9253 3.2138 34.9724
2523.0000 2491.8892 3.2136 34.9724
2525.0000 2493.8528 3.2137 34.9725
2527.0000 2495.8164 3.2133 34.9724
2529.0000 2497.7803 3.2115 34.9722
2531.0000 2499.7439 3.2101 34.9721
2533.0000 2501.7078 3.2096 34.9720
2535.0000 2503.6714 3.2081 34.9718
2537.0000 2505.6350 3.2071 34.9719
2539.0000 2507.5986 3.2053 34.9717
2541.0000 2509.5620 3.2029 34.9715
2543.0000 2511.5256 3.2017 34.9715
2545.0000 2513.4893 3.2014 34.9714
2547.0000 2515.4529 3.2012 34.9714
2549.0000 2517.4165 3.2007 34.9714
2551.0000 2519.3801 3.1997 34.9712
2553.0000 2521.3435 3.1989 34.9712
2555.0000 2523.3069 3.1991 34.9711
2557.0000 2525.2703 3.1986 34.9712
2559.0000 2527.2336 3.1975 34.9712
2561.0000 2529.1973 3.1968 34.9710
2563.0000 2531.1606 3.1956 34.9710
2565.0000 2533.1240 3.1948 34.9710
2567.0000 2535.0874 3.1943 34.9710
2569.0000 2537.0505 3.1932 34.9708
2571.0000 2539.0139 3.1921 34.9706
2573.0000 2540.9773 3.1919 34.9706
2575.0000 2542.9409 3.1913 34.9707
2577.0000 2544.9038 3.1896 34.9705
2579.0000 2546.8672 3.1863 34.9702
2581.0000 2548.8306 3.1836 34.9699
2583.0000 2550.7935 3.1799 34.9697
2585.0000 2552.7571 3.1728 34.9690
2587.0000 2554.7202 3.1685 34.9687
2589.0000 2556.6831 3.1660 34.9686
2591.0000 2558.6462 3.1612 34.9683
2593.0000 2560.6096 3.1582 34.9680
2595.0000 2562.5728 3.1526 34.9676
2597.0000 2564.5359 3.1507 34.9675
2599.0000 2566.4988 3.1501 34.9674
2601.0000 2568.4622 3.1477 34.9671
2603.0000 2570.4248 3.1459 34.9671
2605.0000 2572.3877 3.1445 34.9669
2607.0000 2574.3511 3.1416 34.9667
2609.0000 2576.3142 3.1387 34.9665
2611.0000 2578.2769 3.1365 34.9664
2613.0000 2580.2400 3.1359 34.9664
2615.0000 2582.2031 3.1361 34.9663
2617.0000 2584.1658 3.1339 34.9661
2619.0000 2586.1287 3.1323 34.9662
2621.0000 2588.0916 3.1314 34.9660
2623.0000 2590.0544 3.1285 34.9659
2625.0000 2592.0173 3.1239 34.9654
2627.0000 2593.9802 3.1187 34.9648
2629.0000 2595.9431 3.1132 34.9644
2631.0000 2597.9058 3.1112 34.9643
2633.0000 2599.8684 3.1078 34.9641
2635.0000 2601.8315 3.1053 34.9640
2637.0000 2603.7942 3.1041 34.9639
2639.0000 2605.7568 3.1030 34.9638
2641.0000 2607.7192 3.1022 34.9638
2643.0000 2609.6824 3.1006 34.9637
2645.0000 2611.6448 3.0984 34.9635
2647.0000 2613.6077 3.0951 34.9631
2649.0000 2615.5701 3.0906 34.9627
2651.0000 2617.5330 3.0879 34.9625
2653.0000 2619.4954 3.0836 34.9621
2655.0000 2621.4580 3.0787 34.9617
2657.0000 2623.4207 3.0751 34.9615
2659.0000 2625.3831 3.0735 34.9614
2661.0000 2627.3457 3.0728 34.9613
2663.0000 2629.3083 3.0728 34.9613
2665.0000 2631.2705 3.0727 34.9613
2667.0000 2633.2332 3.0710 34.9612
2669.0000 2635.1956 3.0696 34.9610
2671.0000 2637.1580 3.0624 34.9606
2673.0000 2639.1204 3.0600 34.9605
2675.0000 2641.0828 3.0580 34.9602
2677.0000 2643.0454 3.0539 34.9599
2679.0000 2645.0076 3.0542 34.9600
2681.0000 2646.9700 3.0522 34.9599
2683.0000 2648.9324 3.0526 34.9600
2685.0000 2650.8948 3.0527 34.9599
2687.0000 2652.8567 3.0528 34.9599
2689.0000 2654.8193 3.0528 34.9598
2691.0000 2656.7815 3.0527 34.9599
2693.0000 2658.7434 3.0528 34.9599
2695.0000 2660.7058 3.0513 34.9598
2697.0000 2662.6682 3.0521 34.9596
2699.0000 2664.6306 3.0461 34.9593
2701.0000 2666.5925 3.0451 34.9592
2703.0000 2668.5547 3.0453 34.9592
2705.0000 2670.5168 3.0450 34.9592
2707.0000 2672.4788 3.0440 34.9591
2709.0000 2674.4409 3.0430 34.9589
2711.0000 2676.4033 3.0403 34.9588
2713.0000 2678.3650 3.0393 34.9587
2715.0000 2680.3271 3.0379 34.9585
2717.0000 2682.2896 3.0360 34.9584
2719.0000 2684.2515 3.0338 34.9583
2721.0000 2686.2131 3.0326 34.9581
2723.0000 2688.1750 3.0327 34.9582
2725.0000 2690.1375 3.0327 34.9582
2727.0000 2692.0991 3.0328 34.9582
2729.0000 2694.0610 3.0317 34.9581
2731.0000 2696.0232 3.0308 34.9580
2733.0000 2697.9851 3.0306 34.9580
2735.0000 2699.9465 3.0303 34.9580
2737.0000 2701.9087 3.0301 34.9579
2739.0000 2703.8706 3.0297 34.9580
2741.0000 2705.8320 3.0294 34.9578
2743.0000 2707.7942 3.0297 34.9578
2745.0000 2709.7559 3.0294 34.9578
2747.0000 2711.7178 3.0293 34.9578
2749.0000 2713.6794 3.0290 34.9577
2751.0000 2715.6411 3.0278 34.9577
2753.0000 2717.6028 3.0261 34.9576
2755.0000 2719.5645 3.0251 34.9575
2757.0000 2721.5261 3.0238 34.9573
2759.0000 2723.4878 3.0241 34.9572
2761.0000 2725.4497 3.0235 34.9573
2763.0000 2727.4111 3.0233 34.9571
2765.0000 2729.3726 3.0214 34.9571
2767.0000 2731.3345 3.0192 34.9568
2769.0000 2733.2959 3.0157 34.9567
2771.0000 2735.2573 3.0102 34.9560
2773.0000 2737.2190 3.0089 34.9561
2775.0000 2739.1807 3.0079 34.9560
2777.0000 2741.1418 3.0063 34.9559
2779.0000 2743.1035 3.0054 34.9558
2781.0000 2745.0649 3.0047 34.9557
2783.0000 2747.0261 3.0031 34.9555
2785.0000 2748.9878 2.9989 34.9552
2787.0000 2750.9492 2.9965 34.9551
2789.0000 2752.9106 2.9942 34.9549
2791.0000 2754.8718 2.9922 34.9548
2793.0000 2756.8333 2.9906 34.9547
2795.0000 2758.7947 2.9899 34.9546
2797.0000 2760.7559 2.9886 34.9546
2799.0000 2762.7170 2.9862 34.9543
2801.0000 2764.6787 2.9832 34.9542
2803.0000 2766.6396 2.9827 34.9542
2805.0000 2768.6011 2.9827 34.9541
2807.0000 2770.5623 2.9822 34.9542
2809.0000 2772.5237 2.9812 34.9541
2811.0000 2774.4846 2.9781 34.9540
2813.0000 2776.4460 2.9752 34.9539
2815.0000 2778.4070 2.9739 34.9539
2817.0000 2780.3682 2.9733 34.9540
2819.0000 2782.3291 2.9724 34.9539
2821.0000 2784.2905 2.9691 34.9537
2823.0000 2786.2517 2.9697 34.9537
2825.0000 2788.2124 2.9667 34.9537
2827.0000 2790.1738 2.9647 34.9535
2829.0000 2792.1345 2.9592 34.9531
2831.0000 2794.0957 2.9547 34.9525
2833.0000 2796.0566 2.9511 34.9524
2835.0000 2798.0176 2.9515 34.9524
2837.0000 2799.9788 2.9510 34.9524
2839.0000 2801.9395 2.9505 34.9523
2841.0000 2803.9006 2.9491 34.9522
2843.0000 2805.8616 2.9474 34.9520
2845.0000 2807.8223 2.9449 34.9518
2847.0000 2809.7832 2.9397 34.9511
2849.0000 2811.7439 2.9374 34.9510
2851.0000 2813.7048 2.9366 34.9508
2853.0000 2815.6658 2.9352 34.9507
2855.0000 2817.6267 2.9341 34.9507
2857.0000 2819.5874 2.9343 34.9506
2859.0000 2821.5479 2.9304 34.9502
2861.0000 2823.5090 2.9267 34.9500
2863.0000 2825.4697 2.9262 34.9501
2865.0000 2827.4302 2.9261 34.9502
2867.0000 2829.3909 2.9250 34.9502
2869.0000 2831.3518 2.9231 34.9501
2871.0000 2833.3125 2.9222 34.9500
2873.0000 2835.2732 2.9221 34.9499
2875.0000 2837.2336 2.9214 34.9498
2877.0000 2839.1943 2.9212 34.9498
2879.0000 2841.1548 2.9213 34.9498
2881.0000 2843.1152 2.9215 34.9498
2883.0000 2845.0759 2.9214 34.9498
2885.0000 2847.0366 2.9221 34.9499
2887.0000 2848.9971 2.9222 34.9497
2889.0000 2850.9575 2.9157 34.9492
2891.0000 2852.9182 2.9177 34.9492
2893.0000 2854.8782 2.9151 34.9491
2895.0000 2856.8386 2.9150 34.9491
2897.0000 2858.7993 2.9147 34.9490
2899.0000 2860.7598 2.9140 34.9489
2901.0000 2862.7200 2.9129 34.9488
2903.0000 2864.6804 2.9128 34.9488
2905.0000 2866.6411 2.9129 34.9488
2907.0000 2868.6011 2.9125 34.9488
2909.0000 2870.5618 2.9126 34.9488
2911.0000 2872.5220 2.9122 34.9485
2913.0000 2874.4822 2.9067 34.9480
2915.0000 2876.4424 2.9032 34.9478
2917.0000 2878.4028 2.9009 34.9477
2919.0000 2880.3630 2.9003 34.9478
2921.0000 2882.3230 2.8966 34.9476
2923.0000 2884.2834 2.8949 34.9474
2925.0000 2886.2439 2.8946 34.9474
2927.0000 2888.2036 2.8941 34.9474
2929.0000 2890.1638 2.8939 34.9474
2931.0000 2892.1240 2.8931 34.9473
2933.0000 2894.0845 2.8900 34.9469
2935.0000 2896.0442 2.8870 34.9469
2937.0000 2898.0044 2.8874 34.9469
2939.0000 2899.9646 2.8867 34.9470
2941.0000 2901.9246 2.8859 34.9469
2943.0000 2903.8843 2.8862 34.9467
2945.0000 2905.8445 2.8863 34.9469
2947.0000 2907.8044 2.8830 34.9465
2949.0000 2909.7644 2.8791 34.9463
2951.0000 2911.7244 2.8750 34.9459
2953.0000 2913.6846 2.8728 34.9458
2955.0000 2915.6440 2.8701 34.9455
2957.0000 2917.6040 2.8690 34.9455
2959.0000 2919.5640 2.8688 34.9453
2961.0000 2921.5239 2.8685 34.9454
2963.0000 2923.4836 2.8684 34.9453
2965.0000 2925.4436 2.8624 34.9447
2967.0000 2927.4036 2.8609 34.9448
2969.0000 2929.3630 2.8608 34.9447
2971.0000 2931.3230 2.8593 34.9446
2973.0000 2933.2827 2.8566 34.9440
2975.0000 2935.2422 2.8533 34.9442
2977.0000 2937.2021 2.8528 34.9441
2979.0000 2939.1619 2.8524 34.9440
2981.0000 2941.1216 2.8523 34.9440
2983.0000 2943.0811 2.8522 34.9440
2985.0000 2945.0408 2.8522 34.9440
2987.0000 2947.0007 2.8525 34.9440
2989.0000 2948.9600 2.8529 34.9442
2991.0000 2950.9199 2.8508 34.9438
2993.0000 2952.8792 2.8476 34.9436
2995.0000 2954.8391 2.8461 34.9434
2997.0000 2956.7983 2.8440 34.9432
2999.0000 2958.7581 2.8410 34.9428
3001.0000 2960.7175 2.8361 34.9424
3003.0000 2962.6768 2.8321 34.9421
3005.0000 2964.6362 2.8299 34.9420
3007.0000 2966.5959 2.8293 34.9419
3009.0000 2968.5557 2.8309 34.9419
3011.0000 2970.5146 2.8291 34.9419
3013.0000 2972.4744 2.8285 34.9420
3015.0000 2974.4336 2.8287 34.9417
3017.0000 2976.3928 2.8275 34.9417
3019.0000 2978.3521 2.8262 34.9417
3021.0000 2980.3118 2.8255 34.9416
3023.0000 2982.2712 2.8250 34.9416
3025.0000 2984.2300 2.8237 34.9414
3027.0000 2986.1895 2.8227 34.9413
3029.0000 2988.1487 2.8201 34.9411
3031.0000 2990.1079 2.8185 34.9410
3033.0000 2992.0671 2.8175 34.9408
3035.0000 2994.0266 2.8168 34.9408
3037.0000 2995.9856 2.8163 34.9408
3039.0000 2997.9446 2.8161 34.9407
3041.0000 2999.9041 2.8147 34.9405
3043.0000 3001.8630 2.8119 34.9403
3045.0000 3003.8223 2.8097 34.9402
3047.0000 3005.7815 2.8086 34.9400
3049.0000 3007.7405 2.8072 34.9398
3051.0000 3009.6995 2.8057 34.9397
3053.0000 3011.6584 2.8052 34.9397
3055.0000 3013.6177 2.8040 34.9396
3057.0000 3015.5769 2.8023 34.9395
3059.0000 3017.5356 2.8024 34.9394
3061.0000 3019.4946 2.7984 34.9391
3063.0000 3021.4536 2.7973 34.9390
3065.0000 3023.4124 2.7959 34.9389
3067.0000 3025.3716 2.7959 34.9388
3069.0000 3027.3303 2.7954 34.9388
3071.0000 3029.2896 2.7951 34.9388
3073.0000 3031.2480 2.7927 34.9383
3075.0000 3033.2070 2.7806 34.9373
3077.0000 3035.1660 2.7781 34.9371
3079.0000 3037.1245 2.7761 34.9370
3081.0000 3039.0835 2.7735 34.9366
3083.0000 3041.0425 2.7704 34.9364
3085.0000 3043.0012 2.7710 34.9364
3087.0000 3044.9597 2.7636 34.9358
3089.0000 3046.9185 2.7617 34.9354
3091.0000 3048.8774 2.7586 34.9352
3093.0000 3050.8359 2.7540 34.9347
3095.0000 3052.7944 2.7516 34.9346
3097.0000 3054.7534 2.7491 34.9344
3099.0000 3056.7122 2.7466 34.9342
3101.0000 3058.6704 2.7449 34.9340
3103.0000 3060.6292 2.7425 34.9339
3105.0000 3062.5879 2.7409 34.9337
3107.0000 3064.5464 2.7400 34.9337
3109.0000 3066.5049 2.7400 34.9336
3111.0000 3068.4636 2.7398 34.9336
3113.0000 3070.4219 2.7380 34.9334
3115.0000 3072.3806 2.7374 34.9333
3117.0000 3074.3389 2.7360 34.9332
3119.0000 3076.2976 2.7342 34.9331
3121.0000 3078.2559 2.7329 34.9329
3123.0000 3080.2141 2.7314 34.9326
3125.0000 3082.1729 2.7274 34.9323
3127.0000 3084.1311 2.7246 34.9321
3129.0000 3086.0894 2.7228 34.9321
3131.0000 3088.0479 2.7223 34.9320
3133.0000 3090.0063 2.7208 34.9317
3135.0000 3091.9644 2.7178 34.9315
3137.0000 3093.9229 2.7142 34.9311
3139.0000 3095.8813 2.7123 34.9310
3141.0000 3097.8396 2.7126 34.9311
3143.0000 3099.7976 2.7125 34.9310
3145.0000 3101.7561 2.7126 34.9311
3147.0000 3103.7144 2.7126 34.9309
3149.0000 3105.6724 2.7119 34.9310
3151.0000 3107.6306 2.7121 34.9311
3153.0000 3109.5891 2.7115 34.9310
3155.0000 3111.5469 2.7099 34.9306
3157.0000 3113.5051 2.7064 34.9304
3159.0000 3115.4634 2.7060 34.9304
3161.0000 3117.4214 2.7066 34.9305
3163.0000 3119.3794 2.7014 34.9299
3165.0000 3121.3374 2.6987 34.9296
3167.0000 3123.2954 2.6865 34.9280
3169.0000 3125.2534 2.6695 34.9272
3171.0000 3127.2114 2.6699 34.9271
3173.0000 3129.1697 2.6672 34.9269
3175.0000 3131.1274 2.6653 34.9267
3177.0000 3133.0854 2.6646 34.9267
3179.0000 3135.0435 2.6640 34.9269
3181.0000 3137.0012 2.6642 34.9268
3183.0000 3138.9590 2.6622 34.9265
3185.0000 3140.9172 2.6617 34.9266
3187.0000 3142.8752 2.6624 34.9266
3189.0000 3144.8328 2.6624 34.9267
3191.0000 3146.7905 2.6617 34.9266
3193.0000 3148.7485 2.6615 34.9264
3195.0000 3150.7063 2.6579 34.9262
3197.0000 3152.6641 2.6569 34.9261
3199.0000 3154.6221 2.6569 34.9261
3201.0000 3156.5798 2.6570 34.9261
3203.0000 3158.5371 2.6568 34.9260
3205.0000 3160.4951 2.6570 34.9261
3207.0000 3162.4529 2.6558 34.9259
3209.0000 3164.4109 2.6555 34.9259
3211.0000 3166.3679 2.6547 34.9258
3213.0000 3168.3259 2.6534 34.9257
3215.0000 3170.2837 2.6532 34.9256
3217.0000 3172.2410 2.6527 34.9255
3219.0000 3174.1985 2.6500 34.9253
3221.0000 3176.1562 2.6482 34.9251
3223.0000 3178.1140 2.6468 34.9249
3225.0000 3180.0713 2.6446 34.9247
3227.0000 3182.0286 2.6448 34.9247
3229.0000 3183.9863 2.6449 34.9247
3231.0000 3185.9438 2.6441 34.9246
3233.0000 3187.9014 2.6452 34.9246
3235.0000 3189.8586 2.6441 34.9246
3237.0000 3191.8159 2.6437 34.9246
3239.0000 3193.7734 2.6432 34.9245
3241.0000 3195.7310 2.6442 34.9244
3243.0000 3197.6885 2.6422 34.9243
3245.0000 3199.6455 2.6417 34.9243
3247.0000 3201.6030 2.6420 34.9242
3249.0000 3203.5608 2.6419 34.9243
3251.0000 3205.5176 2.6362 34.9234
3253.0000 3207.4749 2.6372 34.9236
3255.0000 3209.4324 2.6343 34.9233
3257.0000 3211.3896 2.6301 34.9230
3259.0000 3213.3467 2.6275 34.9227
3261.0000 3215.3040 2.6265 34.9226
3263.0000 3217.2612 2.6197 34.9219
3265.0000 3219.2183 2.6189 34.9219
3267.0000 3221.1755 2.6166 34.9217
3269.0000 3223.1328 2.6152 34.9216
3271.0000 3225.0901 2.6168 34.9216
3273.0000 3227.0469 2.6128 34.9214
3275.0000 3229.0042 2.6116 34.9213
3277.0000 3230.9612 2.6085 34.9210
3279.0000 3232.9182 2.6055 34.9207
3281.0000 3234.8752 2.6034 34.9206
3283.0000 3236.8323 2.6027 34.9204
3285.0000 3238.7896 2.5998 34.9202
3287.0000 3240.7463 2.5969 34.9199
3289.0000 3242.7034 2.5952 34.9198
3291.0000 3244.6604 2.5897 34.9189
3293.0000 3246.6172 2.5798 34.9183
3295.0000 3248.5740 2.5787 34.9182
3297.0000 3250.5312 2.5778 34.9181
3299.0000 3252.4880 2.5779 34.9182
3301.0000 3254.4446 2.5779 34.9181
3303.0000 3256.4016 2.5779 34.9182
3305.0000 3258.3586 2.5771 34.9180
3307.0000 3260.3152 2.5764 34.9179
3309.0000 3262.2722 2.5757 34.9179
3311.0000 3264.2290 2.5751 34.9178
3313.0000 3266.1855 2.5733 34.9176
3315.0000 3268.1423 2.5730 34.9176
3317.0000 3270.0991 2.5726 34.9175
3319.0000 3272.0562 2.5723 34.9174
3321.0000 3274.0127 2.5713 34.9174
3323.0000 3275.9692 2.5714 34.9174
3325.0000 3277.9258 2.5707 34.9173
3327.0000 3279.8826 2.5715 34.9172
3329.0000 3281.8391 2.5707 34.9173
3331.0000 3283.7959 2.5693 34.9171
3333.0000 3285.7527 2.5686 34.9170
3335.0000 3287.7090 2.5684 34.9170
3337.0000 3289.6655 2.5678 34.9168
3339.0000 3291.6221 2.5655 34.9166
3341.0000 3293.5784 2.5637 34.9164
3343.0000 3295.5352 2.5632 34.9164
3345.0000 3297.4917 2.5634 34.9164
3347.0000 3299.4482 2.5632 34.9164
3349.0000 3301.4045 2.5630 34.9163
3351.0000 3303.3608 2.5624 34.9163
3353.0000 3305.3174 2.5620 34.9163
3355.0000 3307.2737 2.5628 34.9161
3357.0000 3309.2300 2.5628 34.9163
3359.0000 3311.1865 2.5630 34.9163
3361.0000 3313.1431 2.5628 34.9162
3363.0000 3315.0994 2.5628 34.9161
3365.0000 3317.0557 2.5620 34.9161
3367.0000 3319.0117 2.5615 34.9161
3369.0000 3320.9678 2.5616 34.9161
3371.0000 3322.9243 2.5617 34.9160
3373.0000 3324.8806 2.5621 34.9161
3375.0000 3326.8367 2.5620 34.9161
3377.0000 3328.7930 2.5615 34.9159
3379.0000 3330.7493 2.5618 34.9158
3381.0000 3332.7056 2.5605 34.9158
3383.0000 3334.6614 2.5596 34.9156
3385.0000 3336.6177 2.5600 34.9156
3387.0000 3338.5737 2.5595 34.9155
3389.0000 3340.5298 2.5592 34.9155
3391.0000 3342.4861 2.5586 34.9155
3393.0000 3344.4421 2.5590 34.9155
3395.0000 3346.3984 2.5597 34.9155
3397.0000 3348.3542 2.5591 34.9156
3399.0000 3350.3103 2.5588 34.9154
3401.0000 3352.2664 2.5592 34.9155
3403.0000 3354.2219 2.5585 34.9153
3405.0000 3356.1780 2.5586 34.9154
3407.0000 3358.1343 2.5561 34.9150
3409.0000 3360.0901 2.5540 34.9149
3411.0000 3362.0457 2.5541 34.9149
3413.0000 3364.0020 2.5514 34.9146
3415.0000 3365.9578 2.5525 34.9148
3417.0000 3367.9133 2.5530 34.9149
3419.0000 3369.8696 2.5498 34.9144
3421.0000 3371.8254 2.5474 34.9142
3423.0000 3373.7812 2.5483 34.9143
3425.0000 3375.7368 2.5459 34.9140
3427.0000 3377.6926 2.5446 34.9139
3429.0000 3379.6482 2.5451 34.9139
3431.0000 3381.6038 2.5454 34.9140
3433.0000 3383.5596 2.5456 34.9140
3435.0000 3385.5154 2.5458 34.9139
3437.0000 3387.4709 2.5462 34.9139
3439.0000 3389.4268 2.5462 34.9140
3441.0000 3391.3823 2.5455 34.9139
3443.0000 3393.3381 2.5449 34.9138
3445.0000 3395.2937 2.5452 34.9138
3447.0000 3397.2493 2.5453 34.9138
3449.0000 3399.2051 2.5453 34.9137
3451.0000 3401.1606 2.5455 34.9138
3453.0000 3403.1160 2.5431 34.9135
3455.0000 3405.0718 2.5416 34.9133
3457.0000 3407.0273 2.5422 34.9134
3459.0000 3408.9824 2.5427 34.9136
3461.0000 3410.9382 2.5422 34.9133
3463.0000 3412.8938 2.5411 34.9131
3465.0000 3414.8489 2.5396 34.9130
3467.0000 3416.8044 2.5381 34.9130
3469.0000 3418.7598 2.5373 34.9129
3471.0000 3420.7153 2.5370 34.9128
3473.0000 3422.6704 2.5376 34.9128
3475.0000 3424.6257 2.5369 34.9127
3477.0000 3426.5813 2.5364 34.9127
3479.0000 3428.5364 2.5362 34.9127
3481.0000 3430.4919 2.5358 34.9127
3483.0000 3432.4473 2.5361 34.9126
3485.0000 3434.4023 2.5344 34.9124
3487.0000 3436.3574 2.5341 34.9123
3489.0000 3438.3130 2.5346 34.9124
3491.0000 3440.2678 2.5342 34.9124
3493.0000 3442.2231 2.5338 34.9122
3495.0000 3444.1785 2.5338 34.9123
3497.0000 3446.1335 2.5340 34.9123
3499.0000 3448.0886 2.5338 34.9123
3501.0000 3450.0437 2.5342 34.9121
3503.0000 3451.9990 2.5324 34.9120
3505.0000 3453.9541 2.5323 34.9120
3507.0000 3455.9089 2.5310 34.9119
3509.0000 3457.8643 2.5301 34.9118
3511.0000 3459.8193 2.5305 34.9118
3513.0000 3461.7739 2.5295 34.9117
3515.0000 3463.7290 2.5287 34.9116
3517.0000 3465.6841 2.5273 34.9115
3519.0000 3467.6392 2.5269 34.9115
3521.0000 3469.5942 2.5270 34.9113
3523.0000 3471.5493 2.5275 34.9113
3525.0000 3473.5039 2.5272 34.9114
3527.0000 3475.4585 2.5269 34.9113
3529.0000 3477.4136 2.5267 34.9113
3531.0000 3479.3687 2.5271 34.9114
3533.0000 3481.3237 2.5271 34.9112
3535.0000 3483.2783 2.5268 34.9113
3537.0000 3485.2329 2.5269 34.9112
3539.0000 3487.1880 2.5272 34.9113
3541.0000 3489.1426 2.5267 34.9112
3543.0000 3491.0974 2.5262 34.9111
3545.0000 3493.0522 2.5257 34.9110
3547.0000 3495.0073 2.5249 34.9109
3549.0000 3496.9617 2.5246 34.9110
3551.0000 3498.9167 2.5245 34.9108
3553.0000 3500.8713 2.5235 34.9107
3555.0000 3502.8254 2.5233 34.9107
3557.0000 3504.7805 2.5234 34.9107
3559.0000 3506.7351 2.5234 34.9107
3561.0000 3508.6895 2.5238 34.9108
3563.0000 3510.6440 2.5243 34.9108
3565.0000 3512.5986 2.5243 34.9107
3567.0000 3514.5532 2.5246 34.9106
3569.0000 3516.5076 2.5247 34.9108
3571.0000 3518.4622 2.5246 34.9106
3573.0000 3520.4167 2.5239 34.9106
3575.0000 3522.3711 2.5233 34.9105
3577.0000 3524.3257 2.5228 34.9105
3579.0000 3526.2803 2.5226 34.9104
3581.0000 3528.2346 2.5230 34.9105
3583.0000 3530.1887 2.5228 34.9103
3585.0000 3532.1433 2.5208 34.9101
3587.0000 3534.0979 2.5189 34.9100
3589.0000 3536.0522 2.5168 34.9098
3591.0000 3538.0063 2.5145 34.9095
3593.0000 3539.9612 2.5122 34.9093
3595.0000 3541.9153 2.5114 34.9092
3597.0000 3543.8696 2.5097 34.9090
3599.0000 3545.8237 2.5097 34.9090
3601.0000 3547.7778 2.5086 34.9089
3603.0000 3549.7322 2.5078 34.9088
3605.0000 3551.6863 2.5062 34.9086
3607.0000 3553.6406 2.5039 34.9084
3609.0000 3555.5947 2.5025 34.9083
3611.0000 3557.5491 2.5017 34.9082
3613.0000 3559.5032 2.5005 34.9081
3615.0000 3561.4575 2.4988 34.9079
3617.0000 3563.4114 2.4984 34.9078
3619.0000 3565.3655 2.4980 34.9078
3621.0000 3567.3196 2.4969 34.9076
3623.0000 3569.2739 2.4957 34.9075
3625.0000 3571.2278 2.4955 34.9074
3627.0000 3573.1819 2.4952 34.9074
3629.0000 3575.1357 2.4941 34.9073
3631.0000 3577.0898 2.4934 34.9073
3633.0000 3579.0437 2.4931 34.9072
3635.0000 3580.9978 2.4929 34.9072
3637.0000 3582.9517 2.4930 34.9072
3639.0000 3584.9055 2.4923 34.9071
3641.0000 3586.8596 2.4924 34.9071
3643.0000 3588.8135 2.4924 34.9070
3645.0000 3590.7668 2.4900 34.9066
3647.0000 3592.7212 2.4870 34.9066
3649.0000 3594.6753 2.4868 34.9065
3651.0000 3596.6287 2.4866 34.9064
3653.0000 3598.5825 2.4871 34.9065
3655.0000 3600.5364 2.4875 34.9066
3657.0000 3602.4905 2.4879 34.9065
3659.0000 3604.4438 2.4882 34.9066
3661.0000 3606.3977 2.4881 34.9065
3663.0000 3608.3516 2.4881 34.9064
3665.0000 3610.3049 2.4868 34.9064
3667.0000 3612.2588 2.4868 34.9064
3669.0000 3614.2124 2.4859 34.9062
3671.0000 3616.1663 2.4845 34.9061
3673.0000 3618.1196 2.4847 34.9061
3675.0000 3620.0735 2.4844 34.9060
3677.0000 3622.0271 2.4840 34.9060
3679.0000 3623.9807 2.4842 34.9060
3681.0000 3625.9341 2.4843 34.9059
3683.0000 3627.8877 2.4826 34.9057
3685.0000 3629.8411 2.4822 34.9057
3687.0000 3631.7944 2.4809 34.9055
3689.0000 3633.7478 2.4804 34.9056
3691.0000 3635.7021 2.4825 34.9057
3693.0000 3637.6550 2.4825 34.9056
3695.0000 3639.6084 2.4829 34.9056
3697.0000 3641.5623 2.4808 34.9053
3699.0000 3643.5151 2.4759 34.9049
3701.0000 3645.4685 2.4752 34.9049
3703.0000 3647.4224 2.4678 34.9040
3705.0000 3649.3757 2.4646 34.9039
3707.0000 3651.3286 2.4635 34.9038
3709.0000 3653.2820 2.4645 34.9037
3711.0000 3655.2354 2.4642 34.9040
3713.0000 3657.1885 2.4652 34.9039
3715.0000 3659.1423 2.4655 34.9040
3717.0000 3661.0955 2.4654 34.9040
3719.0000 3663.0486 2.4656 34.9039
3721.0000 3665.0015 2.4660 34.9039
3723.0000 3666.9548 2.4663 34.9040
3725.0000 3668.9082 2.4666 34.9041
3727.0000 3670.8613 2.4663 34.9040
3729.0000 3672.8147 2.4658 34.9039
3731.0000 3674.7676 2.4659 34.9039
3733.0000 3676.7209 2.4660 34.9039
3735.0000 3678.6738 2.4661 34.9039
3737.0000 3680.6267 2.4665 34.9039
3739.0000 3682.5801 2.4668 34.9039
3741.0000 3684.5327 2.4662 34.9038
3743.0000 3686.4856 2.4659 34.9038
3745.0000 3688.4390 2.4658 34.9036
3747.0000 3690.3923 2.4662 34.9038
3749.0000 3692.3450 2.4668 34.9038
3751.0000 3694.2979 2.4672 34.9037
3753.0000 3696.2510 2.4661 34.9036
3755.0000 3698.2039 2.4665 34.9037
3757.0000 3700.1567 2.4669 34.9037
3759.0000 3702.1099 2.4674 34.9037
3761.0000 3704.0623 2.4693 34.9039
3763.0000 3706.0154 2.4681 34.9037
3765.0000 3707.9683 2.4671 34.9035
3767.0000 3709.9211 2.4667 34.9036
3769.0000 3711.8738 2.4672 34.9035
3771.0000 3713.8262 2.4669 34.9036
3773.0000 3715.7795 2.4666 34.9034
3775.0000 3717.7317 2.4667 34.9034
3777.0000 3719.6848 2.4675 34.9035
3779.0000 3721.6372 2.4668 34.9034
3781.0000 3723.5906 2.4662 34.9033
3783.0000 3725.5427 2.4636 34.9031
3785.0000 3727.4956 2.4639 34.9030
3787.0000 3729.4482 2.4632 34.9030
3789.0000 3731.4009 2.4626 34.9029
3791.0000 3733.3533 2.4629 34.9029
3793.0000 3735.3062 2.4631 34.9028
3795.0000 3737.2588 2.4634 34.9029
3797.0000 3739.2114 2.4646 34.9030
3799.0000 3741.1638 2.4624 34.9027
3801.0000 3743.1165 2.4614 34.9027
3803.0000 3745.0686 2.4626 34.9027
3805.0000 3747.0215 2.4623 34.9027
3807.0000 3748.9739 2.4619 34.9026
3809.0000 3750.9265 2.4622 34.9026
3811.0000 3752.8782 2.4617 34.9026
3813.0000 3754.8311 2.4621 34.9026
3815.0000 3756.7837 2.4627 34.9027
3817.0000 3758.7354 2.4618 34.9026
3819.0000 3760.6880 2.4621 34.9025
3821.0000 3762.6409 2.4620 34.9025
3823.0000 3764.5925 2.4619 34.9025
3825.0000 3766.5452 2.4624 34.9025
3827.0000 3768.4976 2.4629 34.9025
3829.0000 3770.4502 2.4632 34.9026
3831.0000 3772.4019 2.4632 34.9026
3833.0000 3774.3540 2.4640 34.9026
3835.0000 3776.3066 2.4642 34.9025
3837.0000 3778.2588 2.4647 34.9026
3839.0000 3780.2107 2.4652 34.9026
3841.0000 3782.1633 2.4653 34.9026
3843.0000 3784.1155 2.4652 34.9026
3845.0000 3786.0671 2.4653 34.9025
3847.0000 3788.0193 2.4656 34.9024
3849.0000 3789.9717 2.4656 34.9026
3851.0000 3791.9236 2.4662 34.9026
3853.0000 3793.8755 2.4658 34.9025
3855.0000 3795.8281 2.4665 34.9025
3857.0000 3797.7803 2.4674 34.9026
3859.0000 3799.7319 2.4671 34.9025
3861.0000 3801.6841 2.4662 34.9023
3863.0000 3803.6362 2.4633 34.9022
3865.0000 3805.5879 2.4632 34.9021
3867.0000 3807.5400 2.4641 34.9022
3869.0000 3809.4922 2.4649 34.9022
3871.0000 3811.4438 2.4655 34.9022
3873.0000 3813.3955 2.4659 34.9023
3875.0000 3815.3477 2.4656 34.9021
3877.0000 3817.2998 2.4661 34.9021
3879.0000 3819.2510 2.4663 34.9021
3881.0000 3821.2031 2.4662 34.9021
3883.0000 3823.1548 2.4666 34.9022
3885.0000 3825.1064 2.4659 34.9021
3887.0000 3827.0586 2.4644 34.9019
3889.0000 3829.0103 2.4661 34.9021
3891.0000 3830.9619 2.4665 34.9020
3893.0000 3832.9138 2.4656 34.9020
3895.0000 3834.8655 2.4653 34.9020
3897.0000 3836.8171 2.4652 34.9019
3899.0000 3838.7688 2.4649 34.9018
3901.0000 3840.7205 2.4649 34.9019
3903.0000 3842.6721 2.4651 34.9019
3905.0000 3844.6238 2.4653 34.9018
3907.0000 3846.5752 2.4658 34.9018
3909.0000 3848.5269 2.4655 34.9019
3911.0000 3850.4790 2.4650 34.9018
3913.0000 3852.4299 2.4712 34.9024
3915.0000 3854.3818 2.4725 34.9024
3917.0000 3856.3333 2.4735 34.9025
3919.0000 3858.2849 2.4739 34.9025
3921.0000 3860.2361 2.4749 34.9026
3923.0000 3862.1880 2.4751 34.9026
3925.0000 3864.1392 2.4748 34.9025
3927.0000 3866.0903 2.4752 34.9025
3929.0000 3868.0422 2.4748 34.9023
3931.0000 3869.9934 2.4758 34.9024
3933.0000 3871.9451 2.4762 34.9025
3935.0000 3873.8960 2.4766 34.9025
3937.0000 3875.8477 2.4772 34.9026
3939.0000 3877.7988 2.4768 34.9026
3941.0000 3879.7498 2.4763 34.9024
3943.0000 3881.7014 2.4767 34.9025
3945.0000 3883.6528 2.4767 34.9025
3947.0000 3885.6040 2.4768 34.9024
3949.0000 3887.5554 2.4767 34.9024
3951.0000 3889.5066 2.4769 34.9025
3953.0000 3891.4578 2.4767 34.9024
3955.0000 3893.4087 2.4772 34.9025
3957.0000 3895.3601 2.4784 34.9025
3959.0000 3897.3113 2.4793 34.9025
3961.0000 3899.2622 2.4793 34.9026
3963.0000 3901.2139 2.4788 34.9023
3965.0000 3903.1646 2.4792 34.9024
3967.0000 3905.1160 2.4801 34.9025
3969.0000 3907.0669 2.4799 34.9025
3971.0000 3909.0176 2.4795 34.9023
3973.0000 3910.9692 2.4785 34.9021
3975.0000 3912.9199 2.4784 34.9022
3977.0000 3914.8706 2.4782 34.9022
3979.0000 3916.8220 2.4780 34.9020
3981.0000 3918.7732 2.4792 34.9020
3983.0000 3920.7241 2.4791 34.9020
3985.0000 3922.6748 2.4783 34.9020
3987.0000 3924.6257 2.4771 34.9020
3989.0000 3926.5767 2.4759 34.9018
3991.0000 3928.5276 2.4762 34.9018
3993.0000 3930.4788 2.4762 34.9018
3995.0000 3932.4297 2.4764 34.9017
3997.0000 3934.3801 2.4765 34.9018
3999.0000 3936.3308 2.4764 34.9018
4001.0000 3938.2817 2.4764 34.9019
4003.0000 3940.2327 2.4777 34.9018
4005.0000 3942.1831 2.4775 34.9018
4007.0000 3944.1343 2.4774 34.9017
4009.0000 3946.0847 2.4774 34.9017
4011.0000 3948.0356 2.4760 34.9017
4013.0000 3949.9861 2.4741 34.9013
4015.0000 3951.9370 2.4701 34.9010
4017.0000 3953.8875 2.4648 34.9004
4019.0000 3955.8381 2.4639 34.9003
4021.0000 3957.7891 2.4629 34.9002
4023.0000 3959.7390 2.4673 34.9005
4025.0000 3961.6899 2.4658 34.9002
