CTD cast

DATE:  04-Jan-2016 23:51:00
latitude:  24.5000
longitude:  -43.9015
  P (db)  z (m)    T (^oC)  S (psu)
3.0000 2.9808 24.7584 37.4317
5.0000 4.9680 24.7610 37.4316
7.0000 6.9551 24.7621 37.4316
9.0000 8.9422 24.7624 37.4317
11.0000 10.9293 24.7631 37.4319
13.0000 12.9164 24.7630 37.4319
15.0000 14.9035 24.7704 37.4328
17.0000 16.8906 24.7716 37.4327
19.0000 18.8776 24.7719 37.4326
21.0000 20.8646 24.7708 37.4323
23.0000 22.8516 24.7699 37.4323
25.0000 24.8386 24.7681 37.4321
27.0000 26.8255 24.7682 37.4322
29.0000 28.8125 24.7667 37.4321
31.0000 30.7994 24.7644 37.4320
33.0000 32.7863 24.7638 37.4319
35.0000 34.7732 24.7652 37.4319
37.0000 36.7600 24.7696 37.4325
39.0000 38.7469 24.7741 37.4328
41.0000 40.7337 24.7720 37.4322
43.0000 42.7205 24.7708 37.4322
45.0000 44.7073 24.7721 37.4318
47.0000 46.6941 24.7730 37.4318
49.0000 48.6808 24.7716 37.4318
51.0000 50.6675 24.7711 37.4317
53.0000 52.6542 24.7692 37.4320
55.0000 54.6409 24.7721 37.4319
57.0000 56.6276 24.7724 37.4318
59.0000 58.6142 24.7737 37.4318
61.0000 60.6009 24.7743 37.4318
63.0000 62.5875 24.7769 37.4319
65.0000 64.5741 24.7769 37.4316
67.0000 66.5606 24.7761 37.4317
69.0000 68.5472 24.7745 37.4318
71.0000 70.5337 24.7764 37.4318
73.0000 72.5202 24.7749 37.4318
75.0000 74.5067 24.7756 37.4318
77.0000 76.4932 24.7754 37.4318
79.0000 78.4797 24.7760 37.4319
81.0000 80.4661 24.7762 37.4320
83.0000 82.4525 24.7793 37.4319
85.0000 84.4389 24.7824 37.4318
87.0000 86.4253 24.7825 37.4316
89.0000 88.4117 24.7826 37.4316
91.0000 90.3980 24.7829 37.4332
93.0000 92.3843 24.7801 37.4348
95.0000 94.3706 24.7792 37.4354
97.0000 96.3569 24.7742 37.4377
99.0000 98.3432 24.7747 37.4376
101.0000 100.3294 24.7745 37.4378
103.0000 102.3157 24.7713 37.4389
105.0000 104.3018 24.7692 37.4379
107.0000 106.2880 24.7481 37.4376
109.0000 108.2742 24.6575 37.4274
111.0000 110.2604 24.5943 37.4198
113.0000 112.2465 23.8141 37.3224
115.0000 114.2326 23.6008 37.3175
117.0000 116.2187 23.1971 37.2703
119.0000 118.2048 23.0759 37.2671
121.0000 120.1908 22.8932 37.2450
123.0000 122.1768 22.8870 37.2516
125.0000 124.1629 22.7529 37.2824
127.0000 126.1489 22.7470 37.2834
129.0000 128.1348 22.6889 37.2887
131.0000 130.1208 22.6490 37.2844
133.0000 132.1067 22.5887 37.2806
135.0000 134.0927 22.5397 37.2782
137.0000 136.0786 22.4906 37.2751
139.0000 138.0644 22.4667 37.2765
141.0000 140.0503 22.3879 37.2747
143.0000 142.0361 22.3418 37.2740
145.0000 144.0219 22.2717 37.2844
147.0000 146.0078 22.1302 37.2713
149.0000 147.9935 22.0926 37.2730
151.0000 149.9793 21.9893 37.2688
153.0000 151.9650 21.9604 37.2659
155.0000 153.9508 21.9017 37.2612
157.0000 155.9365 21.9035 37.2672
159.0000 157.9222 21.7092 37.2523
161.0000 159.9078 21.5149 37.2096
163.0000 161.8935 21.3912 37.1932
165.0000 163.8791 21.3131 37.1701
167.0000 165.8647 21.1503 37.1341
169.0000 167.8503 21.0359 37.1134
171.0000 169.8359 20.9708 37.0997
173.0000 171.8214 20.8305 37.0704
175.0000 173.8070 20.7063 37.0492
177.0000 175.7925 20.5990 37.0297
179.0000 177.7780 20.5369 37.0209
181.0000 179.7635 20.4721 37.0106
183.0000 181.7489 20.3988 36.9976
185.0000 183.7344 20.3377 36.9898
187.0000 185.7198 20.3135 36.9874
189.0000 187.7052 20.2738 36.9796
191.0000 189.6906 20.2469 36.9741
193.0000 191.6759 20.1416 36.9487
195.0000 193.6613 20.0416 36.9304
197.0000 195.6466 19.9996 36.9249
199.0000 197.6319 19.8981 36.9074
201.0000 199.6172 19.8449 36.8976
203.0000 201.6024 19.7876 36.8847
205.0000 203.5877 19.7149 36.8695
207.0000 205.5729 19.6854 36.8650
209.0000 207.5581 19.6825 36.8647
211.0000 209.5433 19.6676 36.8624
213.0000 211.5285 19.6647 36.8625
215.0000 213.5136 19.6393 36.8572
217.0000 215.4988 19.5964 36.8480
219.0000 217.4839 19.5206 36.8314
221.0000 219.4690 19.4744 36.8217
223.0000 221.4540 19.3879 36.7999
225.0000 223.4391 19.1914 36.7768
227.0000 225.4241 19.1773 36.7772
229.0000 227.4092 19.1552 36.7719
231.0000 229.3941 19.0567 36.7490
233.0000 231.3791 19.0027 36.7414
235.0000 233.3641 18.9697 36.7362
237.0000 235.3490 18.9616 36.7357
239.0000 237.3339 18.9229 36.7281
241.0000 239.3188 18.9077 36.7259
243.0000 241.3037 18.9075 36.7260
245.0000 243.2886 18.8997 36.7234
247.0000 245.2734 18.8258 36.7025
249.0000 247.2583 18.6812 36.6706
251.0000 249.2431 18.6401 36.6623
253.0000 251.2278 18.5697 36.6484
255.0000 253.2126 18.5239 36.6441
257.0000 255.1974 18.4967 36.6397
259.0000 257.1821 18.4447 36.6268
261.0000 259.1668 18.3869 36.6217
263.0000 261.1515 18.3463 36.6209
265.0000 263.1362 18.2730 36.6047
267.0000 265.1208 18.1658 36.5782
269.0000 267.1054 18.1084 36.5701
271.0000 269.0901 18.0795 36.5663
273.0000 271.0746 18.0674 36.5626
275.0000 273.0593 18.0514 36.5598
277.0000 275.0438 18.0276 36.5547
279.0000 277.0284 17.9862 36.5468
281.0000 279.0128 17.9723 36.5450
283.0000 280.9974 17.9571 36.5431
285.0000 282.9818 17.8709 36.5265
287.0000 284.9663 17.8097 36.5162
289.0000 286.9507 17.7466 36.5054
291.0000 288.9352 17.7138 36.4999
293.0000 290.9196 17.6716 36.4913
295.0000 292.9040 17.5821 36.4730
297.0000 294.8883 17.5420 36.4669
299.0000 296.8727 17.5008 36.4584
301.0000 298.8570 17.4781 36.4556
303.0000 300.8413 17.4333 36.4481
305.0000 302.8256 17.3921 36.4403
307.0000 304.8099 17.3191 36.4278
309.0000 306.7941 17.2825 36.4221
311.0000 308.7784 17.2340 36.4130
313.0000 310.7626 17.1470 36.3992
315.0000 312.7467 17.1079 36.3929
317.0000 314.7309 17.0663 36.3874
319.0000 316.7151 17.0389 36.3834
321.0000 318.6992 17.0266 36.3819
323.0000 320.6833 17.0190 36.3813
325.0000 322.6674 17.0100 36.3809
327.0000 324.6515 17.0021 36.3805
329.0000 326.6356 16.9957 36.3806
331.0000 328.6196 16.9914 36.3804
333.0000 330.6036 16.9850 36.3796
335.0000 332.5876 16.9772 36.3784
337.0000 334.5716 16.9642 36.3764
339.0000 336.5556 16.9576 36.3756
341.0000 338.5396 16.9489 36.3738
343.0000 340.5235 16.9388 36.3716
345.0000 342.5074 16.9290 36.3697
347.0000 344.4913 16.9131 36.3666
349.0000 346.4751 16.9019 36.3647
351.0000 348.4590 16.8860 36.3623
353.0000 350.4428 16.7628 36.3386
355.0000 352.4266 16.6415 36.3221
357.0000 354.4104 16.6147 36.3185
359.0000 356.3942 16.6007 36.3165
361.0000 358.3779 16.5721 36.3091
363.0000 360.3617 16.4590 36.2870
365.0000 362.3454 16.4179 36.2833
367.0000 364.3291 16.4116 36.2837
369.0000 366.3127 16.4098 36.2837
371.0000 368.2964 16.3805 36.2767
373.0000 370.2801 16.3065 36.2630
375.0000 372.2637 16.2309 36.2479
377.0000 374.2473 16.1847 36.2413
379.0000 376.2309 16.1696 36.2394
381.0000 378.2145 16.1552 36.2372
383.0000 380.1980 16.1409 36.2352
385.0000 382.1815 16.0976 36.2268
387.0000 384.1650 16.0504 36.2190
389.0000 386.1485 15.9771 36.2059
391.0000 388.1320 15.9518 36.2034
393.0000 390.1154 15.9379 36.2005
395.0000 392.0989 15.8944 36.1933
397.0000 394.0822 15.8539 36.1864
399.0000 396.0656 15.8353 36.1837
401.0000 398.0490 15.8044 36.1778
403.0000 400.0324 15.7638 36.1712
405.0000 402.0157 15.7209 36.1635
407.0000 403.9990 15.6795 36.1566
409.0000 405.9823 15.6452 36.1503
411.0000 407.9656 15.6239 36.1474
413.0000 409.9489 15.6106 36.1451
415.0000 411.9321 15.5960 36.1420
417.0000 413.9154 15.5582 36.1356
419.0000 415.8985 15.4982 36.1250
421.0000 417.8817 15.4768 36.1222
423.0000 419.8649 15.4767 36.1221
425.0000 421.8480 15.4714 36.1210
427.0000 423.8311 15.3677 36.1028
429.0000 425.8143 15.3031 36.0941
431.0000 427.7973 15.2534 36.0841
433.0000 429.7804 15.1939 36.0749
435.0000 431.7635 15.1727 36.0716
437.0000 433.7465 15.1323 36.0642
439.0000 435.7295 15.0797 36.0573
441.0000 437.7125 15.0657 36.0550
443.0000 439.6955 15.0412 36.0512
445.0000 441.6784 15.0078 36.0460
447.0000 443.6614 14.9642 36.0385
449.0000 445.6443 14.9576 36.0382
451.0000 447.6272 14.9040 36.0306
453.0000 449.6100 14.8954 36.0293
455.0000 451.5929 14.8851 36.0274
457.0000 453.5757 14.8733 36.0256
459.0000 455.5585 14.8551 36.0230
461.0000 457.5414 14.8266 36.0185
463.0000 459.5242 14.8123 36.0162
465.0000 461.5069 14.7754 36.0103
467.0000 463.4897 14.7205 36.0026
469.0000 465.4724 14.6560 35.9918
471.0000 467.4551 14.6303 35.9888
473.0000 469.4378 14.6310 35.9900
475.0000 471.4204 14.6090 35.9856
477.0000 473.4031 14.5817 35.9807
479.0000 475.3858 14.5532 35.9770
481.0000 477.3683 14.5188 35.9715
483.0000 479.3510 14.4829 35.9669
485.0000 481.3335 14.4406 35.9612
487.0000 483.3161 14.4289 35.9598
489.0000 485.2986 14.4213 35.9585
491.0000 487.2811 14.4055 35.9566
493.0000 489.2636 14.3750 35.9515
495.0000 491.2461 14.3486 35.9471
497.0000 493.2286 14.2549 35.9312
499.0000 495.2110 14.1738 35.9209
501.0000 497.1934 14.1018 35.9108
503.0000 499.1758 14.0634 35.9061
505.0000 501.1582 14.0474 35.9041
507.0000 503.1405 14.0246 35.9010
509.0000 505.1229 14.0088 35.8985
511.0000 507.1053 13.9709 35.8931
513.0000 509.0876 13.9499 35.8907
515.0000 511.0698 13.8691 35.8789
517.0000 513.0521 13.8138 35.8730
519.0000 515.0344 13.7755 35.8659
521.0000 517.0165 13.7243 35.8594
523.0000 518.9988 13.7066 35.8574
525.0000 520.9810 13.6736 35.8504
527.0000 522.9632 13.5296 35.8295
529.0000 524.9453 13.4548 35.8198
531.0000 526.9275 13.3968 35.8111
533.0000 528.9096 13.3534 35.8066
535.0000 530.8917 13.3392 35.8054
537.0000 532.8737 13.3308 35.8050
539.0000 534.8558 13.3116 35.8026
541.0000 536.8379 13.2766 35.7966
543.0000 538.8199 13.2421 35.7922
545.0000 540.8019 13.1883 35.7835
547.0000 542.7839 13.1110 35.7720
549.0000 544.7658 13.0677 35.7666
551.0000 546.7478 13.0421 35.7634
553.0000 548.7297 12.9979 35.7581
555.0000 550.7115 12.9748 35.7551
557.0000 552.6935 12.9126 35.7462
559.0000 554.6754 12.8385 35.7371
561.0000 556.6573 12.7813 35.7296
563.0000 558.6390 12.7400 35.7251
565.0000 560.6209 12.7244 35.7241
567.0000 562.6027 12.7153 35.7227
569.0000 564.5844 12.6964 35.7207
571.0000 566.5662 12.6805 35.7183
573.0000 568.5480 12.6532 35.7155
575.0000 570.5297 12.6430 35.7142
577.0000 572.5114 12.6240 35.7115
579.0000 574.4930 12.5891 35.7068
581.0000 576.4747 12.5566 35.7019
583.0000 578.4564 12.5253 35.6990
585.0000 580.4380 12.5061 35.6966
587.0000 582.4197 12.4881 35.6934
589.0000 584.4012 12.4126 35.6823
591.0000 586.3828 12.3332 35.6740
593.0000 588.3643 12.3197 35.6719
595.0000 590.3458 12.2918 35.6682
597.0000 592.3273 12.2768 35.6664
599.0000 594.3088 12.2483 35.6621
601.0000 596.2903 12.2159 35.6579
603.0000 598.2718 12.1547 35.6505
605.0000 600.2532 12.1361 35.6483
607.0000 602.2346 12.1254 35.6473
609.0000 604.2160 12.1194 35.6467
611.0000 606.1974 12.1097 35.6452
613.0000 608.1787 12.0875 35.6422
615.0000 610.1602 12.0637 35.6393
617.0000 612.1415 12.0485 35.6374
619.0000 614.1227 12.0389 35.6361
621.0000 616.1040 11.9964 35.6297
623.0000 618.0853 11.9658 35.6264
625.0000 620.0665 11.9361 35.6226
627.0000 622.0477 11.9261 35.6216
629.0000 624.0289 11.9253 35.6217
631.0000 626.0101 11.9195 35.6210
633.0000 627.9913 11.9161 35.6206
635.0000 629.9724 11.9138 35.6203
637.0000 631.9536 11.9112 35.6200
639.0000 633.9347 11.8923 35.6169
641.0000 635.9158 11.8718 35.6148
643.0000 637.8969 11.8506 35.6116
645.0000 639.8779 11.8369 35.6102
647.0000 641.8589 11.8307 35.6096
649.0000 643.8400 11.8258 35.6087
651.0000 645.8210 11.8110 35.6064
653.0000 647.8019 11.7875 35.6035
655.0000 649.7829 11.7571 35.5994
657.0000 651.7639 11.7372 35.5966
659.0000 653.7448 11.7069 35.5929
661.0000 655.7257 11.6845 35.5900
663.0000 657.7066 11.6748 35.5893
665.0000 659.6874 11.6321 35.5830
667.0000 661.6683 11.5848 35.5776
669.0000 663.6491 11.5762 35.5769
671.0000 665.6299 11.5725 35.5764
673.0000 667.6107 11.5738 35.5772
675.0000 669.5915 11.5675 35.5762
677.0000 671.5723 11.5577 35.5747
679.0000 673.5530 11.5348 35.5709
681.0000 675.5337 11.4745 35.5632
683.0000 677.5144 11.4082 35.5547
685.0000 679.4951 11.3070 35.5412
687.0000 681.4757 11.2206 35.5321
689.0000 683.4564 11.1782 35.5277
691.0000 685.4370 11.1600 35.5257
693.0000 687.4175 11.1264 35.5210
695.0000 689.3982 11.0762 35.5163
697.0000 691.3787 11.0447 35.5119
699.0000 693.3594 10.9879 35.5046
701.0000 695.3398 10.9190 35.4978
703.0000 697.3203 10.9089 35.4970
705.0000 699.3008 10.8950 35.4952
707.0000 701.2812 10.8655 35.4918
709.0000 703.2617 10.8403 35.4893
711.0000 705.2422 10.8217 35.4873
713.0000 707.2226 10.8134 35.4867
715.0000 709.2030 10.8033 35.4855
717.0000 711.1833 10.7897 35.4837
719.0000 713.1637 10.7709 35.4815
721.0000 715.1440 10.7460 35.4780
723.0000 717.1243 10.7016 35.4726
725.0000 719.1047 10.6476 35.4665
727.0000 721.0850 10.6261 35.4645
729.0000 723.0652 10.6167 35.4631
731.0000 725.0455 10.5761 35.4586
733.0000 727.0257 10.5454 35.4544
735.0000 729.0059 10.5057 35.4505
737.0000 730.9861 10.4822 35.4472
739.0000 732.9662 10.4406 35.4429
741.0000 734.9465 10.4178 35.4402
743.0000 736.9265 10.3921 35.4376
745.0000 738.9066 10.3744 35.4352
747.0000 740.8868 10.3426 35.4319
749.0000 742.8668 10.2968 35.4256
751.0000 744.8469 10.2523 35.4214
753.0000 746.8269 10.2310 35.4194
755.0000 748.8068 10.2257 35.4189
757.0000 750.7869 10.2197 35.4185
759.0000 752.7669 10.2201 35.4188
761.0000 754.7469 10.2113 35.4170
763.0000 756.7267 10.1636 35.4119
765.0000 758.7067 10.1490 35.4106
767.0000 760.6866 10.1410 35.4094
769.0000 762.6664 10.1086 35.4056
771.0000 764.6463 10.0732 35.4014
773.0000 766.6262 10.0265 35.3957
775.0000 768.6061 9.9730 35.3907
777.0000 770.5858 9.9591 35.3894
779.0000 772.5656 9.9414 35.3871
781.0000 774.5454 9.9222 35.3854
783.0000 776.5251 9.8919 35.3818
785.0000 778.5049 9.8514 35.3773
787.0000 780.4847 9.8297 35.3754
789.0000 782.4644 9.8206 35.3748
791.0000 784.4440 9.7864 35.3682
793.0000 786.4236 9.6468 35.3537
795.0000 788.4033 9.5988 35.3493
797.0000 790.3829 9.5434 35.3437
799.0000 792.3625 9.5276 35.3425
801.0000 794.3420 9.5103 35.3408
803.0000 796.3217 9.4795 35.3365
805.0000 798.3011 9.4192 35.3304
807.0000 800.2808 9.3734 35.3252
809.0000 802.2603 9.3447 35.3231
811.0000 804.2397 9.3216 35.3205
813.0000 806.2192 9.2477 35.3091
815.0000 808.1987 9.2020 35.3074
817.0000 810.1780 9.1510 35.3010
819.0000 812.1574 9.1254 35.2997
821.0000 814.1369 9.1163 35.2984
823.0000 816.1163 9.0858 35.2952
825.0000 818.0956 9.0468 35.2911
827.0000 820.0750 9.0123 35.2887
829.0000 822.0543 8.9668 35.2828
831.0000 824.0336 8.9389 35.2809
833.0000 826.0128 8.9309 35.2803
835.0000 827.9921 8.9071 35.2768
837.0000 829.9714 8.8155 35.2660
839.0000 831.9506 8.7530 35.2602
841.0000 833.9299 8.7402 35.2592
843.0000 835.9090 8.7378 35.2594
845.0000 837.8881 8.7357 35.2593
847.0000 839.8673 8.7316 35.2589
849.0000 841.8465 8.7222 35.2580
851.0000 843.8257 8.6518 35.2486
853.0000 845.8046 8.6150 35.2456
855.0000 847.7837 8.5854 35.2414
857.0000 849.7628 8.5400 35.2360
859.0000 851.7418 8.5151 35.2336
861.0000 853.7209 8.4833 35.2292
863.0000 855.6999 8.4579 35.2274
865.0000 857.6788 8.4532 35.2272
867.0000 859.6577 8.4457 35.2261
869.0000 861.6368 8.4081 35.2215
871.0000 863.6158 8.3610 35.2178
873.0000 865.5945 8.3511 35.2171
875.0000 867.5735 8.3445 35.2163
877.0000 869.5524 8.3419 35.2163
879.0000 871.5312 8.3402 35.2166
881.0000 873.5100 8.3390 35.2171
883.0000 875.4888 8.3359 35.2170
885.0000 877.4677 8.3077 35.2133
887.0000 879.4464 8.2633 35.2081
889.0000 881.4251 8.2168 35.2017
891.0000 883.4040 8.1710 35.1954
893.0000 885.3825 8.0981 35.1900
895.0000 887.3613 8.0943 35.1897
897.0000 889.3400 8.0691 35.1866
899.0000 891.3187 7.9994 35.1792
901.0000 893.2972 7.9479 35.1755
903.0000 895.2759 7.9410 35.1753
905.0000 897.2545 7.9385 35.1754
907.0000 899.2331 7.9345 35.1752
909.0000 901.2117 7.9311 35.1752
911.0000 903.1902 7.9250 35.1746
913.0000 905.1688 7.9078 35.1726
915.0000 907.1473 7.9024 35.1726
917.0000 909.1257 7.8987 35.1720
919.0000 911.1043 7.8984 35.1721
921.0000 913.0827 7.8981 35.1721
923.0000 915.0611 7.8975 35.1720
925.0000 917.0396 7.8961 35.1719
927.0000 919.0179 7.8877 35.1711
929.0000 920.9963 7.8624 35.1670
931.0000 922.9747 7.8267 35.1649
933.0000 924.9531 7.8053 35.1629
935.0000 926.9313 7.7871 35.1610
937.0000 928.9097 7.7791 35.1604
939.0000 930.8880 7.7768 35.1604
941.0000 932.8662 7.7751 35.1604
943.0000 934.8445 7.7746 35.1604
945.0000 936.8227 7.7744 35.1604
947.0000 938.8009 7.7719 35.1602
949.0000 940.7791 7.7639 35.1593
951.0000 942.7573 7.7616 35.1590
953.0000 944.7354 7.7431 35.1564
955.0000 946.7136 7.6983 35.1515
957.0000 948.6917 7.7085 35.1532
959.0000 950.6697 7.6764 35.1493
961.0000 952.6478 7.6675 35.1486
963.0000 954.6259 7.6642 35.1482
965.0000 956.6039 7.6615 35.1479
967.0000 958.5820 7.6588 35.1475
969.0000 960.5599 7.6504 35.1465
971.0000 962.5380 7.6356 35.1444
973.0000 964.5159 7.5873 35.1392
975.0000 966.4939 7.5394 35.1359
977.0000 968.4719 7.5015 35.1336
979.0000 970.4496 7.4877 35.1331
981.0000 972.4277 7.4779 35.1319
983.0000 974.4055 7.4530 35.1314
985.0000 976.3834 7.4497 35.1315
987.0000 978.3611 7.4461 35.1316
989.0000 980.3391 7.4458 35.1310
991.0000 982.3168 7.4250 35.1299
993.0000 984.2946 7.3911 35.1251
995.0000 986.2724 7.3252 35.1187
997.0000 988.2501 7.2946 35.1184
999.0000 990.2278 7.2833 35.1182
1001.0000 992.2055 7.2680 35.1179
1003.0000 994.1832 7.2477 35.1168
1005.0000 996.1608 7.2101 35.1139
1007.0000 998.1385 7.1911 35.1125
1009.0000 1000.1161 7.1873 35.1123
1011.0000 1002.0938 7.1803 35.1117
1013.0000 1004.0714 7.1691 35.1107
1015.0000 1006.0490 7.1580 35.1094
1017.0000 1008.0264 7.1206 35.1049
1019.0000 1010.0040 7.0826 35.1011
1021.0000 1011.9816 7.0551 35.0982
1023.0000 1013.9591 7.0356 35.0959
1025.0000 1015.9365 6.9956 35.0915
1027.0000 1017.9140 6.9526 35.0885
1029.0000 1019.8915 6.9199 35.0874
1031.0000 1021.8689 6.9037 35.0875
1033.0000 1023.8462 6.8816 35.0871
1035.0000 1025.8237 6.8390 35.0846
1037.0000 1027.8010 6.8252 35.0834
1039.0000 1029.7783 6.8193 35.0831
1041.0000 1031.7556 6.8161 35.0826
1043.0000 1033.7329 6.8135 35.0824
1045.0000 1035.7102 6.8115 35.0823
1047.0000 1037.6875 6.8016 35.0812
1049.0000 1039.6649 6.7744 35.0796
1051.0000 1041.6421 6.7590 35.0792
1053.0000 1043.6193 6.7172 35.0746
1055.0000 1045.5966 6.6712 35.0705
1057.0000 1047.5737 6.6635 35.0700
1059.0000 1049.5508 6.6462 35.0690
1061.0000 1051.5280 6.6315 35.0692
1063.0000 1053.5051 6.6279 35.0696
1065.0000 1055.4823 6.6171 35.0749
1067.0000 1057.4594 6.6053 35.0765
1069.0000 1059.4363 6.5908 35.0748
1071.0000 1061.4133 6.5536 35.0722
1073.0000 1063.3904 6.5196 35.0707
1075.0000 1065.3674 6.5100 35.0707
1077.0000 1067.3445 6.4951 35.0697
1079.0000 1069.3213 6.4799 35.0686
1081.0000 1071.2983 6.4504 35.0658
1083.0000 1073.2754 6.4249 35.0652
1085.0000 1075.2523 6.4178 35.0655
1087.0000 1077.2291 6.4148 35.0656
1089.0000 1079.2061 6.4100 35.0659
1091.0000 1081.1829 6.4030 35.0663
1093.0000 1083.1597 6.3977 35.0668
1095.0000 1085.1366 6.3935 35.0670
1097.0000 1087.1134 6.3880 35.0674
1099.0000 1089.0902 6.3804 35.0679
1101.0000 1091.0668 6.3778 35.0682
1103.0000 1093.0437 6.3716 35.0682
1105.0000 1095.0205 6.3594 35.0677
1107.0000 1096.9971 6.3392 35.0665
1109.0000 1098.9739 6.3246 35.0649
1111.0000 1100.9506 6.2853 35.0618
1113.0000 1102.9271 6.2713 35.0610
1115.0000 1104.9038 6.2474 35.0571
1117.0000 1106.8805 6.2176 35.0561
1119.0000 1108.8571 6.2176 35.0564
1121.0000 1110.8335 6.2081 35.0557
1123.0000 1112.8102 6.2048 35.0552
1125.0000 1114.7866 6.1955 35.0550
1127.0000 1116.7632 6.1882 35.0554
1129.0000 1118.7397 6.1870 35.0570
1131.0000 1120.7163 6.1829 35.0577
1133.0000 1122.6929 6.1548 35.0546
1135.0000 1124.6692 6.1369 35.0546
1137.0000 1126.6456 6.1243 35.0557
1139.0000 1128.6219 6.1059 35.0552
1141.0000 1130.5984 6.0926 35.0567
1143.0000 1132.5748 6.0898 35.0592
1145.0000 1134.5511 6.0884 35.0600
1147.0000 1136.5276 6.0860 35.0597
1149.0000 1138.5038 6.0706 35.0579
1151.0000 1140.4802 6.0612 35.0571
1153.0000 1142.4565 6.0619 35.0577
1155.0000 1144.4326 6.0612 35.0577
1157.0000 1146.4089 6.0637 35.0584
1159.0000 1148.3851 6.0654 35.0593
1161.0000 1150.3615 6.0695 35.0606
1163.0000 1152.3375 6.0644 35.0601
1165.0000 1154.3138 6.0569 35.0594
1167.0000 1156.2899 6.0489 35.0589
1169.0000 1158.2660 6.0429 35.0598
1171.0000 1160.2422 6.0387 35.0607
1173.0000 1162.2183 6.0354 35.0614
1175.0000 1164.1943 6.0210 35.0598
1177.0000 1166.1703 6.0153 35.0593
1179.0000 1168.1464 6.0058 35.0579
1181.0000 1170.1226 5.9898 35.0567
1183.0000 1172.0984 5.9854 35.0565
1185.0000 1174.0745 5.9782 35.0559
1187.0000 1176.0505 5.9526 35.0531
1189.0000 1178.0265 5.9415 35.0531
1191.0000 1180.0023 5.9408 35.0548
1193.0000 1181.9781 5.9235 35.0557
1195.0000 1183.9541 5.9069 35.0548
1197.0000 1185.9298 5.8915 35.0536
1199.0000 1187.9058 5.8834 35.0523
1201.0000 1189.8817 5.8852 35.0526
1203.0000 1191.8575 5.8772 35.0510
1205.0000 1193.8333 5.8571 35.0475
1207.0000 1195.8091 5.8489 35.0462
1209.0000 1197.7849 5.8429 35.0452
1211.0000 1199.7605 5.8397 35.0447
1213.0000 1201.7363 5.8358 35.0442
1215.0000 1203.7120 5.8272 35.0428
1217.0000 1205.6877 5.8174 35.0415
1219.0000 1207.6633 5.7963 35.0390
1221.0000 1209.6389 5.7586 35.0352
1223.0000 1211.6146 5.7567 35.0406
1225.0000 1213.5902 5.7885 35.0494
1227.0000 1215.5658 5.7652 35.0512
1229.0000 1217.5414 5.7452 35.0516
1231.0000 1219.5170 5.7465 35.0517
1233.0000 1221.4926 5.7411 35.0514
1235.0000 1223.4680 5.7294 35.0512
1237.0000 1225.4437 5.7262 35.0522
1239.0000 1227.4191 5.7232 35.0521
1241.0000 1229.3945 5.7151 35.0515
1243.0000 1231.3700 5.6954 35.0503
1245.0000 1233.3453 5.6883 35.0503
1247.0000 1235.3208 5.6896 35.0516
1249.0000 1237.2963 5.6862 35.0517
1251.0000 1239.2716 5.6867 35.0523
1253.0000 1241.2469 5.6856 35.0521
1255.0000 1243.2223 5.6804 35.0511
1257.0000 1245.1976 5.6739 35.0500
1259.0000 1247.1729 5.6574 35.0480
1261.0000 1249.1482 5.6507 35.0485
1263.0000 1251.1234 5.6464 35.0495
1265.0000 1253.0988 5.6392 35.0505
1267.0000 1255.0740 5.6399 35.0514
1269.0000 1257.0491 5.6390 35.0522
1271.0000 1259.0243 5.6397 35.0528
1273.0000 1260.9994 5.6403 35.0538
1275.0000 1262.9745 5.6388 35.0544
1277.0000 1264.9497 5.6366 35.0543
1279.0000 1266.9247 5.6230 35.0538
1281.0000 1268.8998 5.6099 35.0532
1283.0000 1270.8749 5.5952 35.0521
1285.0000 1272.8500 5.5789 35.0512
1287.0000 1274.8250 5.5525 35.0514
1289.0000 1276.8000 5.5435 35.0524
1291.0000 1278.7750 5.5369 35.0535
1293.0000 1280.7500 5.5280 35.0567
1295.0000 1282.7250 5.5267 35.0577
1297.0000 1284.7000 5.5270 35.0580
1299.0000 1286.6749 5.5274 35.0588
1301.0000 1288.6497 5.5278 35.0590
1303.0000 1290.6248 5.5282 35.0588
1305.0000 1292.5996 5.5275 35.0591
1307.0000 1294.5745 5.5257 35.0597
1309.0000 1296.5493 5.5228 35.0600
1311.0000 1298.5243 5.5195 35.0606
1313.0000 1300.4990 5.5153 35.0621
1315.0000 1302.4736 5.5068 35.0642
1317.0000 1304.4485 5.4954 35.0656
1319.0000 1306.4232 5.4937 35.0669
1321.0000 1308.3979 5.4882 35.0669
1323.0000 1310.3726 5.4810 35.0671
1325.0000 1312.3474 5.4782 35.0671
1327.0000 1314.3220 5.4713 35.0670
1329.0000 1316.2966 5.4665 35.0669
1331.0000 1318.2712 5.4481 35.0672
1333.0000 1320.2458 5.4400 35.0677
1335.0000 1322.2205 5.4337 35.0677
1337.0000 1324.1951 5.4276 35.0680
1339.0000 1326.1696 5.4228 35.0681
1341.0000 1328.1440 5.4193 35.0680
1343.0000 1330.1187 5.4162 35.0683
1345.0000 1332.0931 5.4074 35.0678
1347.0000 1334.0676 5.4036 35.0679
1349.0000 1336.0420 5.4000 35.0680
1351.0000 1338.0165 5.3946 35.0680
1353.0000 1339.9910 5.3927 35.0679
1355.0000 1341.9652 5.3904 35.0680
1357.0000 1343.9398 5.3802 35.0675
1359.0000 1345.9142 5.3725 35.0673
1361.0000 1347.8885 5.3506 35.0661
1363.0000 1349.8628 5.3274 35.0661
1365.0000 1351.8372 5.3152 35.0658
1367.0000 1353.8115 5.3090 35.0661
1369.0000 1355.7856 5.3042 35.0665
1371.0000 1357.7600 5.2974 35.0667
1373.0000 1359.7343 5.2863 35.0661
1375.0000 1361.7084 5.2717 35.0652
1377.0000 1363.6825 5.2660 35.0648
1379.0000 1365.6569 5.2556 35.0636
1381.0000 1367.6310 5.2454 35.0633
1383.0000 1369.6051 5.2423 35.0631
1385.0000 1371.5792 5.2417 35.0632
1387.0000 1373.5535 5.2418 35.0633
1389.0000 1375.5276 5.2416 35.0633
1391.0000 1377.5015 5.2303 35.0638
1393.0000 1379.4756 5.2253 35.0640
1395.0000 1381.4496 5.2225 35.0639
1397.0000 1383.4236 5.2187 35.0638
1399.0000 1385.3976 5.2148 35.0636
1401.0000 1387.3716 5.2124 35.0636
1403.0000 1389.3457 5.2099 35.0637
1405.0000 1391.3195 5.2062 35.0640
1407.0000 1393.2935 5.2044 35.0639
1409.0000 1395.2675 5.2023 35.0642
1411.0000 1397.2412 5.1958 35.0633
1413.0000 1399.2151 5.1925 35.0631
1415.0000 1401.1890 5.1895 35.0637
1417.0000 1403.1627 5.1906 35.0643
1419.0000 1405.1366 5.1930 35.0651
1421.0000 1407.1105 5.1864 35.0646
1423.0000 1409.0842 5.1804 35.0652
1425.0000 1411.0580 5.1790 35.0654
1427.0000 1413.0317 5.1734 35.0661
1429.0000 1415.0055 5.1632 35.0659
1431.0000 1416.9791 5.1528 35.0657
1433.0000 1418.9528 5.1513 35.0660
1435.0000 1420.9265 5.1462 35.0658
1437.0000 1422.9001 5.1393 35.0656
1439.0000 1424.8738 5.1310 35.0655
1441.0000 1426.8474 5.1189 35.0651
1443.0000 1428.8209 5.1209 35.0654
1445.0000 1430.7944 5.1091 35.0652
1447.0000 1432.7679 5.1027 35.0650
1449.0000 1434.7417 5.1004 35.0651
1451.0000 1436.7153 5.0991 35.0652
1453.0000 1438.6887 5.0880 35.0650
1455.0000 1440.6621 5.0834 35.0654
1457.0000 1442.6356 5.0807 35.0653
1459.0000 1444.6089 5.0779 35.0650
1461.0000 1446.5824 5.0753 35.0645
1463.0000 1448.5560 5.0617 35.0626
1465.0000 1450.5294 5.0480 35.0627
1467.0000 1452.5026 5.0459 35.0635
1469.0000 1454.4761 5.0478 35.0647
1471.0000 1456.4493 5.0500 35.0655
1473.0000 1458.4225 5.0501 35.0663
1475.0000 1460.3960 5.0469 35.0678
1477.0000 1462.3693 5.0426 35.0681
1479.0000 1464.3424 5.0393 35.0682
1481.0000 1466.3157 5.0361 35.0682
1483.0000 1468.2889 5.0348 35.0683
1485.0000 1470.2622 5.0317 35.0687
1487.0000 1472.2354 5.0273 35.0685
1489.0000 1474.2085 4.9989 35.0659
1491.0000 1476.1816 4.9717 35.0645
1493.0000 1478.1548 4.9536 35.0634
1495.0000 1480.1278 4.9503 35.0634
1497.0000 1482.1011 4.9365 35.0618
1499.0000 1484.0742 4.9240 35.0619
1501.0000 1486.0470 4.9087 35.0611
1503.0000 1488.0201 4.9073 35.0612
1505.0000 1489.9932 4.9067 35.0614
1507.0000 1491.9662 4.9051 35.0615
1509.0000 1493.9392 4.8979 35.0609
1511.0000 1495.9121 4.8820 35.0591
1513.0000 1497.8851 4.8723 35.0587
1515.0000 1499.8579 4.8697 35.0585
1517.0000 1501.8309 4.8688 35.0585
1519.0000 1503.8038 4.8630 35.0583
1521.0000 1505.7766 4.8573 35.0579
1523.0000 1507.7495 4.8522 35.0581
1525.0000 1509.7224 4.8516 35.0585
1527.0000 1511.6953 4.8467 35.0586
1529.0000 1513.6680 4.8416 35.0589
1531.0000 1515.6407 4.8400 35.0593
1533.0000 1517.6135 4.8383 35.0591
1535.0000 1519.5863 4.8365 35.0592
1537.0000 1521.5591 4.8282 35.0585
1539.0000 1523.5317 4.7945 35.0563
1541.0000 1525.5043 4.7886 35.0563
1543.0000 1527.4771 4.7859 35.0560
1545.0000 1529.4498 4.7822 35.0557
1547.0000 1531.4224 4.7780 35.0556
1549.0000 1533.3949 4.7714 35.0555
1551.0000 1535.3677 4.7685 35.0553
1553.0000 1537.3402 4.7683 35.0550
1555.0000 1539.3126 4.7472 35.0534
1557.0000 1541.2852 4.7151 35.0527
1559.0000 1543.2578 4.7071 35.0531
1561.0000 1545.2303 4.6987 35.0531
1563.0000 1547.2026 4.6810 35.0526
1565.0000 1549.1752 4.6703 35.0524
1567.0000 1551.1478 4.6637 35.0521
1569.0000 1553.1201 4.6531 35.0514
1571.0000 1555.0925 4.6446 35.0510
1573.0000 1557.0649 4.6362 35.0505
1575.0000 1559.0374 4.6302 35.0504
1577.0000 1561.0096 4.6270 35.0504
1579.0000 1562.9819 4.6255 35.0504
1581.0000 1564.9542 4.6244 35.0503
1583.0000 1566.9266 4.6201 35.0502
1585.0000 1568.8989 4.6153 35.0500
1587.0000 1570.8712 4.6129 35.0499
1589.0000 1572.8435 4.6088 35.0497
1591.0000 1574.8156 4.6041 35.0497
1593.0000 1576.7878 4.6014 35.0495
1595.0000 1578.7600 4.5989 35.0495
1597.0000 1580.7322 4.5982 35.0495
1599.0000 1582.7043 4.5965 35.0495
1601.0000 1584.6765 4.5953 35.0493
1603.0000 1586.6487 4.5939 35.0494
1605.0000 1588.6207 4.5933 35.0494
1607.0000 1590.5928 4.5921 35.0493
1609.0000 1592.5648 4.5913 35.0491
1611.0000 1594.5369 4.5880 35.0491
1613.0000 1596.5089 4.5852 35.0490
1615.0000 1598.4810 4.5782 35.0485
1617.0000 1600.4529 4.5727 35.0488
1619.0000 1602.4249 4.5748 35.0487
1621.0000 1604.3969 4.5696 35.0483
1623.0000 1606.3689 4.5633 35.0483
1625.0000 1608.3407 4.5632 35.0483
1627.0000 1610.3125 4.5630 35.0482
1629.0000 1612.2844 4.5630 35.0482
1631.0000 1614.2562 4.5627 35.0482
1633.0000 1616.2281 4.5612 35.0481
1635.0000 1618.2000 4.5522 35.0478
1637.0000 1620.1719 4.5505 35.0477
1639.0000 1622.1436 4.5373 35.0473
1641.0000 1624.1154 4.5346 35.0475
1643.0000 1626.0872 4.5331 35.0473
1645.0000 1628.0588 4.5316 35.0475
1647.0000 1630.0304 4.5318 35.0474
1649.0000 1632.0023 4.5320 35.0474
1651.0000 1633.9740 4.5297 35.0474
1653.0000 1635.9454 4.5252 35.0472
1655.0000 1637.9172 4.5227 35.0471
1657.0000 1639.8889 4.5191 35.0469
1659.0000 1641.8602 4.5136 35.0468
1661.0000 1643.8320 4.5098 35.0466
1663.0000 1645.8036 4.5040 35.0465
1665.0000 1647.7751 4.4986 35.0462
1667.0000 1649.7466 4.4969 35.0463
1669.0000 1651.7181 4.4975 35.0464
1671.0000 1653.6896 4.4975 35.0463
1673.0000 1655.6611 4.4959 35.0462
1675.0000 1657.6326 4.4950 35.0461
1677.0000 1659.6041 4.4931 35.0462
1679.0000 1661.5753 4.4917 35.0460
1681.0000 1663.5469 4.4837 35.0458
1683.0000 1665.5183 4.4763 35.0456
1685.0000 1667.4896 4.4696 35.0453
1687.0000 1669.4608 4.4653 35.0451
1689.0000 1671.4324 4.4555 35.0447
1691.0000 1673.4037 4.4513 35.0447
1693.0000 1675.3749 4.4437 35.0443
1695.0000 1677.3462 4.4381 35.0442
1697.0000 1679.3174 4.4298 35.0438
1699.0000 1681.2887 4.4261 35.0437
1701.0000 1683.2599 4.4221 35.0435
1703.0000 1685.2310 4.4204 35.0436
1705.0000 1687.2023 4.4194 35.0436
1707.0000 1689.1732 4.4171 35.0435
1709.0000 1691.1447 4.4132 35.0432
1711.0000 1693.1157 4.4048 35.0431
1713.0000 1695.0869 4.4005 35.0430
1715.0000 1697.0579 4.3966 35.0428
1717.0000 1699.0289 4.3905 35.0425
1719.0000 1701.0001 4.3836 35.0421
1721.0000 1702.9708 4.3690 35.0416
1723.0000 1704.9420 4.3643 35.0417
1725.0000 1706.9131 4.3637 35.0416
1727.0000 1708.8840 4.3618 35.0415
1729.0000 1710.8550 4.3615 35.0415
1731.0000 1712.8259 4.3507 35.0411
1733.0000 1714.7969 4.3430 35.0408
1735.0000 1716.7676 4.3391 35.0408
1737.0000 1718.7385 4.3376 35.0407
1739.0000 1720.7097 4.3368 35.0407
1741.0000 1722.6802 4.3370 35.0408
1743.0000 1724.6511 4.3382 35.0408
1745.0000 1726.6221 4.3371 35.0407
1747.0000 1728.5928 4.3351 35.0407
1749.0000 1730.5635 4.3305 35.0404
1751.0000 1732.5343 4.3199 35.0399
1753.0000 1734.5051 4.3167 35.0399
1755.0000 1736.4757 4.3165 35.0399
1757.0000 1738.4464 4.3162 35.0399
1759.0000 1740.4171 4.3157 35.0399
1761.0000 1742.3878 4.3134 35.0397
1763.0000 1744.3584 4.3041 35.0392
1765.0000 1746.3291 4.2993 35.0391
1767.0000 1748.2998 4.2946 35.0389
1769.0000 1750.2701 4.2936 35.0388
1771.0000 1752.2408 4.2916 35.0387
1773.0000 1754.2115 4.2876 35.0386
1775.0000 1756.1821 4.2787 35.0380
1777.0000 1758.1525 4.2690 35.0376
1779.0000 1760.1229 4.2655 35.0377
1781.0000 1762.0936 4.2672 35.0375
1783.0000 1764.0637 4.2536 35.0371
1785.0000 1766.0344 4.2518 35.0370
1787.0000 1768.0048 4.2495 35.0368
1789.0000 1769.9755 4.2462 35.0368
1791.0000 1771.9456 4.2443 35.0367
1793.0000 1773.9161 4.2433 35.0368
1795.0000 1775.8865 4.2438 35.0367
1797.0000 1777.8566 4.2423 35.0366
1799.0000 1779.8270 4.2413 35.0367
1801.0000 1781.7974 4.2406 35.0367
1803.0000 1783.7675 4.2407 35.0366
1805.0000 1785.7378 4.2411 35.0365
1807.0000 1787.7083 4.2398 35.0365
1809.0000 1789.6783 4.2384 35.0364
1811.0000 1791.6484 4.2368 35.0364
1813.0000 1793.6188 4.2348 35.0362
1815.0000 1795.5891 4.2331 35.0361
1817.0000 1797.5590 4.2321 35.0362
1819.0000 1799.5293 4.2304 35.0362
1821.0000 1801.4994 4.2278 35.0358
1823.0000 1803.4696 4.2275 35.0358
1825.0000 1805.4393 4.2236 35.0357
1827.0000 1807.4097 4.2164 35.0352
1829.0000 1809.3795 4.2084 35.0349
1831.0000 1811.3496 4.2078 35.0351
1833.0000 1813.3196 4.2094 35.0350
1835.0000 1815.2898 4.2057 35.0348
1837.0000 1817.2596 4.2025 35.0346
1839.0000 1819.2296 4.1981 35.0343
1841.0000 1821.1995 4.1895 35.0340
1843.0000 1823.1696 4.1801 35.0334
1845.0000 1825.1393 4.1732 35.0332
1847.0000 1827.1091 4.1665 35.0329
1849.0000 1829.0790 4.1602 35.0327
1851.0000 1831.0491 4.1572 35.0326
1853.0000 1833.0186 4.1541 35.0324
1855.0000 1834.9885 4.1436 35.0317
1857.0000 1836.9584 4.1354 35.0315
1859.0000 1838.9281 4.1272 35.0305
1861.0000 1840.8977 4.1091 35.0303
1863.0000 1842.8676 4.1040 35.0301
1865.0000 1844.8372 4.0971 35.0296
1867.0000 1846.8070 4.0942 35.0296
1869.0000 1848.7769 4.0891 35.0294
1871.0000 1850.7463 4.0891 35.0294
1873.0000 1852.7161 4.0848 35.0294
1875.0000 1854.6854 4.0841 35.0293
1877.0000 1856.6554 4.0835 35.0293
1879.0000 1858.6246 4.0823 35.0291
1881.0000 1860.5944 4.0768 35.0290
1883.0000 1862.5640 4.0743 35.0289
1885.0000 1864.5337 4.0723 35.0288
1887.0000 1866.5029 4.0613 35.0279
1889.0000 1868.4724 4.0476 35.0271
1891.0000 1870.4420 4.0386 35.0269
1893.0000 1872.4114 4.0330 35.0266
1895.0000 1874.3810 4.0310 35.0267
1897.0000 1876.3502 4.0311 35.0267
1899.0000 1878.3197 4.0311 35.0267
1901.0000 1880.2889 4.0275 35.0266
1903.0000 1882.2584 4.0260 35.0265
1905.0000 1884.2277 4.0237 35.0263
1907.0000 1886.1970 4.0232 35.0263
1909.0000 1888.1664 4.0226 35.0263
1911.0000 1890.1357 4.0215 35.0263
1913.0000 1892.1051 4.0209 35.0262
1915.0000 1894.0742 4.0216 35.0261
1917.0000 1896.0435 4.0196 35.0262
1919.0000 1898.0127 4.0182 35.0261
1921.0000 1899.9818 4.0169 35.0260
1923.0000 1901.9513 4.0150 35.0259
1925.0000 1903.9203 4.0126 35.0258
1927.0000 1905.8894 4.0117 35.0258
1929.0000 1907.8584 4.0109 35.0257
1931.0000 1909.8276 4.0091 35.0256
1933.0000 1911.7969 4.0076 35.0255
1935.0000 1913.7657 3.9990 35.0247
1937.0000 1915.7350 3.9934 35.0246
1939.0000 1917.7039 3.9904 35.0243
1941.0000 1919.6729 3.9807 35.0238
1943.0000 1921.6420 3.9785 35.0239
1945.0000 1923.6110 3.9783 35.0239
1947.0000 1925.5801 3.9788 35.0240
1949.0000 1927.5487 3.9797 35.0240
1951.0000 1929.5179 3.9795 35.0239
1953.0000 1931.4869 3.9786 35.0239
1955.0000 1933.4554 3.9702 35.0233
1957.0000 1935.4244 3.9623 35.0229
1959.0000 1937.3933 3.9547 35.0225
1961.0000 1939.3623 3.9492 35.0221
1963.0000 1941.3309 3.9458 35.0221
1965.0000 1943.2998 3.9455 35.0221
1967.0000 1945.2687 3.9452 35.0221
1969.0000 1947.2374 3.9428 35.0219
1971.0000 1949.2061 3.9397 35.0219
1973.0000 1951.1749 3.9360 35.0215
1975.0000 1953.1436 3.9317 35.0213
1977.0000 1955.1122 3.9283 35.0211
1979.0000 1957.0811 3.9154 35.0200
1981.0000 1959.0497 3.9083 35.0199
1983.0000 1961.0181 3.9067 35.0199
1985.0000 1962.9869 3.9066 35.0199
1987.0000 1964.9556 3.9062 35.0198
1989.0000 1966.9242 3.9052 35.0199
1991.0000 1968.8926 3.9033 35.0197
1993.0000 1970.8612 3.9003 35.0196
1995.0000 1972.8298 3.8985 35.0194
1997.0000 1974.7983 3.8961 35.0193
1999.0000 1976.7667 3.8937 35.0191
2001.0000 1978.7354 3.8915 35.0190
2003.0000 1980.7037 3.8887 35.0189
2005.0000 1982.6720 3.8854 35.0186
2007.0000 1984.6406 3.8824 35.0184
2009.0000 1986.6088 3.8806 35.0183
2011.0000 1988.5773 3.8784 35.0182
2013.0000 1990.5457 3.8738 35.0178
2015.0000 1992.5140 3.8643 35.0173
2017.0000 1994.4823 3.8587 35.0169
2019.0000 1996.4507 3.8550 35.0169
2021.0000 1998.4191 3.8450 35.0162
2023.0000 2000.3873 3.8418 35.0160
2025.0000 2002.3556 3.8372 35.0157
2027.0000 2004.3237 3.8322 35.0154
2029.0000 2006.2920 3.8197 35.0147
2031.0000 2008.2601 3.8178 35.0147
2033.0000 2010.2284 3.8157 35.0146
2035.0000 2012.1965 3.8124 35.0144
2037.0000 2014.1648 3.8116 35.0143
2039.0000 2016.1328 3.8095 35.0143
2041.0000 2018.1008 3.8075 35.0141
2043.0000 2020.0690 3.8051 35.0140
2045.0000 2022.0370 3.8044 35.0140
2047.0000 2024.0050 3.8044 35.0140
2049.0000 2025.9733 3.7999 35.0137
2051.0000 2027.9414 3.7932 35.0132
2053.0000 2029.9092 3.7923 35.0132
2055.0000 2031.8772 3.7905 35.0130
2057.0000 2033.8452 3.7873 35.0129
2059.0000 2035.8130 3.7817 35.0124
2061.0000 2037.7810 3.7779 35.0124
2063.0000 2039.7490 3.7743 35.0120
2065.0000 2041.7168 3.7724 35.0119
2067.0000 2043.6846 3.7702 35.0118
2069.0000 2045.6526 3.7693 35.0118
2071.0000 2047.6206 3.7674 35.0117
2073.0000 2049.5881 3.7622 35.0113
2075.0000 2051.5559 3.7577 35.0110
2077.0000 2053.5239 3.7550 35.0110
2079.0000 2055.4915 3.7537 35.0109
2081.0000 2057.4595 3.7524 35.0108
2083.0000 2059.4272 3.7502 35.0108
2085.0000 2061.3950 3.7498 35.0107
2087.0000 2063.3625 3.7499 35.0108
2089.0000 2065.3301 3.7497 35.0107
2091.0000 2067.2979 3.7473 35.0105
2093.0000 2069.2654 3.7405 35.0101
2095.0000 2071.2332 3.7347 35.0099
2097.0000 2073.2007 3.7332 35.0098
2099.0000 2075.1685 3.7309 35.0098
2101.0000 2077.1357 3.7287 35.0097
2103.0000 2079.1035 3.7300 35.0096
2105.0000 2081.0710 3.7208 35.0093
2107.0000 2083.0383 3.7166 35.0093
2109.0000 2085.0059 3.7149 35.0092
2111.0000 2086.9734 3.7069 35.0084
2113.0000 2088.9409 3.7041 35.0083
2115.0000 2090.9082 3.7013 35.0081
2117.0000 2092.8757 3.7004 35.0080
2119.0000 2094.8433 3.6938 35.0074
2121.0000 2096.8103 3.6902 35.0072
2123.0000 2098.7778 3.6893 35.0071
2125.0000 2100.7454 3.6874 35.0069
2127.0000 2102.7124 3.6815 35.0064
2129.0000 2104.6802 3.6801 35.0063
2131.0000 2106.6472 3.6771 35.0061
2133.0000 2108.6145 3.6736 35.0059
2135.0000 2110.5818 3.6758 35.0059
2137.0000 2112.5491 3.6731 35.0060
2139.0000 2114.5161 3.6710 35.0058
2141.0000 2116.4832 3.6714 35.0056
2143.0000 2118.4507 3.6680 35.0055
2145.0000 2120.4177 3.6653 35.0053
2147.0000 2122.3853 3.6643 35.0053
2149.0000 2124.3518 3.6638 35.0052
2151.0000 2126.3191 3.6614 35.0050
2153.0000 2128.2864 3.6623 35.0052
2155.0000 2130.2534 3.6646 35.0053
2157.0000 2132.2205 3.6605 35.0048
2159.0000 2134.1875 3.6506 35.0044
2161.0000 2136.1545 3.6444 35.0041
2163.0000 2138.1213 3.6368 35.0035
2165.0000 2140.0886 3.6233 35.0027
2167.0000 2142.0557 3.6207 35.0029
2169.0000 2144.0222 3.6179 35.0029
2171.0000 2145.9893 3.6161 35.0027
2173.0000 2147.9563 3.6150 35.0030
2175.0000 2149.9233 3.6083 35.0025
2177.0000 2151.8901 3.6008 35.0022
2179.0000 2153.8569 3.5975 35.0018
2181.0000 2155.8237 3.5956 35.0016
2183.0000 2157.7905 3.5951 35.0016
2185.0000 2159.7576 3.5909 35.0011
2187.0000 2161.7241 3.5879 35.0010
2189.0000 2163.6909 3.5876 35.0009
2191.0000 2165.6575 3.5868 35.0008
2193.0000 2167.6245 3.5836 35.0006
2195.0000 2169.5911 3.5760 35.0004
2197.0000 2171.5576 3.5753 35.0003
2199.0000 2173.5247 3.5711 34.9998
2201.0000 2175.4915 3.5675 34.9994
2203.0000 2177.4578 3.5597 34.9987
2205.0000 2179.4246 3.5566 34.9984
2207.0000 2181.3911 3.5549 34.9983
2209.0000 2183.3577 3.5545 34.9984
2211.0000 2185.3242 3.5536 34.9983
2213.0000 2187.2908 3.5506 34.9979
2215.0000 2189.2573 3.5423 34.9973
2217.0000 2191.2236 3.5315 34.9970
2219.0000 2193.1902 3.5311 34.9970
2221.0000 2195.1570 3.5282 34.9971
2223.0000 2197.1235 3.5274 34.9971
2225.0000 2199.0898 3.5261 34.9971
2227.0000 2201.0564 3.5260 34.9971
2229.0000 2203.0225 3.5259 34.9972
2231.0000 2204.9888 3.5253 34.9973
2233.0000 2206.9553 3.5249 34.9972
2235.0000 2208.9216 3.5201 34.9969
2237.0000 2210.8882 3.5166 34.9966
2239.0000 2212.8542 3.5104 34.9962
2241.0000 2214.8208 3.4983 34.9951
2243.0000 2216.7871 3.4925 34.9946
2245.0000 2218.7532 3.4885 34.9942
2247.0000 2220.7195 3.4859 34.9941
2249.0000 2222.6858 3.4846 34.9940
2251.0000 2224.6521 3.4816 34.9937
2253.0000 2226.6182 3.4798 34.9936
2255.0000 2228.5842 3.4781 34.9934
2257.0000 2230.5505 3.4694 34.9926
2259.0000 2232.5164 3.4649 34.9926
2261.0000 2234.4827 3.4619 34.9925
2263.0000 2236.4487 3.4606 34.9925
2265.0000 2238.4146 3.4594 34.9924
2267.0000 2240.3809 3.4592 34.9925
2269.0000 2242.3472 3.4593 34.9925
2271.0000 2244.3132 3.4567 34.9923
2273.0000 2246.2791 3.4545 34.9922
2275.0000 2248.2449 3.4534 34.9921
2277.0000 2250.2112 3.4539 34.9921
2279.0000 2252.1770 3.4533 34.9920
2281.0000 2254.1426 3.4508 34.9917
2283.0000 2256.1089 3.4460 34.9914
2285.0000 2258.0747 3.4304 34.9900
2287.0000 2260.0405 3.4258 34.9899
2289.0000 2262.0066 3.4238 34.9897
2291.0000 2263.9724 3.4133 34.9888
2293.0000 2265.9380 3.4103 34.9887
2295.0000 2267.9041 3.4103 34.9887
2297.0000 2269.8699 3.4110 34.9887
2299.0000 2271.8357 3.4085 34.9886
2301.0000 2273.8013 3.4083 34.9886
2303.0000 2275.7673 3.4066 34.9885
2305.0000 2277.7329 3.4049 34.9883
2307.0000 2279.6982 3.4021 34.9880
2309.0000 2281.6641 3.4000 34.9879
2311.0000 2283.6299 3.3983 34.9878
2313.0000 2285.5955 3.3972 34.9876
2315.0000 2287.5610 3.3949 34.9876
2317.0000 2289.5266 3.3880 34.9867
2319.0000 2291.4924 3.3836 34.9865
2321.0000 2293.4578 3.3821 34.9863
2323.0000 2295.4236 3.3770 34.9860
2325.0000 2297.3889 3.3748 34.9857
2327.0000 2299.3545 3.3723 34.9857
2329.0000 2301.3201 3.3718 34.9856
2331.0000 2303.2856 3.3703 34.9856
2333.0000 2305.2512 3.3672 34.9852
2335.0000 2307.2166 3.3631 34.9848
2337.0000 2309.1819 3.3476 34.9834
2339.0000 2311.1475 3.3400 34.9833
2341.0000 2313.1128 3.3376 34.9830
2343.0000 2315.0781 3.3356 34.9829
2345.0000 2317.0435 3.3355 34.9829
2347.0000 2319.0088 3.3354 34.9829
2349.0000 2320.9741 3.3357 34.9830
2351.0000 2322.9392 3.3361 34.9830
2353.0000 2324.9048 3.3360 34.9829
2355.0000 2326.8699 3.3326 34.9826
2357.0000 2328.8352 3.3299 34.9825
2359.0000 2330.8003 3.3262 34.9821
2361.0000 2332.7656 3.3223 34.9817
2363.0000 2334.7307 3.3146 34.9812
2365.0000 2336.6960 3.3153 34.9813
2367.0000 2338.6614 3.3100 34.9806
2369.0000 2340.6262 3.3025 34.9803
2371.0000 2342.5913 3.3009 34.9802
2373.0000 2344.5566 3.2997 34.9800
2375.0000 2346.5217 3.2977 34.9800
2377.0000 2348.4868 3.2969 34.9799
2379.0000 2350.4519 3.2966 34.9799
2381.0000 2352.4170 3.2962 34.9798
2383.0000 2354.3818 3.2955 34.9798
2385.0000 2356.3469 3.2956 34.9799
2387.0000 2358.3120 3.2956 34.9798
2389.0000 2360.2769 3.2953 34.9797
2391.0000 2362.2419 3.2942 34.9797
2393.0000 2364.2068 3.2946 34.9797
2395.0000 2366.1719 3.2947 34.9797
2397.0000 2368.1365 3.2947 34.9797
2399.0000 2370.1016 3.2945 34.9796
2401.0000 2372.0664 3.2926 34.9795
2403.0000 2374.0310 3.2907 34.9794
2405.0000 2375.9958 3.2889 34.9791
2407.0000 2377.9607 3.2858 34.9788
2409.0000 2379.9255 3.2770 34.9780
2411.0000 2381.8901 3.2696 34.9777
2413.0000 2383.8550 3.2689 34.9777
2415.0000 2385.8198 3.2703 34.9777
2417.0000 2387.7844 3.2678 34.9772
2419.0000 2389.7495 3.2620 34.9770
2421.0000 2391.7141 3.2603 34.9770
2423.0000 2393.6787 3.2575 34.9767
2425.0000 2395.6433 3.2561 34.9767
2427.0000 2397.6079 3.2546 34.9765
2429.0000 2399.5728 3.2526 34.9764
2431.0000 2401.5371 3.2464 34.9759
2433.0000 2403.5017 3.2428 34.9757
2435.0000 2405.4663 3.2426 34.9757
2437.0000 2407.4309 3.2389 34.9750
2439.0000 2409.3953 3.2228 34.9741
2441.0000 2411.3596 3.2197 34.9738
2443.0000 2413.3245 3.2176 34.9737
2445.0000 2415.2886 3.2149 34.9734
2447.0000 2417.2529 3.2124 34.9733
2449.0000 2419.2178 3.2096 34.9730
2451.0000 2421.1819 3.2088 34.9730
2453.0000 2423.1462 3.2044 34.9726
2455.0000 2425.1108 3.2041 34.9726
2457.0000 2427.0754 3.2027 34.9725
2459.0000 2429.0393 3.1998 34.9723
2461.0000 2431.0039 3.1999 34.9723
2463.0000 2432.9683 3.2002 34.9723
2465.0000 2434.9324 3.1992 34.9722
2467.0000 2436.8965 3.1984 34.9722
2469.0000 2438.8611 3.1986 34.9722
2471.0000 2440.8252 3.1988 34.9722
2473.0000 2442.7893 3.1991 34.9723
2475.0000 2444.7534 3.1994 34.9722
2477.0000 2446.7178 3.1993 34.9721
2479.0000 2448.6816 3.1965 34.9718
2481.0000 2450.6460 3.1951 34.9718
2483.0000 2452.6104 3.1952 34.9717
2485.0000 2454.5745 3.1951 34.9717
2487.0000 2456.5383 3.1943 34.9717
2489.0000 2458.5024 3.1929 34.9715
2491.0000 2460.4666 3.1928 34.9715
2493.0000 2462.4304 3.1928 34.9715
2495.0000 2464.3945 3.1922 34.9713
2497.0000 2466.3584 3.1924 34.9713
2499.0000 2468.3225 3.1898 34.9712
2501.0000 2470.2864 3.1860 34.9707
2503.0000 2472.2505 3.1773 34.9699
2505.0000 2474.2146 3.1702 34.9694
2507.0000 2476.1782 3.1692 34.9694
2509.0000 2478.1421 3.1674 34.9693
2511.0000 2480.1060 3.1640 34.9690
2513.0000 2482.0701 3.1609 34.9687
2515.0000 2484.0337 3.1522 34.9681
2517.0000 2485.9973 3.1452 34.9676
2519.0000 2487.9612 3.1395 34.9671
2521.0000 2489.9250 3.1390 34.9672
2523.0000 2491.8889 3.1386 34.9672
2525.0000 2493.8525 3.1384 34.9670
2527.0000 2495.8162 3.1383 34.9672
2529.0000 2497.7800 3.1384 34.9672
2531.0000 2499.7437 3.1384 34.9672
2533.0000 2501.7075 3.1372 34.9670
2535.0000 2503.6711 3.1338 34.9666
2537.0000 2505.6348 3.1260 34.9661
2539.0000 2507.5984 3.1220 34.9658
2541.0000 2509.5618 3.1152 34.9650
2543.0000 2511.5254 3.1032 34.9643
2545.0000 2513.4890 3.0989 34.9641
2547.0000 2515.4526 3.0973 34.9640
2549.0000 2517.4163 3.0959 34.9639
2551.0000 2519.3799 3.0951 34.9638
2553.0000 2521.3433 3.0926 34.9636
2555.0000 2523.3066 3.0913 34.9636
2557.0000 2525.2700 3.0911 34.9635
2559.0000 2527.2334 3.0919 34.9634
2561.0000 2529.1970 3.0859 34.9631
2563.0000 2531.1604 3.0838 34.9630
2565.0000 2533.1238 3.0815 34.9627
2567.0000 2535.0872 3.0800 34.9626
2569.0000 2537.0503 3.0766 34.9623
2571.0000 2539.0137 3.0733 34.9622
2573.0000 2540.9771 3.0715 34.9619
2575.0000 2542.9407 3.0696 34.9619
2577.0000 2544.9036 3.0669 34.9616
2579.0000 2546.8669 3.0620 34.9612
2581.0000 2548.8303 3.0587 34.9609
2583.0000 2550.7932 3.0563 34.9608
2585.0000 2552.7568 3.0546 34.9605
2587.0000 2554.7200 3.0498 34.9602
2589.0000 2556.6829 3.0496 34.9603
2591.0000 2558.6460 3.0498 34.9601
2593.0000 2560.6094 3.0450 34.9598
2595.0000 2562.5725 3.0438 34.9597
2597.0000 2564.5356 3.0403 34.9595
2599.0000 2566.4985 3.0369 34.9592
2601.0000 2568.4619 3.0349 34.9590
2603.0000 2570.4246 3.0338 34.9590
2605.0000 2572.3875 3.0332 34.9589
2607.0000 2574.3508 3.0330 34.9590
2609.0000 2576.3140 3.0320 34.9588
2611.0000 2578.2766 3.0303 34.9588
2613.0000 2580.2395 3.0294 34.9585
2615.0000 2582.2029 3.0259 34.9585
2617.0000 2584.1655 3.0263 34.9585
2619.0000 2586.1284 3.0265 34.9583
2621.0000 2588.0913 3.0255 34.9583
2623.0000 2590.0542 3.0257 34.9582
2625.0000 2592.0171 3.0243 34.9583
2627.0000 2593.9800 3.0238 34.9582
2629.0000 2595.9429 3.0200 34.9577
2631.0000 2597.9055 3.0158 34.9576
2633.0000 2599.8682 3.0134 34.9572
2635.0000 2601.8313 3.0052 34.9562
2637.0000 2603.7939 2.9929 34.9555
2639.0000 2605.7566 2.9857 34.9550
2641.0000 2607.7190 2.9805 34.9546
2643.0000 2609.6821 2.9798 34.9547
2645.0000 2611.6445 2.9796 34.9547
2647.0000 2613.6074 2.9785 34.9546
2649.0000 2615.5698 2.9744 34.9543
2651.0000 2617.5327 2.9765 34.9544
2653.0000 2619.4951 2.9702 34.9538
2655.0000 2621.4578 2.9675 34.9537
2657.0000 2623.4204 2.9671 34.9537
2659.0000 2625.3828 2.9666 34.9536
2661.0000 2627.3455 2.9664 34.9535
2663.0000 2629.3079 2.9651 34.9535
2665.0000 2631.2703 2.9618 34.9532
2667.0000 2633.2329 2.9600 34.9533
2669.0000 2635.1953 2.9594 34.9531
2671.0000 2637.1577 2.9572 34.9529
2673.0000 2639.1201 2.9552 34.9527
2675.0000 2641.0825 2.9537 34.9526
2677.0000 2643.0452 2.9522 34.9524
2679.0000 2645.0073 2.9516 34.9524
2681.0000 2646.9697 2.9504 34.9524
2683.0000 2648.9321 2.9502 34.9523
2685.0000 2650.8945 2.9485 34.9522
2687.0000 2652.8564 2.9470 34.9520
2689.0000 2654.8191 2.9443 34.9518
2691.0000 2656.7812 2.9425 34.9516
2693.0000 2658.7432 2.9423 34.9516
2695.0000 2660.7056 2.9411 34.9516
2697.0000 2662.6680 2.9384 34.9513
2699.0000 2664.6304 2.9315 34.9506
2701.0000 2666.5923 2.9272 34.9504
2703.0000 2668.5544 2.9266 34.9503
2705.0000 2670.5166 2.9266 34.9504
2707.0000 2672.4785 2.9261 34.9502
2709.0000 2674.4407 2.9234 34.9501
2711.0000 2676.4031 2.9227 34.9500
2713.0000 2678.3647 2.9223 34.9500
2715.0000 2680.3269 2.9218 34.9499
2717.0000 2682.2893 2.9199 34.9497
2719.0000 2684.2512 2.9157 34.9494
2721.0000 2686.2129 2.9101 34.9489
2723.0000 2688.1748 2.9077 34.9488
2725.0000 2690.1372 2.9068 34.9487
2727.0000 2692.0989 2.9043 34.9484
2729.0000 2694.0608 2.8983 34.9481
2731.0000 2696.0229 2.8978 34.9480
2733.0000 2697.9849 2.8967 34.9478
2735.0000 2699.9463 2.8928 34.9475
2737.0000 2701.9084 2.8869 34.9472
2739.0000 2703.8704 2.8890 34.9471
2741.0000 2705.8318 2.8865 34.9470
2743.0000 2707.7939 2.8848 34.9469
2745.0000 2709.7556 2.8829 34.9467
2747.0000 2711.7175 2.8770 34.9462
2749.0000 2713.6792 2.8763 34.9462
2751.0000 2715.6409 2.8745 34.9459
2753.0000 2717.6025 2.8708 34.9459
2755.0000 2719.5642 2.8693 34.9457
2757.0000 2721.5259 2.8687 34.9456
2759.0000 2723.4875 2.8689 34.9455
2761.0000 2725.4495 2.8654 34.9453
2763.0000 2727.4109 2.8618 34.9450
2765.0000 2729.3723 2.8597 34.9449
2767.0000 2731.3342 2.8588 34.9449
2769.0000 2733.2957 2.8584 34.9447
2771.0000 2735.2571 2.8580 34.9447
2773.0000 2737.2188 2.8576 34.9447
2775.0000 2739.1802 2.8575 34.9447
2777.0000 2741.1416 2.8577 34.9446
2779.0000 2743.1033 2.8575 34.9447
2781.0000 2745.0647 2.8575 34.9447
2783.0000 2747.0259 2.8576 34.9447
2785.0000 2748.9875 2.8574 34.9446
2787.0000 2750.9490 2.8567 34.9445
2789.0000 2752.9104 2.8548 34.9444
2791.0000 2754.8716 2.8542 34.9443
2793.0000 2756.8330 2.8543 34.9443
2795.0000 2758.7944 2.8542 34.9443
2797.0000 2760.7556 2.8541 34.9443
2799.0000 2762.7168 2.8542 34.9443
2801.0000 2764.6785 2.8528 34.9439
2803.0000 2766.6394 2.8486 34.9437
2805.0000 2768.6008 2.8345 34.9423
2807.0000 2770.5620 2.8319 34.9423
2809.0000 2772.5234 2.8307 34.9421
2811.0000 2774.4844 2.8293 34.9421
2813.0000 2776.4456 2.8269 34.9419
2815.0000 2778.4067 2.8258 34.9417
2817.0000 2780.3679 2.8253 34.9418
2819.0000 2782.3289 2.8249 34.9418
2821.0000 2784.2903 2.8247 34.9417
2823.0000 2786.2512 2.8243 34.9417
2825.0000 2788.2122 2.8245 34.9417
2827.0000 2790.1733 2.8245 34.9417
2829.0000 2792.1343 2.8233 34.9415
2831.0000 2794.0955 2.8219 34.9415
2833.0000 2796.0564 2.8215 34.9414
2835.0000 2798.0173 2.8207 34.9413
2837.0000 2799.9785 2.8190 34.9412
2839.0000 2801.9392 2.8183 34.9410
2841.0000 2803.9004 2.8172 34.9409
2843.0000 2805.8613 2.8161 34.9408
2845.0000 2807.8220 2.8143 34.9407
2847.0000 2809.7830 2.8139 34.9407
2849.0000 2811.7437 2.8155 34.9408
2851.0000 2813.7046 2.8159 34.9409
2853.0000 2815.6653 2.8156 34.9407
2855.0000 2817.6265 2.8151 34.9407
2857.0000 2819.5872 2.8137 34.9405
2859.0000 2821.5476 2.8050 34.9397
2861.0000 2823.5088 2.8024 34.9396
2863.0000 2825.4692 2.8032 34.9398
2865.0000 2827.4299 2.8021 34.9395
2867.0000 2829.3906 2.7999 34.9394
2869.0000 2831.3516 2.7993 34.9393
2871.0000 2833.3123 2.7993 34.9393
2873.0000 2835.2727 2.7992 34.9394
2875.0000 2837.2334 2.7998 34.9393
2877.0000 2839.1941 2.7986 34.9393
2879.0000 2841.1543 2.7979 34.9391
2881.0000 2843.1150 2.7970 34.9389
2883.0000 2845.0757 2.7963 34.9390
2885.0000 2847.0361 2.7963 34.9391
2887.0000 2848.9968 2.7965 34.9391
2889.0000 2850.9573 2.7960 34.9389
2891.0000 2852.9180 2.7964 34.9388
2893.0000 2854.8779 2.7858 34.9376
2895.0000 2856.8384 2.7813 34.9376
2897.0000 2858.7991 2.7810 34.9375
2899.0000 2860.7595 2.7802 34.9375
2901.0000 2862.7197 2.7793 34.9375
2903.0000 2864.6802 2.7784 34.9374
2905.0000 2866.6406 2.7775 34.9373
2907.0000 2868.6008 2.7766 34.9372
2909.0000 2870.5613 2.7764 34.9372
2911.0000 2872.5217 2.7747 34.9370
2913.0000 2874.4819 2.7712 34.9368
2915.0000 2876.4421 2.7692 34.9365
2917.0000 2878.4026 2.7675 34.9363
2919.0000 2880.3625 2.7662 34.9363
2921.0000 2882.3228 2.7641 34.9360
2923.0000 2884.2832 2.7610 34.9356
2925.0000 2886.2437 2.7514 34.9348
2927.0000 2888.2034 2.7478 34.9346
2929.0000 2890.1636 2.7465 34.9345
2931.0000 2892.1235 2.7467 34.9346
2933.0000 2894.0842 2.7454 34.9343
2935.0000 2896.0439 2.7445 34.9344
2937.0000 2898.0042 2.7442 34.9343
2939.0000 2899.9641 2.7412 34.9339
2941.0000 2901.9241 2.7364 34.9336
2943.0000 2903.8840 2.7314 34.9332
2945.0000 2905.8442 2.7304 34.9331
2947.0000 2907.8042 2.7299 34.9330
2949.0000 2909.7642 2.7274 34.9327
2951.0000 2911.7239 2.7228 34.9325
2953.0000 2913.6843 2.7225 34.9324
2955.0000 2915.6438 2.7217 34.9323
2957.0000 2917.6038 2.7207 34.9323
2959.0000 2919.5637 2.7199 34.9323
2961.0000 2921.5237 2.7194 34.9321
2963.0000 2923.4834 2.7179 34.9320
2965.0000 2925.4434 2.7165 34.9318
2967.0000 2927.4031 2.7127 34.9315
2969.0000 2929.3628 2.7111 34.9313
2971.0000 2931.3225 2.7096 34.9312
2973.0000 2933.2825 2.7088 34.9310
2975.0000 2935.2419 2.7059 34.9309
2977.0000 2937.2019 2.7053 34.9307
2979.0000 2939.1614 2.7028 34.9306
2981.0000 2941.1213 2.7021 34.9306
2983.0000 2943.0806 2.7012 34.9304
2985.0000 2945.0405 2.7012 34.9304
2987.0000 2947.0002 2.7006 34.9304
2989.0000 2948.9597 2.6993 34.9302
2991.0000 2950.9194 2.6970 34.9300
2993.0000 2952.8789 2.6961 34.9299
2995.0000 2954.8389 2.6945 34.9297
2997.0000 2956.7979 2.6921 34.9295
2999.0000 2958.7578 2.6903 34.9295
3001.0000 2960.7173 2.6892 34.9293
3003.0000 2962.6765 2.6886 34.9292
3005.0000 2964.6360 2.6884 34.9291
3007.0000 2966.5957 2.6873 34.9291
3009.0000 2968.5552 2.6868 34.9290
3011.0000 2970.5144 2.6864 34.9291
3013.0000 2972.4741 2.6864 34.9290
3015.0000 2974.4333 2.6869 34.9289
3017.0000 2976.3926 2.6857 34.9288
3019.0000 2978.3518 2.6835 34.9286
3021.0000 2980.3115 2.6832 34.9286
3023.0000 2982.2710 2.6775 34.9281
3025.0000 2984.2297 2.6744 34.9277
3027.0000 2986.1892 2.6746 34.9277
3029.0000 2988.1484 2.6688 34.9271
3031.0000 2990.1077 2.6640 34.9269
3033.0000 2992.0669 2.6640 34.9269
3035.0000 2994.0261 2.6671 34.9271
3037.0000 2995.9854 2.6634 34.9268
3039.0000 2997.9443 2.6629 34.9267
3041.0000 2999.9038 2.6630 34.9269
3043.0000 3001.8628 2.6630 34.9268
3045.0000 3003.8220 2.6634 34.9268
3047.0000 3005.7812 2.6640 34.9269
3049.0000 3007.7402 2.6644 34.9268
3051.0000 3009.6990 2.6648 34.9269
3053.0000 3011.6582 2.6655 34.9270
3055.0000 3013.6172 2.6649 34.9268
3057.0000 3015.5764 2.6647 34.9267
3059.0000 3017.5352 2.6650 34.9268
3061.0000 3019.4944 2.6659 34.9270
3063.0000 3021.4534 2.6669 34.9269
3065.0000 3023.4121 2.6648 34.9267
3067.0000 3025.3711 2.6650 34.9268
3069.0000 3027.3301 2.6659 34.9268
3071.0000 3029.2893 2.6664 34.9267
3073.0000 3031.2478 2.6663 34.9268
3075.0000 3033.2068 2.6668 34.9268
3077.0000 3035.1658 2.6665 34.9266
3079.0000 3037.1243 2.6666 34.9268
3081.0000 3039.0833 2.6671 34.9267
3083.0000 3041.0422 2.6671 34.9267
3085.0000 3043.0007 2.6672 34.9267
3087.0000 3044.9595 2.6670 34.9267
3089.0000 3046.9182 2.6663 34.9267
3091.0000 3048.8772 2.6671 34.9266
3093.0000 3050.8357 2.6668 34.9266
3095.0000 3052.7942 2.6672 34.9266
3097.0000 3054.7529 2.6660 34.9266
3099.0000 3056.7119 2.6649 34.9263
3101.0000 3058.6702 2.6593 34.9256
3103.0000 3060.6289 2.6564 34.9254
3105.0000 3062.5876 2.6542 34.9253
3107.0000 3064.5459 2.6550 34.9253
3109.0000 3066.5046 2.6476 34.9246
3111.0000 3068.4634 2.6473 34.9246
3113.0000 3070.4214 2.6471 34.9246
3115.0000 3072.3804 2.6462 34.9245
3117.0000 3074.3386 2.6455 34.9243
3119.0000 3076.2971 2.6445 34.9243
3121.0000 3078.2556 2.6443 34.9243
3123.0000 3080.2139 2.6443 34.9243
3125.0000 3082.1724 2.6433 34.9243
3127.0000 3084.1309 2.6429 34.9242
3129.0000 3086.0891 2.6429 34.9242
3131.0000 3088.0476 2.6433 34.9241
3133.0000 3090.0061 2.6433 34.9241
3135.0000 3091.9641 2.6427 34.9241
3137.0000 3093.9226 2.6423 34.9240
3139.0000 3095.8809 2.6426 34.9239
3141.0000 3097.8394 2.6421 34.9240
3143.0000 3099.7974 2.6421 34.9239
3145.0000 3101.7559 2.6420 34.9238
3147.0000 3103.7141 2.6406 34.9237
3149.0000 3105.6721 2.6415 34.9236
3151.0000 3107.6304 2.6398 34.9236
3153.0000 3109.5889 2.6394 34.9236
3155.0000 3111.5464 2.6393 34.9235
3157.0000 3113.5049 2.6395 34.9236
3159.0000 3115.4629 2.6391 34.9234
3161.0000 3117.4209 2.6374 34.9232
3163.0000 3119.3792 2.6359 34.9231
3165.0000 3121.3372 2.6354 34.9230
3167.0000 3123.2952 2.6354 34.9231
3169.0000 3125.2529 2.6346 34.9230
3171.0000 3127.2112 2.6344 34.9230
3173.0000 3129.1694 2.6315 34.9227
3175.0000 3131.1270 2.6294 34.9224
3177.0000 3133.0852 2.6287 34.9224
3179.0000 3135.0432 2.6286 34.9224
3181.0000 3137.0010 2.6281 34.9224
3183.0000 3138.9587 2.6284 34.9223
3185.0000 3140.9170 2.6290 34.9225
3187.0000 3142.8750 2.6275 34.9222
3189.0000 3144.8323 2.6271 34.9222
3191.0000 3146.7903 2.6273 34.9222
3193.0000 3148.7483 2.6277 34.9223
3195.0000 3150.7061 2.6279 34.9223
3197.0000 3152.6638 2.6282 34.9223
3199.0000 3154.6216 2.6283 34.9223
3201.0000 3156.5796 2.6284 34.9222
3203.0000 3158.5369 2.6285 34.9222
3205.0000 3160.4949 2.6289 34.9222
3207.0000 3162.4526 2.6291 34.9223
3209.0000 3164.4106 2.6289 34.9222
3211.0000 3166.3677 2.6288 34.9222
3213.0000 3168.3254 2.6286 34.9221
3215.0000 3170.2832 2.6273 34.9218
3217.0000 3172.2407 2.6243 34.9218
3219.0000 3174.1982 2.6233 34.9217
3221.0000 3176.1560 2.6226 34.9216
3223.0000 3178.1138 2.6226 34.9216
3225.0000 3180.0710 2.6223 34.9216
3227.0000 3182.0283 2.6224 34.9216
3229.0000 3183.9861 2.6220 34.9216
3231.0000 3185.9436 2.6218 34.9215
3233.0000 3187.9011 2.6215 34.9215
3235.0000 3189.8584 2.6211 34.9215
3237.0000 3191.8157 2.6212 34.9214
3239.0000 3193.7732 2.6212 34.9214
3241.0000 3195.7307 2.6198 34.9212
3243.0000 3197.6880 2.6195 34.9212
3245.0000 3199.6453 2.6193 34.9212
3247.0000 3201.6028 2.6194 34.9211
3249.0000 3203.5603 2.6201 34.9212
3251.0000 3205.5171 2.6207 34.9212
3253.0000 3207.4746 2.6201 34.9212
3255.0000 3209.4321 2.6203 34.9212
3257.0000 3211.3894 2.6198 34.9211
3259.0000 3213.3464 2.6199 34.9211
3261.0000 3215.3035 2.6198 34.9211
3263.0000 3217.2610 2.6196 34.9210
3265.0000 3219.2178 2.6196 34.9210
3267.0000 3221.1753 2.6187 34.9209
3269.0000 3223.1326 2.6182 34.9208
3271.0000 3225.0896 2.6185 34.9208
3273.0000 3227.0464 2.6183 34.9209
3275.0000 3229.0039 2.6183 34.9208
3277.0000 3230.9609 2.6182 34.9207
3279.0000 3232.9180 2.6181 34.9207
3281.0000 3234.8750 2.6174 34.9207
3283.0000 3236.8320 2.6173 34.9206
3285.0000 3238.7891 2.6165 34.9205
3287.0000 3240.7458 2.6162 34.9204
3289.0000 3242.7031 2.6149 34.9202
3291.0000 3244.6599 2.6148 34.9201
3293.0000 3246.6167 2.6152 34.9202
3295.0000 3248.5737 2.6153 34.9203
3297.0000 3250.5308 2.6143 34.9200
3299.0000 3252.4875 2.6138 34.9199
3301.0000 3254.4443 2.6137 34.9200
3303.0000 3256.4014 2.6138 34.9201
3305.0000 3258.3584 2.6133 34.9197
3307.0000 3260.3149 2.6123 34.9197
3309.0000 3262.2720 2.6121 34.9197
3311.0000 3264.2288 2.6122 34.9197
3313.0000 3266.1853 2.6120 34.9196
3315.0000 3268.1418 2.6123 34.9196
3317.0000 3270.0989 2.6123 34.9196
3319.0000 3272.0557 2.6119 34.9195
3321.0000 3274.0122 2.6116 34.9195
3323.0000 3275.9690 2.6109 34.9195
3325.0000 3277.9255 2.6107 34.9195
3327.0000 3279.8821 2.6108 34.9195
3329.0000 3281.8389 2.6112 34.9196
3331.0000 3283.7957 2.6112 34.9196
3333.0000 3285.7522 2.6108 34.9195
3335.0000 3287.7087 2.6100 34.9194
3337.0000 3289.6650 2.6093 34.9195
3339.0000 3291.6218 2.6093 34.9195
3341.0000 3293.5781 2.6095 34.9194
3343.0000 3295.5347 2.6093 34.9194
3345.0000 3297.4915 2.6094 34.9194
3347.0000 3299.4480 2.6094 34.9194
3349.0000 3301.4043 2.6093 34.9195
3351.0000 3303.3606 2.6067 34.9191
3353.0000 3305.3171 2.6025 34.9187
3355.0000 3307.2732 2.6026 34.9187
3357.0000 3309.2297 2.6029 34.9188
3359.0000 3311.1863 2.6029 34.9187
3361.0000 3313.1428 2.6035 34.9189
3363.0000 3315.0989 2.6040 34.9189
3365.0000 3317.0554 2.6039 34.9188
3367.0000 3319.0115 2.6031 34.9187
3369.0000 3320.9675 2.6030 34.9188
3371.0000 3322.9241 2.6032 34.9188
3373.0000 3324.8804 2.6034 34.9187
3375.0000 3326.8364 2.6033 34.9187
3377.0000 3328.7927 2.6033 34.9187
3379.0000 3330.7490 2.6031 34.9187
3381.0000 3332.7053 2.6024 34.9185
3383.0000 3334.6611 2.6020 34.9185
3385.0000 3336.6174 2.6020 34.9184
3387.0000 3338.5735 2.6011 34.9184
3389.0000 3340.5293 2.6011 34.9184
3391.0000 3342.4856 2.6008 34.9182
3393.0000 3344.4417 2.6009 34.9183
3395.0000 3346.3979 2.6011 34.9182
3397.0000 3348.3540 2.6011 34.9182
3399.0000 3350.3098 2.6012 34.9184
3401.0000 3352.2661 2.6013 34.9183
3403.0000 3354.2217 2.6012 34.9183
3405.0000 3356.1775 2.6007 34.9181
3407.0000 3358.1338 2.6002 34.9182
3409.0000 3360.0896 2.6003 34.9182
3411.0000 3362.0452 2.6004 34.9181
3413.0000 3364.0015 2.6007 34.9179
3415.0000 3365.9575 2.6005 34.9180
3417.0000 3367.9128 2.6005 34.9181
3419.0000 3369.8691 2.6013 34.9181
3421.0000 3371.8252 2.6016 34.9180
3423.0000 3373.7810 2.6014 34.9180
3425.0000 3375.7366 2.6019 34.9180
3427.0000 3377.6924 2.6016 34.9181
3429.0000 3379.6479 2.6022 34.9181
3431.0000 3381.6033 2.6011 34.9178
3433.0000 3383.5593 2.6004 34.9177
3435.0000 3385.5151 2.5996 34.9177
3437.0000 3387.4707 2.5993 34.9175
3439.0000 3389.4265 2.5994 34.9175
3441.0000 3391.3821 2.5996 34.9174
3443.0000 3393.3379 2.5996 34.9173
3445.0000 3395.2935 2.5995 34.9175
3447.0000 3397.2488 2.5997 34.9175
3449.0000 3399.2046 2.5994 34.9175
3451.0000 3401.1602 2.5986 34.9173
3453.0000 3403.1157 2.5989 34.9172
3455.0000 3405.0715 2.5977 34.9171
3457.0000 3407.0271 2.5968 34.9170
3459.0000 3408.9822 2.5965 34.9170
3461.0000 3410.9380 2.5955 34.9169
3463.0000 3412.8933 2.5938 34.9167
3465.0000 3414.8486 2.5936 34.9167
3467.0000 3416.8040 2.5936 34.9167
3469.0000 3418.7595 2.5939 34.9167
3471.0000 3420.7148 2.5938 34.9168
3473.0000 3422.6699 2.5935 34.9166
3475.0000 3424.6255 2.5933 34.9166
3477.0000 3426.5808 2.5931 34.9166
3479.0000 3428.5361 2.5932 34.9166
3481.0000 3430.4915 2.5933 34.9166
3483.0000 3432.4470 2.5933 34.9165
3485.0000 3434.4021 2.5935 34.9164
3487.0000 3436.3572 2.5916 34.9164
3489.0000 3438.3125 2.5908 34.9163
3491.0000 3440.2676 2.5905 34.9162
3493.0000 3442.2227 2.5905 34.9162
3495.0000 3444.1782 2.5900 34.9163
3497.0000 3446.1333 2.5896 34.9161
3499.0000 3448.0884 2.5893 34.9160
3501.0000 3450.0432 2.5889 34.9160
3503.0000 3451.9988 2.5880 34.9160
3505.0000 3453.9539 2.5862 34.9160
3507.0000 3455.9084 2.5857 34.9157
3509.0000 3457.8640 2.5844 34.9155
3511.0000 3459.8191 2.5844 34.9156
3513.0000 3461.7737 2.5841 34.9156
3515.0000 3463.7288 2.5837 34.9155
3517.0000 3465.6838 2.5835 34.9155
3519.0000 3467.6387 2.5835 34.9155
3521.0000 3469.5940 2.5836 34.9155
3523.0000 3471.5488 2.5835 34.9154
3525.0000 3473.5034 2.5839 34.9155
3527.0000 3475.4583 2.5841 34.9155
3529.0000 3477.4133 2.5835 34.9154
3531.0000 3479.3684 2.5827 34.9152
3533.0000 3481.3232 2.5825 34.9153
3535.0000 3483.2781 2.5827 34.9152
3537.0000 3485.2327 2.5828 34.9152
3539.0000 3487.1877 2.5829 34.9152
3541.0000 3489.1423 2.5827 34.9152
3543.0000 3491.0969 2.5826 34.9152
3545.0000 3493.0520 2.5828 34.9151
3547.0000 3495.0071 2.5829 34.9150
3549.0000 3496.9612 2.5814 34.9150
3551.0000 3498.9163 2.5810 34.9150
3553.0000 3500.8708 2.5805 34.9149
3555.0000 3502.8252 2.5804 34.9148
3557.0000 3504.7803 2.5800 34.9148
3559.0000 3506.7349 2.5796 34.9148
3561.0000 3508.6892 2.5794 34.9147
3563.0000 3510.6438 2.5789 34.9147
3565.0000 3512.5984 2.5784 34.9146
3567.0000 3514.5530 2.5788 34.9147
3569.0000 3516.5073 2.5787 34.9146
3571.0000 3518.4619 2.5783 34.9145
3573.0000 3520.4165 2.5781 34.9145
3575.0000 3522.3708 2.5774 34.9145
3577.0000 3524.3254 2.5777 34.9145
3579.0000 3526.2800 2.5778 34.9145
3581.0000 3528.2341 2.5776 34.9144
3583.0000 3530.1885 2.5781 34.9143
3585.0000 3532.1431 2.5781 34.9145
3587.0000 3534.0977 2.5777 34.9143
3589.0000 3536.0520 2.5774 34.9143
3591.0000 3538.0061 2.5769 34.9142
3593.0000 3539.9607 2.5771 34.9141
3595.0000 3541.9150 2.5773 34.9142
3597.0000 3543.8691 2.5778 34.9143
3599.0000 3545.8235 2.5785 34.9144
3601.0000 3547.7776 2.5787 34.9143
3603.0000 3549.7319 2.5787 34.9143
3605.0000 3551.6860 2.5790 34.9142
3607.0000 3553.6401 2.5790 34.9142
3609.0000 3555.5945 2.5782 34.9143
3611.0000 3557.5486 2.5771 34.9142
3613.0000 3559.5029 2.5772 34.9142
3615.0000 3561.4570 2.5771 34.9142
3617.0000 3563.4109 2.5785 34.9141
3619.0000 3565.3652 2.5776 34.9139
3621.0000 3567.3193 2.5784 34.9139
3623.0000 3569.2734 2.5774 34.9139
3625.0000 3571.2273 2.5765 34.9139
3627.0000 3573.1816 2.5761 34.9139
3629.0000 3575.1353 2.5760 34.9139
3631.0000 3577.0896 2.5759 34.9139
3633.0000 3579.0435 2.5763 34.9138
3635.0000 3580.9976 2.5768 34.9138
3637.0000 3582.9514 2.5762 34.9138
3639.0000 3584.9053 2.5762 34.9137
3641.0000 3586.8594 2.5757 34.9137
3643.0000 3588.8132 2.5760 34.9136
3645.0000 3590.7666 2.5761 34.9137
3647.0000 3592.7207 2.5763 34.9137
3649.0000 3594.6750 2.5766 34.9137
3651.0000 3596.6284 2.5769 34.9136
3653.0000 3598.5823 2.5771 34.9137
3655.0000 3600.5359 2.5772 34.9138
3657.0000 3602.4902 2.5775 34.9136
3659.0000 3604.4436 2.5773 34.9137
3661.0000 3606.3975 2.5778 34.9136
3663.0000 3608.3511 2.5779 34.9136
3665.0000 3610.3044 2.5776 34.9137
3667.0000 3612.2583 2.5771 34.9136
3669.0000 3614.2122 2.5777 34.9135
3671.0000 3616.1658 2.5782 34.9134
3673.0000 3618.1194 2.5774 34.9134
3675.0000 3620.0730 2.5768 34.9134
3677.0000 3622.0269 2.5761 34.9134
3679.0000 3623.9802 2.5766 34.9133
3681.0000 3625.9336 2.5766 34.9133
3683.0000 3627.8875 2.5764 34.9134
3685.0000 3629.8408 2.5767 34.9132
3687.0000 3631.7942 2.5769 34.9133
3689.0000 3633.7476 2.5773 34.9134
3691.0000 3635.7017 2.5776 34.9134
3693.0000 3637.6548 2.5770 34.9132
3695.0000 3639.6082 2.5769 34.9132
3697.0000 3641.5618 2.5771 34.9132
3699.0000 3643.5149 2.5772 34.9132
3701.0000 3645.4683 2.5776 34.9131
3703.0000 3647.4221 2.5780 34.9131
3705.0000 3649.3755 2.5780 34.9131
3707.0000 3651.3284 2.5776 34.9130
3709.0000 3653.2817 2.5771 34.9132
3711.0000 3655.2351 2.5775 34.9131
3713.0000 3657.1880 2.5770 34.9130
3715.0000 3659.1418 2.5777 34.9130
3717.0000 3661.0952 2.5756 34.9129
3719.0000 3663.0481 2.5758 34.9128
3721.0000 3665.0012 2.5754 34.9128
3723.0000 3666.9546 2.5752 34.9128
3725.0000 3668.9080 2.5751 34.9128
3727.0000 3670.8608 2.5756 34.9128
3729.0000 3672.8142 2.5755 34.9128
3731.0000 3674.7671 2.5759 34.9127
3733.0000 3676.7205 2.5769 34.9127
3735.0000 3678.6736 2.5770 34.9127
3737.0000 3680.6265 2.5770 34.9128
3739.0000 3682.5798 2.5766 34.9128
3741.0000 3684.5325 2.5768 34.9127
3743.0000 3686.4854 2.5768 34.9127
3745.0000 3688.4387 2.5772 34.9126
3747.0000 3690.3921 2.5775 34.9129
3749.0000 3692.3447 2.5779 34.9127
3751.0000 3694.2976 2.5776 34.9128
3753.0000 3696.2505 2.5778 34.9127
3755.0000 3698.2036 2.5780 34.9127
3757.0000 3700.1565 2.5782 34.9128
3759.0000 3702.1094 2.5788 34.9127
3761.0000 3704.0620 2.5793 34.9127
3763.0000 3706.0149 2.5797 34.9127
3765.0000 3707.9678 2.5799 34.9126
3767.0000 3709.9209 2.5801 34.9128
3769.0000 3711.8733 2.5799 34.9128
3771.0000 3713.8259 2.5802 34.9128
3773.0000 3715.7793 2.5803 34.9127
3775.0000 3717.7314 2.5806 34.9127
3777.0000 3719.6843 2.5806 34.9128
3779.0000 3721.6370 2.5807 34.9126
3781.0000 3723.5901 2.5808 34.9127
3783.0000 3725.5425 2.5807 34.9127
3785.0000 3727.4954 2.5801 34.9126
3787.0000 3729.4478 2.5804 34.9126
3789.0000 3731.4004 2.5802 34.9126
3791.0000 3733.3530 2.5795 34.9125
3793.0000 3735.3059 2.5799 34.9124
3795.0000 3737.2583 2.5808 34.9125
3797.0000 3739.2109 2.5810 34.9124
3799.0000 3741.1636 2.5808 34.9124
3801.0000 3743.1160 2.5805 34.9124
3803.0000 3745.0681 2.5807 34.9123
