CTD cast

DATE:  03-Jan-2016 08:25:00
latitude:  24.5005
longitude:  -47.8833
  P (db)  z (m)    T (^oC)  S (psu)
3.0000 2.9808 24.8828 37.5038
5.0000 4.9680 24.8835 37.5038
7.0000 6.9551 24.8836 37.5040
9.0000 8.9422 24.8839 37.5040
11.0000 10.9293 24.8845 37.5042
13.0000 12.9164 24.8854 37.5040
15.0000 14.9035 24.8857 37.5041
17.0000 16.8906 24.8859 37.5041
19.0000 18.8776 24.8857 37.5041
21.0000 20.8646 24.8866 37.5040
23.0000 22.8516 24.8875 37.5041
25.0000 24.8386 24.8882 37.5041
27.0000 26.8255 24.8882 37.5041
29.0000 28.8125 24.8886 37.5041
31.0000 30.7994 24.8886 37.5042
33.0000 32.7863 24.8889 37.5043
35.0000 34.7732 24.8894 37.5043
37.0000 36.7600 24.8896 37.5043
39.0000 38.7469 24.8898 37.5043
41.0000 40.7337 24.8837 37.5066
43.0000 42.7205 24.8712 37.5111
45.0000 44.7073 24.8570 37.5154
47.0000 46.6941 24.8533 37.5166
49.0000 48.6808 24.8544 37.5164
51.0000 50.6675 24.8419 37.5191
53.0000 52.6542 24.8307 37.5212
55.0000 54.6409 24.8263 37.5223
57.0000 56.6276 24.8202 37.5237
59.0000 58.6142 24.8182 37.5242
61.0000 60.6009 24.8172 37.5245
63.0000 62.5875 24.8187 37.5256
65.0000 64.5741 24.8188 37.5254
67.0000 66.5606 24.8148 37.5252
69.0000 68.5472 24.8134 37.5249
71.0000 70.5337 24.8154 37.5257
73.0000 72.5202 24.8170 37.5266
75.0000 74.5067 24.8180 37.5271
77.0000 76.4932 24.8182 37.5272
79.0000 78.4797 24.8157 37.5267
81.0000 80.4661 24.8121 37.5258
83.0000 82.4525 24.8095 37.5253
85.0000 84.4389 24.7980 37.5224
87.0000 86.4253 24.7740 37.5151
89.0000 88.4117 24.5095 37.4473
91.0000 90.3980 24.2084 37.3910
93.0000 92.3843 24.1635 37.3845
95.0000 94.3706 24.1526 37.3846
97.0000 96.3569 23.9650 37.3546
99.0000 98.3432 23.8581 37.3429
101.0000 100.3294 23.6511 37.3317
103.0000 102.3157 23.8037 37.3555
105.0000 104.3018 23.3451 37.3284
107.0000 106.2880 23.3548 37.3430
109.0000 108.2742 23.2624 37.4015
111.0000 110.2604 23.1672 37.4209
113.0000 112.2465 23.1608 37.4127
115.0000 114.2326 22.9619 37.4236
117.0000 116.2187 22.8620 37.4234
119.0000 118.2048 22.8247 37.4233
121.0000 120.1908 22.8031 37.4236
123.0000 122.1768 22.7605 37.4240
125.0000 124.1629 22.7194 37.4244
127.0000 126.1489 22.6542 37.4222
129.0000 128.1348 22.5674 37.4284
131.0000 130.1208 22.5524 37.4339
133.0000 132.1067 22.5337 37.4384
135.0000 134.0927 22.5291 37.4396
137.0000 136.0786 22.5275 37.4395
139.0000 138.0644 22.4906 37.4404
141.0000 140.0503 22.4721 37.4405
143.0000 142.0361 22.4648 37.4401
145.0000 144.0219 22.4443 37.4387
147.0000 146.0078 22.4218 37.4375
149.0000 147.9935 22.3925 37.4356
151.0000 149.9793 22.3326 37.4327
153.0000 151.9650 22.3182 37.4319
155.0000 153.9508 22.3042 37.4307
157.0000 155.9365 22.2420 37.4224
159.0000 157.9222 22.1878 37.4173
161.0000 159.9078 22.1537 37.4125
163.0000 161.8935 22.1160 37.4066
165.0000 163.8791 22.0395 37.3891
167.0000 165.8647 21.9867 37.3806
169.0000 167.8503 21.9731 37.3778
171.0000 169.8359 21.9472 37.3726
173.0000 171.8214 21.9152 37.3671
175.0000 173.8070 21.8937 37.3633
177.0000 175.7925 21.8824 37.3616
179.0000 177.7780 21.8493 37.3541
181.0000 179.7635 21.7927 37.3424
183.0000 181.7489 21.7370 37.3303
185.0000 183.7344 21.6568 37.3145
187.0000 185.7198 21.6388 37.3109
189.0000 187.7052 21.6280 37.3077
191.0000 189.6906 21.5327 37.2830
193.0000 191.6759 21.4271 37.2599
195.0000 193.6613 21.4016 37.2541
197.0000 195.6466 21.3910 37.2511
199.0000 197.6319 21.3724 37.2448
201.0000 199.6172 21.3296 37.2342
203.0000 201.6024 21.3069 37.2309
205.0000 203.5877 21.2168 37.2118
207.0000 205.5729 21.1193 37.1937
209.0000 207.5581 21.0404 37.1703
211.0000 209.5433 20.9077 37.1477
213.0000 211.5285 20.9046 37.1454
215.0000 213.5136 20.8321 37.1276
217.0000 215.4988 20.7819 37.1141
219.0000 217.4839 20.6993 37.0942
221.0000 219.4690 20.6573 37.0830
223.0000 221.4540 20.5648 37.0630
225.0000 223.4391 20.4872 37.0460
227.0000 225.4241 20.3513 37.0121
229.0000 227.4092 20.1756 36.9642
231.0000 229.3941 19.9982 36.9306
233.0000 231.3791 19.8778 36.9053
235.0000 233.3641 19.7150 36.8683
237.0000 235.3490 19.6055 36.8460
239.0000 237.3339 19.5622 36.8363
241.0000 239.3188 19.5043 36.8214
243.0000 241.3037 19.3812 36.7940
245.0000 243.2886 19.3419 36.7849
247.0000 245.2734 19.3173 36.7794
249.0000 247.2583 19.2939 36.7741
251.0000 249.2431 19.2694 36.7685
253.0000 251.2278 19.2463 36.7622
255.0000 253.2126 19.2073 36.7514
257.0000 255.1974 19.1138 36.7322
259.0000 257.1821 19.0298 36.7141
261.0000 259.1668 18.9451 36.6968
263.0000 261.1515 18.8960 36.6861
265.0000 263.1362 18.8592 36.6793
267.0000 265.1208 18.8362 36.6776
269.0000 267.1054 18.8361 36.6851
271.0000 269.0901 18.8343 36.6907
273.0000 271.0746 18.8146 36.6878
275.0000 273.0593 18.7329 36.6716
277.0000 275.0438 18.6391 36.6590
279.0000 277.0284 18.6203 36.6554
281.0000 279.0128 18.5823 36.6486
283.0000 280.9974 18.5247 36.6379
285.0000 282.9818 18.4622 36.6254
287.0000 284.9663 18.3891 36.6130
289.0000 286.9507 18.3705 36.6116
291.0000 288.9352 18.3642 36.6100
293.0000 290.9196 18.3424 36.6057
295.0000 292.9040 18.3144 36.6012
297.0000 294.8883 18.2878 36.5964
299.0000 296.8727 18.2561 36.5905
301.0000 298.8570 18.2324 36.5869
303.0000 300.8413 18.1901 36.5788
305.0000 302.8256 18.1063 36.5654
307.0000 304.8099 18.0812 36.5616
309.0000 306.7941 18.0404 36.5548
311.0000 308.7784 18.0154 36.5519
313.0000 310.7626 18.0069 36.5507
315.0000 312.7467 17.9931 36.5489
317.0000 314.7309 17.9773 36.5466
319.0000 316.7151 17.9636 36.5440
321.0000 318.6992 17.9441 36.5412
323.0000 320.6833 17.9344 36.5394
325.0000 322.6674 17.9089 36.5342
327.0000 324.6515 17.8427 36.5223
329.0000 326.6356 17.8081 36.5179
331.0000 328.6196 17.8006 36.5165
333.0000 330.6036 17.7957 36.5156
335.0000 332.5876 17.7853 36.5134
337.0000 334.5716 17.7376 36.5040
339.0000 336.5556 17.7092 36.4999
341.0000 338.5396 17.6975 36.4971
343.0000 340.5235 17.6412 36.4864
345.0000 342.5074 17.5763 36.4773
347.0000 344.4913 17.5539 36.4743
349.0000 346.4751 17.5446 36.4729
351.0000 348.4590 17.5396 36.4723
353.0000 350.4428 17.5240 36.4694
355.0000 352.4266 17.4775 36.4625
357.0000 354.4104 17.4296 36.4544
359.0000 356.3942 17.4064 36.4511
361.0000 358.3779 17.3956 36.4489
363.0000 360.3617 17.3587 36.4431
365.0000 362.3454 17.3123 36.4374
367.0000 364.3291 17.2859 36.4338
369.0000 366.3127 17.2489 36.4288
371.0000 368.2964 17.2022 36.4204
373.0000 370.2801 17.1754 36.4172
375.0000 372.2637 17.1013 36.4042
377.0000 374.2473 17.0705 36.4024
379.0000 376.2309 17.0188 36.3934
381.0000 378.2145 16.9650 36.3845
383.0000 380.1980 16.9468 36.3823
385.0000 382.1815 16.9427 36.3812
387.0000 384.1650 16.8979 36.3720
389.0000 386.1485 16.8716 36.3687
391.0000 388.1320 16.8602 36.3666
393.0000 390.1154 16.8476 36.3646
395.0000 392.0989 16.8315 36.3619
397.0000 394.0822 16.7939 36.3551
399.0000 396.0656 16.7684 36.3512
401.0000 398.0490 16.7035 36.3395
403.0000 400.0324 16.6688 36.3338
405.0000 402.0157 16.6304 36.3266
407.0000 403.9990 16.5759 36.3182
409.0000 405.9823 16.5621 36.3161
411.0000 407.9656 16.5222 36.3090
413.0000 409.9489 16.5050 36.3066
415.0000 411.9321 16.4885 36.3037
417.0000 413.9154 16.4648 36.2998
419.0000 415.8985 16.4270 36.2926
421.0000 417.8817 16.3923 36.2881
423.0000 419.8649 16.3538 36.2805
425.0000 421.8480 16.3199 36.2741
427.0000 423.8311 16.2711 36.2660
429.0000 425.8143 16.2675 36.2670
431.0000 427.7973 16.2370 36.2611
433.0000 429.7804 16.1495 36.2434
435.0000 431.7635 15.9840 36.2135
437.0000 433.7465 15.8750 36.1984
439.0000 435.7295 15.8432 36.1969
441.0000 437.7125 15.8007 36.1878
443.0000 439.6955 15.7887 36.1858
445.0000 441.6784 15.7512 36.1788
447.0000 443.6614 15.7122 36.1731
449.0000 445.6443 15.7017 36.1715
451.0000 447.6272 15.6929 36.1704
453.0000 449.6100 15.6846 36.1688
455.0000 451.5929 15.6613 36.1644
457.0000 453.5757 15.6287 36.1589
459.0000 455.5585 15.5813 36.1499
461.0000 457.5414 15.5107 36.1383
463.0000 459.5242 15.4019 36.1209
465.0000 461.5069 15.3412 36.1110
467.0000 463.4897 15.2695 36.0996
469.0000 465.4724 15.2072 36.0891
471.0000 467.4551 15.1809 36.0860
473.0000 469.4378 15.1314 36.0772
475.0000 471.4204 15.0751 36.0691
477.0000 473.4031 15.0312 36.0624
479.0000 475.3858 14.9879 36.0547
481.0000 477.3683 14.9499 36.0488
483.0000 479.3510 14.8670 36.0360
485.0000 481.3335 14.8179 36.0281
487.0000 483.3161 14.7770 36.0222
489.0000 485.2986 14.7344 36.0150
491.0000 487.2811 14.7036 36.0110
493.0000 489.2636 14.6843 36.0079
495.0000 491.2461 14.6556 36.0028
497.0000 493.2286 14.5791 35.9908
499.0000 495.2110 14.5358 35.9840
501.0000 497.1934 14.4803 35.9750
503.0000 499.1758 14.4318 35.9683
505.0000 501.1582 14.3974 35.9637
507.0000 503.1405 14.3876 35.9627
509.0000 505.1229 14.3835 35.9621
511.0000 507.1053 14.3741 35.9606
513.0000 509.0876 14.3548 35.9574
515.0000 511.0698 14.3178 35.9509
517.0000 513.0521 14.2428 35.9396
519.0000 515.0344 14.2152 35.9364
521.0000 517.0165 14.2127 35.9363
523.0000 518.9988 14.2080 35.9353
525.0000 520.9810 14.1493 35.9253
527.0000 522.9632 14.1187 35.9207
529.0000 524.9453 14.0945 35.9172
531.0000 526.9275 14.0525 35.9104
533.0000 528.9096 13.9957 35.9027
535.0000 530.8917 13.9370 35.8926
537.0000 532.8737 13.8694 35.8836
539.0000 534.8558 13.8301 35.8770
541.0000 536.8379 13.7888 35.8719
543.0000 538.8199 13.7298 35.8616
545.0000 540.8019 13.6306 35.8498
547.0000 542.7839 13.6085 35.8459
549.0000 544.7658 13.5590 35.8387
551.0000 546.7478 13.4966 35.8297
553.0000 548.7297 13.4213 35.8195
555.0000 550.7115 13.4033 35.8182
557.0000 552.6935 13.4017 35.8181
559.0000 554.6754 13.3947 35.8173
561.0000 556.6573 13.3820 35.8156
563.0000 558.6390 13.3737 35.8148
565.0000 560.6209 13.3699 35.8143
567.0000 562.6027 13.3636 35.8133
569.0000 564.5844 13.3581 35.8127
571.0000 566.5662 13.3494 35.8113
573.0000 568.5480 13.3310 35.8080
575.0000 570.5297 13.2985 35.8034
577.0000 572.5114 13.2264 35.7912
579.0000 574.4930 13.1205 35.7779
581.0000 576.4747 13.0753 35.7712
583.0000 578.4564 13.0302 35.7656
585.0000 580.4380 13.0065 35.7629
587.0000 582.4197 12.9818 35.7601
589.0000 584.4012 12.9580 35.7565
591.0000 586.3828 12.9412 35.7545
593.0000 588.3643 12.9266 35.7526
595.0000 590.3458 12.9201 35.7519
597.0000 592.3273 12.8984 35.7486
599.0000 594.3088 12.8847 35.7471
601.0000 596.2903 12.8702 35.7447
603.0000 598.2718 12.8558 35.7426
605.0000 600.2532 12.8322 35.7390
607.0000 602.2346 12.7595 35.7283
609.0000 604.2160 12.7264 35.7251
611.0000 606.1974 12.7168 35.7237
613.0000 608.1787 12.7062 35.7225
615.0000 610.1602 12.6932 35.7207
617.0000 612.1415 12.6607 35.7157
619.0000 614.1227 12.6085 35.7087
621.0000 616.1040 12.5535 35.7006
623.0000 618.0853 12.4833 35.6923
625.0000 620.0665 12.4785 35.6921
627.0000 622.0477 12.4701 35.6908
629.0000 624.0289 12.4396 35.6868
631.0000 626.0101 12.4003 35.6826
633.0000 627.9913 12.3961 35.6822
635.0000 629.9724 12.3935 35.6819
637.0000 631.9536 12.3805 35.6796
639.0000 633.9347 12.3378 35.6742
641.0000 635.9158 12.3189 35.6721
643.0000 637.8969 12.3070 35.6700
645.0000 639.8779 12.2301 35.6583
647.0000 641.8589 12.1578 35.6496
649.0000 643.8400 12.1001 35.6421
651.0000 645.8210 12.0873 35.6410
653.0000 647.8019 12.0582 35.6358
655.0000 649.7829 12.0347 35.6344
657.0000 651.7639 12.0022 35.6293
659.0000 653.7448 11.9311 35.6198
661.0000 655.7257 11.8594 35.6108
663.0000 657.7066 11.8260 35.6075
665.0000 659.6874 11.7989 35.6040
667.0000 661.6683 11.7578 35.5982
669.0000 663.6491 11.7297 35.5966
671.0000 665.6299 11.7078 35.5937
673.0000 667.6107 11.6796 35.5906
675.0000 669.5915 11.6709 35.5894
677.0000 671.5723 11.6575 35.5875
679.0000 673.5530 11.6340 35.5840
681.0000 675.5337 11.5892 35.5748
683.0000 677.5144 11.5167 35.5683
685.0000 679.4951 11.4750 35.5625
687.0000 681.4757 11.4208 35.5554
689.0000 683.4564 11.4050 35.5543
691.0000 685.4370 11.3917 35.5523
693.0000 687.4175 11.3684 35.5495
695.0000 689.3982 11.3454 35.5471
697.0000 691.3787 11.3270 35.5448
699.0000 693.3594 11.2841 35.5384
701.0000 695.3398 11.2263 35.5323
703.0000 697.3203 11.2105 35.5303
705.0000 699.3008 11.1881 35.5276
707.0000 701.2812 11.1731 35.5262
709.0000 703.2617 11.1497 35.5222
711.0000 705.2422 11.0592 35.5110
713.0000 707.2226 11.0266 35.5073
715.0000 709.2030 10.9914 35.5025
717.0000 711.1833 10.9492 35.4976
719.0000 713.1637 10.9262 35.4947
721.0000 715.1440 10.8879 35.4899
723.0000 717.1243 10.8504 35.4854
725.0000 719.1047 10.8161 35.4810
727.0000 721.0850 10.7650 35.4753
729.0000 723.0652 10.7483 35.4738
731.0000 725.0455 10.7340 35.4717
733.0000 727.0257 10.6993 35.4680
735.0000 729.0059 10.6838 35.4659
737.0000 730.9861 10.6609 35.4636
739.0000 732.9662 10.6488 35.4623
741.0000 734.9465 10.6376 35.4611
743.0000 736.9265 10.6339 35.4604
745.0000 738.9066 10.6243 35.4593
747.0000 740.8868 10.6092 35.4568
749.0000 742.8668 10.5716 35.4522
751.0000 744.8469 10.5404 35.4481
753.0000 746.8269 10.5145 35.4445
755.0000 748.8068 10.3979 35.4278
757.0000 750.7869 10.2597 35.4106
759.0000 752.7669 10.1847 35.4036
761.0000 754.7469 10.1642 35.4017
763.0000 756.7267 10.1558 35.4028
765.0000 758.7067 10.1471 35.4007
767.0000 760.6866 10.1293 35.3987
769.0000 762.6664 10.1205 35.3980
771.0000 764.6463 10.1112 35.3968
773.0000 766.6262 10.1046 35.3963
775.0000 768.6061 10.0915 35.3945
777.0000 770.5858 10.0825 35.3936
779.0000 772.5656 10.0804 35.3934
781.0000 774.5454 10.0807 35.3935
783.0000 776.5251 10.0806 35.3935
785.0000 778.5049 10.0802 35.3934
787.0000 780.4847 10.0756 35.3927
789.0000 782.4644 10.0718 35.3921
791.0000 784.4440 10.0609 35.3898
793.0000 786.4236 10.0022 35.3826
795.0000 788.4033 9.9798 35.3804
797.0000 790.3829 9.9603 35.3773
799.0000 792.3625 9.9121 35.3711
801.0000 794.3420 9.8469 35.3606
803.0000 796.3217 9.7795 35.3548
805.0000 798.3011 9.7316 35.3493
807.0000 800.2808 9.7069 35.3469
809.0000 802.2603 9.6833 35.3448
811.0000 804.2397 9.6650 35.3422
813.0000 806.2192 9.6232 35.3380
815.0000 808.1987 9.6131 35.3371
817.0000 810.1780 9.5998 35.3356
819.0000 812.1574 9.5634 35.3301
821.0000 814.1369 9.4775 35.3184
823.0000 816.1163 9.4226 35.3127
825.0000 818.0956 9.4715 35.3201
827.0000 820.0750 9.2748 35.2942
829.0000 822.0543 9.2126 35.2885
831.0000 824.0336 9.1753 35.2841
833.0000 826.0128 9.1530 35.2822
835.0000 827.9921 9.1131 35.2766
837.0000 829.9714 9.0734 35.2732
839.0000 831.9506 9.0409 35.2697
841.0000 833.9299 8.9827 35.2617
843.0000 835.9090 8.9000 35.2541
845.0000 837.8881 8.8525 35.2493
847.0000 839.8673 8.8279 35.2471
849.0000 841.8465 8.7971 35.2441
851.0000 843.8257 8.7552 35.2392
853.0000 845.8046 8.7104 35.2344
855.0000 847.7837 8.6695 35.2307
857.0000 849.7628 8.6237 35.2249
859.0000 851.7418 8.5533 35.2168
861.0000 853.7209 8.5048 35.2125
863.0000 855.6999 8.4918 35.2113
865.0000 857.6788 8.4616 35.2078
867.0000 859.6577 8.4378 35.2060
869.0000 861.6368 8.4258 35.2046
871.0000 863.6158 8.4178 35.2038
873.0000 865.5945 8.4041 35.2027
875.0000 867.5735 8.3959 35.2017
877.0000 869.5524 8.3700 35.1981
879.0000 871.5312 8.3372 35.1955
881.0000 873.5100 8.3257 35.1942
883.0000 875.4888 8.3162 35.1931
885.0000 877.4677 8.2996 35.1918
887.0000 879.4464 8.2869 35.1894
889.0000 881.4251 8.2534 35.1865
891.0000 883.4040 8.2342 35.1843
893.0000 885.3825 8.1976 35.1800
895.0000 887.3613 8.1728 35.1776
897.0000 889.3400 8.1490 35.1752
899.0000 891.3187 8.1403 35.1746
901.0000 893.2972 8.1321 35.1738
903.0000 895.2759 8.1242 35.1734
905.0000 897.2545 8.1205 35.1720
907.0000 899.2331 8.0808 35.1682
909.0000 901.2117 8.0601 35.1664
911.0000 903.1902 8.0500 35.1651
913.0000 905.1688 8.0271 35.1625
915.0000 907.1473 8.0110 35.1607
917.0000 909.1257 7.9716 35.1563
919.0000 911.1043 7.9531 35.1548
921.0000 913.0827 7.9423 35.1536
923.0000 915.0611 7.9185 35.1504
925.0000 917.0396 7.8709 35.1448
927.0000 919.0179 7.8322 35.1416
929.0000 920.9963 7.7964 35.1383
931.0000 922.9747 7.7656 35.1349
933.0000 924.9531 7.7466 35.1337
935.0000 926.9313 7.7053 35.1288
937.0000 928.9097 7.6686 35.1259
939.0000 930.8880 7.6200 35.1208
941.0000 932.8662 7.5720 35.1163
943.0000 934.8445 7.5505 35.1146
945.0000 936.8227 7.5373 35.1133
947.0000 938.8009 7.5236 35.1120
949.0000 940.7791 7.5094 35.1107
951.0000 942.7573 7.4990 35.1098
953.0000 944.7354 7.4869 35.1087
955.0000 946.7136 7.4751 35.1076
957.0000 948.6917 7.4608 35.1053
959.0000 950.6697 7.4349 35.1020
961.0000 952.6478 7.4087 35.0985
963.0000 954.6259 7.3375 35.0901
965.0000 956.6039 7.3295 35.0907
967.0000 958.5820 7.3246 35.0904
969.0000 960.5599 7.3166 35.0895
971.0000 962.5380 7.3081 35.0884
973.0000 964.5159 7.2951 35.0867
975.0000 966.4939 7.2830 35.0857
977.0000 968.4719 7.2576 35.0817
979.0000 970.4496 7.1611 35.0695
981.0000 972.4277 7.1289 35.0661
983.0000 974.4055 7.0753 35.0603
985.0000 976.3834 7.0175 35.0547
987.0000 978.3611 6.9776 35.0513
989.0000 980.3391 6.9424 35.0488
991.0000 982.3168 6.9339 35.0494
993.0000 984.2946 6.9313 35.0526
995.0000 986.2724 6.9078 35.0529
997.0000 988.2501 6.8777 35.0501
999.0000 990.2278 6.8478 35.0476
1001.0000 992.2055 6.8375 35.0482
1003.0000 994.1832 6.8421 35.0491
1005.0000 996.1608 6.8259 35.0480
1007.0000 998.1385 6.8141 35.0481
1009.0000 1000.1161 6.8097 35.0478
1011.0000 1002.0938 6.8074 35.0476
1013.0000 1004.0714 6.7988 35.0480
1015.0000 1006.0490 6.7876 35.0479
1017.0000 1008.0264 6.7671 35.0448
1019.0000 1010.0040 6.7379 35.0420
1021.0000 1011.9816 6.6919 35.0377
1023.0000 1013.9591 6.6311 35.0330
1025.0000 1015.9365 6.5513 35.0282
1027.0000 1017.9140 6.5262 35.0270
1029.0000 1019.8915 6.5070 35.0259
1031.0000 1021.8689 6.5044 35.0262
1033.0000 1023.8462 6.5034 35.0263
1035.0000 1025.8237 6.4981 35.0260
1037.0000 1027.8010 6.4858 35.0254
1039.0000 1029.7783 6.4775 35.0247
1041.0000 1031.7556 6.4516 35.0219
1043.0000 1033.7329 6.4370 35.0218
1045.0000 1035.7102 6.4285 35.0217
1047.0000 1037.6875 6.4165 35.0209
1049.0000 1039.6649 6.4108 35.0213
1051.0000 1041.6421 6.4084 35.0211
1053.0000 1043.6193 6.4046 35.0216
1055.0000 1045.5966 6.4024 35.0216
1057.0000 1047.5737 6.4016 35.0215
1059.0000 1049.5508 6.4008 35.0213
1061.0000 1051.5280 6.3951 35.0203
1063.0000 1053.5051 6.3821 35.0200
1065.0000 1055.4823 6.3759 35.0198
1067.0000 1057.4594 6.3618 35.0189
1069.0000 1059.4363 6.3471 35.0178
1071.0000 1061.4133 6.3359 35.0176
1073.0000 1063.3904 6.3304 35.0175
1075.0000 1065.3674 6.3156 35.0171
1077.0000 1067.3445 6.3048 35.0167
1079.0000 1069.3213 6.2852 35.0156
1081.0000 1071.2983 6.2809 35.0163
1083.0000 1073.2754 6.2684 35.0157
1085.0000 1075.2523 6.2524 35.0154
1087.0000 1077.2291 6.2447 35.0150
1089.0000 1079.2061 6.2264 35.0148
1091.0000 1081.1829 6.2181 35.0149
1093.0000 1083.1597 6.1971 35.0139
1095.0000 1085.1366 6.1774 35.0137
1097.0000 1087.1134 6.1588 35.0135
1099.0000 1089.0902 6.1533 35.0136
1101.0000 1091.0668 6.1505 35.0135
1103.0000 1093.0437 6.1471 35.0136
1105.0000 1095.0205 6.1295 35.0131
1107.0000 1096.9971 6.1062 35.0126
1109.0000 1098.9739 6.0887 35.0131
1111.0000 1100.9506 6.0864 35.0131
1113.0000 1102.9271 6.0815 35.0130
1115.0000 1104.9038 6.0777 35.0129
1117.0000 1106.8805 6.0740 35.0128
1119.0000 1108.8571 6.0720 35.0127
1121.0000 1110.8335 6.0712 35.0128
1123.0000 1112.8102 6.0703 35.0126
1125.0000 1114.7866 6.0690 35.0124
1127.0000 1116.7632 6.0543 35.0118
1129.0000 1118.7397 6.0330 35.0114
1131.0000 1120.7163 6.0162 35.0119
1133.0000 1122.6929 6.0085 35.0120
1135.0000 1124.6692 5.9928 35.0123
1137.0000 1126.6456 5.9783 35.0131
1139.0000 1128.6219 5.9644 35.0141
1141.0000 1130.5984 5.9624 35.0146
1143.0000 1132.5748 5.9527 35.0147
1145.0000 1134.5511 5.9451 35.0163
1147.0000 1136.5276 5.9402 35.0195
1149.0000 1138.5038 5.9450 35.0216
1151.0000 1140.4802 5.9584 35.0260
1153.0000 1142.4565 5.9596 35.0275
1155.0000 1144.4326 5.9584 35.0287
1157.0000 1146.4089 5.9498 35.0290
1159.0000 1148.3851 5.9430 35.0302
1161.0000 1150.3615 5.9404 35.0308
1163.0000 1152.3375 5.9391 35.0312
1165.0000 1154.3138 5.9381 35.0312
1167.0000 1156.2899 5.9354 35.0310
1169.0000 1158.2660 5.9299 35.0309
1171.0000 1160.2422 5.9199 35.0302
1173.0000 1162.2183 5.9015 35.0292
1175.0000 1164.1943 5.8906 35.0291
1177.0000 1166.1703 5.8885 35.0294
1179.0000 1168.1464 5.8862 35.0294
1181.0000 1170.1226 5.8760 35.0283
1183.0000 1172.0984 5.8463 35.0258
1185.0000 1174.0745 5.8307 35.0248
1187.0000 1176.0505 5.8167 35.0234
1189.0000 1178.0265 5.8080 35.0227
1191.0000 1180.0023 5.8051 35.0226
1193.0000 1181.9781 5.8039 35.0226
1195.0000 1183.9541 5.8016 35.0225
1197.0000 1185.9298 5.7904 35.0213
1199.0000 1187.9058 5.7696 35.0200
1201.0000 1189.8817 5.7367 35.0189
1203.0000 1191.8575 5.7263 35.0186
1205.0000 1193.8333 5.7315 35.0189
1207.0000 1195.8091 5.7182 35.0181
1209.0000 1197.7849 5.6980 35.0189
1211.0000 1199.7605 5.6912 35.0195
1213.0000 1201.7363 5.6890 35.0197
1215.0000 1203.7120 5.6865 35.0200
1217.0000 1205.6877 5.6838 35.0204
1219.0000 1207.6633 5.6770 35.0217
1221.0000 1209.6389 5.6676 35.0225
1223.0000 1211.6146 5.6668 35.0224
1225.0000 1213.5902 5.6590 35.0231
1227.0000 1215.5658 5.6566 35.0238
1229.0000 1217.5414 5.6580 35.0243
1231.0000 1219.5170 5.6592 35.0258
1233.0000 1221.4926 5.6719 35.0308
1235.0000 1223.4680 5.6867 35.0344
1237.0000 1225.4437 5.6835 35.0332
1239.0000 1227.4191 5.6692 35.0321
1241.0000 1229.3945 5.6579 35.0328
1243.0000 1231.3700 5.6586 35.0336
1245.0000 1233.3453 5.6545 35.0332
1247.0000 1235.3208 5.6556 35.0345
1249.0000 1237.2963 5.6535 35.0347
1251.0000 1239.2716 5.6518 35.0345
1253.0000 1241.2469 5.6571 35.0379
1255.0000 1243.2223 5.6594 35.0405
1257.0000 1245.1976 5.6572 35.0406
1259.0000 1247.1729 5.6552 35.0410
1261.0000 1249.1482 5.6544 35.0424
1263.0000 1251.1234 5.6599 35.0450
1265.0000 1253.0988 5.6615 35.0469
1267.0000 1255.0740 5.6588 35.0473
1269.0000 1257.0491 5.6537 35.0471
1271.0000 1259.0243 5.6463 35.0473
1273.0000 1260.9994 5.6366 35.0485
1275.0000 1262.9745 5.6238 35.0477
1277.0000 1264.9497 5.6112 35.0479
1279.0000 1266.9247 5.6005 35.0486
1281.0000 1268.8998 5.5960 35.0492
1283.0000 1270.8749 5.5971 35.0531
1285.0000 1272.8500 5.5973 35.0550
1287.0000 1274.8250 5.5975 35.0555
1289.0000 1276.8000 5.5963 35.0575
1291.0000 1278.7750 5.5903 35.0576
1293.0000 1280.7500 5.5749 35.0585
1295.0000 1282.7250 5.5702 35.0590
1297.0000 1284.7000 5.5637 35.0600
1299.0000 1286.6749 5.5582 35.0603
1301.0000 1288.6497 5.5550 35.0606
1303.0000 1290.6248 5.5434 35.0607
1305.0000 1292.5996 5.5380 35.0631
1307.0000 1294.5745 5.5357 35.0625
1309.0000 1296.5493 5.5128 35.0621
1311.0000 1298.5243 5.5053 35.0610
1313.0000 1300.4990 5.5063 35.0623
1315.0000 1302.4736 5.5085 35.0629
1317.0000 1304.4485 5.5099 35.0634
1319.0000 1306.4232 5.5044 35.0643
1321.0000 1308.3979 5.4972 35.0655
1323.0000 1310.3726 5.4820 35.0640
1325.0000 1312.3474 5.4710 35.0640
1327.0000 1314.3220 5.4702 35.0641
1329.0000 1316.2966 5.4664 35.0646
1331.0000 1318.2712 5.4575 35.0642
1333.0000 1320.2458 5.4393 35.0628
1335.0000 1322.2205 5.4312 35.0626
1337.0000 1324.1951 5.4261 35.0627
1339.0000 1326.1696 5.4193 35.0629
1341.0000 1328.1440 5.4152 35.0632
1343.0000 1330.1187 5.4050 35.0628
1345.0000 1332.0931 5.4021 35.0631
1347.0000 1334.0676 5.3969 35.0635
1349.0000 1336.0420 5.3835 35.0639
1351.0000 1338.0165 5.3724 35.0643
1353.0000 1339.9910 5.3568 35.0651
1355.0000 1341.9652 5.3546 35.0653
1357.0000 1343.9398 5.3542 35.0653
1359.0000 1345.9142 5.3539 35.0654
1361.0000 1347.8885 5.3535 35.0656
1363.0000 1349.8628 5.3534 35.0655
1365.0000 1351.8372 5.3523 35.0655
1367.0000 1353.8115 5.3517 35.0654
1369.0000 1355.7856 5.3491 35.0654
1371.0000 1357.7600 5.3407 35.0650
1373.0000 1359.7343 5.3238 35.0655
1375.0000 1361.7084 5.3135 35.0656
1377.0000 1363.6825 5.3100 35.0657
1379.0000 1365.6569 5.3086 35.0657
1381.0000 1367.6310 5.3069 35.0658
1383.0000 1369.6051 5.3056 35.0658
1385.0000 1371.5792 5.2960 35.0657
1387.0000 1373.5535 5.2906 35.0658
1389.0000 1375.5276 5.2846 35.0656
1391.0000 1377.5015 5.2609 35.0650
1393.0000 1379.4756 5.2566 35.0651
1395.0000 1381.4496 5.2407 35.0643
1397.0000 1383.4236 5.2303 35.0644
1399.0000 1385.3976 5.2171 35.0641
1401.0000 1387.3716 5.2063 35.0641
1403.0000 1389.3457 5.2000 35.0649
1405.0000 1391.3195 5.1831 35.0669
1407.0000 1393.2935 5.1777 35.0669
1409.0000 1395.2675 5.1743 35.0669
1411.0000 1397.2412 5.1684 35.0669
1413.0000 1399.2151 5.1670 35.0669
1415.0000 1401.1890 5.1667 35.0670
1417.0000 1403.1627 5.1664 35.0671
1419.0000 1405.1366 5.1664 35.0672
1421.0000 1407.1105 5.1669 35.0673
1423.0000 1409.0842 5.1625 35.0671
1425.0000 1411.0580 5.1305 35.0674
1427.0000 1413.0317 5.1166 35.0676
1429.0000 1415.0055 5.1088 35.0683
1431.0000 1416.9791 5.1066 35.0686
1433.0000 1418.9528 5.1023 35.0685
1435.0000 1420.9265 5.1007 35.0685
1437.0000 1422.9001 5.0956 35.0681
1439.0000 1424.8738 5.0932 35.0679
1441.0000 1426.8474 5.0841 35.0670
1443.0000 1428.8209 5.0825 35.0671
1445.0000 1430.7944 5.0868 35.0674
1447.0000 1432.7679 5.0856 35.0668
1449.0000 1434.7417 5.0783 35.0663
1451.0000 1436.7153 5.0711 35.0654
1453.0000 1438.6887 5.0638 35.0652
1455.0000 1440.6621 5.0629 35.0647
1457.0000 1442.6356 5.0575 35.0645
1459.0000 1444.6089 5.0569 35.0645
1461.0000 1446.5824 5.0498 35.0639
1463.0000 1448.5560 5.0462 35.0637
1465.0000 1450.5294 5.0356 35.0633
1467.0000 1452.5026 5.0254 35.0638
1469.0000 1454.4761 5.0162 35.0665
1471.0000 1456.4493 5.0049 35.0695
1473.0000 1458.4225 5.0026 35.0700
1475.0000 1460.3960 5.0016 35.0701
1477.0000 1462.3693 5.0011 35.0702
1479.0000 1464.3424 5.0017 35.0702
1481.0000 1466.3157 5.0000 35.0706
1483.0000 1468.2889 4.9989 35.0712
1485.0000 1470.2622 4.9982 35.0720
1487.0000 1472.2354 4.9977 35.0729
1489.0000 1474.2085 4.9982 35.0746
1491.0000 1476.1816 4.9960 35.0761
1493.0000 1478.1548 4.9951 35.0764
1495.0000 1480.1278 4.9946 35.0765
1497.0000 1482.1011 4.9945 35.0767
1499.0000 1484.0742 4.9930 35.0775
1501.0000 1486.0470 4.9912 35.0780
1503.0000 1488.0201 4.9901 35.0780
1505.0000 1489.9932 4.9896 35.0783
1507.0000 1491.9662 4.9894 35.0784
1509.0000 1493.9392 4.9897 35.0782
1511.0000 1495.9121 4.9872 35.0783
1513.0000 1497.8851 4.9818 35.0789
1515.0000 1499.8579 4.9756 35.0783
1517.0000 1501.8309 4.9616 35.0784
1519.0000 1503.8038 4.9516 35.0790
1521.0000 1505.7766 4.9445 35.0790
1523.0000 1507.7495 4.9425 35.0791
1525.0000 1509.7224 4.9390 35.0793
1527.0000 1511.6953 4.9350 35.0796
1529.0000 1513.6680 4.9336 35.0797
1531.0000 1515.6407 4.9228 35.0804
1533.0000 1517.6135 4.9099 35.0819
1535.0000 1519.5863 4.9009 35.0828
1537.0000 1521.5591 4.8983 35.0836
1539.0000 1523.5317 4.8979 35.0839
1541.0000 1525.5043 4.8927 35.0842
1543.0000 1527.4771 4.8799 35.0846
1545.0000 1529.4498 4.8767 35.0847
1547.0000 1531.4224 4.8740 35.0846
1549.0000 1533.3949 4.8710 35.0848
1551.0000 1535.3677 4.8669 35.0847
1553.0000 1537.3402 4.8522 35.0838
1555.0000 1539.3126 4.8194 35.0818
1557.0000 1541.2852 4.8109 35.0820
1559.0000 1543.2578 4.8051 35.0821
1561.0000 1545.2303 4.7982 35.0819
1563.0000 1547.2026 4.7859 35.0816
1565.0000 1549.1752 4.7839 35.0817
1567.0000 1551.1478 4.7832 35.0818
1569.0000 1553.1201 4.7838 35.0816
1571.0000 1555.0925 4.7768 35.0815
1573.0000 1557.0649 4.7672 35.0816
1575.0000 1559.0374 4.7664 35.0816
1577.0000 1561.0096 4.7645 35.0817
1579.0000 1562.9819 4.7596 35.0818
1581.0000 1564.9542 4.7564 35.0817
1583.0000 1566.9266 4.7530 35.0819
1585.0000 1568.8989 4.7503 35.0820
1587.0000 1570.8712 4.7467 35.0824
1589.0000 1572.8435 4.7484 35.0834
1591.0000 1574.8156 4.7473 35.0835
1593.0000 1576.7878 4.7437 35.0829
1595.0000 1578.7600 4.7381 35.0822
1597.0000 1580.7322 4.7320 35.0819
1599.0000 1582.7043 4.7227 35.0822
1601.0000 1584.6765 4.7213 35.0830
1603.0000 1586.6487 4.7227 35.0836
1605.0000 1588.6207 4.7224 35.0840
1607.0000 1590.5928 4.7224 35.0840
1609.0000 1592.5648 4.7228 35.0846
1611.0000 1594.5369 4.7226 35.0851
1613.0000 1596.5089 4.7220 35.0852
1615.0000 1598.4810 4.7217 35.0854
1617.0000 1600.4529 4.7206 35.0854
1619.0000 1602.4249 4.7198 35.0855
1621.0000 1604.3969 4.7199 35.0857
1623.0000 1606.3689 4.7191 35.0862
1625.0000 1608.3407 4.7168 35.0861
1627.0000 1610.3125 4.7143 35.0858
1629.0000 1612.2844 4.7079 35.0858
1631.0000 1614.2562 4.7053 35.0858
1633.0000 1616.2281 4.7029 35.0860
1635.0000 1618.2000 4.7004 35.0859
1637.0000 1620.1719 4.6986 35.0858
1639.0000 1622.1436 4.6973 35.0860
1641.0000 1624.1154 4.6946 35.0858
1643.0000 1626.0872 4.6861 35.0855
1645.0000 1628.0588 4.6787 35.0853
1647.0000 1630.0304 4.6757 35.0853
1649.0000 1632.0023 4.6736 35.0852
1651.0000 1633.9740 4.6714 35.0851
1653.0000 1635.9454 4.6697 35.0850
1655.0000 1637.9172 4.6666 35.0849
1657.0000 1639.8889 4.6633 35.0849
1659.0000 1641.8602 4.6624 35.0849
1661.0000 1643.8320 4.6615 35.0847
1663.0000 1645.8036 4.6605 35.0847
1665.0000 1647.7751 4.6582 35.0846
1667.0000 1649.7466 4.6569 35.0846
1669.0000 1651.7181 4.6558 35.0845
1671.0000 1653.6896 4.6540 35.0845
1673.0000 1655.6611 4.6532 35.0843
1675.0000 1657.6326 4.6506 35.0844
1677.0000 1659.6041 4.6433 35.0846
1679.0000 1661.5753 4.6423 35.0858
1681.0000 1663.5469 4.6271 35.0845
1683.0000 1665.5183 4.6221 35.0836
1685.0000 1667.4896 4.5835 35.0805
1687.0000 1669.4608 4.5570 35.0790
1689.0000 1671.4324 4.5518 35.0788
1691.0000 1673.4037 4.5475 35.0787
1693.0000 1675.3749 4.5430 35.0785
1695.0000 1677.3462 4.5391 35.0781
1697.0000 1679.3174 4.5366 35.0778
1699.0000 1681.2887 4.5307 35.0772
1701.0000 1683.2599 4.5269 35.0769
1703.0000 1685.2310 4.5254 35.0766
1705.0000 1687.2023 4.5208 35.0759
1707.0000 1689.1732 4.5043 35.0745
1709.0000 1691.1447 4.4869 35.0739
1711.0000 1693.1157 4.4778 35.0735
1713.0000 1695.0869 4.4662 35.0731
1715.0000 1697.0579 4.4626 35.0732
1717.0000 1699.0289 4.4613 35.0733
1719.0000 1701.0001 4.4589 35.0732
1721.0000 1702.9708 4.4565 35.0731
1723.0000 1704.9420 4.4547 35.0730
1725.0000 1706.9131 4.4527 35.0728
1727.0000 1708.8840 4.4473 35.0722
1729.0000 1710.8550 4.4304 35.0710
1731.0000 1712.8259 4.4188 35.0700
1733.0000 1714.7969 4.4146 35.0698
1735.0000 1716.7676 4.4097 35.0693
1737.0000 1718.7385 4.3998 35.0682
1739.0000 1720.7097 4.3701 35.0658
1741.0000 1722.6802 4.3561 35.0651
1743.0000 1724.6511 4.3519 35.0648
1745.0000 1726.6221 4.3476 35.0646
1747.0000 1728.5928 4.3439 35.0644
1749.0000 1730.5635 4.3414 35.0643
1751.0000 1732.5343 4.3369 35.0639
1753.0000 1734.5051 4.3337 35.0638
1755.0000 1736.4757 4.3320 35.0637
1757.0000 1738.4464 4.3287 35.0635
1759.0000 1740.4171 4.3265 35.0634
1761.0000 1742.3878 4.3250 35.0631
1763.0000 1744.3584 4.3226 35.0631
1765.0000 1746.3291 4.3214 35.0631
1767.0000 1748.2998 4.3198 35.0627
1769.0000 1750.2701 4.3160 35.0626
1771.0000 1752.2408 4.3136 35.0624
1773.0000 1754.2115 4.3119 35.0623
1775.0000 1756.1821 4.3098 35.0621
1777.0000 1758.1525 4.3091 35.0621
1779.0000 1760.1229 4.3063 35.0617
1781.0000 1762.0936 4.3053 35.0619
1783.0000 1764.0637 4.3005 35.0613
1785.0000 1766.0344 4.2988 35.0612
1787.0000 1768.0048 4.2925 35.0607
1789.0000 1769.9755 4.2887 35.0602
1791.0000 1771.9456 4.2806 35.0599
1793.0000 1773.9161 4.2788 35.0597
1795.0000 1775.8865 4.2676 35.0588
1797.0000 1777.8566 4.2469 35.0566
1799.0000 1779.8270 4.2331 35.0562
1801.0000 1781.7974 4.2306 35.0559
1803.0000 1783.7675 4.2267 35.0555
1805.0000 1785.7378 4.2200 35.0552
1807.0000 1787.7083 4.2157 35.0548
1809.0000 1789.6783 4.2109 35.0545
1811.0000 1791.6484 4.2084 35.0543
1813.0000 1793.6188 4.2072 35.0543
1815.0000 1795.5891 4.2051 35.0540
1817.0000 1797.5590 4.1948 35.0532
1819.0000 1799.5293 4.1903 35.0527
1821.0000 1801.4994 4.1818 35.0520
1823.0000 1803.4696 4.1769 35.0518
1825.0000 1805.4393 4.1763 35.0519
1827.0000 1807.4097 4.1770 35.0520
1829.0000 1809.3795 4.1774 35.0521
1831.0000 1811.3496 4.1762 35.0519
1833.0000 1813.3196 4.1732 35.0517
1835.0000 1815.2898 4.1627 35.0510
1837.0000 1817.2596 4.1610 35.0511
1839.0000 1819.2296 4.1577 35.0508
1841.0000 1821.1995 4.1588 35.0511
1843.0000 1823.1696 4.1607 35.0511
1845.0000 1825.1393 4.1610 35.0512
1847.0000 1827.1091 4.1622 35.0512
1849.0000 1829.0790 4.1521 35.0503
1851.0000 1831.0491 4.1426 35.0497
1853.0000 1833.0186 4.1428 35.0498
1855.0000 1834.9885 4.1437 35.0499
1857.0000 1836.9584 4.1440 35.0499
1859.0000 1838.9281 4.1440 35.0498
1861.0000 1840.8977 4.1425 35.0497
1863.0000 1842.8676 4.1393 35.0492
1865.0000 1844.8372 4.1318 35.0487
1867.0000 1846.8070 4.1224 35.0480
1869.0000 1848.7769 4.1215 35.0479
1871.0000 1850.7463 4.1216 35.0480
1873.0000 1852.7161 4.1216 35.0481
1875.0000 1854.6854 4.1209 35.0479
1877.0000 1856.6554 4.1193 35.0478
1879.0000 1858.6246 4.1180 35.0477
1881.0000 1860.5944 4.1163 35.0476
1883.0000 1862.5640 4.1163 35.0476
1885.0000 1864.5337 4.1143 35.0474
1887.0000 1866.5029 4.1096 35.0471
1889.0000 1868.4724 4.1032 35.0466
1891.0000 1870.4420 4.0969 35.0460
1893.0000 1872.4114 4.0883 35.0457
1895.0000 1874.3810 4.0827 35.0452
1897.0000 1876.3502 4.0756 35.0447
1899.0000 1878.3197 4.0652 35.0431
1901.0000 1880.2889 4.0345 35.0408
1903.0000 1882.2584 4.0241 35.0401
1905.0000 1884.2277 4.0228 35.0401
1907.0000 1886.1970 4.0212 35.0401
1909.0000 1888.1664 4.0187 35.0399
1911.0000 1890.1357 4.0074 35.0389
1913.0000 1892.1051 4.0075 35.0392
1915.0000 1894.0742 4.0004 35.0384
1917.0000 1896.0435 3.9941 35.0380
1919.0000 1898.0127 3.9889 35.0376
1921.0000 1899.9818 3.9767 35.0366
1923.0000 1901.9513 3.9691 35.0363
1925.0000 1903.9203 3.9673 35.0362
1927.0000 1905.8894 3.9674 35.0362
1929.0000 1907.8584 3.9664 35.0361
1931.0000 1909.8276 3.9620 35.0357
1933.0000 1911.7969 3.9526 35.0348
1935.0000 1913.7657 3.9464 35.0346
1937.0000 1915.7350 3.9452 35.0344
1939.0000 1917.7039 3.9424 35.0342
1941.0000 1919.6729 3.9408 35.0341
1943.0000 1921.6420 3.9404 35.0341
1945.0000 1923.6110 3.9412 35.0341
1947.0000 1925.5801 3.9419 35.0342
1949.0000 1927.5487 3.9370 35.0334
1951.0000 1929.5179 3.9277 35.0330
1953.0000 1931.4869 3.9261 35.0328
1955.0000 1933.4554 3.9223 35.0324
1957.0000 1935.4244 3.9181 35.0320
1959.0000 1937.3933 3.9136 35.0315
1961.0000 1939.3623 3.9061 35.0309
1963.0000 1941.3309 3.9026 35.0307
1965.0000 1943.2998 3.8991 35.0303
1967.0000 1945.2687 3.8890 35.0296
1969.0000 1947.2374 3.8874 35.0294
1971.0000 1949.2061 3.8798 35.0286
1973.0000 1951.1749 3.8720 35.0279
1975.0000 1953.1436 3.8670 35.0276
1977.0000 1955.1122 3.8626 35.0273
1979.0000 1957.0811 3.8573 35.0268
1981.0000 1959.0497 3.8512 35.0264
1983.0000 1961.0181 3.8466 35.0259
1985.0000 1962.9869 3.8414 35.0253
1987.0000 1964.9556 3.8338 35.0250
1989.0000 1966.9242 3.8300 35.0245
1991.0000 1968.8926 3.8191 35.0236
1993.0000 1970.8612 3.8057 35.0222
1995.0000 1972.8298 3.7888 35.0209
1997.0000 1974.7983 3.7844 35.0207
1999.0000 1976.7667 3.7799 35.0203
2001.0000 1978.7354 3.7751 35.0199
2003.0000 1980.7037 3.7707 35.0196
2005.0000 1982.6720 3.7687 35.0195
2007.0000 1984.6406 3.7627 35.0189
2009.0000 1986.6088 3.7587 35.0186
2011.0000 1988.5773 3.7541 35.0183
2013.0000 1990.5457 3.7434 35.0170
2015.0000 1992.5140 3.7249 35.0154
2017.0000 1994.4823 3.7148 35.0147
2019.0000 1996.4507 3.7051 35.0138
2021.0000 1998.4191 3.6957 35.0134
2023.0000 2000.3873 3.6950 35.0133
2025.0000 2002.3556 3.6944 35.0134
2027.0000 2004.3237 3.6959 35.0133
2029.0000 2006.2920 3.6940 35.0133
2031.0000 2008.2601 3.6945 35.0133
2033.0000 2010.2284 3.6933 35.0132
2035.0000 2012.1965 3.6917 35.0130
2037.0000 2014.1648 3.6891 35.0124
2039.0000 2016.1328 3.6751 35.0116
2041.0000 2018.1008 3.6741 35.0115
2043.0000 2020.0690 3.6715 35.0111
2045.0000 2022.0370 3.6665 35.0106
2047.0000 2024.0050 3.6609 35.0102
2049.0000 2025.9733 3.6553 35.0096
2051.0000 2027.9414 3.6515 35.0094
2053.0000 2029.9092 3.6459 35.0088
2055.0000 2031.8772 3.6437 35.0087
2057.0000 2033.8452 3.6418 35.0085
2059.0000 2035.8130 3.6390 35.0083
2061.0000 2037.7810 3.6381 35.0082
2063.0000 2039.7490 3.6367 35.0081
2065.0000 2041.7168 3.6354 35.0080
2067.0000 2043.6846 3.6342 35.0079
2069.0000 2045.6526 3.6319 35.0077
2071.0000 2047.6206 3.6290 35.0074
2073.0000 2049.5881 3.6270 35.0072
2075.0000 2051.5559 3.6261 35.0071
2077.0000 2053.5239 3.6254 35.0071
2079.0000 2055.4915 3.6237 35.0069
2081.0000 2057.4595 3.6215 35.0067
2083.0000 2059.4272 3.6204 35.0066
2085.0000 2061.3950 3.6184 35.0063
2087.0000 2063.3625 3.6133 35.0056
2089.0000 2065.3301 3.6081 35.0052
2091.0000 2067.2979 3.6014 35.0046
2093.0000 2069.2654 3.5958 35.0036
2095.0000 2071.2332 3.5783 35.0018
2097.0000 2073.2007 3.5687 35.0011
2099.0000 2075.1685 3.5657 35.0013
2101.0000 2077.1357 3.5716 35.0017
2103.0000 2079.1035 3.5614 35.0006
2105.0000 2081.0710 3.5449 34.9998
2107.0000 2083.0383 3.5402 34.9996
2109.0000 2085.0059 3.5369 34.9992
2111.0000 2086.9734 3.5314 34.9987
2113.0000 2088.9409 3.5267 34.9984
2115.0000 2090.9082 3.5242 34.9982
2117.0000 2092.8757 3.5215 34.9981
2119.0000 2094.8433 3.5180 34.9977
2121.0000 2096.8103 3.5160 34.9976
2123.0000 2098.7778 3.5150 34.9976
2125.0000 2100.7454 3.5137 34.9974
2127.0000 2102.7124 3.5126 34.9973
2129.0000 2104.6802 3.5126 34.9974
2131.0000 2106.6472 3.5122 34.9973
2133.0000 2108.6145 3.5104 34.9970
2135.0000 2110.5818 3.5067 34.9967
2137.0000 2112.5491 3.5055 34.9965
2139.0000 2114.5161 3.5019 34.9961
2141.0000 2116.4832 3.4972 34.9953
2143.0000 2118.4507 3.4859 34.9944
2145.0000 2120.4177 3.4789 34.9938
2147.0000 2122.3853 3.4769 34.9939
2149.0000 2124.3518 3.4791 34.9937
2151.0000 2126.3191 3.4681 34.9932
2153.0000 2128.2864 3.4660 34.9929
2155.0000 2130.2534 3.4634 34.9927
2157.0000 2132.2205 3.4632 34.9927
2159.0000 2134.1875 3.4631 34.9925
2161.0000 2136.1545 3.4595 34.9923
2163.0000 2138.1213 3.4570 34.9922
2165.0000 2140.0886 3.4542 34.9917
2167.0000 2142.0557 3.4468 34.9912
2169.0000 2144.0222 3.4440 34.9910
2171.0000 2145.9893 3.4405 34.9907
2173.0000 2147.9563 3.4382 34.9905
2175.0000 2149.9233 3.4336 34.9902
2177.0000 2151.8901 3.4299 34.9900
2179.0000 2153.8569 3.4275 34.9899
2181.0000 2155.8237 3.4253 34.9897
2183.0000 2157.7905 3.4243 34.9897
2185.0000 2159.7576 3.4230 34.9895
2187.0000 2161.7241 3.4197 34.9892
2189.0000 2163.6909 3.4135 34.9886
2191.0000 2165.6575 3.4097 34.9884
2193.0000 2167.6245 3.4076 34.9883
2195.0000 2169.5911 3.4070 34.9883
2197.0000 2171.5576 3.4036 34.9879
2199.0000 2173.5247 3.4002 34.9877
2201.0000 2175.4915 3.3988 34.9877
2203.0000 2177.4578 3.3971 34.9876
2205.0000 2179.4246 3.3942 34.9871
2207.0000 2181.3911 3.3856 34.9866
2209.0000 2183.3577 3.3791 34.9862
2211.0000 2185.3242 3.3742 34.9858
2213.0000 2187.2908 3.3709 34.9856
2215.0000 2189.2573 3.3707 34.9856
2217.0000 2191.2236 3.3694 34.9856
2219.0000 2193.1902 3.3668 34.9854
2221.0000 2195.1570 3.3629 34.9851
2223.0000 2197.1235 3.3609 34.9850
2225.0000 2199.0898 3.3589 34.9849
2227.0000 2201.0564 3.3590 34.9849
2229.0000 2203.0225 3.3592 34.9849
2231.0000 2204.9888 3.3585 34.9849
2233.0000 2206.9553 3.3573 34.9847
2235.0000 2208.9216 3.3564 34.9848
2237.0000 2210.8882 3.3564 34.9848
2239.0000 2212.8542 3.3545 34.9846
2241.0000 2214.8208 3.3534 34.9844
2243.0000 2216.7871 3.3469 34.9838
2245.0000 2218.7532 3.3385 34.9831
2247.0000 2220.7195 3.3321 34.9825
2249.0000 2222.6858 3.3196 34.9816
2251.0000 2224.6521 3.3145 34.9813
2253.0000 2226.6182 3.3115 34.9809
2255.0000 2228.5842 3.3097 34.9810
2257.0000 2230.5505 3.3092 34.9810
2259.0000 2232.5164 3.3110 34.9808
2261.0000 2234.4827 3.3075 34.9808
2263.0000 2236.4487 3.3065 34.9808
2265.0000 2238.4146 3.3064 34.9808
2267.0000 2240.3809 3.3064 34.9807
2269.0000 2242.3472 3.3042 34.9804
2271.0000 2244.3132 3.2997 34.9801
2273.0000 2246.2791 3.2983 34.9800
2275.0000 2248.2449 3.2970 34.9799
2277.0000 2250.2112 3.2947 34.9798
2279.0000 2252.1770 3.2943 34.9796
2281.0000 2254.1426 3.2902 34.9793
2283.0000 2256.1089 3.2874 34.9791
2285.0000 2258.0747 3.2856 34.9789
2287.0000 2260.0405 3.2830 34.9787
2289.0000 2262.0066 3.2807 34.9784
2291.0000 2263.9724 3.2771 34.9781
2293.0000 2265.9380 3.2716 34.9776
2295.0000 2267.9041 3.2667 34.9772
2297.0000 2269.8699 3.2631 34.9768
2299.0000 2271.8357 3.2629 34.9768
2301.0000 2273.8013 3.2627 34.9768
2303.0000 2275.7673 3.2623 34.9768
2305.0000 2277.7329 3.2618 34.9767
2307.0000 2279.6982 3.2616 34.9767
2309.0000 2281.6641 3.2608 34.9766
2311.0000 2283.6299 3.2597 34.9764
2313.0000 2285.5955 3.2587 34.9763
2315.0000 2287.5610 3.2561 34.9760
2317.0000 2289.5266 3.2511 34.9757
2319.0000 2291.4924 3.2495 34.9754
2321.0000 2293.4578 3.2489 34.9754
2323.0000 2295.4236 3.2465 34.9750
2325.0000 2297.3889 3.2395 34.9745
2327.0000 2299.3545 3.2344 34.9741
2329.0000 2301.3201 3.2307 34.9738
2331.0000 2303.2856 3.2278 34.9737
2333.0000 2305.2512 3.2272 34.9738
2335.0000 2307.2166 3.2246 34.9735
2337.0000 2309.1819 3.2245 34.9737
2339.0000 2311.1475 3.2249 34.9737
2341.0000 2313.1128 3.2245 34.9737
2343.0000 2315.0781 3.2238 34.9735
2345.0000 2317.0435 3.2227 34.9734
2347.0000 2319.0088 3.2185 34.9730
2349.0000 2320.9741 3.2157 34.9727
2351.0000 2322.9392 3.2107 34.9721
2353.0000 2324.9048 3.2039 34.9717
2355.0000 2326.8699 3.2019 34.9715
2357.0000 2328.8352 3.1990 34.9713
2359.0000 2330.8003 3.1985 34.9712
2361.0000 2332.7656 3.1981 34.9712
2363.0000 2334.7307 3.1977 34.9713
2365.0000 2336.6960 3.1977 34.9712
2367.0000 2338.6614 3.1967 34.9712
2369.0000 2340.6262 3.1958 34.9710
2371.0000 2342.5913 3.1917 34.9707
2373.0000 2344.5566 3.1885 34.9704
2375.0000 2346.5217 3.1854 34.9700
2377.0000 2348.4868 3.1744 34.9690
2379.0000 2350.4519 3.1673 34.9687
2381.0000 2352.4170 3.1668 34.9686
2383.0000 2354.3818 3.1663 34.9688
2385.0000 2356.3469 3.1666 34.9687
2387.0000 2358.3120 3.1667 34.9688
2389.0000 2360.2769 3.1668 34.9689
2391.0000 2362.2419 3.1668 34.9688
2393.0000 2364.2068 3.1669 34.9687
2395.0000 2366.1719 3.1672 34.9688
2397.0000 2368.1365 3.1674 34.9689
2399.0000 2370.1016 3.1676 34.9689
2401.0000 2372.0664 3.1680 34.9689
2403.0000 2374.0310 3.1677 34.9686
2405.0000 2375.9958 3.1672 34.9687
2407.0000 2377.9607 3.1657 34.9685
2409.0000 2379.9255 3.1607 34.9680
2411.0000 2381.8901 3.1531 34.9675
2413.0000 2383.8550 3.1477 34.9670
2415.0000 2385.8198 3.1428 34.9665
2417.0000 2387.7844 3.1372 34.9662
2419.0000 2389.7495 3.1354 34.9661
2421.0000 2391.7141 3.1343 34.9660
2423.0000 2393.6787 3.1336 34.9660
2425.0000 2395.6433 3.1327 34.9658
2427.0000 2397.6079 3.1309 34.9657
2429.0000 2399.5728 3.1290 34.9656
2431.0000 2401.5371 3.1286 34.9656
2433.0000 2403.5017 3.1281 34.9655
2435.0000 2405.4663 3.1266 34.9654
2437.0000 2407.4309 3.1262 34.9653
2439.0000 2409.3953 3.1257 34.9653
2441.0000 2411.3596 3.1250 34.9652
2443.0000 2413.3245 3.1234 34.9650
2445.0000 2415.2886 3.1213 34.9650
2447.0000 2417.2529 3.1209 34.9648
2449.0000 2419.2178 3.1198 34.9646
2451.0000 2421.1819 3.1164 34.9644
2453.0000 2423.1462 3.1140 34.9642
2455.0000 2425.1108 3.1122 34.9639
2457.0000 2427.0754 3.1082 34.9636
2459.0000 2429.0393 3.0999 34.9629
2461.0000 2431.0039 3.0966 34.9627
2463.0000 2432.9683 3.0927 34.9622
2465.0000 2434.9324 3.0863 34.9618
2467.0000 2436.8965 3.0844 34.9618
2469.0000 2438.8611 3.0820 34.9615
2471.0000 2440.8252 3.0815 34.9615
2473.0000 2442.7893 3.0816 34.9615
2475.0000 2444.7534 3.0815 34.9615
2477.0000 2446.7178 3.0809 34.9614
2479.0000 2448.6816 3.0782 34.9612
2481.0000 2450.6460 3.0729 34.9607
2483.0000 2452.6104 3.0722 34.9607
2485.0000 2454.5745 3.0710 34.9607
2487.0000 2456.5383 3.0691 34.9605
2489.0000 2458.5024 3.0683 34.9605
2491.0000 2460.4666 3.0676 34.9604
2493.0000 2462.4304 3.0674 34.9604
2495.0000 2464.3945 3.0677 34.9605
2497.0000 2466.3584 3.0678 34.9603
2499.0000 2468.3225 3.0670 34.9604
2501.0000 2470.2864 3.0650 34.9602
2503.0000 2472.2505 3.0636 34.9600
2505.0000 2474.2146 3.0626 34.9599
2507.0000 2476.1782 3.0610 34.9598
2509.0000 2478.1421 3.0580 34.9594
2511.0000 2480.1060 3.0574 34.9593
2513.0000 2482.0701 3.0549 34.9593
2515.0000 2484.0337 3.0553 34.9594
2517.0000 2485.9973 3.0553 34.9593
2519.0000 2487.9612 3.0552 34.9593
2521.0000 2489.9250 3.0541 34.9590
2523.0000 2491.8889 3.0460 34.9586
2525.0000 2493.8525 3.0448 34.9584
2527.0000 2495.8162 3.0446 34.9584
2529.0000 2497.7800 3.0423 34.9581
2531.0000 2499.7437 3.0393 34.9578
2533.0000 2501.7075 3.0364 34.9577
2535.0000 2503.6711 3.0344 34.9575
2537.0000 2505.6348 3.0317 34.9572
2539.0000 2507.5984 3.0308 34.9573
2541.0000 2509.5618 3.0292 34.9571
2543.0000 2511.5254 3.0275 34.9569
2545.0000 2513.4890 3.0284 34.9568
2547.0000 2515.4526 3.0239 34.9564
2549.0000 2517.4163 3.0170 34.9562
2551.0000 2519.3799 3.0152 34.9558
2553.0000 2521.3433 3.0138 34.9557
2555.0000 2523.3066 3.0126 34.9557
2557.0000 2525.2700 3.0125 34.9557
2559.0000 2527.2334 3.0126 34.9556
2561.0000 2529.1970 3.0125 34.9556
2563.0000 2531.1604 3.0122 34.9556
2565.0000 2533.1238 3.0122 34.9556
2567.0000 2535.0872 3.0123 34.9557
2569.0000 2537.0503 3.0119 34.9555
2571.0000 2539.0137 3.0119 34.9555
2573.0000 2540.9771 3.0099 34.9554
2575.0000 2542.9407 3.0079 34.9552
2577.0000 2544.9036 3.0070 34.9552
2579.0000 2546.8669 3.0070 34.9551
2581.0000 2548.8303 3.0067 34.9551
2583.0000 2550.7932 3.0048 34.9549
2585.0000 2552.7568 3.0001 34.9545
2587.0000 2554.7200 2.9964 34.9542
2589.0000 2556.6829 2.9939 34.9539
2591.0000 2558.6460 2.9896 34.9536
2593.0000 2560.6094 2.9878 34.9534
2595.0000 2562.5725 2.9866 34.9534
2597.0000 2564.5356 2.9852 34.9533
2599.0000 2566.4985 2.9839 34.9533
2601.0000 2568.4619 2.9838 34.9533
2603.0000 2570.4246 2.9832 34.9532
2605.0000 2572.3875 2.9832 34.9532
2607.0000 2574.3508 2.9832 34.9531
2609.0000 2576.3140 2.9830 34.9531
2611.0000 2578.2766 2.9832 34.9531
2613.0000 2580.2395 2.9803 34.9528
2615.0000 2582.2029 2.9761 34.9525
2617.0000 2584.1655 2.9739 34.9524
2619.0000 2586.1284 2.9727 34.9521
2621.0000 2588.0913 2.9705 34.9519
2623.0000 2590.0542 2.9693 34.9519
2625.0000 2592.0171 2.9678 34.9518
2627.0000 2593.9800 2.9676 34.9518
2629.0000 2595.9429 2.9680 34.9517
2631.0000 2597.9055 2.9671 34.9517
2633.0000 2599.8682 2.9669 34.9516
2635.0000 2601.8313 2.9668 34.9516
2637.0000 2603.7939 2.9665 34.9517
2639.0000 2605.7566 2.9642 34.9512
2641.0000 2607.7190 2.9622 34.9513
2643.0000 2609.6821 2.9580 34.9507
2645.0000 2611.6445 2.9553 34.9508
2647.0000 2613.6074 2.9521 34.9503
2649.0000 2615.5698 2.9517 34.9504
2651.0000 2617.5327 2.9478 34.9499
2653.0000 2619.4951 2.9462 34.9499
2655.0000 2621.4578 2.9455 34.9499
2657.0000 2623.4204 2.9455 34.9499
2659.0000 2625.3828 2.9448 34.9498
2661.0000 2627.3455 2.9432 34.9496
2663.0000 2629.3079 2.9400 34.9494
2665.0000 2631.2703 2.9399 34.9494
2667.0000 2633.2329 2.9394 34.9494
2669.0000 2635.1953 2.9380 34.9492
2671.0000 2637.1577 2.9357 34.9490
2673.0000 2639.1201 2.9344 34.9489
2675.0000 2641.0825 2.9314 34.9486
2677.0000 2643.0452 2.9290 34.9484
2679.0000 2645.0073 2.9258 34.9481
2681.0000 2646.9697 2.9227 34.9479
2683.0000 2648.9321 2.9216 34.9479
2685.0000 2650.8945 2.9213 34.9479
2687.0000 2652.8564 2.9205 34.9477
2689.0000 2654.8191 2.9196 34.9476
2691.0000 2656.7812 2.9188 34.9476
2693.0000 2658.7432 2.9158 34.9472
2695.0000 2660.7056 2.9113 34.9469
2697.0000 2662.6680 2.9101 34.9468
2699.0000 2664.6304 2.9097 34.9468
2701.0000 2666.5923 2.9083 34.9467
2703.0000 2668.5544 2.9073 34.9466
2705.0000 2670.5166 2.9057 34.9464
2707.0000 2672.4785 2.9027 34.9463
2709.0000 2674.4407 2.9014 34.9461
2711.0000 2676.4031 2.9003 34.9460
2713.0000 2678.3647 2.8986 34.9458
2715.0000 2680.3269 2.8958 34.9456
2717.0000 2682.2893 2.8946 34.9456
2719.0000 2684.2512 2.8937 34.9455
2721.0000 2686.2129 2.8935 34.9454
2723.0000 2688.1748 2.8937 34.9454
2725.0000 2690.1372 2.8936 34.9454
2727.0000 2692.0989 2.8935 34.9454
2729.0000 2694.0608 2.8934 34.9454
2731.0000 2696.0229 2.8929 34.9453
2733.0000 2697.9849 2.8919 34.9452
2735.0000 2699.9463 2.8907 34.9451
2737.0000 2701.9084 2.8896 34.9450
2739.0000 2703.8704 2.8875 34.9448
2741.0000 2705.8318 2.8861 34.9446
2743.0000 2707.7939 2.8856 34.9447
2745.0000 2709.7556 2.8843 34.9444
2747.0000 2711.7175 2.8846 34.9444
2749.0000 2713.6792 2.8830 34.9444
2751.0000 2715.6409 2.8826 34.9444
2753.0000 2717.6025 2.8825 34.9442
2755.0000 2719.5642 2.8820 34.9443
2757.0000 2721.5259 2.8820 34.9443
2759.0000 2723.4875 2.8820 34.9442
2761.0000 2725.4495 2.8816 34.9442
2763.0000 2727.4109 2.8796 34.9440
2765.0000 2729.3723 2.8792 34.9440
2767.0000 2731.3342 2.8787 34.9439
2769.0000 2733.2957 2.8778 34.9439
2771.0000 2735.2571 2.8779 34.9438
2773.0000 2737.2188 2.8773 34.9438
2775.0000 2739.1802 2.8766 34.9437
2777.0000 2741.1416 2.8761 34.9436
2779.0000 2743.1033 2.8752 34.9434
2781.0000 2745.0647 2.8722 34.9432
2783.0000 2747.0259 2.8655 34.9426
2785.0000 2748.9875 2.8640 34.9426
2787.0000 2750.9490 2.8593 34.9421
2789.0000 2752.9104 2.8592 34.9422
2791.0000 2754.8716 2.8587 34.9421
2793.0000 2756.8330 2.8578 34.9420
2795.0000 2758.7944 2.8576 34.9420
2797.0000 2760.7556 2.8563 34.9419
2799.0000 2762.7168 2.8556 34.9418
2801.0000 2764.6785 2.8531 34.9416
2803.0000 2766.6394 2.8524 34.9415
2805.0000 2768.6008 2.8517 34.9415
2807.0000 2770.5620 2.8499 34.9415
2809.0000 2772.5234 2.8492 34.9414
2811.0000 2774.4844 2.8487 34.9412
2813.0000 2776.4456 2.8484 34.9412
2815.0000 2778.4067 2.8484 34.9411
2817.0000 2780.3679 2.8483 34.9412
2819.0000 2782.3289 2.8480 34.9411
2821.0000 2784.2903 2.8480 34.9411
2823.0000 2786.2512 2.8470 34.9410
2825.0000 2788.2122 2.8456 34.9410
2827.0000 2790.1733 2.8434 34.9406
2829.0000 2792.1343 2.8403 34.9404
2831.0000 2794.0955 2.8370 34.9401
2833.0000 2796.0564 2.8359 34.9400
2835.0000 2798.0173 2.8354 34.9400
2837.0000 2799.9785 2.8349 34.9400
2839.0000 2801.9392 2.8340 34.9399
2841.0000 2803.9004 2.8331 34.9398
2843.0000 2805.8613 2.8327 34.9397
2845.0000 2807.8220 2.8322 34.9398
2847.0000 2809.7830 2.8311 34.9395
2849.0000 2811.7437 2.8296 34.9394
2851.0000 2813.7046 2.8245 34.9388
2853.0000 2815.6653 2.8213 34.9387
2855.0000 2817.6265 2.8210 34.9387
2857.0000 2819.5872 2.8212 34.9388
2859.0000 2821.5476 2.8213 34.9388
2861.0000 2823.5088 2.8214 34.9388
2863.0000 2825.4692 2.8211 34.9387
2865.0000 2827.4299 2.8199 34.9386
2867.0000 2829.3906 2.8189 34.9385
2869.0000 2831.3516 2.8193 34.9386
2871.0000 2833.3123 2.8184 34.9385
2873.0000 2835.2727 2.8174 34.9384
2875.0000 2837.2334 2.8169 34.9383
2877.0000 2839.1941 2.8171 34.9383
2879.0000 2841.1543 2.8168 34.9383
2881.0000 2843.1150 2.8163 34.9382
2883.0000 2845.0757 2.8162 34.9381
2885.0000 2847.0361 2.8159 34.9380
2887.0000 2848.9968 2.8149 34.9380
2889.0000 2850.9573 2.8142 34.9379
2891.0000 2852.9180 2.8132 34.9379
2893.0000 2854.8779 2.8121 34.9377
2895.0000 2856.8384 2.8118 34.9377
2897.0000 2858.7991 2.8106 34.9376
2899.0000 2860.7595 2.8101 34.9376
2901.0000 2862.7197 2.8089 34.9375
2903.0000 2864.6802 2.8073 34.9372
2905.0000 2866.6406 2.8056 34.9371
2907.0000 2868.6008 2.8055 34.9370
2909.0000 2870.5613 2.8041 34.9370
2911.0000 2872.5217 2.8022 34.9368
2913.0000 2874.4819 2.8009 34.9367
2915.0000 2876.4421 2.8005 34.9367
2917.0000 2878.4026 2.8006 34.9368
2919.0000 2880.3625 2.7999 34.9366
2921.0000 2882.3228 2.7988 34.9365
2923.0000 2884.2832 2.7973 34.9362
2925.0000 2886.2437 2.7947 34.9362
2927.0000 2888.2034 2.7945 34.9361
2929.0000 2890.1636 2.7951 34.9361
2931.0000 2892.1235 2.7948 34.9359
2933.0000 2894.0842 2.7893 34.9357
2935.0000 2896.0439 2.7871 34.9354
2937.0000 2898.0042 2.7865 34.9355
2939.0000 2899.9641 2.7863 34.9353
2941.0000 2901.9241 2.7849 34.9352
2943.0000 2903.8840 2.7838 34.9351
2945.0000 2905.8442 2.7824 34.9350
2947.0000 2907.8042 2.7817 34.9350
2949.0000 2909.7642 2.7818 34.9349
2951.0000 2911.7239 2.7814 34.9349
2953.0000 2913.6843 2.7801 34.9348
2955.0000 2915.6438 2.7797 34.9348
2957.0000 2917.6038 2.7783 34.9345
2959.0000 2919.5637 2.7751 34.9343
2961.0000 2921.5237 2.7742 34.9341
2963.0000 2923.4834 2.7728 34.9341
2965.0000 2925.4434 2.7708 34.9339
2967.0000 2927.4031 2.7705 34.9340
2969.0000 2929.3628 2.7697 34.9338
2971.0000 2931.3225 2.7674 34.9335
2973.0000 2933.2825 2.7682 34.9336
2975.0000 2935.2419 2.7648 34.9334
2977.0000 2937.2019 2.7624 34.9332
2979.0000 2939.1614 2.7611 34.9331
2981.0000 2941.1213 2.7607 34.9330
2983.0000 2943.0806 2.7588 34.9328
2985.0000 2945.0405 2.7583 34.9328
2987.0000 2947.0002 2.7582 34.9328
2989.0000 2948.9597 2.7585 34.9328
2991.0000 2950.9194 2.7580 34.9327
2993.0000 2952.8789 2.7574 34.9327
2995.0000 2954.8389 2.7574 34.9327
2997.0000 2956.7979 2.7575 34.9327
2999.0000 2958.7578 2.7575 34.9327
3001.0000 2960.7173 2.7576 34.9327
3003.0000 2962.6765 2.7578 34.9327
3005.0000 2964.6360 2.7565 34.9325
3007.0000 2966.5957 2.7559 34.9324
3009.0000 2968.5552 2.7548 34.9323
3011.0000 2970.5144 2.7541 34.9323
3013.0000 2972.4741 2.7539 34.9322
3015.0000 2974.4333 2.7523 34.9321
3017.0000 2976.3926 2.7499 34.9318
3019.0000 2978.3518 2.7488 34.9317
3021.0000 2980.3115 2.7485 34.9317
3023.0000 2982.2710 2.7487 34.9317
3025.0000 2984.2297 2.7485 34.9317
3027.0000 2986.1892 2.7485 34.9317
3029.0000 2988.1484 2.7484 34.9318
3031.0000 2990.1077 2.7471 34.9315
3033.0000 2992.0669 2.7454 34.9313
3035.0000 2994.0261 2.7431 34.9311
3037.0000 2995.9854 2.7402 34.9309
3039.0000 2997.9443 2.7384 34.9308
3041.0000 2999.9038 2.7373 34.9307
3043.0000 3001.8628 2.7369 34.9306
3045.0000 3003.8220 2.7364 34.9306
3047.0000 3005.7812 2.7365 34.9307
3049.0000 3007.7402 2.7366 34.9306
3051.0000 3009.6990 2.7364 34.9305
3053.0000 3011.6582 2.7359 34.9304
3055.0000 3013.6172 2.7351 34.9305
3057.0000 3015.5764 2.7351 34.9304
3059.0000 3017.5352 2.7352 34.9304
3061.0000 3019.4944 2.7353 34.9303
3063.0000 3021.4534 2.7352 34.9304
3065.0000 3023.4121 2.7348 34.9303
3067.0000 3025.3711 2.7348 34.9303
3069.0000 3027.3301 2.7341 34.9302
3071.0000 3029.2893 2.7340 34.9302
3073.0000 3031.2478 2.7335 34.9301
3075.0000 3033.2068 2.7325 34.9300
3077.0000 3035.1658 2.7300 34.9297
3079.0000 3037.1243 2.7280 34.9295
3081.0000 3039.0833 2.7267 34.9295
3083.0000 3041.0422 2.7255 34.9294
3085.0000 3043.0007 2.7246 34.9293
3087.0000 3044.9595 2.7242 34.9292
3089.0000 3046.9182 2.7234 34.9292
3091.0000 3048.8772 2.7231 34.9291
3093.0000 3050.8357 2.7217 34.9290
3095.0000 3052.7942 2.7208 34.9290
3097.0000 3054.7529 2.7206 34.9289
3099.0000 3056.7119 2.7201 34.9289
3101.0000 3058.6702 2.7191 34.9287
3103.0000 3060.6289 2.7183 34.9287
3105.0000 3062.5876 2.7184 34.9287
3107.0000 3064.5459 2.7182 34.9285
3109.0000 3066.5046 2.7171 34.9285
3111.0000 3068.4634 2.7156 34.9284
3113.0000 3070.4214 2.7146 34.9282
3115.0000 3072.3804 2.7130 34.9281
3117.0000 3074.3386 2.7127 34.9282
3119.0000 3076.2971 2.7126 34.9281
3121.0000 3078.2556 2.7127 34.9281
3123.0000 3080.2139 2.7128 34.9281
3125.0000 3082.1724 2.7103 34.9277
3127.0000 3084.1309 2.7065 34.9275
3129.0000 3086.0891 2.7053 34.9274
3131.0000 3088.0476 2.7043 34.9273
3133.0000 3090.0061 2.7018 34.9271
3135.0000 3091.9641 2.6980 34.9267
3137.0000 3093.9226 2.6961 34.9266
3139.0000 3095.8809 2.6956 34.9266
3141.0000 3097.8394 2.6955 34.9265
3143.0000 3099.7974 2.6948 34.9264
3145.0000 3101.7559 2.6944 34.9263
3147.0000 3103.7141 2.6927 34.9263
3149.0000 3105.6721 2.6928 34.9262
3151.0000 3107.6304 2.6905 34.9261
3153.0000 3109.5889 2.6907 34.9261
3155.0000 3111.5464 2.6905 34.9261
3157.0000 3113.5049 2.6885 34.9258
3159.0000 3115.4629 2.6850 34.9255
3161.0000 3117.4209 2.6847 34.9256
3163.0000 3119.3792 2.6847 34.9256
3165.0000 3121.3372 2.6843 34.9255
3167.0000 3123.2952 2.6840 34.9255
3169.0000 3125.2529 2.6843 34.9255
3171.0000 3127.2112 2.6848 34.9255
3173.0000 3129.1694 2.6851 34.9255
3175.0000 3131.1270 2.6855 34.9255
3177.0000 3133.0852 2.6857 34.9255
3179.0000 3135.0432 2.6860 34.9256
3181.0000 3137.0010 2.6860 34.9255
3183.0000 3138.9587 2.6857 34.9255
3185.0000 3140.9170 2.6853 34.9255
3187.0000 3142.8750 2.6850 34.9253
3189.0000 3144.8323 2.6850 34.9253
3191.0000 3146.7903 2.6843 34.9253
3193.0000 3148.7483 2.6819 34.9250
3195.0000 3150.7061 2.6809 34.9249
3197.0000 3152.6638 2.6810 34.9250
3199.0000 3154.6216 2.6815 34.9249
3201.0000 3156.5796 2.6798 34.9248
3203.0000 3158.5369 2.6789 34.9246
3205.0000 3160.4949 2.6787 34.9246
3207.0000 3162.4526 2.6774 34.9245
3209.0000 3164.4106 2.6775 34.9246
3211.0000 3166.3677 2.6768 34.9244
3213.0000 3168.3254 2.6762 34.9244
3215.0000 3170.2832 2.6774 34.9244
3217.0000 3172.2407 2.6731 34.9241
3219.0000 3174.1982 2.6679 34.9235
3221.0000 3176.1560 2.6628 34.9232
3223.0000 3178.1138 2.6623 34.9231
3225.0000 3180.0710 2.6616 34.9231
3227.0000 3182.0283 2.6611 34.9231
3229.0000 3183.9861 2.6609 34.9230
3231.0000 3185.9436 2.6606 34.9230
3233.0000 3187.9011 2.6604 34.9229
3235.0000 3189.8584 2.6607 34.9230
3237.0000 3191.8157 2.6605 34.9230
3239.0000 3193.7732 2.6607 34.9231
3241.0000 3195.7307 2.6606 34.9230
3243.0000 3197.6880 2.6602 34.9229
3245.0000 3199.6453 2.6596 34.9228
3247.0000 3201.6028 2.6597 34.9228
3249.0000 3203.5603 2.6564 34.9224
3251.0000 3205.5171 2.6551 34.9224
3253.0000 3207.4746 2.6544 34.9223
3255.0000 3209.4321 2.6522 34.9221
3257.0000 3211.3894 2.6522 34.9221
3259.0000 3213.3464 2.6521 34.9221
3261.0000 3215.3035 2.6523 34.9221
3263.0000 3217.2610 2.6519 34.9220
3265.0000 3219.2178 2.6516 34.9220
3267.0000 3221.1753 2.6515 34.9221
3269.0000 3223.1326 2.6510 34.9220
3271.0000 3225.0896 2.6492 34.9217
3273.0000 3227.0464 2.6484 34.9216
3275.0000 3229.0039 2.6484 34.9217
3277.0000 3230.9609 2.6465 34.9214
3279.0000 3232.9180 2.6444 34.9213
3281.0000 3234.8750 2.6437 34.9213
3283.0000 3236.8320 2.6423 34.9211
3285.0000 3238.7891 2.6419 34.9210
3287.0000 3240.7458 2.6419 34.9210
3289.0000 3242.7031 2.6404 34.9209
3291.0000 3244.6599 2.6404 34.9210
3293.0000 3246.6167 2.6405 34.9209
3295.0000 3248.5737 2.6401 34.9208
3297.0000 3250.5308 2.6402 34.9209
3299.0000 3252.4875 2.6405 34.9208
3301.0000 3254.4443 2.6400 34.9208
3303.0000 3256.4014 2.6397 34.9208
3305.0000 3258.3584 2.6396 34.9208
3307.0000 3260.3149 2.6372 34.9206
3309.0000 3262.2720 2.6365 34.9202
3311.0000 3264.2288 2.6336 34.9202
3313.0000 3266.1853 2.6330 34.9201
3315.0000 3268.1418 2.6320 34.9199
3317.0000 3270.0989 2.6306 34.9198
3319.0000 3272.0557 2.6263 34.9194
3321.0000 3274.0122 2.6218 34.9191
3323.0000 3275.9690 2.6213 34.9191
3325.0000 3277.9255 2.6209 34.9189
3327.0000 3279.8821 2.6196 34.9189
3329.0000 3281.8389 2.6179 34.9187
3331.0000 3283.7957 2.6166 34.9187
3333.0000 3285.7522 2.6164 34.9187
3335.0000 3287.7087 2.6160 34.9186
3337.0000 3289.6650 2.6151 34.9185
3339.0000 3291.6218 2.6148 34.9184
3341.0000 3293.5781 2.6139 34.9183
3343.0000 3295.5347 2.6118 34.9182
3345.0000 3297.4915 2.6095 34.9179
3347.0000 3299.4480 2.6046 34.9175
3349.0000 3301.4043 2.6034 34.9174
3351.0000 3303.3606 2.6030 34.9175
3353.0000 3305.3171 2.6024 34.9173
3355.0000 3307.2732 2.5988 34.9170
3357.0000 3309.2297 2.5968 34.9169
3359.0000 3311.1863 2.5965 34.9168
3361.0000 3313.1428 2.5952 34.9168
3363.0000 3315.0989 2.5929 34.9165
3365.0000 3317.0554 2.5900 34.9163
3367.0000 3319.0115 2.5899 34.9162
3369.0000 3320.9675 2.5889 34.9162
3371.0000 3322.9241 2.5878 34.9161
3373.0000 3324.8804 2.5864 34.9159
3375.0000 3326.8364 2.5829 34.9156
3377.0000 3328.7927 2.5822 34.9156
3379.0000 3330.7490 2.5818 34.9156
3381.0000 3332.7053 2.5795 34.9154
3383.0000 3334.6611 2.5793 34.9152
3385.0000 3336.6174 2.5782 34.9153
3387.0000 3338.5735 2.5783 34.9153
3389.0000 3340.5293 2.5782 34.9152
3391.0000 3342.4856 2.5786 34.9151
3393.0000 3344.4417 2.5788 34.9152
3395.0000 3346.3979 2.5790 34.9152
3397.0000 3348.3540 2.5787 34.9153
3399.0000 3350.3098 2.5776 34.9151
3401.0000 3352.2661 2.5778 34.9151
3403.0000 3354.2217 2.5782 34.9151
3405.0000 3356.1775 2.5772 34.9149
3407.0000 3358.1338 2.5764 34.9149
3409.0000 3360.0896 2.5758 34.9149
3411.0000 3362.0452 2.5756 34.9148
3413.0000 3364.0015 2.5746 34.9147
3415.0000 3365.9575 2.5741 34.9146
3417.0000 3367.9128 2.5725 34.9144
3419.0000 3369.8691 2.5706 34.9144
3421.0000 3371.8252 2.5703 34.9143
3423.0000 3373.7810 2.5693 34.9143
3425.0000 3375.7366 2.5692 34.9142
3427.0000 3377.6924 2.5686 34.9141
3429.0000 3379.6479 2.5656 34.9138
3431.0000 3381.6033 2.5613 34.9135
3433.0000 3383.5593 2.5600 34.9134
3435.0000 3385.5151 2.5574 34.9130
3437.0000 3387.4707 2.5515 34.9127
3439.0000 3389.4265 2.5508 34.9125
3441.0000 3391.3821 2.5488 34.9124
3443.0000 3393.3379 2.5482 34.9126
3445.0000 3395.2935 2.5474 34.9123
3447.0000 3397.2488 2.5464 34.9122
3449.0000 3399.2046 2.5495 34.9124
3451.0000 3401.1602 2.5417 34.9119
3453.0000 3403.1157 2.5415 34.9119
3455.0000 3405.0715 2.5419 34.9117
3457.0000 3407.0271 2.5428 34.9120
3459.0000 3408.9822 2.5423 34.9119
3461.0000 3410.9380 2.5409 34.9117
3463.0000 3412.8933 2.5407 34.9117
3465.0000 3414.8486 2.5421 34.9117
3467.0000 3416.8040 2.5430 34.9119
3469.0000 3418.7595 2.5435 34.9119
3471.0000 3420.7148 2.5439 34.9119
3473.0000 3422.6699 2.5438 34.9119
3475.0000 3424.6255 2.5438 34.9119
3477.0000 3426.5808 2.5418 34.9116
3479.0000 3428.5361 2.5404 34.9115
3481.0000 3430.4915 2.5398 34.9113
3483.0000 3432.4470 2.5359 34.9111
3485.0000 3434.4021 2.5342 34.9110
3487.0000 3436.3572 2.5324 34.9108
3489.0000 3438.3125 2.5293 34.9105
3491.0000 3440.2676 2.5267 34.9103
3493.0000 3442.2227 2.5282 34.9104
3495.0000 3444.1782 2.5274 34.9103
3497.0000 3446.1333 2.5254 34.9102
3499.0000 3448.0884 2.5244 34.9101
3501.0000 3450.0432 2.5232 34.9101
3503.0000 3451.9988 2.5237 34.9101
3505.0000 3453.9539 2.5225 34.9100
3507.0000 3455.9084 2.5213 34.9098
3509.0000 3457.8640 2.5211 34.9098
3511.0000 3459.8191 2.5212 34.9099
3513.0000 3461.7737 2.5214 34.9098
3515.0000 3463.7288 2.5209 34.9097
3517.0000 3465.6838 2.5208 34.9098
3519.0000 3467.6387 2.5211 34.9097
3521.0000 3469.5940 2.5214 34.9098
3523.0000 3471.5488 2.5211 34.9097
3525.0000 3473.5034 2.5213 34.9096
3527.0000 3475.4583 2.5219 34.9097
3529.0000 3477.4133 2.5210 34.9096
3531.0000 3479.3684 2.5202 34.9096
3533.0000 3481.3232 2.5197 34.9095
3535.0000 3483.2781 2.5200 34.9096
3537.0000 3485.2327 2.5201 34.9095
3539.0000 3487.1877 2.5199 34.9095
3541.0000 3489.1423 2.5198 34.9095
3543.0000 3491.0969 2.5187 34.9093
3545.0000 3493.0520 2.5181 34.9092
3547.0000 3495.0071 2.5177 34.9092
3549.0000 3496.9612 2.5169 34.9091
3551.0000 3498.9163 2.5167 34.9090
3553.0000 3500.8708 2.5164 34.9091
3555.0000 3502.8252 2.5161 34.9091
3557.0000 3504.7803 2.5158 34.9089
3559.0000 3506.7349 2.5159 34.9090
3561.0000 3508.6892 2.5158 34.9090
3563.0000 3510.6438 2.5153 34.9089
3565.0000 3512.5984 2.5137 34.9087
3567.0000 3514.5530 2.5140 34.9086
3569.0000 3516.5073 2.5091 34.9084
3571.0000 3518.4619 2.5084 34.9083
3573.0000 3520.4165 2.5081 34.9082
3575.0000 3522.3708 2.5059 34.9080
3577.0000 3524.3254 2.5036 34.9078
3579.0000 3526.2800 2.5016 34.9076
3581.0000 3528.2341 2.5005 34.9076
3583.0000 3530.1885 2.5002 34.9075
3585.0000 3532.1431 2.5002 34.9076
3587.0000 3534.0977 2.5001 34.9075
3589.0000 3536.0520 2.4989 34.9074
3591.0000 3538.0061 2.4971 34.9073
3593.0000 3539.9607 2.4957 34.9071
3595.0000 3541.9150 2.4934 34.9069
3597.0000 3543.8691 2.4930 34.9069
3599.0000 3545.8235 2.4916 34.9067
3601.0000 3547.7776 2.4887 34.9065
3603.0000 3549.7319 2.4880 34.9065
3605.0000 3551.6860 2.4869 34.9063
3607.0000 3553.6401 2.4850 34.9062
3609.0000 3555.5945 2.4859 34.9061
3611.0000 3557.5486 2.4805 34.9059
3613.0000 3559.5029 2.4800 34.9058
3615.0000 3561.4570 2.4786 34.9057
3617.0000 3563.4109 2.4748 34.9052
3619.0000 3565.3652 2.4715 34.9050
3621.0000 3567.3193 2.4685 34.9046
3623.0000 3569.2734 2.4633 34.9043
3625.0000 3571.2273 2.4604 34.9041
3627.0000 3573.1816 2.4603 34.9041
3629.0000 3575.1353 2.4552 34.9036
3631.0000 3577.0896 2.4514 34.9034
3633.0000 3579.0435 2.4511 34.9035
3635.0000 3580.9976 2.4512 34.9034
3637.0000 3582.9514 2.4505 34.9033
3639.0000 3584.9053 2.4506 34.9034
3641.0000 3586.8594 2.4505 34.9034
3643.0000 3588.8132 2.4498 34.9032
3645.0000 3590.7666 2.4513 34.9034
3647.0000 3592.7207 2.4515 34.9033
3649.0000 3594.6750 2.4515 34.9034
3651.0000 3596.6284 2.4513 34.9033
3653.0000 3598.5823 2.4513 34.9033
3655.0000 3600.5359 2.4509 34.9033
3657.0000 3602.4902 2.4512 34.9033
3659.0000 3604.4436 2.4513 34.9032
3661.0000 3606.3975 2.4514 34.9032
3663.0000 3608.3511 2.4508 34.9031
3665.0000 3610.3044 2.4506 34.9032
3667.0000 3612.2583 2.4507 34.9031
3669.0000 3614.2122 2.4512 34.9031
3671.0000 3616.1658 2.4520 34.9029
3673.0000 3618.1194 2.4519 34.9029
3675.0000 3620.0730 2.4514 34.9028
3677.0000 3622.0269 2.4506 34.9028
3679.0000 3623.9802 2.4487 34.9027
3681.0000 3625.9336 2.4470 34.9025
3683.0000 3627.8875 2.4456 34.9023
3685.0000 3629.8408 2.4423 34.9021
3687.0000 3631.7942 2.4397 34.9020
3689.0000 3633.7476 2.4409 34.9020
3691.0000 3635.7017 2.4367 34.9016
3693.0000 3637.6548 2.4303 34.9012
3695.0000 3639.6082 2.4278 34.9010
3697.0000 3641.5618 2.4288 34.9010
3699.0000 3643.5149 2.4226 34.9006
3701.0000 3645.4683 2.4243 34.9006
3703.0000 3647.4221 2.4223 34.9006
3705.0000 3649.3755 2.4251 34.9007
3707.0000 3651.3284 2.4235 34.9006
3709.0000 3653.2817 2.4258 34.9007
3711.0000 3655.2351 2.4230 34.9003
3713.0000 3657.1880 2.4209 34.9002
3715.0000 3659.1418 2.4203 34.9002
3717.0000 3661.0952 2.4173 34.8999
3719.0000 3663.0481 2.4160 34.8999
3721.0000 3665.0012 2.4155 34.8999
3723.0000 3666.9546 2.4163 34.8997
3725.0000 3668.9080 2.4149 34.8997
3727.0000 3670.8608 2.4150 34.8997
3729.0000 3672.8142 2.4138 34.8996
3731.0000 3674.7671 2.4143 34.8996
3733.0000 3676.7205 2.4139 34.8996
3735.0000 3678.6736 2.4139 34.8995
3737.0000 3680.6265 2.4137 34.8996
3739.0000 3682.5798 2.4146 34.8995
3741.0000 3684.5325 2.4157 34.8997
3743.0000 3686.4854 2.4158 34.8996
3745.0000 3688.4387 2.4158 34.8997
3747.0000 3690.3921 2.4142 34.8995
3749.0000 3692.3447 2.4147 34.8993
3751.0000 3694.2976 2.4085 34.8990
3753.0000 3696.2505 2.4140 34.8993
3755.0000 3698.2036 2.4129 34.8992
3757.0000 3700.1565 2.4126 34.8991
3759.0000 3702.1094 2.4028 34.8982
3761.0000 3704.0620 2.4012 34.8982
3763.0000 3706.0149 2.3985 34.8982
3765.0000 3707.9678 2.4014 34.8983
3767.0000 3709.9209 2.3994 34.8981
3769.0000 3711.8733 2.3985 34.8980
3771.0000 3713.8259 2.3983 34.8979
3773.0000 3715.7793 2.3978 34.8980
3775.0000 3717.7314 2.3936 34.8976
3777.0000 3719.6843 2.3937 34.8976
3779.0000 3721.6370 2.3915 34.8973
3781.0000 3723.5901 2.3874 34.8970
3783.0000 3725.5425 2.3881 34.8971
3785.0000 3727.4954 2.3885 34.8971
3787.0000 3729.4478 2.3881 34.8971
3789.0000 3731.4004 2.3881 34.8971
3791.0000 3733.3530 2.3879 34.8970
3793.0000 3735.3059 2.3891 34.8970
3795.0000 3737.2583 2.3892 34.8970
3797.0000 3739.2109 2.3878 34.8969
3799.0000 3741.1636 2.3873 34.8969
3801.0000 3743.1160 2.3874 34.8969
3803.0000 3745.0681 2.3871 34.8968
3805.0000 3747.0210 2.3873 34.8968
3807.0000 3748.9736 2.3884 34.8968
3809.0000 3750.9260 2.3891 34.8967
