CTD cast

DATE:  16-Jan-2016 13:08:59
latitude:  24.7082
longitude:  -22.8835
  P (db)  z (m)    T (^oC)  S (psu)
3.0000 2.9807 22.1656 36.8728
5.0000 4.9679 22.1708 36.8729
7.0000 6.9550 22.1749 36.8730
9.0000 8.9421 22.1767 36.8727
11.0000 10.9292 22.1488 36.8725
13.0000 12.9163 22.1419 36.8727
15.0000 14.9033 22.1313 36.8725
17.0000 16.8903 22.1296 36.8726
19.0000 18.8773 22.1275 36.8727
21.0000 20.8643 22.1268 36.8729
23.0000 22.8513 22.1257 36.8734
25.0000 24.8382 22.1261 36.8740
27.0000 26.8252 22.1267 36.8738
29.0000 28.8121 22.1269 36.8742
31.0000 30.7990 22.1270 36.8743
33.0000 32.7858 22.1271 36.8743
35.0000 34.7727 22.1269 36.8748
37.0000 36.7595 22.1282 36.8774
39.0000 38.7463 22.1292 36.8799
41.0000 40.7331 22.1295 36.8815
43.0000 42.7199 22.1296 36.8841
45.0000 44.7066 22.1297 36.8900
47.0000 46.6934 22.1293 36.9140
49.0000 48.6801 22.1436 36.9298
51.0000 50.6668 22.1388 36.9262
53.0000 52.6535 22.1200 36.9347
55.0000 54.6401 22.0837 36.9351
57.0000 56.6268 22.0642 36.9318
59.0000 58.6134 22.0722 36.9503
61.0000 60.6000 22.0868 36.9670
63.0000 62.5866 22.0851 36.9746
65.0000 64.5731 22.0850 36.9778
67.0000 66.5597 22.0809 36.9782
69.0000 68.5462 22.0781 36.9794
71.0000 70.5327 22.0756 36.9793
73.0000 72.5192 22.0732 36.9798
75.0000 74.5057 22.0727 36.9799
77.0000 76.4921 22.0710 36.9804
79.0000 78.4785 22.0699 36.9806
81.0000 80.4649 22.0696 36.9807
83.0000 82.4513 22.0691 36.9810
85.0000 84.4377 22.0234 36.9682
87.0000 86.4240 21.7964 36.9224
89.0000 88.4104 21.2876 36.8130
91.0000 90.3967 20.6541 36.7359
93.0000 92.3830 20.4562 36.7378
95.0000 94.3693 20.3318 36.7142
97.0000 96.3555 19.8957 36.6820
99.0000 98.3418 19.7689 36.6778
101.0000 100.3280 19.5125 36.6711
103.0000 102.3142 19.3136 36.6790
105.0000 104.3003 19.1441 36.6743
107.0000 106.2865 19.0841 36.6755
109.0000 108.2726 19.0601 36.6764
111.0000 110.2588 18.9666 36.6774
113.0000 112.2449 18.7550 36.6593
115.0000 114.2309 18.5461 36.6201
117.0000 116.2170 18.5643 36.6245
119.0000 118.2030 18.5060 36.6439
121.0000 120.1891 18.5197 36.6819
123.0000 122.1751 18.5097 36.6733
125.0000 124.1611 18.4691 36.6829
127.0000 126.1470 18.4513 36.6809
129.0000 128.1330 18.3389 36.6791
131.0000 130.1189 18.3158 36.6838
133.0000 132.1048 18.3327 36.6808
135.0000 134.0907 18.2530 36.6736
137.0000 136.0766 18.2125 36.6800
139.0000 138.0624 18.2155 36.6828
141.0000 140.0482 18.2067 36.6817
143.0000 142.0340 18.1543 36.6704
145.0000 144.0199 18.1109 36.6693
147.0000 146.0056 18.0883 36.6683
149.0000 147.9914 17.9897 36.6527
151.0000 149.9771 17.9696 36.6482
153.0000 151.9628 17.9527 36.6453
155.0000 153.9485 17.8930 36.6376
157.0000 155.9342 17.8763 36.6345
159.0000 157.9199 17.7837 36.6223
161.0000 159.9055 17.7582 36.6185
163.0000 161.8911 17.7120 36.6105
165.0000 163.8767 17.6752 36.6043
167.0000 165.8623 17.6613 36.6024
169.0000 167.8479 17.6498 36.6002
171.0000 169.8334 17.6240 36.5945
173.0000 171.8189 17.6038 36.5897
175.0000 173.8044 17.5801 36.5829
177.0000 175.7899 17.5367 36.5761
179.0000 177.7754 17.4719 36.5609
181.0000 179.7608 17.4473 36.5557
183.0000 181.7463 17.3241 36.5220
185.0000 183.7317 17.3126 36.5209
187.0000 185.7171 17.2791 36.5103
189.0000 187.7025 17.2558 36.5112
191.0000 189.6878 17.2731 36.5193
193.0000 191.6731 17.2879 36.5264
195.0000 193.6585 17.2816 36.5251
197.0000 195.6437 17.2161 36.5112
199.0000 197.6290 17.1880 36.5068
201.0000 199.6143 17.1681 36.5025
203.0000 201.5995 17.1329 36.4945
205.0000 203.5847 17.0781 36.4828
207.0000 205.5699 17.0153 36.4713
209.0000 207.5551 16.9852 36.4647
211.0000 209.5403 16.9693 36.4616
213.0000 211.5254 16.8855 36.4422
215.0000 213.5105 16.8274 36.4307
217.0000 215.4956 16.7586 36.4191
219.0000 217.4807 16.7419 36.4181
221.0000 219.4658 16.7385 36.4194
223.0000 221.4508 16.7488 36.4246
225.0000 223.4358 16.7359 36.4209
227.0000 225.4209 16.6841 36.4065
229.0000 227.4059 16.6674 36.4053
231.0000 229.3908 16.5924 36.3881
233.0000 231.3757 16.5421 36.3777
235.0000 233.3607 16.5278 36.3735
237.0000 235.3456 16.4735 36.3542
239.0000 237.3305 16.3387 36.3260
241.0000 239.3154 16.2385 36.3047
243.0000 241.3002 16.2269 36.3061
245.0000 243.2851 16.2168 36.3042
247.0000 245.2699 16.1674 36.2927
249.0000 247.2547 16.0945 36.2792
251.0000 249.2395 16.0611 36.2747
253.0000 251.2242 16.0334 36.2697
255.0000 253.2089 16.0226 36.2724
257.0000 255.1936 16.0007 36.2697
259.0000 257.1783 15.9738 36.2654
261.0000 259.1631 15.9486 36.2594
263.0000 261.1477 15.9119 36.2508
265.0000 263.1324 15.8829 36.2432
267.0000 265.1169 15.8402 36.2333
269.0000 267.1016 15.7821 36.2211
271.0000 269.0862 15.6867 36.2013
273.0000 271.0707 15.6582 36.1971
275.0000 273.0553 15.6508 36.1960
277.0000 275.0398 15.6489 36.1960
279.0000 277.0244 15.6393 36.1943
281.0000 279.0088 15.6055 36.1882
283.0000 280.9933 15.5617 36.1814
285.0000 282.9777 15.5343 36.1746
287.0000 284.9622 15.4931 36.1675
289.0000 286.9466 15.4395 36.1554
291.0000 288.9310 15.3963 36.1484
293.0000 290.9154 15.3923 36.1479
295.0000 292.8997 15.3888 36.1475
297.0000 294.8840 15.3790 36.1457
299.0000 296.8684 15.3541 36.1405
301.0000 298.8526 15.2997 36.1277
303.0000 300.8369 15.2157 36.1088
305.0000 302.8212 15.1542 36.0941
307.0000 304.8055 15.1151 36.0876
309.0000 306.7897 15.1173 36.0902
311.0000 308.7739 15.1233 36.0955
313.0000 310.7581 15.0921 36.0898
315.0000 312.7422 14.9965 36.0722
317.0000 314.7264 14.9500 36.0642
319.0000 316.7105 14.8721 36.0508
321.0000 318.6946 14.8174 36.0403
323.0000 320.6787 14.7726 36.0307
325.0000 322.6628 14.7516 36.0268
327.0000 324.6468 14.7240 36.0206
329.0000 326.6308 14.6718 36.0103
331.0000 328.6149 14.5749 35.9929
333.0000 330.5988 14.5412 35.9886
335.0000 332.5828 14.5038 35.9831
337.0000 334.5668 14.4735 35.9775
339.0000 336.5507 14.4395 35.9721
341.0000 338.5346 14.4127 35.9669
343.0000 340.5185 14.3878 35.9633
345.0000 342.5024 14.3650 35.9606
347.0000 344.4863 14.3604 35.9617
349.0000 346.4701 14.3492 35.9604
351.0000 348.4539 14.3271 35.9590
353.0000 350.4377 14.3047 35.9568
355.0000 352.4215 14.2649 35.9520
357.0000 354.4053 14.2558 35.9498
359.0000 356.3890 14.2149 35.9420
361.0000 358.3727 14.1706 35.9362
363.0000 360.3564 14.1385 35.9301
365.0000 362.3401 14.1032 35.9265
367.0000 364.3238 14.0869 35.9252
369.0000 366.3074 14.0650 35.9214
371.0000 368.2911 14.0427 35.9179
373.0000 370.2747 14.0097 35.9123
375.0000 372.2583 13.9825 35.9082
377.0000 374.2419 13.9487 35.9036
379.0000 376.2254 13.9199 35.8990
381.0000 378.2090 13.8902 35.8943
383.0000 380.1925 13.8376 35.8858
385.0000 382.1760 13.7934 35.8805
387.0000 384.1594 13.7876 35.8803
389.0000 386.1429 13.7777 35.8789
391.0000 388.1263 13.7621 35.8768
393.0000 390.1098 13.7299 35.8721
395.0000 392.0932 13.7003 35.8685
397.0000 394.0765 13.6841 35.8665
399.0000 396.0599 13.6577 35.8609
401.0000 398.0432 13.6290 35.8574
403.0000 400.0266 13.6050 35.8544
405.0000 402.0099 13.5777 35.8510
407.0000 403.9932 13.5505 35.8444
409.0000 405.9764 13.4951 35.8362
411.0000 407.9597 13.4585 35.8321
413.0000 409.9429 13.4318 35.8288
415.0000 411.9261 13.4029 35.8241
417.0000 413.9094 13.3508 35.8169
419.0000 415.8925 13.3125 35.8116
421.0000 417.8756 13.2971 35.8104
423.0000 419.8588 13.2877 35.8105
425.0000 421.8419 13.2516 35.8025
427.0000 423.8250 13.2181 35.7982
429.0000 425.8081 13.2062 35.7971
431.0000 427.7911 13.1712 35.7896
433.0000 429.7742 13.0958 35.7778
435.0000 431.7572 13.0714 35.7733
437.0000 433.7402 13.0537 35.7698
439.0000 435.7232 13.0063 35.7612
441.0000 437.7061 12.9660 35.7556
443.0000 439.6891 12.9325 35.7505
445.0000 441.6720 12.9049 35.7469
447.0000 443.6549 12.8863 35.7442
449.0000 445.6378 12.8796 35.7510
451.0000 447.6207 12.8692 35.7512
453.0000 449.6035 12.8411 35.7490
455.0000 451.5864 12.8263 35.7480
457.0000 453.5692 12.7975 35.7437
459.0000 455.5519 12.7781 35.7401
461.0000 457.5347 12.7415 35.7335
463.0000 459.5175 12.7087 35.7286
465.0000 461.5002 12.6992 35.7277
467.0000 463.4829 12.6940 35.7278
469.0000 465.4656 12.6661 35.7256
471.0000 467.4484 12.6323 35.7202
473.0000 469.4309 12.5701 35.7089
475.0000 471.4136 12.5398 35.7036
477.0000 473.3962 12.5077 35.6964
479.0000 475.3789 12.4707 35.6907
481.0000 477.3614 12.4295 35.6843
483.0000 479.3440 12.4018 35.6802
485.0000 481.3265 12.3734 35.6749
487.0000 483.3091 12.3343 35.6700
489.0000 485.2916 12.3212 35.6687
491.0000 487.2741 12.2953 35.6648
493.0000 489.2565 12.2550 35.6595
495.0000 491.2390 12.2327 35.6570
497.0000 493.2214 12.2262 35.6562
499.0000 495.2038 12.2166 35.6548
501.0000 497.1862 12.2009 35.6523
503.0000 499.1686 12.1646 35.6466
505.0000 501.1510 12.1190 35.6409
507.0000 503.1332 12.0935 35.6384
509.0000 505.1156 12.0674 35.6356
511.0000 507.0979 12.0516 35.6331
513.0000 509.0802 12.0391 35.6313
515.0000 511.0624 12.0272 35.6295
517.0000 513.0447 11.9939 35.6248
519.0000 515.0269 11.9508 35.6204
521.0000 517.0090 11.9185 35.6172
523.0000 518.9913 11.8741 35.6108
525.0000 520.9734 11.8329 35.6053
527.0000 522.9556 11.8165 35.6081
529.0000 524.9377 11.8275 35.6160
531.0000 526.9198 11.8085 35.6156
533.0000 528.9019 11.7812 35.6136
535.0000 530.8840 11.7721 35.6125
537.0000 532.8660 11.7527 35.6099
539.0000 534.8481 11.7310 35.6076
541.0000 536.8301 11.7249 35.6071
543.0000 538.8121 11.7215 35.6069
545.0000 540.7941 11.7158 35.6061
547.0000 542.7760 11.6906 35.6025
549.0000 544.7579 11.6546 35.5962
551.0000 546.7399 11.6167 35.5933
553.0000 548.7218 11.5914 35.5900
555.0000 550.7036 11.5649 35.5865
557.0000 552.6855 11.5220 35.5810
559.0000 554.6674 11.4973 35.5778
561.0000 556.6492 11.4911 35.5778
563.0000 558.6309 11.4915 35.5783
565.0000 560.6127 11.4856 35.5776
567.0000 562.5945 11.4661 35.5746
569.0000 564.5762 11.4443 35.5704
571.0000 566.5580 11.3999 35.5619
573.0000 568.5397 11.3595 35.5566
575.0000 570.5214 11.3462 35.5545
577.0000 572.5031 11.3115 35.5491
579.0000 574.4847 11.2485 35.5400
581.0000 576.4663 11.2088 35.5325
583.0000 578.4479 11.1858 35.5337
585.0000 580.4296 11.1786 35.5337
587.0000 582.4112 11.1787 35.5343
589.0000 584.3928 11.1775 35.5353
591.0000 586.3742 11.1639 35.5331
593.0000 588.3558 11.1304 35.5287
595.0000 590.3373 11.0980 35.5253
597.0000 592.3187 11.0707 35.5227
599.0000 594.3002 11.0540 35.5229
601.0000 596.2817 11.0599 35.5298
603.0000 598.2631 11.0421 35.5285
605.0000 600.2445 11.0213 35.5264
607.0000 602.2259 10.9841 35.5227
609.0000 604.2073 10.9657 35.5206
611.0000 606.1886 10.9178 35.5145
613.0000 608.1699 10.8754 35.5107
615.0000 610.1513 10.8613 35.5082
617.0000 612.1326 10.8343 35.5053
619.0000 614.1138 10.8053 35.5015
621.0000 616.0951 10.7970 35.5001
623.0000 618.0763 10.7650 35.4949
625.0000 620.0575 10.7280 35.4901
627.0000 622.0387 10.7111 35.4898
629.0000 624.0199 10.6719 35.4854
631.0000 626.0010 10.6341 35.4813
633.0000 627.9822 10.6011 35.4785
635.0000 629.9633 10.5904 35.4770
637.0000 631.9445 10.5652 35.4740
639.0000 633.9255 10.5518 35.4737
641.0000 635.9066 10.5291 35.4704
643.0000 637.8876 10.4826 35.4660
645.0000 639.8686 10.4617 35.4636
647.0000 641.8497 10.4377 35.4608
649.0000 643.8306 10.4185 35.4595
651.0000 645.8116 10.4008 35.4573
653.0000 647.7925 10.3730 35.4541
655.0000 649.7734 10.3508 35.4523
657.0000 651.7544 10.3393 35.4513
659.0000 653.7353 10.3278 35.4491
661.0000 655.7162 10.2998 35.4470
663.0000 657.6971 10.2920 35.4471
665.0000 659.6779 10.2803 35.4472
667.0000 661.6587 10.2688 35.4461
669.0000 663.6395 10.2404 35.4424
671.0000 665.6203 10.2072 35.4390
673.0000 667.6010 10.1755 35.4352
675.0000 669.5818 10.1431 35.4314
677.0000 671.5625 10.1238 35.4292
679.0000 673.5432 10.1265 35.4313
681.0000 675.5239 10.0935 35.4252
683.0000 677.5046 10.0440 35.4192
685.0000 679.4852 10.0248 35.4172
687.0000 681.4658 9.9995 35.4142
689.0000 683.4465 9.9775 35.4113
691.0000 685.4271 9.9384 35.4084
693.0000 687.4075 9.8952 35.4048
695.0000 689.3882 9.8740 35.4025
697.0000 691.3687 9.8530 35.3990
699.0000 693.3493 9.8291 35.3966
701.0000 695.3297 9.8141 35.3965
703.0000 697.3102 9.8326 35.4034
705.0000 699.2906 9.8215 35.4033
707.0000 701.2711 9.7784 35.3963
709.0000 703.2515 9.7213 35.3893
711.0000 705.2320 9.7107 35.3902
713.0000 707.2123 9.6963 35.3878
715.0000 709.1927 9.6687 35.3862
717.0000 711.1730 9.6370 35.3835
719.0000 713.1533 9.5812 35.3784
721.0000 715.1337 9.5605 35.3755
723.0000 717.1140 9.5491 35.3741
725.0000 719.0942 9.5355 35.3716
727.0000 721.0745 9.4511 35.3592
729.0000 723.0547 9.4130 35.3545
731.0000 725.0349 9.3981 35.3520
733.0000 727.0151 9.3446 35.3446
735.0000 728.9953 9.3005 35.3400
737.0000 730.9755 9.2915 35.3389
739.0000 732.9556 9.2922 35.3431
741.0000 734.9358 9.2698 35.3412
743.0000 736.9158 9.2355 35.3350
745.0000 738.8959 9.2004 35.3312
747.0000 740.8760 9.1824 35.3299
749.0000 742.8560 9.1683 35.3286
751.0000 744.8361 9.1468 35.3251
753.0000 746.8160 9.1159 35.3215
755.0000 748.7960 9.0736 35.3173
757.0000 750.7760 9.0602 35.3162
759.0000 752.7560 9.0353 35.3123
761.0000 754.7360 8.9905 35.3073
763.0000 756.7158 8.9638 35.3042
765.0000 758.6957 8.9431 35.3026
767.0000 760.6756 8.9515 35.3078
769.0000 762.6554 8.9553 35.3093
771.0000 764.6352 8.9425 35.3078
773.0000 766.6151 8.8967 35.3029
775.0000 768.5949 8.8699 35.3005
777.0000 770.5746 8.8138 35.2917
779.0000 772.5544 8.7610 35.2861
781.0000 774.5342 8.7407 35.2839
783.0000 776.5138 8.7216 35.2826
785.0000 778.4936 8.7141 35.2818
787.0000 780.4733 8.6988 35.2797
789.0000 782.4529 8.6820 35.2784
791.0000 784.4326 8.6644 35.2784
793.0000 786.4122 8.6743 35.2891
795.0000 788.3919 8.6862 35.2952
797.0000 790.3714 8.6811 35.2954
799.0000 792.3510 8.6622 35.2928
801.0000 794.3305 8.6331 35.2885
803.0000 796.3101 8.6018 35.2843
805.0000 798.2896 8.5696 35.2801
807.0000 800.2691 8.5655 35.2803
809.0000 802.2487 8.5563 35.2786
811.0000 804.2280 8.5209 35.2750
813.0000 806.2075 8.4672 35.2676
815.0000 808.1870 8.4382 35.2640
817.0000 810.1663 8.4138 35.2618
819.0000 812.1456 8.3950 35.2596
821.0000 814.1251 8.3654 35.2568
823.0000 816.1044 8.3552 35.2563
825.0000 818.0837 8.3531 35.2564
827.0000 820.0631 8.3350 35.2557
829.0000 822.0424 8.3301 35.2572
831.0000 824.0217 8.3097 35.2560
833.0000 826.0009 8.2905 35.2550
835.0000 827.9802 8.2756 35.2546
837.0000 829.9594 8.2660 35.2539
839.0000 831.9385 8.2462 35.2520
841.0000 833.9177 8.2136 35.2493
843.0000 835.8969 8.2026 35.2488
845.0000 837.8760 8.1955 35.2482
847.0000 839.8551 8.1670 35.2454
849.0000 841.8343 8.1361 35.2441
851.0000 843.8134 8.1212 35.2429
853.0000 845.7924 8.1090 35.2422
855.0000 847.7714 8.0975 35.2414
857.0000 849.7504 8.0864 35.2405
859.0000 851.7294 8.0725 35.2396
861.0000 853.7086 8.0528 35.2391
863.0000 855.6875 8.0330 35.2387
865.0000 857.6664 8.0209 35.2384
867.0000 859.6453 8.0155 35.2375
869.0000 861.6243 7.9866 35.2364
871.0000 863.6032 7.9758 35.2355
873.0000 865.5820 7.9665 35.2349
875.0000 867.5609 7.9526 35.2340
877.0000 869.5397 7.9353 35.2328
879.0000 871.5186 7.9152 35.2328
881.0000 873.4973 7.8958 35.2309
883.0000 875.4761 7.8793 35.2296
885.0000 877.4550 7.8691 35.2292
887.0000 879.4336 7.8637 35.2291
889.0000 881.4123 7.8558 35.2287
891.0000 883.3912 7.8470 35.2288
893.0000 885.3697 7.8396 35.2289
895.0000 887.3484 7.8327 35.2290
897.0000 889.3271 7.8280 35.2291
899.0000 891.3057 7.8234 35.2296
901.0000 893.2843 7.8211 35.2298
903.0000 895.2629 7.8205 35.2299
905.0000 897.2415 7.8196 35.2301
907.0000 899.2200 7.8168 35.2301
909.0000 901.1985 7.8072 35.2298
911.0000 903.1771 7.7902 35.2298
913.0000 905.1557 7.7791 35.2298
915.0000 907.1342 7.7690 35.2297
917.0000 909.1125 7.7564 35.2297
919.0000 911.0911 7.7443 35.2295
921.0000 913.0695 7.7343 35.2292
923.0000 915.0478 7.7296 35.2289
925.0000 917.0263 7.7239 35.2284
927.0000 919.0046 7.7030 35.2282
929.0000 920.9829 7.6833 35.2281
931.0000 922.9614 7.6822 35.2286
933.0000 924.9396 7.6830 35.2295
935.0000 926.9178 7.6811 35.2304
937.0000 928.8962 7.6677 35.2302
939.0000 930.8745 7.6519 35.2307
941.0000 932.8527 7.6472 35.2309
943.0000 934.8309 7.6405 35.2306
945.0000 936.8091 7.6259 35.2306
947.0000 938.7873 7.6202 35.2314
949.0000 940.7654 7.6139 35.2319
951.0000 942.7436 7.6073 35.2318
953.0000 944.7217 7.5904 35.2312
955.0000 946.6998 7.5790 35.2317
957.0000 948.6779 7.5726 35.2315
959.0000 950.6559 7.5497 35.2311
961.0000 952.6340 7.5295 35.2307
963.0000 954.6120 7.5188 35.2295
965.0000 956.5900 7.4820 35.2250
967.0000 958.5681 7.4604 35.2227
969.0000 960.5460 7.4682 35.2288
971.0000 962.5240 7.4764 35.2320
973.0000 964.5019 7.4633 35.2313
975.0000 966.4799 7.4167 35.2238
977.0000 968.4578 7.3954 35.2205
979.0000 970.4355 7.3888 35.2193
981.0000 972.4136 7.3698 35.2173
983.0000 974.3914 7.3195 35.2109
985.0000 976.3693 7.3072 35.2119
987.0000 978.3469 7.3085 35.2137
989.0000 980.3248 7.2996 35.2140
991.0000 982.3025 7.2999 35.2170
993.0000 984.2803 7.2946 35.2164
995.0000 986.2581 7.2800 35.2155
997.0000 988.2358 7.2735 35.2153
999.0000 990.2134 7.2746 35.2165
1001.0000 992.1911 7.2735 35.2173
1003.0000 994.1688 7.2691 35.2168
1005.0000 996.1464 7.2627 35.2162
1007.0000 998.1241 7.2600 35.2174
1009.0000 1000.1016 7.2510 35.2194
1011.0000 1002.0792 7.2462 35.2205
1013.0000 1004.0568 7.2364 35.2220
1015.0000 1006.0344 7.2319 35.2228
1017.0000 1008.0118 7.2227 35.2245
1019.0000 1009.9893 7.2358 35.2302
1021.0000 1011.9669 7.2513 35.2356
1023.0000 1013.9444 7.2339 35.2330
1025.0000 1015.9218 7.1965 35.2271
1027.0000 1017.8992 7.1814 35.2257
1029.0000 1019.8767 7.1828 35.2279
1031.0000 1021.8541 7.1834 35.2301
1033.0000 1023.8313 7.1727 35.2289
1035.0000 1025.8088 7.1607 35.2273
1037.0000 1027.7861 7.1474 35.2259
1039.0000 1029.7634 7.1378 35.2252
1041.0000 1031.7407 7.1158 35.2246
1043.0000 1033.7180 7.1118 35.2260
1045.0000 1035.6952 7.1065 35.2255
1047.0000 1037.6725 7.1007 35.2247
1049.0000 1039.6499 7.0958 35.2243
1051.0000 1041.6270 7.0835 35.2240
1053.0000 1043.6041 7.0792 35.2269
1055.0000 1045.5813 7.0805 35.2292
1057.0000 1047.5585 7.0808 35.2303
1059.0000 1049.5355 7.0722 35.2301
1061.0000 1051.5127 7.0525 35.2286
1063.0000 1053.4899 7.0479 35.2297
1065.0000 1055.4669 7.0530 35.2319
1067.0000 1057.4440 7.0725 35.2397
1069.0000 1059.4209 7.0898 35.2450
1071.0000 1061.3979 7.1005 35.2479
1073.0000 1063.3749 7.0963 35.2468
1075.0000 1065.3519 7.0835 35.2467
1077.0000 1067.3290 7.0651 35.2438
1079.0000 1069.3058 7.0451 35.2425
1081.0000 1071.2828 7.0439 35.2423
1083.0000 1073.2598 7.0373 35.2410
1085.0000 1075.2367 7.0121 35.2369
1087.0000 1077.2135 7.0005 35.2355
1089.0000 1079.1904 6.9903 35.2346
1091.0000 1081.1671 6.9882 35.2345
1093.0000 1083.1439 6.9754 35.2331
1095.0000 1085.1208 6.9612 35.2330
1097.0000 1087.0977 6.9567 35.2342
1099.0000 1089.0745 6.9587 35.2343
1101.0000 1091.0510 6.9489 35.2337
1103.0000 1093.0278 6.9362 35.2324
1105.0000 1095.0045 6.9187 35.2306
1107.0000 1096.9812 6.8995 35.2288
1109.0000 1098.9579 6.8875 35.2287
1111.0000 1100.9346 6.8862 35.2296
1113.0000 1102.9111 6.8864 35.2300
1115.0000 1104.8877 6.8791 35.2295
1117.0000 1106.8644 6.8665 35.2289
1119.0000 1108.8411 6.8654 35.2311
1121.0000 1110.8174 6.8717 35.2340
1123.0000 1112.7941 6.8620 35.2346
1125.0000 1114.7705 6.8426 35.2332
1127.0000 1116.7471 6.8304 35.2339
1129.0000 1118.7235 6.8215 35.2337
1131.0000 1120.7000 6.8117 35.2321
1133.0000 1122.6765 6.7929 35.2289
1135.0000 1124.6528 6.7688 35.2261
1137.0000 1126.6293 6.7258 35.2176
1139.0000 1128.6056 6.7121 35.2181
1141.0000 1130.5820 6.7164 35.2185
1143.0000 1132.5583 6.6958 35.2167
1145.0000 1134.5347 6.7010 35.2189
1147.0000 1136.5111 6.6913 35.2178
1149.0000 1138.4873 6.6880 35.2197
1151.0000 1140.4636 6.7117 35.2294
1153.0000 1142.4399 6.7265 35.2365
1155.0000 1144.4159 6.7345 35.2411
1157.0000 1146.3922 6.7325 35.2432
1159.0000 1148.3685 6.7328 35.2445
1161.0000 1150.3447 6.7258 35.2443
1163.0000 1152.3208 6.7158 35.2447
1165.0000 1154.2970 6.7137 35.2470
1167.0000 1156.2732 6.7131 35.2487
1169.0000 1158.2491 6.7111 35.2493
1171.0000 1160.2253 6.6891 35.2472
1173.0000 1162.2014 6.6721 35.2461
1175.0000 1164.1774 6.6667 35.2458
1177.0000 1166.1534 6.6578 35.2466
1179.0000 1168.1294 6.6397 35.2462
1181.0000 1170.1055 6.6384 35.2468
1183.0000 1172.0814 6.6325 35.2468
1185.0000 1174.0574 6.6167 35.2469
1187.0000 1176.0334 6.6136 35.2471
1189.0000 1178.0094 6.6114 35.2471
1191.0000 1179.9852 6.6116 35.2475
1193.0000 1181.9611 6.6053 35.2481
1195.0000 1183.9369 6.5957 35.2484
1197.0000 1185.9126 6.5915 35.2494
1199.0000 1187.8885 6.5859 35.2499
1201.0000 1189.8645 6.5831 35.2507
1203.0000 1191.8402 6.5832 35.2518
1205.0000 1193.8159 6.5871 35.2542
1207.0000 1195.7917 6.5762 35.2548
1209.0000 1197.7676 6.5800 35.2574
1211.0000 1199.7432 6.5814 35.2590
1213.0000 1201.7189 6.5773 35.2604
1215.0000 1203.6946 6.5778 35.2614
1217.0000 1205.6702 6.5777 35.2621
1219.0000 1207.6458 6.5727 35.2625
1221.0000 1209.6213 6.5636 35.2619
1223.0000 1211.5970 6.5545 35.2614
1225.0000 1213.5725 6.5526 35.2613
1227.0000 1215.5481 6.5529 35.2614
1229.0000 1217.5237 6.5513 35.2611
1231.0000 1219.4993 6.5492 35.2608
1233.0000 1221.4749 6.5416 35.2594
1235.0000 1223.4503 6.5288 35.2578
1237.0000 1225.4259 6.5241 35.2569
1239.0000 1227.4012 6.5053 35.2543
1241.0000 1229.3766 6.4881 35.2531
1243.0000 1231.3522 6.4757 35.2522
1245.0000 1233.3275 6.4646 35.2507
1247.0000 1235.3029 6.4487 35.2485
1249.0000 1237.2783 6.4175 35.2458
1251.0000 1239.2537 6.4095 35.2454
1253.0000 1241.2289 6.4015 35.2449
1255.0000 1243.2043 6.3951 35.2454
1257.0000 1245.1796 6.3929 35.2463
1259.0000 1247.1548 6.3897 35.2462
1261.0000 1249.1301 6.3784 35.2457
1263.0000 1251.1053 6.3689 35.2456
1265.0000 1253.0806 6.3660 35.2455
1267.0000 1255.0557 6.3605 35.2451
1269.0000 1257.0308 6.3528 35.2447
1271.0000 1259.0060 6.3442 35.2443
1273.0000 1260.9811 6.3303 35.2432
1275.0000 1262.9562 6.3202 35.2425
1277.0000 1264.9314 6.3136 35.2419
1279.0000 1266.9064 6.2963 35.2403
1281.0000 1268.8813 6.2891 35.2398
1283.0000 1270.8564 6.2794 35.2393
1285.0000 1272.8315 6.2709 35.2388
1287.0000 1274.8065 6.2462 35.2373
1289.0000 1276.7816 6.2352 35.2373
1291.0000 1278.7565 6.2294 35.2371
1293.0000 1280.7313 6.2271 35.2371
1295.0000 1282.7063 6.2249 35.2370
1297.0000 1284.6813 6.2221 35.2369
1299.0000 1286.6562 6.2169 35.2365
1301.0000 1288.6310 6.2124 35.2361
1303.0000 1290.6060 6.2033 35.2359
1305.0000 1292.5808 6.1917 35.2349
1307.0000 1294.5557 6.1757 35.2335
1309.0000 1296.5305 6.1620 35.2312
1311.0000 1298.5054 6.1349 35.2275
1313.0000 1300.4801 6.1149 35.2254
1315.0000 1302.4548 6.1018 35.2235
1317.0000 1304.4296 6.0857 35.2228
1319.0000 1306.4043 6.0769 35.2226
1321.0000 1308.3789 6.0932 35.2289
1323.0000 1310.3536 6.0927 35.2292
1325.0000 1312.3284 6.0731 35.2272
1327.0000 1314.3030 6.0678 35.2269
1329.0000 1316.2775 6.0626 35.2266
1331.0000 1318.2522 6.0511 35.2255
1333.0000 1320.2267 6.0285 35.2238
1335.0000 1322.2013 6.0206 35.2231
1337.0000 1324.1758 6.0128 35.2221
1339.0000 1326.1504 6.0118 35.2233
1341.0000 1328.1248 6.0117 35.2260
1343.0000 1330.0994 6.0117 35.2276
1345.0000 1332.0737 6.0082 35.2288
1347.0000 1334.0483 6.0056 35.2298
1349.0000 1336.0226 6.0025 35.2300
1351.0000 1337.9971 5.9949 35.2297
1353.0000 1339.9716 5.9889 35.2297
1355.0000 1341.9457 5.9819 35.2292
1357.0000 1343.9203 5.9610 35.2269
1359.0000 1345.8947 5.9485 35.2266
1361.0000 1347.8690 5.9434 35.2262
1363.0000 1349.8433 5.9342 35.2254
1365.0000 1351.8175 5.9287 35.2251
1367.0000 1353.7919 5.9235 35.2246
1369.0000 1355.7660 5.9178 35.2247
1371.0000 1357.7402 5.9089 35.2239
1373.0000 1359.7145 5.8953 35.2225
1375.0000 1361.6886 5.8804 35.2209
1377.0000 1363.6627 5.8709 35.2206
1379.0000 1365.6370 5.8606 35.2193
1381.0000 1367.6111 5.8477 35.2180
1383.0000 1369.5852 5.8294 35.2160
1385.0000 1371.5593 5.8143 35.2149
1387.0000 1373.5334 5.7925 35.2125
1389.0000 1375.5076 5.7778 35.2116
1391.0000 1377.4814 5.7719 35.2112
1393.0000 1379.4556 5.7659 35.2106
1395.0000 1381.4296 5.7589 35.2100
1397.0000 1383.4034 5.7509 35.2093
1399.0000 1385.3774 5.7421 35.2090
1401.0000 1387.3516 5.7351 35.2087
1403.0000 1389.3256 5.7302 35.2088
1405.0000 1391.2993 5.7244 35.2091
1407.0000 1393.2732 5.7121 35.2078
1409.0000 1395.2472 5.7028 35.2081
1411.0000 1397.2209 5.7015 35.2087
1413.0000 1399.1948 5.7000 35.2084
1415.0000 1401.1687 5.6946 35.2093
1417.0000 1403.1423 5.6841 35.2095
1419.0000 1405.1162 5.6726 35.2089
1421.0000 1407.0901 5.6599 35.2075
1423.0000 1409.0638 5.6444 35.2058
1425.0000 1411.0375 5.6384 35.2054
1427.0000 1413.0112 5.6306 35.2042
1429.0000 1414.9850 5.6137 35.2022
1431.0000 1416.9585 5.6003 35.2013
1433.0000 1418.9321 5.5878 35.2005
1435.0000 1420.9059 5.5799 35.1998
1437.0000 1422.8795 5.5725 35.1988
1439.0000 1424.8531 5.5606 35.1977
1441.0000 1426.8268 5.5523 35.1969
1443.0000 1428.8003 5.5480 35.1965
1445.0000 1430.7737 5.5377 35.1952
1447.0000 1432.7472 5.5265 35.1939
1449.0000 1434.7209 5.5211 35.1940
1451.0000 1436.6945 5.5164 35.1938
1453.0000 1438.6678 5.5104 35.1933
1455.0000 1440.6412 5.5071 35.1929
1457.0000 1442.6147 5.5034 35.1925
1459.0000 1444.5880 5.4977 35.1918
1461.0000 1446.5614 5.4921 35.1914
1463.0000 1448.5349 5.4908 35.1912
1465.0000 1450.5083 5.4811 35.1900
1467.0000 1452.4816 5.4652 35.1885
1469.0000 1454.4550 5.4577 35.1877
1471.0000 1456.4282 5.4489 35.1864
1473.0000 1458.4014 5.4377 35.1854
1475.0000 1460.3748 5.4321 35.1847
1477.0000 1462.3480 5.4251 35.1840
1479.0000 1464.3212 5.4092 35.1824
1481.0000 1466.2944 5.3976 35.1815
1483.0000 1468.2676 5.3810 35.1796
1485.0000 1470.2408 5.3692 35.1789
1487.0000 1472.2140 5.3603 35.1781
1489.0000 1474.1871 5.3505 35.1771
1491.0000 1476.1603 5.3341 35.1752
1493.0000 1478.1333 5.3202 35.1742
1495.0000 1480.1063 5.3202 35.1742
1497.0000 1482.0796 5.3175 35.1739
1499.0000 1484.0526 5.3138 35.1735
1501.0000 1486.0255 5.3044 35.1728
1503.0000 1487.9985 5.2976 35.1720
1505.0000 1489.9716 5.2920 35.1715
1507.0000 1491.9445 5.2857 35.1710
1509.0000 1493.9175 5.2838 35.1708
1511.0000 1495.8905 5.2810 35.1705
1513.0000 1497.8633 5.2774 35.1701
1515.0000 1499.8362 5.2656 35.1691
1517.0000 1501.8092 5.2521 35.1677
1519.0000 1503.7820 5.2416 35.1670
1521.0000 1505.7548 5.2348 35.1662
1523.0000 1507.7277 5.2275 35.1654
1525.0000 1509.7006 5.2202 35.1645
1527.0000 1511.6733 5.2091 35.1635
1529.0000 1513.6460 5.2030 35.1629
1531.0000 1515.6188 5.1989 35.1625
1533.0000 1517.5914 5.1948 35.1622
1535.0000 1519.5642 5.1889 35.1617
1537.0000 1521.5370 5.1827 35.1611
1539.0000 1523.5096 5.1753 35.1610
1541.0000 1525.4822 5.1735 35.1611
1543.0000 1527.4550 5.1723 35.1614
1545.0000 1529.4276 5.1692 35.1608
1547.0000 1531.4001 5.1423 35.1570
1549.0000 1533.3726 5.1349 35.1569
1551.0000 1535.3453 5.1319 35.1565
1553.0000 1537.3179 5.1225 35.1564
1555.0000 1539.2903 5.1136 35.1559
1557.0000 1541.2628 5.1094 35.1558
1559.0000 1543.2355 5.1025 35.1552
1561.0000 1545.2079 5.1000 35.1554
1563.0000 1547.1803 5.0989 35.1547
1565.0000 1549.1527 5.0962 35.1547
1567.0000 1551.1252 5.0879 35.1535
1569.0000 1553.0975 5.0809 35.1531
1571.0000 1555.0699 5.0675 35.1511
1573.0000 1557.0422 5.0544 35.1502
1575.0000 1559.0148 5.0519 35.1500
1577.0000 1560.9869 5.0515 35.1499
1579.0000 1562.9594 5.0510 35.1500
1581.0000 1564.9315 5.0455 35.1491
1583.0000 1566.9038 5.0380 35.1486
1585.0000 1568.8761 5.0324 35.1481
1587.0000 1570.8484 5.0287 35.1479
1589.0000 1572.8207 5.0173 35.1465
1591.0000 1574.7927 5.0041 35.1449
1593.0000 1576.7650 4.9848 35.1436
1595.0000 1578.7371 4.9752 35.1430
1597.0000 1580.7092 4.9684 35.1423
1599.0000 1582.6814 4.9622 35.1417
1601.0000 1584.6536 4.9552 35.1411
1603.0000 1586.6256 4.9458 35.1402
1605.0000 1588.5977 4.9411 35.1399
1607.0000 1590.5697 4.9354 35.1393
1609.0000 1592.5417 4.9280 35.1386
1611.0000 1594.5137 4.9214 35.1380
1613.0000 1596.4857 4.9188 35.1379
1615.0000 1598.4578 4.9168 35.1376
1617.0000 1600.4297 4.9160 35.1375
1619.0000 1602.4016 4.9148 35.1374
1621.0000 1604.3735 4.9063 35.1365
1623.0000 1606.3456 4.8985 35.1358
1625.0000 1608.3173 4.8942 35.1354
1627.0000 1610.2892 4.8887 35.1349
1629.0000 1612.2611 4.8795 35.1338
1631.0000 1614.2329 4.8636 35.1327
1633.0000 1616.2047 4.8524 35.1315
1635.0000 1618.1764 4.8427 35.1310
1637.0000 1620.1483 4.8409 35.1308
1639.0000 1622.1200 4.8363 35.1304
1641.0000 1624.0918 4.8310 35.1301
1643.0000 1626.0636 4.8254 35.1296
1645.0000 1628.0352 4.8200 35.1294
1647.0000 1630.0068 4.8170 35.1292
1649.0000 1631.9786 4.8153 35.1288
1651.0000 1633.9502 4.8055 35.1279
1653.0000 1635.9218 4.7957 35.1271
1655.0000 1637.8934 4.7811 35.1256
1657.0000 1639.8651 4.7733 35.1251
1659.0000 1641.8364 4.7703 35.1248
1661.0000 1643.8081 4.7665 35.1245
1663.0000 1645.7797 4.7564 35.1236
1665.0000 1647.7511 4.7465 35.1226
1667.0000 1649.7227 4.7402 35.1222
1669.0000 1651.6942 4.7375 35.1219
1671.0000 1653.6656 4.7318 35.1212
1673.0000 1655.6371 4.7229 35.1204
1675.0000 1657.6085 4.7143 35.1194
1677.0000 1659.5800 4.7022 35.1182
1679.0000 1661.5513 4.6984 35.1180
1681.0000 1663.5227 4.6990 35.1183
1683.0000 1665.4941 4.6993 35.1183
1685.0000 1667.4655 4.6960 35.1179
1687.0000 1669.4365 4.6871 35.1170
1689.0000 1671.4081 4.6798 35.1162
1691.0000 1673.3794 4.6734 35.1158
1693.0000 1675.3506 4.6649 35.1151
1695.0000 1677.3219 4.6590 35.1145
1697.0000 1679.2930 4.6534 35.1139
1699.0000 1681.2643 4.6422 35.1126
1701.0000 1683.2354 4.6350 35.1121
1703.0000 1685.2065 4.6324 35.1117
1705.0000 1687.1779 4.6280 35.1113
1707.0000 1689.1488 4.6228 35.1110
1709.0000 1691.1201 4.6224 35.1110
1711.0000 1693.0912 4.6135 35.1102
1713.0000 1695.0623 4.6064 35.1092
1715.0000 1697.0332 4.5981 35.1081
1717.0000 1699.0043 4.5915 35.1077
1719.0000 1700.9755 4.5906 35.1081
1721.0000 1702.9462 4.5702 35.1055
1723.0000 1704.9172 4.5667 35.1052
1725.0000 1706.8883 4.5541 35.1034
1727.0000 1708.8593 4.5456 35.1026
1729.0000 1710.8302 4.5437 35.1024
1731.0000 1712.8010 4.5404 35.1021
1733.0000 1714.7720 4.5377 35.1019
1735.0000 1716.7427 4.5350 35.1017
1737.0000 1718.7136 4.5318 35.1017
1739.0000 1720.6847 4.5290 35.1014
1741.0000 1722.6553 4.5224 35.1007
1743.0000 1724.6261 4.5200 35.1005
1745.0000 1726.5970 4.5170 35.1001
1747.0000 1728.5677 4.5121 35.0994
1749.0000 1730.5385 4.5022 35.0985
1751.0000 1732.5092 4.4923 35.0975
1753.0000 1734.4800 4.4864 35.0970
1755.0000 1736.4506 4.4809 35.0965
1757.0000 1738.4211 4.4721 35.0957
1759.0000 1740.3918 4.4660 35.0954
1761.0000 1742.3625 4.4631 35.0950
1763.0000 1744.3331 4.4582 35.0947
1765.0000 1746.3037 4.4541 35.0945
1767.0000 1748.2744 4.4469 35.0939
1769.0000 1750.2448 4.4441 35.0938
1771.0000 1752.2155 4.4402 35.0934
1773.0000 1754.1862 4.4404 35.0940
1775.0000 1756.1566 4.4359 35.0935
1777.0000 1758.1270 4.4279 35.0928
1779.0000 1760.0974 4.4254 35.0927
1781.0000 1762.0681 4.4243 35.0927
1783.0000 1764.0382 4.4214 35.0926
1785.0000 1766.0088 4.4161 35.0922
1787.0000 1767.9791 4.4131 35.0923
1789.0000 1769.9498 4.4120 35.0922
1791.0000 1771.9199 4.4111 35.0920
1793.0000 1773.8904 4.4085 35.0919
1795.0000 1775.8606 4.4022 35.0912
1797.0000 1777.8307 4.3966 35.0907
1799.0000 1779.8013 4.3936 35.0904
1801.0000 1781.7715 4.3892 35.0898
1803.0000 1783.7416 4.3847 35.0893
1805.0000 1785.7118 4.3827 35.0890
1807.0000 1787.6823 4.3811 35.0888
1809.0000 1789.6523 4.3786 35.0885
1811.0000 1791.6224 4.3751 35.0882
1813.0000 1793.5928 4.3717 35.0878
1815.0000 1795.5630 4.3672 35.0874
1817.0000 1797.5328 4.3651 35.0873
1819.0000 1799.5032 4.3614 35.0869
1821.0000 1801.4733 4.3576 35.0867
1823.0000 1803.4435 4.3537 35.0863
1825.0000 1805.4132 4.3464 35.0854
1827.0000 1807.3834 4.3339 35.0840
1829.0000 1809.3533 4.3216 35.0828
1831.0000 1811.3234 4.3181 35.0825
1833.0000 1813.2932 4.3139 35.0820
1835.0000 1815.2634 4.3062 35.0814
1837.0000 1817.2333 4.3023 35.0808
1839.0000 1819.2032 4.3003 35.0806
1841.0000 1821.1731 4.2972 35.0803
1843.0000 1823.1431 4.2945 35.0800
1845.0000 1825.1128 4.2892 35.0796
1847.0000 1827.0826 4.2871 35.0794
1849.0000 1829.0525 4.2853 35.0792
1851.0000 1831.0226 4.2813 35.0787
1853.0000 1832.9921 4.2787 35.0786
1855.0000 1834.9619 4.2789 35.0786
1857.0000 1836.9318 4.2787 35.0786
1859.0000 1838.9014 4.2730 35.0778
1861.0000 1840.8710 4.2658 35.0772
1863.0000 1842.8408 4.2622 35.0769
1865.0000 1844.8103 4.2542 35.0759
1867.0000 1846.7802 4.2476 35.0755
1869.0000 1848.7500 4.2454 35.0757
1871.0000 1850.7195 4.2428 35.0755
1873.0000 1852.6891 4.2365 35.0748
1875.0000 1854.6586 4.2299 35.0743
1877.0000 1856.6284 4.2291 35.0742
1879.0000 1858.5977 4.2258 35.0737
1881.0000 1860.5673 4.2198 35.0733
1883.0000 1862.5370 4.2221 35.0739
1885.0000 1864.5066 4.2198 35.0737
1887.0000 1866.4758 4.2135 35.0730
1889.0000 1868.4453 4.2127 35.0731
1891.0000 1870.4149 4.2134 35.0730
1893.0000 1872.3842 4.2031 35.0718
1895.0000 1874.3538 4.1974 35.0711
1897.0000 1876.3230 4.1960 35.0714
1899.0000 1878.2925 4.1907 35.0709
1901.0000 1880.2617 4.1821 35.0699
1903.0000 1882.2311 4.1757 35.0688
1905.0000 1884.2003 4.1652 35.0681
1907.0000 1886.1696 4.1596 35.0673
1909.0000 1888.1390 4.1567 35.0670
1911.0000 1890.1083 4.1561 35.0670
1913.0000 1892.0776 4.1465 35.0657
1915.0000 1894.0468 4.1456 35.0667
1917.0000 1896.0160 4.1471 35.0675
1919.0000 1897.9852 4.1450 35.0672
1921.0000 1899.9542 4.1420 35.0668
1923.0000 1901.9236 4.1357 35.0659
1925.0000 1903.8927 4.1289 35.0650
1927.0000 1905.8617 4.1254 35.0646
1929.0000 1907.8307 4.1161 35.0631
1931.0000 1909.7999 4.1097 35.0626
1933.0000 1911.7692 4.1068 35.0625
1935.0000 1913.7380 4.1079 35.0630
1937.0000 1915.7072 4.1050 35.0627
1939.0000 1917.6760 4.0950 35.0618
1941.0000 1919.6450 4.0936 35.0618
1943.0000 1921.6140 4.0882 35.0610
1945.0000 1923.5830 4.0750 35.0592
1947.0000 1925.5521 4.0679 35.0585
1949.0000 1927.5208 4.0633 35.0580
1951.0000 1929.4899 4.0591 35.0576
1953.0000 1931.4590 4.0543 35.0573
1955.0000 1933.4274 4.0514 35.0575
1957.0000 1935.3964 4.0500 35.0575
1959.0000 1937.3651 4.0489 35.0574
1961.0000 1939.3342 4.0456 35.0570
1963.0000 1941.3027 4.0360 35.0559
1965.0000 1943.2716 4.0320 35.0556
1967.0000 1945.2404 4.0281 35.0552
1969.0000 1947.2092 4.0210 35.0542
1971.0000 1949.1779 4.0132 35.0536
1973.0000 1951.1466 4.0104 35.0533
1975.0000 1953.1152 4.0083 35.0531
1977.0000 1955.0839 4.0053 35.0528
1979.0000 1957.0526 4.0017 35.0523
1981.0000 1959.0212 3.9975 35.0519
1983.0000 1960.9896 3.9899 35.0513
1985.0000 1962.9585 3.9845 35.0510
1987.0000 1964.9270 3.9818 35.0508
1989.0000 1966.8956 3.9773 35.0505
1991.0000 1968.8640 3.9731 35.0502
1993.0000 1970.8326 3.9683 35.0497
1995.0000 1972.8013 3.9636 35.0493
1997.0000 1974.7697 3.9619 35.0490
1999.0000 1976.7380 3.9584 35.0486
2001.0000 1978.7067 3.9549 35.0483
2003.0000 1980.6750 3.9511 35.0478
2005.0000 1982.6432 3.9466 35.0473
2007.0000 1984.6118 3.9457 35.0472
2009.0000 1986.5800 3.9445 35.0471
2011.0000 1988.5483 3.9391 35.0466
2013.0000 1990.5167 3.9344 35.0462
2015.0000 1992.4851 3.9318 35.0458
2017.0000 1994.4534 3.9287 35.0454
2019.0000 1996.4218 3.9243 35.0451
2021.0000 1998.3901 3.9207 35.0448
2023.0000 2000.3583 3.9158 35.0441
2025.0000 2002.3265 3.9109 35.0436
2027.0000 2004.2947 3.9032 35.0427
2029.0000 2006.2628 3.8993 35.0424
2031.0000 2008.2311 3.8971 35.0423
2033.0000 2010.1992 3.8957 35.0422
2035.0000 2012.1674 3.8950 35.0422
2037.0000 2014.1356 3.8935 35.0419
2039.0000 2016.1035 3.8887 35.0415
2041.0000 2018.0715 3.8822 35.0409
2043.0000 2020.0397 3.8781 35.0406
2045.0000 2022.0077 3.8762 35.0404
2047.0000 2023.9757 3.8726 35.0401
2049.0000 2025.9438 3.8711 35.0401
2051.0000 2027.9120 3.8684 35.0399
2053.0000 2029.8798 3.8614 35.0391
2055.0000 2031.8478 3.8559 35.0388
2057.0000 2033.8157 3.8531 35.0383
2059.0000 2035.7834 3.8506 35.0383
2061.0000 2037.7515 3.8497 35.0391
2063.0000 2039.7195 3.8542 35.0407
2065.0000 2041.6871 3.8517 35.0402
2067.0000 2043.6549 3.8410 35.0388
2069.0000 2045.6229 3.8361 35.0382
2071.0000 2047.5909 3.8326 35.0377
2073.0000 2049.5583 3.8305 35.0376
2075.0000 2051.5261 3.8269 35.0374
2077.0000 2053.4941 3.8263 35.0374
2079.0000 2055.4617 3.8238 35.0372
2081.0000 2057.4294 3.8203 35.0368
2083.0000 2059.3972 3.8146 35.0363
2085.0000 2061.3650 3.8107 35.0362
2087.0000 2063.3325 3.8104 35.0361
2089.0000 2065.3000 3.8067 35.0359
2091.0000 2067.2678 3.8052 35.0358
2093.0000 2069.2354 3.8040 35.0358
2095.0000 2071.2031 3.8018 35.0355
2097.0000 2073.1707 3.7960 35.0350
2099.0000 2075.1384 3.7911 35.0341
2101.0000 2077.1057 3.7825 35.0332
2103.0000 2079.0735 3.7774 35.0327
2105.0000 2081.0408 3.7759 35.0324
2107.0000 2083.0081 3.7721 35.0320
2109.0000 2084.9756 3.7691 35.0318
2111.0000 2086.9431 3.7673 35.0318
2113.0000 2088.9106 3.7619 35.0312
2115.0000 2090.8779 3.7583 35.0309
2117.0000 2092.8455 3.7564 35.0307
2119.0000 2094.8127 3.7538 35.0306
2121.0000 2096.7800 3.7520 35.0307
2123.0000 2098.7476 3.7537 35.0314
2125.0000 2100.7148 3.7507 35.0311
2127.0000 2102.6819 3.7460 35.0305
2129.0000 2104.6494 3.7404 35.0298
2131.0000 2106.6167 3.7336 35.0288
2133.0000 2108.5840 3.7259 35.0280
2135.0000 2110.5510 3.7199 35.0275
2137.0000 2112.5186 3.7197 35.0274
2139.0000 2114.4854 3.7186 35.0273
2141.0000 2116.4526 3.7166 35.0270
2143.0000 2118.4199 3.7150 35.0269
2145.0000 2120.3870 3.7120 35.0267
2147.0000 2122.3542 3.7081 35.0260
2149.0000 2124.3210 3.7048 35.0257
2151.0000 2126.2881 3.7021 35.0254
2153.0000 2128.2556 3.6978 35.0251
2155.0000 2130.2224 3.6980 35.0256
2157.0000 2132.1897 3.6958 35.0255
2159.0000 2134.1565 3.6953 35.0256
2161.0000 2136.1235 3.6940 35.0254
2163.0000 2138.0903 3.6914 35.0250
2165.0000 2140.0576 3.6873 35.0246
2167.0000 2142.0247 3.6840 35.0241
2169.0000 2143.9912 3.6827 35.0240
2171.0000 2145.9580 3.6808 35.0237
2173.0000 2147.9253 3.6732 35.0227
2175.0000 2149.8921 3.6656 35.0217
2177.0000 2151.8589 3.6594 35.0211
2179.0000 2153.8257 3.6560 35.0213
2181.0000 2155.7925 3.6552 35.0216
2183.0000 2157.7593 3.6517 35.0212
2185.0000 2159.7261 3.6478 35.0206
2187.0000 2161.6929 3.6456 35.0204
2189.0000 2163.6597 3.6430 35.0200
2191.0000 2165.6260 3.6375 35.0192
2193.0000 2167.5930 3.6262 35.0178
2195.0000 2169.5598 3.6185 35.0171
2197.0000 2171.5261 3.6159 35.0168
2199.0000 2173.4932 3.6112 35.0162
2201.0000 2175.4597 3.6088 35.0161
2203.0000 2177.4260 3.6062 35.0158
2205.0000 2179.3928 3.6021 35.0153
2207.0000 2181.3594 3.5969 35.0148
2209.0000 2183.3262 3.5960 35.0147
2211.0000 2185.2925 3.5958 35.0148
2213.0000 2187.2590 3.5945 35.0146
2215.0000 2189.2256 3.5929 35.0146
2217.0000 2191.1919 3.5921 35.0144
2219.0000 2193.1584 3.5902 35.0142
2221.0000 2195.1250 3.5881 35.0140
2223.0000 2197.0916 3.5818 35.0135
2225.0000 2199.0579 3.5801 35.0132
2227.0000 2201.0244 3.5762 35.0128
2229.0000 2202.9905 3.5736 35.0126
2231.0000 2204.9568 3.5705 35.0125
2233.0000 2206.9233 3.5695 35.0124
2235.0000 2208.8896 3.5671 35.0121
2237.0000 2210.8562 3.5656 35.0120
2239.0000 2212.8223 3.5635 35.0116
2241.0000 2214.7886 3.5595 35.0114
2243.0000 2216.7549 3.5559 35.0111
2245.0000 2218.7209 3.5529 35.0107
2247.0000 2220.6873 3.5496 35.0105
2249.0000 2222.6536 3.5505 35.0106
2251.0000 2224.6196 3.5453 35.0102
2253.0000 2226.5859 3.5404 35.0097
2255.0000 2228.5520 3.5373 35.0093
2257.0000 2230.5183 3.5331 35.0089
2259.0000 2232.4841 3.5289 35.0086
2261.0000 2234.4502 3.5269 35.0083
2263.0000 2236.4163 3.5263 35.0084
2265.0000 2238.3821 3.5234 35.0080
2267.0000 2240.3484 3.5189 35.0077
2269.0000 2242.3145 3.5152 35.0073
2271.0000 2244.2805 3.5104 35.0070
2273.0000 2246.2466 3.5086 35.0069
2275.0000 2248.2124 3.5063 35.0066
2277.0000 2250.1785 3.5039 35.0064
2279.0000 2252.1443 3.5006 35.0061
2281.0000 2254.1099 3.4992 35.0060
2283.0000 2256.0762 3.4971 35.0059
2285.0000 2258.0420 3.4939 35.0055
2287.0000 2260.0076 3.4909 35.0052
2289.0000 2261.9736 3.4882 35.0051
2291.0000 2263.9395 3.4875 35.0051
2293.0000 2265.9053 3.4869 35.0048
2295.0000 2267.8711 3.4813 35.0045
2297.0000 2269.8369 3.4793 35.0043
2299.0000 2271.8027 3.4793 35.0044
2301.0000 2273.7683 3.4789 35.0043
2303.0000 2275.7341 3.4770 35.0040
2305.0000 2277.7000 3.4753 35.0039
2307.0000 2279.6650 3.4734 35.0039
2309.0000 2281.6311 3.4714 35.0035
2311.0000 2283.5967 3.4664 35.0030
2313.0000 2285.5623 3.4643 35.0029
2315.0000 2287.5278 3.4627 35.0028
2317.0000 2289.4934 3.4622 35.0028
2319.0000 2291.4592 3.4612 35.0026
2321.0000 2293.4246 3.4589 35.0025
2323.0000 2295.3901 3.4579 35.0025
2325.0000 2297.3557 3.4580 35.0025
2327.0000 2299.3210 3.4578 35.0025
2329.0000 2301.2866 3.4575 35.0025
2331.0000 2303.2522 3.4574 35.0024
2333.0000 2305.2178 3.4532 35.0020
2335.0000 2307.1829 3.4490 35.0018
2337.0000 2309.1484 3.4475 35.0015
2339.0000 2311.1138 3.4457 35.0014
2341.0000 2313.0791 3.4408 35.0009
2343.0000 2315.0447 3.4393 35.0009
2345.0000 2317.0098 3.4383 35.0008
2347.0000 2318.9751 3.4353 35.0005
2349.0000 2320.9404 3.4297 35.0001
2351.0000 2322.9055 3.4285 35.0000
2353.0000 2324.8711 3.4278 35.0001
2355.0000 2326.8362 3.4266 34.9998
2357.0000 2328.8013 3.4201 34.9993
2359.0000 2330.7666 3.4159 34.9989
2361.0000 2332.7319 3.4096 34.9982
2363.0000 2334.6968 3.4085 34.9985
2365.0000 2336.6621 3.4071 34.9983
2367.0000 2338.6274 3.4061 34.9982
2369.0000 2340.5923 3.4047 34.9980
2371.0000 2342.5574 3.4023 34.9978
2373.0000 2344.5227 3.4002 34.9976
2375.0000 2346.4878 3.3986 34.9975
2377.0000 2348.4526 3.3977 34.9974
2379.0000 2350.4177 3.3964 34.9973
2381.0000 2352.3828 3.3949 34.9972
2383.0000 2354.3477 3.3924 34.9970
2385.0000 2356.3127 3.3913 34.9968
2387.0000 2358.2778 3.3886 34.9966
2389.0000 2360.2424 3.3880 34.9965
2391.0000 2362.2075 3.3850 34.9963
2393.0000 2364.1724 3.3807 34.9960
2395.0000 2366.1375 3.3778 34.9957
2397.0000 2368.1021 3.3755 34.9954
2399.0000 2370.0671 3.3705 34.9950
2401.0000 2372.0320 3.3669 34.9948
2403.0000 2373.9966 3.3650 34.9946
2405.0000 2375.9614 3.3613 34.9942
2407.0000 2377.9263 3.3598 34.9941
2409.0000 2379.8911 3.3578 34.9940
2411.0000 2381.8557 3.3563 34.9938
2413.0000 2383.8206 3.3547 34.9936
2415.0000 2385.7852 3.3505 34.9932
2417.0000 2387.7498 3.3467 34.9929
2419.0000 2389.7148 3.3461 34.9928
2421.0000 2391.6794 3.3452 34.9928
2423.0000 2393.6440 3.3442 34.9926
2425.0000 2395.6086 3.3423 34.9924
2427.0000 2397.5732 3.3397 34.9923
2429.0000 2399.5378 3.3378 34.9921
2431.0000 2401.5022 3.3356 34.9919
2433.0000 2403.4668 3.3341 34.9918
2435.0000 2405.4314 3.3329 34.9916
2437.0000 2407.3960 3.3305 34.9914
2439.0000 2409.3604 3.3288 34.9912
2441.0000 2411.3247 3.3251 34.9909
2443.0000 2413.2893 3.3222 34.9906
2445.0000 2415.2534 3.3206 34.9905
2447.0000 2417.2180 3.3198 34.9905
2449.0000 2419.1826 3.3191 34.9905
2451.0000 2421.1467 3.3194 34.9905
2453.0000 2423.1111 3.3178 34.9903
2455.0000 2425.0757 3.3159 34.9902
2457.0000 2427.0403 3.3141 34.9901
2459.0000 2429.0042 3.3126 34.9900
2461.0000 2430.9685 3.3109 34.9898
2463.0000 2432.9331 3.3101 34.9899
2465.0000 2434.8970 3.3093 34.9897
2467.0000 2436.8611 3.3069 34.9896
2469.0000 2438.8257 3.3062 34.9895
2471.0000 2440.7898 3.3036 34.9892
2473.0000 2442.7537 3.3031 34.9891
2475.0000 2444.7180 3.3021 34.9890
2477.0000 2446.6821 3.3015 34.9889
2479.0000 2448.6462 3.2982 34.9886
2481.0000 2450.6104 3.2941 34.9882
2483.0000 2452.5747 3.2922 34.9881
2485.0000 2454.5388 3.2936 34.9881
2487.0000 2456.5027 3.2877 34.9875
2489.0000 2458.4668 3.2834 34.9871
2491.0000 2460.4307 3.2808 34.9869
2493.0000 2462.3948 3.2775 34.9865
2495.0000 2464.3586 3.2740 34.9864
2497.0000 2466.3228 3.2725 34.9863
2499.0000 2468.2866 3.2718 34.9861
2501.0000 2470.2505 3.2663 34.9856
2503.0000 2472.2146 3.2629 34.9853
2505.0000 2474.1787 3.2623 34.9854
2507.0000 2476.1421 3.2616 34.9853
2509.0000 2478.1062 3.2599 34.9851
2511.0000 2480.0701 3.2534 34.9841
2513.0000 2482.0339 3.2496 34.9845
2515.0000 2483.9976 3.2532 34.9842
2517.0000 2485.9614 3.2441 34.9838
2519.0000 2487.9250 3.2419 34.9837
2521.0000 2489.8889 3.2409 34.9835
2523.0000 2491.8525 3.2397 34.9834
2525.0000 2493.8164 3.2413 34.9834
2527.0000 2495.7800 3.2395 34.9833
2529.0000 2497.7439 3.2377 34.9833
2531.0000 2499.7073 3.2380 34.9833
2533.0000 2501.6711 3.2380 34.9833
2535.0000 2503.6348 3.2366 34.9830
2537.0000 2505.5984 3.2339 34.9828
2539.0000 2507.5620 3.2316 34.9826
2541.0000 2509.5254 3.2248 34.9818
2543.0000 2511.4890 3.2195 34.9815
2545.0000 2513.4526 3.2183 34.9814
2547.0000 2515.4163 3.2152 34.9811
2549.0000 2517.3796 3.2113 34.9809
2551.0000 2519.3433 3.2070 34.9805
2553.0000 2521.3066 3.2040 34.9804
2555.0000 2523.2700 3.2008 34.9800
2557.0000 2525.2334 3.1980 34.9799
2559.0000 2527.1968 3.1966 34.9797
2561.0000 2529.1604 3.1935 34.9795
2563.0000 2531.1235 3.1907 34.9792
2565.0000 2533.0869 3.1888 34.9791
2567.0000 2535.0503 3.1877 34.9790
2569.0000 2537.0134 3.1865 34.9789
2571.0000 2538.9768 3.1835 34.9786
2573.0000 2540.9402 3.1809 34.9784
2575.0000 2542.9038 3.1785 34.9781
2577.0000 2544.8667 3.1760 34.9779
2579.0000 2546.8301 3.1735 34.9777
2581.0000 2548.7932 3.1706 34.9774
2583.0000 2550.7561 3.1677 34.9771
2585.0000 2552.7197 3.1651 34.9768
2587.0000 2554.6829 3.1637 34.9768
2589.0000 2556.6458 3.1607 34.9765
2591.0000 2558.6089 3.1585 34.9763
2593.0000 2560.5723 3.1550 34.9760
2595.0000 2562.5354 3.1516 34.9757
2597.0000 2564.4985 3.1492 34.9755
2599.0000 2566.4614 3.1475 34.9754
2601.0000 2568.4246 3.1469 34.9755
2603.0000 2570.3872 3.1451 34.9753
2605.0000 2572.3501 3.1411 34.9748
2607.0000 2574.3135 3.1367 34.9744
2609.0000 2576.2766 3.1344 34.9742
2611.0000 2578.2393 3.1338 34.9742
2613.0000 2580.2021 3.1326 34.9741
2615.0000 2582.1653 3.1282 34.9738
2617.0000 2584.1279 3.1258 34.9736
2619.0000 2586.0911 3.1226 34.9732
2621.0000 2588.0537 3.1205 34.9730
2623.0000 2590.0166 3.1187 34.9729
2625.0000 2591.9795 3.1141 34.9724
2627.0000 2593.9424 3.1106 34.9720
2629.0000 2595.9050 3.1089 34.9719
2631.0000 2597.8677 3.1069 34.9717
2633.0000 2599.8306 3.1034 34.9712
2635.0000 2601.7935 3.0998 34.9709
2637.0000 2603.7561 3.0983 34.9708
2639.0000 2605.7188 3.0958 34.9703
2641.0000 2607.6812 3.0870 34.9697
2643.0000 2609.6443 3.0867 34.9697
2645.0000 2611.6067 3.0865 34.9697
2647.0000 2613.5693 3.0862 34.9696
2649.0000 2615.5320 3.0859 34.9696
2651.0000 2617.4946 3.0854 34.9695
2653.0000 2619.4573 3.0827 34.9693
2655.0000 2621.4197 3.0792 34.9691
2657.0000 2623.3823 3.0784 34.9689
2659.0000 2625.3447 3.0771 34.9688
2661.0000 2627.3074 3.0749 34.9685
2663.0000 2629.2698 3.0725 34.9683
2665.0000 2631.2322 3.0712 34.9682
2667.0000 2633.1946 3.0678 34.9680
2669.0000 2635.1572 3.0658 34.9676
2671.0000 2637.1194 3.0630 34.9674
2673.0000 2639.0818 3.0617 34.9673
2675.0000 2641.0442 3.0606 34.9673
2677.0000 2643.0068 3.0596 34.9672
2679.0000 2644.9690 3.0594 34.9671
2681.0000 2646.9312 3.0560 34.9668
2683.0000 2648.8938 3.0534 34.9666
2685.0000 2650.8562 3.0516 34.9664
2687.0000 2652.8179 3.0498 34.9662
2689.0000 2654.7805 3.0484 34.9659
2691.0000 2656.7429 3.0459 34.9656
2693.0000 2658.7046 3.0440 34.9653
2695.0000 2660.6670 3.0465 34.9664
2697.0000 2662.6294 3.0478 34.9669
2699.0000 2664.5916 3.0470 34.9670
2701.0000 2666.5535 3.0455 34.9670
2703.0000 2668.5156 3.0428 34.9666
2705.0000 2670.4780 3.0400 34.9664
2707.0000 2672.4397 3.0386 34.9662
2709.0000 2674.4019 3.0361 34.9660
2711.0000 2676.3643 3.0336 34.9658
2713.0000 2678.3259 3.0319 34.9655
2715.0000 2680.2881 3.0284 34.9652
2717.0000 2682.2502 3.0269 34.9652
2719.0000 2684.2122 3.0235 34.9648
2721.0000 2686.1738 3.0200 34.9644
2723.0000 2688.1357 3.0169 34.9639
2725.0000 2690.0981 3.0149 34.9637
2727.0000 2692.0598 3.0129 34.9634
2729.0000 2694.0217 3.0043 34.9622
2731.0000 2695.9839 2.9994 34.9616
2733.0000 2697.9456 2.9981 34.9616
2735.0000 2699.9072 2.9978 34.9616
2737.0000 2701.8691 2.9947 34.9613
2739.0000 2703.8311 2.9938 34.9613
2741.0000 2705.7925 2.9926 34.9611
2743.0000 2707.7546 2.9917 34.9611
2745.0000 2709.7163 2.9910 34.9609
2747.0000 2711.6780 2.9893 34.9608
2749.0000 2713.6396 2.9868 34.9606
2751.0000 2715.6013 2.9822 34.9602
2753.0000 2717.5632 2.9813 34.9602
2755.0000 2719.5247 2.9802 34.9601
2757.0000 2721.4866 2.9794 34.9599
2759.0000 2723.4480 2.9758 34.9597
2761.0000 2725.4099 2.9733 34.9595
2763.0000 2727.3713 2.9715 34.9593
2765.0000 2729.3328 2.9705 34.9592
2767.0000 2731.2944 2.9691 34.9589
2769.0000 2733.2559 2.9668 34.9586
2771.0000 2735.2173 2.9651 34.9584
2773.0000 2737.1792 2.9638 34.9583
2775.0000 2739.1406 2.9630 34.9582
2777.0000 2741.1018 2.9619 34.9582
2779.0000 2743.0635 2.9619 34.9583
2781.0000 2745.0249 2.9611 34.9582
2783.0000 2746.9861 2.9594 34.9580
2785.0000 2748.9478 2.9592 34.9580
2787.0000 2750.9089 2.9579 34.9578
2789.0000 2752.8704 2.9561 34.9576
2791.0000 2754.8318 2.9546 34.9574
2793.0000 2756.7930 2.9526 34.9571
2795.0000 2758.7544 2.9499 34.9566
2797.0000 2760.7156 2.9469 34.9564
2799.0000 2762.6768 2.9447 34.9561
2801.0000 2764.6382 2.9433 34.9561
2803.0000 2766.5994 2.9434 34.9562
2805.0000 2768.5608 2.9438 34.9560
2807.0000 2770.5217 2.9406 34.9560
2809.0000 2772.4832 2.9368 34.9557
2811.0000 2774.4441 2.9343 34.9554
2813.0000 2776.4053 2.9354 34.9554
2815.0000 2778.3665 2.9318 34.9551
2817.0000 2780.3274 2.9288 34.9550
2819.0000 2782.2886 2.9265 34.9546
2821.0000 2784.2498 2.9232 34.9542
2823.0000 2786.2109 2.9196 34.9540
2825.0000 2788.1716 2.9175 34.9538
2827.0000 2790.1331 2.9164 34.9537
2829.0000 2792.0938 2.9158 34.9537
2831.0000 2794.0549 2.9117 34.9532
2833.0000 2796.0159 2.9090 34.9530
2835.0000 2797.9768 2.9078 34.9530
2837.0000 2799.9377 2.9047 34.9524
2839.0000 2801.8984 2.9015 34.9523
2841.0000 2803.8596 2.8999 34.9520
2843.0000 2805.8206 2.8969 34.9519
2845.0000 2807.7812 2.8961 34.9518
2847.0000 2809.7422 2.8959 34.9517
2849.0000 2811.7029 2.8932 34.9514
2851.0000 2813.6636 2.8911 34.9512
2853.0000 2815.6245 2.8886 34.9509
2855.0000 2817.5857 2.8853 34.9507
2857.0000 2819.5461 2.8826 34.9505
2859.0000 2821.5066 2.8808 34.9503
2861.0000 2823.4678 2.8786 34.9501
2863.0000 2825.4285 2.8773 34.9500
2865.0000 2827.3889 2.8756 34.9499
2867.0000 2829.3496 2.8750 34.9498
2869.0000 2831.3105 2.8748 34.9497
2871.0000 2833.2710 2.8721 34.9495
2873.0000 2835.2317 2.8706 34.9494
2875.0000 2837.1921 2.8694 34.9492
2877.0000 2839.1528 2.8670 34.9491
2879.0000 2841.1133 2.8661 34.9491
2881.0000 2843.0737 2.8655 34.9490
2883.0000 2845.0344 2.8647 34.9488
2885.0000 2846.9949 2.8632 34.9486
2887.0000 2848.9556 2.8615 34.9485
2889.0000 2850.9160 2.8599 34.9484
2891.0000 2852.8765 2.8581 34.9481
2893.0000 2854.8367 2.8569 34.9480
2895.0000 2856.7969 2.8558 34.9479
2897.0000 2858.7576 2.8542 34.9478
2899.0000 2860.7180 2.8510 34.9475
2901.0000 2862.6782 2.8496 34.9473
2903.0000 2864.6387 2.8479 34.9472
2905.0000 2866.5991 2.8465 34.9471
2907.0000 2868.5591 2.8461 34.9469
2909.0000 2870.5198 2.8445 34.9468
2911.0000 2872.4800 2.8405 34.9463
2913.0000 2874.4402 2.8381 34.9462
2915.0000 2876.4004 2.8370 34.9460
2917.0000 2878.3608 2.8348 34.9458
2919.0000 2880.3208 2.8332 34.9456
2921.0000 2882.2810 2.8319 34.9456
2923.0000 2884.2412 2.8313 34.9454
2925.0000 2886.2017 2.8302 34.9453
2927.0000 2888.1614 2.8286 34.9451
2929.0000 2890.1216 2.8262 34.9448
2931.0000 2892.0818 2.8240 34.9447
2933.0000 2894.0422 2.8212 34.9444
2935.0000 2896.0020 2.8195 34.9443
2937.0000 2897.9622 2.8191 34.9442
2939.0000 2899.9221 2.8184 34.9441
2941.0000 2901.8821 2.8170 34.9441
2943.0000 2903.8418 2.8157 34.9438
2945.0000 2905.8020 2.8147 34.9437
2947.0000 2907.7620 2.8130 34.9435
2949.0000 2909.7219 2.8108 34.9434
2951.0000 2911.6816 2.8101 34.9432
2953.0000 2913.6418 2.8072 34.9429
2955.0000 2915.6016 2.8044 34.9426
2957.0000 2917.5615 2.8025 34.9425
2959.0000 2919.5212 2.8010 34.9422
2961.0000 2921.4814 2.7986 34.9420
2963.0000 2923.4409 2.7971 34.9420
2965.0000 2925.4009 2.7961 34.9421
2967.0000 2927.3606 2.7952 34.9419
2969.0000 2929.3203 2.7944 34.9418
2971.0000 2931.2800 2.7944 34.9418
2973.0000 2933.2400 2.7941 34.9418
2975.0000 2935.1995 2.7909 34.9415
2977.0000 2937.1592 2.7890 34.9412
2979.0000 2939.1189 2.7880 34.9412
2981.0000 2941.0786 2.7863 34.9411
2983.0000 2943.0381 2.7842 34.9409
2985.0000 2944.9978 2.7826 34.9408
2987.0000 2946.9575 2.7822 34.9408
2989.0000 2948.9170 2.7813 34.9406
2991.0000 2950.8767 2.7800 34.9405
2993.0000 2952.8362 2.7790 34.9404
2995.0000 2954.7959 2.7781 34.9404
2997.0000 2956.7551 2.7775 34.9403
2999.0000 2958.7148 2.7754 34.9400
3001.0000 2960.6743 2.7737 34.9397
3003.0000 2962.6335 2.7718 34.9395
3005.0000 2964.5930 2.7703 34.9393
3007.0000 2966.5525 2.7685 34.9392
3009.0000 2968.5122 2.7672 34.9390
3011.0000 2970.4712 2.7660 34.9389
3013.0000 2972.4309 2.7642 34.9387
3015.0000 2974.3901 2.7624 34.9386
3017.0000 2976.3494 2.7606 34.9385
3019.0000 2978.3086 2.7582 34.9381
3021.0000 2980.2683 2.7559 34.9380
3023.0000 2982.2275 2.7547 34.9379
3025.0000 2984.1865 2.7536 34.9378
3027.0000 2986.1460 2.7512 34.9377
3029.0000 2988.1050 2.7504 34.9376
3031.0000 2990.0642 2.7497 34.9375
3033.0000 2992.0234 2.7488 34.9373
3035.0000 2993.9827 2.7477 34.9373
3037.0000 2995.9419 2.7455 34.9370
3039.0000 2997.9009 2.7441 34.9369
3041.0000 2999.8604 2.7426 34.9367
3043.0000 3001.8193 2.7409 34.9365
3045.0000 3003.7783 2.7394 34.9363
3047.0000 3005.7375 2.7379 34.9365
3049.0000 3007.6965 2.7371 34.9366
3051.0000 3009.6555 2.7352 34.9362
3053.0000 3011.6145 2.7318 34.9355
3055.0000 3013.5735 2.7293 34.9352
3057.0000 3015.5327 2.7286 34.9354
3059.0000 3017.4915 2.7269 34.9352
3061.0000 3019.4507 2.7239 34.9347
3063.0000 3021.4094 2.7214 34.9344
3065.0000 3023.3684 2.7196 34.9342
3067.0000 3025.3274 2.7188 34.9341
3069.0000 3027.2861 2.7177 34.9340
3071.0000 3029.2451 2.7169 34.9339
3073.0000 3031.2036 2.7156 34.9338
3075.0000 3033.1626 2.7140 34.9335
3077.0000 3035.1216 2.7132 34.9335
3079.0000 3037.0801 2.7129 34.9335
3081.0000 3039.0391 2.7123 34.9337
3083.0000 3040.9980 2.7115 34.9337
3085.0000 3042.9565 2.7108 34.9337
3087.0000 3044.9153 2.7100 34.9337
3089.0000 3046.8740 2.7068 34.9334
3091.0000 3048.8328 2.7052 34.9331
3093.0000 3050.7913 2.7046 34.9330
3095.0000 3052.7500 2.7027 34.9331
3097.0000 3054.7087 2.7017 34.9329
3099.0000 3056.6675 2.7004 34.9328
3101.0000 3058.6257 2.6998 34.9327
3103.0000 3060.5845 2.6995 34.9327
3105.0000 3062.5432 2.6985 34.9326
3107.0000 3064.5015 2.6965 34.9323
3109.0000 3066.4600 2.6954 34.9322
3111.0000 3068.4189 2.6955 34.9322
3113.0000 3070.3770 2.6944 34.9322
3115.0000 3072.3357 2.6941 34.9320
3117.0000 3074.2939 2.6931 34.9318
3119.0000 3076.2527 2.6911 34.9316
3121.0000 3078.2109 2.6894 34.9314
3123.0000 3080.1692 2.6882 34.9313
3125.0000 3082.1277 2.6871 34.9312
3127.0000 3084.0859 2.6859 34.9311
3129.0000 3086.0444 2.6845 34.9309
3131.0000 3088.0027 2.6842 34.9309
3133.0000 3089.9612 2.6827 34.9306
3135.0000 3091.9192 2.6825 34.9308
3137.0000 3093.8777 2.6818 34.9307
3139.0000 3095.8359 2.6797 34.9305
3141.0000 3097.7942 2.6785 34.9303
3143.0000 3099.7524 2.6771 34.9302
3145.0000 3101.7107 2.6758 34.9302
3147.0000 3103.6692 2.6743 34.9300
3149.0000 3105.6270 2.6737 34.9299
3151.0000 3107.5852 2.6723 34.9297
3153.0000 3109.5437 2.6709 34.9297
3155.0000 3111.5012 2.6708 34.9297
3157.0000 3113.4597 2.6706 34.9297
3159.0000 3115.4177 2.6698 34.9296
3161.0000 3117.3757 2.6703 34.9295
3163.0000 3119.3337 2.6694 34.9296
3165.0000 3121.2920 2.6681 34.9294
3167.0000 3123.2498 2.6673 34.9293
3169.0000 3125.2078 2.6663 34.9292
3171.0000 3127.1658 2.6652 34.9291
3173.0000 3129.1240 2.6624 34.9289
3175.0000 3131.0815 2.6619 34.9288
3177.0000 3133.0398 2.6613 34.9288
3179.0000 3134.9978 2.6606 34.9287
3181.0000 3136.9553 2.6600 34.9286
3183.0000 3138.9133 2.6599 34.9286
3185.0000 3140.8713 2.6592 34.9286
3187.0000 3142.8293 2.6584 34.9284
3189.0000 3144.7866 2.6576 34.9283
3191.0000 3146.7446 2.6561 34.9283
3193.0000 3148.7026 2.6559 34.9282
3195.0000 3150.6604 2.6555 34.9280
3197.0000 3152.6179 2.6537 34.9279
3199.0000 3154.5759 2.6516 34.9277
3201.0000 3156.5337 2.6506 34.9274
3203.0000 3158.4910 2.6491 34.9272
3205.0000 3160.4490 2.6483 34.9272
3207.0000 3162.4067 2.6480 34.9273
3209.0000 3164.3645 2.6474 34.9272
3211.0000 3166.3215 2.6459 34.9269
3213.0000 3168.2795 2.6439 34.9267
3215.0000 3170.2373 2.6425 34.9265
3217.0000 3172.1946 2.6422 34.9265
3219.0000 3174.1521 2.6417 34.9264
3221.0000 3176.1099 2.6401 34.9264
3223.0000 3178.0676 2.6390 34.9264
3225.0000 3180.0249 2.6382 34.9263
3227.0000 3181.9822 2.6373 34.9263
3229.0000 3183.9399 2.6369 34.9262
3231.0000 3185.8972 2.6364 34.9262
3233.0000 3187.8547 2.6353 34.9261
3235.0000 3189.8120 2.6332 34.9258
3237.0000 3191.7693 2.6328 34.9258
3239.0000 3193.7268 2.6327 34.9255
3241.0000 3195.6843 2.6318 34.9255
3243.0000 3197.6416 2.6299 34.9254
3245.0000 3199.5989 2.6292 34.9253
3247.0000 3201.5564 2.6289 34.9254
3249.0000 3203.5139 2.6284 34.9251
3251.0000 3205.4707 2.6263 34.9249
3253.0000 3207.4280 2.6250 34.9249
3255.0000 3209.3855 2.6234 34.9248
3257.0000 3211.3428 2.6221 34.9245
3259.0000 3213.2998 2.6214 34.9245
3261.0000 3215.2568 2.6204 34.9245
3263.0000 3217.2141 2.6198 34.9244
3265.0000 3219.1711 2.6189 34.9244
3267.0000 3221.1284 2.6172 34.9242
3269.0000 3223.0857 2.6162 34.9240
3271.0000 3225.0430 2.6152 34.9239
3273.0000 3226.9998 2.6143 34.9239
3275.0000 3228.9570 2.6129 34.9237
3277.0000 3230.9141 2.6115 34.9236
3279.0000 3232.8711 2.6095 34.9234
3281.0000 3234.8279 2.6084 34.9234
3283.0000 3236.7852 2.6081 34.9232
3285.0000 3238.7422 2.6071 34.9232
3287.0000 3240.6990 2.6056 34.9229
3289.0000 3242.6560 2.6049 34.9229
3291.0000 3244.6128 2.6030 34.9226
3293.0000 3246.5696 2.6015 34.9225
3295.0000 3248.5266 2.6005 34.9225
3297.0000 3250.4836 2.5987 34.9222
3299.0000 3252.4404 2.5973 34.9220
3301.0000 3254.3972 2.5966 34.9220
3303.0000 3256.3540 2.5953 34.9219
3305.0000 3258.3110 2.5948 34.9219
3307.0000 3260.2676 2.5938 34.9217
3309.0000 3262.2246 2.5924 34.9215
3311.0000 3264.1814 2.5918 34.9214
3313.0000 3266.1377 2.5907 34.9213
3315.0000 3268.0945 2.5891 34.9211
3317.0000 3270.0513 2.5884 34.9211
3319.0000 3272.0083 2.5881 34.9211
3321.0000 3273.9648 2.5881 34.9211
3323.0000 3275.9214 2.5873 34.9209
3325.0000 3277.8779 2.5860 34.9209
3327.0000 3279.8345 2.5856 34.9207
3329.0000 3281.7913 2.5849 34.9207
3331.0000 3283.7478 2.5840 34.9205
3333.0000 3285.7046 2.5829 34.9205
3335.0000 3287.6609 2.5818 34.9204
3337.0000 3289.6174 2.5815 34.9204
3339.0000 3291.5740 2.5813 34.9203
3341.0000 3293.5303 2.5810 34.9203
3343.0000 3295.4868 2.5795 34.9200
3345.0000 3297.4436 2.5789 34.9200
3347.0000 3299.4001 2.5775 34.9199
3349.0000 3301.3564 2.5761 34.9197
3351.0000 3303.3127 2.5761 34.9197
3353.0000 3305.2690 2.5751 34.9195
3355.0000 3307.2253 2.5724 34.9193
3357.0000 3309.1816 2.5718 34.9193
3359.0000 3311.1382 2.5707 34.9192
3361.0000 3313.0947 2.5702 34.9190
3363.0000 3315.0508 2.5698 34.9190
3365.0000 3317.0073 2.5685 34.9189
3367.0000 3318.9634 2.5663 34.9186
3369.0000 3320.9192 2.5642 34.9183
3371.0000 3322.8757 2.5642 34.9184
3373.0000 3324.8320 2.5627 34.9183
3375.0000 3326.7881 2.5614 34.9181
3377.0000 3328.7444 2.5611 34.9181
3379.0000 3330.7007 2.5598 34.9179
3381.0000 3332.6570 2.5591 34.9178
3383.0000 3334.6125 2.5589 34.9179
3385.0000 3336.5688 2.5581 34.9177
3387.0000 3338.5249 2.5571 34.9176
3389.0000 3340.4810 2.5566 34.9175
3391.0000 3342.4373 2.5559 34.9175
3393.0000 3344.3933 2.5545 34.9174
3395.0000 3346.3494 2.5538 34.9173
3397.0000 3348.3054 2.5515 34.9170
3399.0000 3350.2612 2.5498 34.9169
3401.0000 3352.2175 2.5489 34.9168
3403.0000 3354.1731 2.5484 34.9167
3405.0000 3356.1289 2.5480 34.9166
3407.0000 3358.0852 2.5465 34.9164
3409.0000 3360.0410 2.5442 34.9162
3411.0000 3361.9966 2.5433 34.9162
3413.0000 3363.9526 2.5431 34.9161
3415.0000 3365.9087 2.5430 34.9161
3417.0000 3367.8640 2.5428 34.9161
3419.0000 3369.8203 2.5421 34.9159
3421.0000 3371.7761 2.5391 34.9157
3423.0000 3373.7319 2.5386 34.9157
3425.0000 3375.6875 2.5378 34.9156
3427.0000 3377.6433 2.5376 34.9156
3429.0000 3379.5989 2.5379 34.9155
3431.0000 3381.5542 2.5382 34.9157
3433.0000 3383.5103 2.5376 34.9155
3435.0000 3385.4661 2.5350 34.9152
3437.0000 3387.4214 2.5340 34.9151
3439.0000 3389.3774 2.5337 34.9151
3441.0000 3391.3328 2.5331 34.9150
3443.0000 3393.2886 2.5316 34.9149
3445.0000 3395.2441 2.5311 34.9148
3447.0000 3397.1995 2.5305 34.9147
3449.0000 3399.1553 2.5295 34.9147
3451.0000 3401.1108 2.5282 34.9145
3453.0000 3403.0664 2.5273 34.9144
3455.0000 3405.0222 2.5262 34.9142
3457.0000 3406.9775 2.5254 34.9142
3459.0000 3408.9326 2.5253 34.9142
3461.0000 3410.8884 2.5248 34.9141
3463.0000 3412.8440 2.5237 34.9139
3465.0000 3414.7991 2.5234 34.9137
3467.0000 3416.7544 2.5228 34.9137
3469.0000 3418.7100 2.5222 34.9136
3471.0000 3420.6653 2.5215 34.9136
3473.0000 3422.6204 2.5193 34.9134
3475.0000 3424.5757 2.5178 34.9133
3477.0000 3426.5312 2.5174 34.9132
3479.0000 3428.4863 2.5166 34.9131
3481.0000 3430.4417 2.5159 34.9130
3483.0000 3432.3972 2.5154 34.9130
3485.0000 3434.3521 2.5148 34.9129
3487.0000 3436.3071 2.5130 34.9127
3489.0000 3438.2627 2.5120 34.9125
3491.0000 3440.2178 2.5129 34.9126
3493.0000 3442.1729 2.5115 34.9125
3495.0000 3444.1282 2.5104 34.9124
3497.0000 3446.0833 2.5095 34.9123
3499.0000 3448.0383 2.5075 34.9121
3501.0000 3449.9932 2.5062 34.9119
3503.0000 3451.9487 2.5059 34.9118
3505.0000 3453.9038 2.5055 34.9118
3507.0000 3455.8584 2.5050 34.9118
3509.0000 3457.8137 2.5038 34.9115
3511.0000 3459.7688 2.5043 34.9115
3513.0000 3461.7234 2.5027 34.9113
3515.0000 3463.6785 2.5011 34.9113
3517.0000 3465.6335 2.5002 34.9112
3519.0000 3467.5884 2.4993 34.9111
3521.0000 3469.5435 2.4985 34.9110
3523.0000 3471.4985 2.4979 34.9109
3525.0000 3473.4531 2.4969 34.9108
3527.0000 3475.4077 2.4966 34.9107
3529.0000 3477.3628 2.4964 34.9107
3531.0000 3479.3179 2.4963 34.9107
3533.0000 3481.2727 2.4957 34.9106
3535.0000 3483.2275 2.4945 34.9105
3537.0000 3485.1821 2.4936 34.9104
3539.0000 3487.1370 2.4936 34.9103
3541.0000 3489.0918 2.4938 34.9103
3543.0000 3491.0464 2.4909 34.9100
3545.0000 3493.0012 2.4901 34.9100
3547.0000 3494.9563 2.4893 34.9099
3549.0000 3496.9106 2.4888 34.9098
3551.0000 3498.8655 2.4887 34.9098
3553.0000 3500.8201 2.4885 34.9098
3555.0000 3502.7744 2.4881 34.9098
3557.0000 3504.7295 2.4878 34.9098
3559.0000 3506.6841 2.4877 34.9096
3561.0000 3508.6382 2.4875 34.9095
3563.0000 3510.5928 2.4869 34.9095
3565.0000 3512.5474 2.4862 34.9093
3567.0000 3514.5020 2.4853 34.9094
3569.0000 3516.4563 2.4848 34.9093
3571.0000 3518.4109 2.4841 34.9092
3573.0000 3520.3655 2.4825 34.9090
3575.0000 3522.3196 2.4818 34.9089
3577.0000 3524.2742 2.4823 34.9088
3579.0000 3526.2288 2.4821 34.9088
3581.0000 3528.1829 2.4796 34.9086
3583.0000 3530.1372 2.4795 34.9087
3585.0000 3532.0918 2.4793 34.9086
3587.0000 3534.0464 2.4789 34.9084
3589.0000 3536.0005 2.4783 34.9085
3591.0000 3537.9548 2.4774 34.9083
3593.0000 3539.9094 2.4768 34.9082
3595.0000 3541.8635 2.4766 34.9082
3597.0000 3543.8179 2.4757 34.9080
3599.0000 3545.7720 2.4745 34.9080
3601.0000 3547.7261 2.4736 34.9078
3603.0000 3549.6804 2.4730 34.9078
3605.0000 3551.6345 2.4719 34.9077
3607.0000 3553.5886 2.4715 34.9076
3609.0000 3555.5430 2.4709 34.9075
3611.0000 3557.4971 2.4703 34.9074
3613.0000 3559.4512 2.4702 34.9074
3615.0000 3561.4055 2.4698 34.9074
3617.0000 3563.3591 2.4679 34.9071
3619.0000 3565.3135 2.4671 34.9070
3621.0000 3567.2676 2.4668 34.9069
3623.0000 3569.2217 2.4661 34.9068
3625.0000 3571.1755 2.4647 34.9067
3627.0000 3573.1296 2.4643 34.9067
3629.0000 3575.0835 2.4638 34.9066
3631.0000 3577.0376 2.4630 34.9064
3633.0000 3578.9915 2.4625 34.9064
3635.0000 3580.9456 2.4622 34.9063
3637.0000 3582.8994 2.4618 34.9064
3639.0000 3584.8533 2.4605 34.9062
3641.0000 3586.8074 2.4596 34.9061
3643.0000 3588.7610 2.4592 34.9061
3645.0000 3590.7146 2.4591 34.9060
3647.0000 3592.6687 2.4590 34.9059
3649.0000 3594.6228 2.4588 34.9058
3651.0000 3596.5762 2.4586 34.9059
3653.0000 3598.5300 2.4578 34.9057
3655.0000 3600.4836 2.4566 34.9056
3657.0000 3602.4380 2.4560 34.9055
3659.0000 3604.3914 2.4554 34.9055
3661.0000 3606.3450 2.4547 34.9054
3663.0000 3608.2988 2.4529 34.9052
3665.0000 3610.2522 2.4524 34.9051
3667.0000 3612.2058 2.4525 34.9051
3669.0000 3614.1597 2.4525 34.9051
3671.0000 3616.1135 2.4518 34.9049
3673.0000 3618.0669 2.4517 34.9050
3675.0000 3620.0205 2.4516 34.9049
3677.0000 3621.9744 2.4512 34.9049
3679.0000 3623.9277 2.4510 34.9048
3681.0000 3625.8811 2.4510 34.9048
3683.0000 3627.8347 2.4507 34.9048
3685.0000 3629.7881 2.4503 34.9047
3687.0000 3631.7415 2.4501 34.9046
3689.0000 3633.6948 2.4486 34.9044
3691.0000 3635.6489 2.4479 34.9044
3693.0000 3637.6021 2.4476 34.9043
3695.0000 3639.5554 2.4469 34.9042
3697.0000 3641.5090 2.4459 34.9041
3699.0000 3643.4619 2.4453 34.9040
3701.0000 3645.4153 2.4451 34.9039
3703.0000 3647.3691 2.4445 34.9039
3705.0000 3649.3225 2.4440 34.9038
3707.0000 3651.2754 2.4437 34.9038
3709.0000 3653.2288 2.4435 34.9037
3711.0000 3655.1821 2.4435 34.9038
3713.0000 3657.1350 2.4430 34.9037
3715.0000 3659.0889 2.4426 34.9037
3717.0000 3661.0420 2.4420 34.9035
3719.0000 3662.9951 2.4416 34.9035
3721.0000 3664.9480 2.4414 34.9035
3723.0000 3666.9014 2.4409 34.9034
3725.0000 3668.8547 2.4404 34.9033
3727.0000 3670.8076 2.4399 34.9032
3729.0000 3672.7610 2.4387 34.9031
3731.0000 3674.7139 2.4380 34.9030
3733.0000 3676.6672 2.4378 34.9029
3735.0000 3678.6201 2.4370 34.9029
3737.0000 3680.5730 2.4366 34.9027
3739.0000 3682.5264 2.4362 34.9027
3741.0000 3684.4790 2.4357 34.9027
3743.0000 3686.4319 2.4350 34.9026
3745.0000 3688.3853 2.4346 34.9025
3747.0000 3690.3386 2.4346 34.9026
3749.0000 3692.2910 2.4343 34.9024
3751.0000 3694.2439 2.4337 34.9024
3753.0000 3696.1968 2.4333 34.9023
3755.0000 3698.1499 2.4327 34.9022
3757.0000 3700.1028 2.4318 34.9021
3759.0000 3702.0557 2.4312 34.9020
3761.0000 3704.0083 2.4313 34.9020
3763.0000 3705.9612 2.4308 34.9019
3765.0000 3707.9141 2.4303 34.9019
3767.0000 3709.8669 2.4298 34.9017
3769.0000 3711.8196 2.4294 34.9018
3771.0000 3713.7720 2.4288 34.9016
3773.0000 3715.7253 2.4284 34.9016
3775.0000 3717.6775 2.4285 34.9016
3777.0000 3719.6304 2.4286 34.9015
3779.0000 3721.5828 2.4278 34.9014
3781.0000 3723.5361 2.4274 34.9015
3783.0000 3725.4883 2.4272 34.9014
3785.0000 3727.4412 2.4264 34.9013
3787.0000 3729.3938 2.4258 34.9012
3789.0000 3731.3462 2.4255 34.9010
3791.0000 3733.2988 2.4251 34.9011
3793.0000 3735.2517 2.4248 34.9010
3795.0000 3737.2041 2.4244 34.9009
3797.0000 3739.1567 2.4241 34.9008
3799.0000 3741.1091 2.4237 34.9008
3801.0000 3743.0618 2.4239 34.9008
3803.0000 3745.0139 2.4234 34.9007
3805.0000 3746.9668 2.4229 34.9007
3807.0000 3748.9192 2.4222 34.9006
3809.0000 3750.8716 2.4217 34.9005
3811.0000 3752.8235 2.4213 34.9005
3813.0000 3754.7764 2.4215 34.9005
3815.0000 3756.7288 2.4209 34.9003
3817.0000 3758.6804 2.4199 34.9003
3819.0000 3760.6331 2.4193 34.9002
3821.0000 3762.5859 2.4185 34.9000
3823.0000 3764.5376 2.4181 34.9001
3825.0000 3766.4902 2.4176 34.8999
3827.0000 3768.4426 2.4163 34.8998
3829.0000 3770.3950 2.4154 34.8996
3831.0000 3772.3469 2.4147 34.8994
3833.0000 3774.2988 2.4144 34.8995
3835.0000 3776.2515 2.4134 34.8992
3837.0000 3778.2036 2.4127 34.8990
3839.0000 3780.1555 2.4124 34.8991
3841.0000 3782.1082 2.4127 34.8992
3843.0000 3784.0601 2.4127 34.8992
3845.0000 3786.0120 2.4122 34.8991
3847.0000 3787.9639 2.4118 34.8990
3849.0000 3789.9165 2.4110 34.8989
3851.0000 3791.8682 2.4108 34.8989
3853.0000 3793.8203 2.4105 34.8988
3855.0000 3795.7727 2.4098 34.8986
3857.0000 3797.7249 2.4094 34.8985
3859.0000 3799.6765 2.4091 34.8985
3861.0000 3801.6284 2.4086 34.8985
3863.0000 3803.5806 2.4081 34.8984
3865.0000 3805.5322 2.4082 34.8984
3867.0000 3807.4844 2.4084 34.8984
3869.0000 3809.4365 2.4074 34.8983
3871.0000 3811.3882 2.4064 34.8982
3873.0000 3813.3398 2.4059 34.8981
3875.0000 3815.2920 2.4057 34.8982
3877.0000 3817.2439 2.4056 34.8981
3879.0000 3819.1953 2.4054 34.8980
3881.0000 3821.1472 2.4051 34.8980
3883.0000 3823.0989 2.4041 34.8979
3885.0000 3825.0505 2.4036 34.8978
3887.0000 3827.0027 2.4040 34.8978
3889.0000 3828.9543 2.4043 34.8978
3891.0000 3830.9060 2.4036 34.8977
3893.0000 3832.8577 2.4032 34.8977
3895.0000 3834.8093 2.4031 34.8977
3897.0000 3836.7610 2.4028 34.8976
3899.0000 3838.7126 2.4021 34.8975
3901.0000 3840.6643 2.4022 34.8975
3903.0000 3842.6160 2.4022 34.8974
3905.0000 3844.5676 2.4019 34.8974
3907.0000 3846.5190 2.4016 34.8974
3909.0000 3848.4707 2.4012 34.8972
3911.0000 3850.4226 2.4006 34.8971
3913.0000 3852.3735 2.3998 34.8969
3915.0000 3854.3257 2.3992 34.8969
3917.0000 3856.2769 2.3991 34.8969
3919.0000 3858.2285 2.3991 34.8969
3921.0000 3860.1799 2.3988 34.8967
3923.0000 3862.1313 2.3985 34.8967
3925.0000 3864.0828 2.3985 34.8966
3927.0000 3866.0339 2.3987 34.8968
3929.0000 3867.9856 2.3989 34.8967
3931.0000 3869.9368 2.3989 34.8968
3933.0000 3871.8884 2.3986 34.8967
3935.0000 3873.8394 2.3990 34.8965
3937.0000 3875.7910 2.3986 34.8966
3939.0000 3877.7422 2.3988 34.8966
3941.0000 3879.6931 2.3988 34.8966
3943.0000 3881.6448 2.3988 34.8966
3945.0000 3883.5959 2.3990 34.8966
3947.0000 3885.5474 2.3990 34.8965
3949.0000 3887.4985 2.3988 34.8964
3951.0000 3889.4497 2.3980 34.8962
3953.0000 3891.4011 2.3972 34.8963
3955.0000 3893.3518 2.3972 34.8962
3957.0000 3895.3030 2.3971 34.8961
3959.0000 3897.2544 2.3967 34.8961
3961.0000 3899.2051 2.3969 34.8960
3963.0000 3901.1567 2.3958 34.8960
3965.0000 3903.1077 2.3957 34.8960
3967.0000 3905.0588 2.3949 34.8959
3969.0000 3907.0098 2.3938 34.8958
3971.0000 3908.9607 2.3933 34.8957
3973.0000 3910.9121 2.3930 34.8956
3975.0000 3912.8625 2.3924 34.8955
3977.0000 3914.8135 2.3921 34.8955
3979.0000 3916.7646 2.3916 34.8955
3981.0000 3918.7158 2.3908 34.8953
3983.0000 3920.6667 2.3906 34.8953
3985.0000 3922.6177 2.3906 34.8952
3987.0000 3924.5684 2.3904 34.8953
3989.0000 3926.5193 2.3896 34.8951
3991.0000 3928.4702 2.3895 34.8951
3993.0000 3930.4214 2.3891 34.8951
3995.0000 3932.3721 2.3889 34.8950
3997.0000 3934.3225 2.3887 34.8949
3999.0000 3936.2734 2.3889 34.8949
4001.0000 3938.2241 2.3887 34.8949
4003.0000 3940.1750 2.3880 34.8948
4005.0000 3942.1255 2.3885 34.8947
4007.0000 3944.0767 2.3883 34.8948
4009.0000 3946.0271 2.3882 34.8948
4011.0000 3947.9780 2.3881 34.8947
4013.0000 3949.9285 2.3881 34.8948
4015.0000 3951.8792 2.3882 34.8947
4017.0000 3953.8296 2.3878 34.8947
4019.0000 3955.7805 2.3876 34.8947
4021.0000 3957.7312 2.3873 34.8946
4023.0000 3959.6812 2.3868 34.8945
4025.0000 3961.6321 2.3864 34.8944
4027.0000 3963.5828 2.3861 34.8945
4029.0000 3965.5337 2.3852 34.8943
4031.0000 3967.4836 2.3847 34.8942
4033.0000 3969.4346 2.3847 34.8942
4035.0000 3971.3850 2.3842 34.8943
4037.0000 3973.3350 2.3837 34.8940
4039.0000 3975.2856 2.3827 34.8941
4041.0000 3977.2361 2.3822 34.8939
4043.0000 3979.1870 2.3816 34.8938
4045.0000 3981.1365 2.3814 34.8937
4047.0000 3983.0874 2.3807 34.8937
4049.0000 3985.0378 2.3800 34.8936
4051.0000 3986.9883 2.3792 34.8935
4053.0000 3988.9382 2.3791 34.8936
4055.0000 3990.8889 2.3789 34.8935
4057.0000 3992.8389 2.3785 34.8933
4059.0000 3994.7893 2.3778 34.8933
4061.0000 3996.7393 2.3779 34.8932
4063.0000 3998.6902 2.3778 34.8932
4065.0000 4000.6399 2.3775 34.8932
4067.0000 4002.5901 2.3775 34.8932
4069.0000 4004.5405 2.3770 34.8931
4071.0000 4006.4910 2.3763 34.8930
4073.0000 4008.4407 2.3762 34.8930
4075.0000 4010.3909 2.3761 34.8929
4077.0000 4012.3411 2.3762 34.8930
4079.0000 4014.2913 2.3762 34.8929
4081.0000 4016.2412 2.3762 34.8929
4083.0000 4018.1917 2.3763 34.8929
4085.0000 4020.1414 2.3758 34.8928
4087.0000 4022.0913 2.3751 34.8927
4089.0000 4024.0413 2.3747 34.8928
4091.0000 4025.9917 2.3748 34.8927
4093.0000 4027.9412 2.3746 34.8926
4095.0000 4029.8916 2.3739 34.8925
4097.0000 4031.8413 2.3741 34.8924
4099.0000 4033.7913 2.3736 34.8925
4101.0000 4035.7412 2.3735 34.8923
4103.0000 4037.6912 2.3734 34.8924
4105.0000 4039.6411 2.3730 34.8923
4107.0000 4041.5908 2.3733 34.8922
4109.0000 4043.5408 2.3730 34.8923
4111.0000 4045.4907 2.3731 34.8923
4113.0000 4047.4399 2.3733 34.8922
4115.0000 4049.3904 2.3730 34.8922
4117.0000 4051.3398 2.3728 34.8922
4119.0000 4053.2898 2.3728 34.8921
4121.0000 4055.2390 2.3726 34.8920
4123.0000 4057.1895 2.3724 34.8920
4125.0000 4059.1389 2.3722 34.8920
4127.0000 4061.0886 2.3720 34.8920
4129.0000 4063.0386 2.3722 34.8919
4131.0000 4064.9880 2.3726 34.8919
4133.0000 4066.9380 2.3727 34.8920
4135.0000 4068.8872 2.3724 34.8918
4137.0000 4070.8367 2.3721 34.8918
4139.0000 4072.7864 2.3724 34.8918
4141.0000 4074.7358 2.3726 34.8918
4143.0000 4076.6855 2.3722 34.8918
4145.0000 4078.6350 2.3715 34.8918
4147.0000 4080.5842 2.3710 34.8916
4149.0000 4082.5342 2.3706 34.8916
4151.0000 4084.4836 2.3702 34.8915
4153.0000 4086.4333 2.3697 34.8914
4155.0000 4088.3823 2.3697 34.8914
4157.0000 4090.3320 2.3698 34.8915
4159.0000 4092.2815 2.3696 34.8914
4161.0000 4094.2302 2.3694 34.8913
4163.0000 4096.1802 2.3691 34.8914
4165.0000 4098.1299 2.3686 34.8911
4167.0000 4100.0791 2.3680 34.8911
4169.0000 4102.0283 2.3675 34.8911
4171.0000 4103.9775 2.3676 34.8910
4173.0000 4105.9268 2.3674 34.8910
4175.0000 4107.8755 2.3672 34.8909
4177.0000 4109.8252 2.3673 34.8909
4179.0000 4111.7749 2.3676 34.8909
4181.0000 4113.7236 2.3676 34.8909
4183.0000 4115.6729 2.3677 34.8909
4185.0000 4117.6221 2.3677 34.8909
4187.0000 4119.5718 2.3679 34.8909
4189.0000 4121.5205 2.3676 34.8909
4191.0000 4123.4697 2.3674 34.8908
4193.0000 4125.4189 2.3674 34.8906
4195.0000 4127.3682 2.3674 34.8907
4197.0000 4129.3169 2.3672 34.8906
4199.0000 4131.2661 2.3669 34.8906
4201.0000 4133.2153 2.3669 34.8907
4203.0000 4135.1646 2.3672 34.8907
4205.0000 4137.1133 2.3672 34.8906
4207.0000 4139.0625 2.3668 34.8905
4209.0000 4141.0117 2.3667 34.8905
4211.0000 4142.9604 2.3667 34.8905
4213.0000 4144.9092 2.3668 34.8904
4215.0000 4146.8579 2.3670 34.8905
4217.0000 4148.8071 2.3670 34.8904
4219.0000 4150.7563 2.3672 34.8904
4221.0000 4152.7051 2.3673 34.8903
4223.0000 4154.6538 2.3673 34.8904
4225.0000 4156.6025 2.3672 34.8903
4227.0000 4158.5518 2.3670 34.8903
4229.0000 4160.5010 2.3667 34.8903
4231.0000 4162.4487 2.3661 34.8901
4233.0000 4164.3979 2.3657 34.8900
4235.0000 4166.3472 2.3653 34.8900
4237.0000 4168.2954 2.3652 34.8900
4239.0000 4170.2441 2.3647 34.8900
4241.0000 4172.1929 2.3645 34.8899
4243.0000 4174.1421 2.3645 34.8898
4245.0000 4176.0903 2.3644 34.8899
4247.0000 4178.0391 2.3644 34.8898
4249.0000 4179.9878 2.3639 34.8898
4251.0000 4181.9365 2.3639 34.8898
4253.0000 4183.8848 2.3638 34.8896
4255.0000 4185.8335 2.3639 34.8897
4257.0000 4187.7827 2.3640 34.8896
4259.0000 4189.7305 2.3642 34.8896
4261.0000 4191.6792 2.3642 34.8896
4263.0000 4193.6279 2.3642 34.8895
4265.0000 4195.5757 2.3643 34.8895
4267.0000 4197.5249 2.3636 34.8894
4269.0000 4199.4736 2.3638 34.8894
4271.0000 4201.4219 2.3639 34.8895
4273.0000 4203.3701 2.3637 34.8894
4275.0000 4205.3188 2.3645 34.8893
4277.0000 4207.2671 2.3640 34.8893
4279.0000 4209.2153 2.3641 34.8894
4281.0000 4211.1641 2.3640 34.8893
4283.0000 4213.1123 2.3634 34.8893
4285.0000 4215.0605 2.3637 34.8892
4287.0000 4217.0088 2.3638 34.8891
4289.0000 4218.9570 2.3633 34.8891
4291.0000 4220.9053 2.3634 34.8891
4293.0000 4222.8540 2.3632 34.8891
4295.0000 4224.8018 2.3628 34.8891
4297.0000 4226.7505 2.3629 34.8890
4299.0000 4228.6982 2.3626 34.8889
4301.0000 4230.6465 2.3623 34.8889
4303.0000 4232.5947 2.3625 34.8889
4305.0000 4234.5430 2.3625 34.8888
4307.0000 4236.4912 2.3624 34.8888
4309.0000 4238.4395 2.3624 34.8888
4311.0000 4240.3877 2.3622 34.8887
4313.0000 4242.3354 2.3623 34.8887
4315.0000 4244.2837 2.3619 34.8887
4317.0000 4246.2319 2.3618 34.8887
4319.0000 4248.1802 2.3616 34.8886
4321.0000 4250.1274 2.3615 34.8886
4323.0000 4252.0757 2.3614 34.8886
4325.0000 4254.0239 2.3607 34.8884
4327.0000 4255.9717 2.3603 34.8883
4329.0000 4257.9199 2.3604 34.8883
4331.0000 4259.8677 2.3606 34.8883
4333.0000 4261.8159 2.3601 34.8883
4335.0000 4263.7637 2.3601 34.8883
4337.0000 4265.7114 2.3601 34.8882
4339.0000 4267.6597 2.3602 34.8882
4341.0000 4269.6069 2.3607 34.8881
4343.0000 4271.5552 2.3601 34.8881
4345.0000 4273.5029 2.3600 34.8882
4347.0000 4275.4507 2.3599 34.8881
4349.0000 4277.3984 2.3594 34.8879
4351.0000 4279.3467 2.3594 34.8879
4353.0000 4281.2944 2.3595 34.8879
4355.0000 4283.2422 2.3595 34.8879
4357.0000 4285.1895 2.3597 34.8879
4359.0000 4287.1372 2.3597 34.8879
4361.0000 4289.0854 2.3596 34.8878
4363.0000 4291.0327 2.3596 34.8878
4365.0000 4292.9805 2.3593 34.8876
4367.0000 4294.9287 2.3594 34.8876
4369.0000 4296.8760 2.3595 34.8877
4371.0000 4298.8232 2.3596 34.8877
4373.0000 4300.7710 2.3596 34.8876
4375.0000 4302.7183 2.3595 34.8876
4377.0000 4304.6660 2.3596 34.8875
4379.0000 4306.6138 2.3598 34.8876
4381.0000 4308.5610 2.3600 34.8876
4383.0000 4310.5088 2.3599 34.8876
4385.0000 4312.4565 2.3600 34.8876
4387.0000 4314.4038 2.3602 34.8875
4389.0000 4316.3511 2.3604 34.8875
4391.0000 4318.2983 2.3606 34.8874
4393.0000 4320.2466 2.3606 34.8875
4395.0000 4322.1938 2.3606 34.8874
4397.0000 4324.1406 2.3602 34.8873
4399.0000 4326.0884 2.3603 34.8873
4401.0000 4328.0356 2.3604 34.8873
4403.0000 4329.9829 2.3605 34.8873
4405.0000 4331.9297 2.3606 34.8872
4407.0000 4333.8774 2.3606 34.8873
4409.0000 4335.8247 2.3607 34.8871
4411.0000 4337.7725 2.3607 34.8872
4413.0000 4339.7197 2.3610 34.8872
4415.0000 4341.6670 2.3610 34.8872
4417.0000 4343.6138 2.3610 34.8871
4419.0000 4345.5610 2.3609 34.8871
4421.0000 4347.5083 2.3610 34.8870
4423.0000 4349.4556 2.3612 34.8871
4425.0000 4351.4023 2.3616 34.8871
4427.0000 4353.3501 2.3616 34.8872
4429.0000 4355.2969 2.3617 34.8871
4431.0000 4357.2441 2.3619 34.8871
4433.0000 4359.1914 2.3623 34.8871
4435.0000 4361.1382 2.3621 34.8870
4437.0000 4363.0850 2.3623 34.8870
4439.0000 4365.0322 2.3623 34.8870
4441.0000 4366.9795 2.3624 34.8870
4443.0000 4368.9268 2.3622 34.8870
4445.0000 4370.8730 2.3623 34.8869
4447.0000 4372.8203 2.3623 34.8869
4449.0000 4374.7676 2.3624 34.8869
4451.0000 4376.7139 2.3624 34.8868
4453.0000 4378.6611 2.3623 34.8868
4455.0000 4380.6079 2.3625 34.8868
4457.0000 4382.5547 2.3626 34.8868
4459.0000 4384.5015 2.3628 34.8869
4461.0000 4386.4482 2.3629 34.8868
4463.0000 4388.3955 2.3628 34.8868
4465.0000 4390.3423 2.3630 34.8868
4467.0000 4392.2886 2.3634 34.8868
4469.0000 4394.2358 2.3634 34.8867
4471.0000 4396.1826 2.3634 34.8867
4473.0000 4398.1294 2.3634 34.8867
4475.0000 4400.0762 2.3635 34.8866
4477.0000 4402.0229 2.3637 34.8867
4479.0000 4403.9692 2.3637 34.8867
4481.0000 4405.9160 2.3638 34.8866
4483.0000 4407.8628 2.3638 34.8867
4485.0000 4409.8091 2.3640 34.8867
4487.0000 4411.7563 2.3641 34.8866
4489.0000 4413.7026 2.3642 34.8866
4491.0000 4415.6494 2.3643 34.8866
4493.0000 4417.5957 2.3645 34.8866
4495.0000 4419.5425 2.3644 34.8866
4497.0000 4421.4888 2.3643 34.8866
4499.0000 4423.4355 2.3642 34.8865
4501.0000 4425.3823 2.3644 34.8865
4503.0000 4427.3286 2.3645 34.8865
4505.0000 4429.2749 2.3647 34.8865
4507.0000 4431.2212 2.3649 34.8865
4509.0000 4433.1680 2.3650 34.8865
4511.0000 4435.1143 2.3652 34.8864
4513.0000 4437.0605 2.3654 34.8865
4515.0000 4439.0073 2.3656 34.8864
4517.0000 4440.9541 2.3655 34.8864
4519.0000 4442.9004 2.3657 34.8864
4521.0000 4444.8457 2.3661 34.8864
4523.0000 4446.7925 2.3662 34.8864
4525.0000 4448.7393 2.3662 34.8863
4527.0000 4450.6851 2.3662 34.8863
4529.0000 4452.6313 2.3664 34.8863
4531.0000 4454.5776 2.3666 34.8864
4533.0000 4456.5244 2.3667 34.8863
4535.0000 4458.4702 2.3669 34.8863
4537.0000 4460.4165 2.3670 34.8863
4539.0000 4462.3628 2.3673 34.8862
4541.0000 4464.3081 2.3676 34.8863
4543.0000 4466.2549 2.3678 34.8863
4545.0000 4468.2012 2.3676 34.8862
4547.0000 4470.1470 2.3675 34.8862
4549.0000 4472.0933 2.3675 34.8861
4551.0000 4474.0396 2.3678 34.8862
4553.0000 4475.9858 2.3680 34.8862
4555.0000 4477.9316 2.3681 34.8862
4557.0000 4479.8770 2.3680 34.8861
4559.0000 4481.8232 2.3682 34.8860
4561.0000 4483.7690 2.3683 34.8861
4563.0000 4485.7153 2.3685 34.8861
4565.0000 4487.6616 2.3686 34.8861
4567.0000 4489.6079 2.3687 34.8860
4569.0000 4491.5537 2.3689 34.8861
4571.0000 4493.4995 2.3693 34.8860
4573.0000 4495.4453 2.3694 34.8860
4575.0000 4497.3911 2.3694 34.8860
4577.0000 4499.3369 2.3694 34.8860
4579.0000 4501.2832 2.3696 34.8859
4581.0000 4503.2285 2.3697 34.8860
4583.0000 4505.1743 2.3698 34.8860
4585.0000 4507.1201 2.3701 34.8859
4587.0000 4509.0659 2.3702 34.8860
4589.0000 4511.0117 2.3704 34.8860
4591.0000 4512.9575 2.3706 34.8860
4593.0000 4514.9033 2.3707 34.8859
4595.0000 4516.8491 2.3711 34.8860
4597.0000 4518.7949 2.3714 34.8859
4599.0000 4520.7407 2.3715 34.8859
4601.0000 4522.6865 2.3715 34.8859
4603.0000 4524.6318 2.3718 34.8858
4605.0000 4526.5776 2.3719 34.8860
4607.0000 4528.5234 2.3723 34.8859
4609.0000 4530.4688 2.3724 34.8858
4611.0000 4532.4146 2.3725 34.8859
4613.0000 4534.3599 2.3726 34.8859
4615.0000 4536.3052 2.3729 34.8857
4617.0000 4538.2505 2.3731 34.8859
4619.0000 4540.1963 2.3734 34.8859
4621.0000 4542.1416 2.3737 34.8859
4623.0000 4544.0869 2.3739 34.8858
4625.0000 4546.0327 2.3741 34.8858
4627.0000 4547.9785 2.3743 34.8858
4629.0000 4549.9238 2.3745 34.8859
4631.0000 4551.8691 2.3748 34.8858
4633.0000 4553.8145 2.3748 34.8858
4635.0000 4555.7603 2.3749 34.8858
4637.0000 4557.7051 2.3751 34.8858
4639.0000 4559.6504 2.3753 34.8859
4641.0000 4561.5962 2.3755 34.8857
4643.0000 4563.5415 2.3757 34.8858
4645.0000 4565.4863 2.3758 34.8857
4647.0000 4567.4321 2.3760 34.8858
4649.0000 4569.3774 2.3764 34.8858
4651.0000 4571.3223 2.3767 34.8858
4653.0000 4573.2676 2.3769 34.8857
4655.0000 4575.2129 2.3770 34.8857
4657.0000 4577.1582 2.3771 34.8857
4659.0000 4579.1030 2.3773 34.8857
4661.0000 4581.0488 2.3776 34.8858
4663.0000 4582.9937 2.3779 34.8858
4665.0000 4584.9385 2.3781 34.8857
4667.0000 4586.8838 2.3781 34.8857
4669.0000 4588.8286 2.3784 34.8857
4671.0000 4590.7739 2.3786 34.8857
4673.0000 4592.7192 2.3788 34.8857
4675.0000 4594.6641 2.3790 34.8858
4677.0000 4596.6094 2.3793 34.8857
4679.0000 4598.5537 2.3797 34.8858
4681.0000 4600.4995 2.3798 34.8857
4683.0000 4602.4443 2.3801 34.8856
4685.0000 4604.3887 2.3803 34.8858
4687.0000 4606.3335 2.3804 34.8857
4689.0000 4608.2793 2.3805 34.8857
4691.0000 4610.2241 2.3809 34.8856
4693.0000 4612.1685 2.3811 34.8857
4695.0000 4614.1133 2.3815 34.8858
4697.0000 4616.0586 2.3816 34.8857
4699.0000 4618.0029 2.3817 34.8857
4701.0000 4619.9478 2.3818 34.8857
4703.0000 4621.8931 2.3820 34.8856
4705.0000 4623.8379 2.3822 34.8856
4707.0000 4625.7822 2.3826 34.8856
4709.0000 4627.7271 2.3827 34.8857
4711.0000 4629.6724 2.3827 34.8857
4713.0000 4631.6162 2.3829 34.8857
4715.0000 4633.5610 2.3831 34.8856
4717.0000 4635.5063 2.3833 34.8856
4719.0000 4637.4512 2.3836 34.8856
4721.0000 4639.3955 2.3839 34.8856
4723.0000 4641.3403 2.3838 34.8855
4725.0000 4643.2852 2.3840 34.8856
4727.0000 4645.2290 2.3843 34.8856
4729.0000 4647.1743 2.3843 34.8855
4731.0000 4649.1187 2.3847 34.8856
4733.0000 4651.0630 2.3850 34.8855
4735.0000 4653.0078 2.3852 34.8856
4737.0000 4654.9521 2.3855 34.8856
4739.0000 4656.8970 2.3856 34.8856
4741.0000 4658.8408 2.3860 34.8855
4743.0000 4660.7852 2.3862 34.8855
4745.0000 4662.7300 2.3864 34.8856
4747.0000 4664.6738 2.3864 34.8855
4749.0000 4666.6187 2.3866 34.8855
4751.0000 4668.5630 2.3868 34.8855
4753.0000 4670.5078 2.3871 34.8855
4755.0000 4672.4521 2.3872 34.8855
4757.0000 4674.3965 2.3874 34.8855
4759.0000 4676.3413 2.3878 34.8855
4761.0000 4678.2847 2.3880 34.8855
4763.0000 4680.2295 2.3880 34.8855
4765.0000 4682.1738 2.3885 34.8855
4767.0000 4684.1182 2.3887 34.8856
4769.0000 4686.0620 2.3889 34.8855
4771.0000 4688.0063 2.3891 34.8855
4773.0000 4689.9507 2.3893 34.8854
4775.0000 4691.8945 2.3895 34.8855
4777.0000 4693.8394 2.3898 34.8855
4779.0000 4695.7832 2.3902 34.8855
4781.0000 4697.7280 2.3903 34.8856
4783.0000 4699.6714 2.3906 34.8853
4785.0000 4701.6157 2.3907 34.8854
4787.0000 4703.5601 2.3911 34.8855
4789.0000 4705.5034 2.3915 34.8854
4791.0000 4707.4478 2.3914 34.8855
4793.0000 4709.3916 2.3915 34.8854
4795.0000 4711.3359 2.3917 34.8854
4797.0000 4713.2803 2.3919 34.8855
4799.0000 4715.2246 2.3922 34.8855
4801.0000 4717.1680 2.3926 34.8854
4803.0000 4719.1118 2.3926 34.8854
4805.0000 4721.0557 2.3933 34.8853
4807.0000 4723.0000 2.3933 34.8852
4809.0000 4724.9438 2.3933 34.8854
4811.0000 4726.8872 2.3936 34.8853
4813.0000 4728.8315 2.3937 34.8853
4815.0000 4730.7759 2.3938 34.8853
4817.0000 4732.7192 2.3940 34.8852
4819.0000 4734.6631 2.3943 34.8853
4821.0000 4736.6069 2.3946 34.8852
4823.0000 4738.5508 2.3948 34.8852
4825.0000 4740.4941 2.3950 34.8853
4827.0000 4742.4380 2.3953 34.8853
4829.0000 4744.3828 2.3957 34.8852
4831.0000 4746.3257 2.3959 34.8853
4833.0000 4748.2695 2.3962 34.8852
4835.0000 4750.2134 2.3964 34.8852
4837.0000 4752.1567 2.3963 34.8852
4839.0000 4754.1006 2.3967 34.8852
4841.0000 4756.0444 2.3968 34.8853
4843.0000 4757.9883 2.3972 34.8851
4845.0000 4759.9316 2.3973 34.8853
4847.0000 4761.8755 2.3976 34.8853
4849.0000 4763.8188 2.3979 34.8851
4851.0000 4765.7617 2.3981 34.8853
4853.0000 4767.7056 2.3984 34.8851
4855.0000 4769.6494 2.3985 34.8852
4857.0000 4771.5933 2.3988 34.8852
4859.0000 4773.5366 2.3991 34.8853
4861.0000 4775.4800 2.3993 34.8852
4863.0000 4777.4233 2.3996 34.8851
4865.0000 4779.3662 2.3999 34.8853
4867.0000 4781.3101 2.4000 34.8852
4869.0000 4783.2539 2.4003 34.8851
4871.0000 4785.1968 2.4005 34.8852
4873.0000 4787.1401 2.4008 34.8853
4875.0000 4789.0840 2.4012 34.8851
4877.0000 4791.0273 2.4016 34.8851
4879.0000 4792.9702 2.4017 34.8851
4881.0000 4794.9141 2.4018 34.8852
4883.0000 4796.8574 2.4021 34.8852
4885.0000 4798.8003 2.4024 34.8852
4887.0000 4800.7437 2.4027 34.8851
4889.0000 4802.6865 2.4028 34.8852
4891.0000 4804.6304 2.4030 34.8852
4893.0000 4806.5732 2.4034 34.8851
4895.0000 4808.5166 2.4036 34.8852
4897.0000 4810.4600 2.4038 34.8852
4899.0000 4812.4023 2.4041 34.8851
4901.0000 4814.3462 2.4044 34.8851
4903.0000 4816.2891 2.4046 34.8853
4905.0000 4818.2324 2.4049 34.8851
4907.0000 4820.1753 2.4051 34.8852
4909.0000 4822.1182 2.4055 34.8851
4911.0000 4824.0615 2.4057 34.8852
4913.0000 4826.0044 2.4059 34.8852
4915.0000 4827.9473 2.4062 34.8851
4917.0000 4829.8906 2.4064 34.8852
4919.0000 4831.8335 2.4067 34.8851
4921.0000 4833.7769 2.4070 34.8852
4923.0000 4835.7197 2.4073 34.8851
4925.0000 4837.6626 2.4076 34.8853
4927.0000 4839.6050 2.4078 34.8852
4929.0000 4841.5483 2.4081 34.8851
4931.0000 4843.4912 2.4083 34.8851
4933.0000 4845.4336 2.4085 34.8852
4935.0000 4847.3765 2.4088 34.8852
4937.0000 4849.3193 2.4090 34.8852
4939.0000 4851.2627 2.4093 34.8851
4941.0000 4853.2051 2.4095 34.8852
4943.0000 4855.1479 2.4098 34.8852
4945.0000 4857.0908 2.4101 34.8851
4947.0000 4859.0337 2.4103 34.8852
4949.0000 4860.9766 2.4109 34.8851
4951.0000 4862.9194 2.4110 34.8850
4953.0000 4864.8618 2.4112 34.8851
4955.0000 4866.8047 2.4114 34.8851
4957.0000 4868.7476 2.4116 34.8851
4959.0000 4870.6899 2.4118 34.8852
4961.0000 4872.6323 2.4121 34.8851
4963.0000 4874.5757 2.4124 34.8852
4965.0000 4876.5181 2.4127 34.8852
4967.0000 4878.4609 2.4130 34.8851
4969.0000 4880.4028 2.4133 34.8851
4971.0000 4882.3457 2.4135 34.8851
4973.0000 4884.2886 2.4138 34.8853
4975.0000 4886.2305 2.4142 34.8850
4977.0000 4888.1729 2.4143 34.8852
4979.0000 4890.1162 2.4146 34.8852
4981.0000 4892.0586 2.4149 34.8851
4983.0000 4894.0005 2.4150 34.8852
4985.0000 4895.9429 2.4154 34.8852
4987.0000 4897.8857 2.4157 34.8851
4989.0000 4899.8276 2.4159 34.8852
4991.0000 4901.7705 2.4161 34.8852
