CTD cast

DATE:  06-Jan-2016 03:48:59
latitude:  24.5000
longitude:  -41.3005
  P (db)  z (m)    T (^oC)  S (psu)
3.0000 2.9808 23.8554 37.4021
5.0000 4.9680 23.8585 37.4022
7.0000 6.9551 23.8580 37.4020
9.0000 8.9422 23.8594 37.4021
11.0000 10.9293 23.8583 37.4020
13.0000 12.9164 23.8592 37.4022
15.0000 14.9035 23.8606 37.4024
17.0000 16.8906 23.8611 37.4024
19.0000 18.8776 23.8607 37.4023
21.0000 20.8646 23.8619 37.4026
23.0000 22.8516 23.8623 37.4025
25.0000 24.8386 23.8629 37.4025
27.0000 26.8255 23.8624 37.4024
29.0000 28.8125 23.8643 37.4026
31.0000 30.7994 23.8697 37.4029
33.0000 32.7863 23.8708 37.4025
35.0000 34.7732 23.8718 37.4028
37.0000 36.7600 23.8721 37.4027
39.0000 38.7469 23.8724 37.4026
41.0000 40.7337 23.8711 37.4022
43.0000 42.7205 23.8699 37.4021
45.0000 44.7073 23.8671 37.4023
47.0000 46.6941 23.8685 37.4022
49.0000 48.6808 23.8686 37.4022
51.0000 50.6675 23.8641 37.4021
53.0000 52.6542 23.8672 37.4019
55.0000 54.6409 23.8694 37.4019
57.0000 56.6276 23.8701 37.4020
59.0000 58.6142 23.8717 37.4021
61.0000 60.6009 23.8714 37.4021
63.0000 62.5875 23.8714 37.4021
65.0000 64.5741 23.8706 37.4020
67.0000 66.5606 23.8712 37.4021
69.0000 68.5472 23.8724 37.4020
71.0000 70.5337 23.8730 37.4023
73.0000 72.5202 23.8744 37.4025
75.0000 74.5067 23.8757 37.4023
77.0000 76.4932 23.8757 37.4022
79.0000 78.4797 23.8763 37.4024
81.0000 80.4661 23.8772 37.4029
83.0000 82.4525 23.8780 37.4030
85.0000 84.4389 23.8794 37.4038
87.0000 86.4253 23.8864 37.4073
89.0000 88.4117 23.8899 37.4121
91.0000 90.3980 23.9016 37.4290
93.0000 92.3843 23.8372 37.4194
95.0000 94.3706 23.7693 37.4077
97.0000 96.3569 23.4962 37.3548
99.0000 98.3432 23.0285 37.2715
101.0000 100.3294 22.6272 37.2069
103.0000 102.3157 22.4750 37.1869
105.0000 104.3018 22.8563 37.2591
107.0000 106.2880 22.5002 37.2112
109.0000 108.2742 22.4421 37.2082
111.0000 110.2604 22.3043 37.2008
113.0000 112.2465 22.3020 37.2031
115.0000 114.2326 22.1237 37.1943
117.0000 116.2187 22.0028 37.1759
119.0000 118.2048 21.6821 37.0969
121.0000 120.1908 21.4612 37.0594
123.0000 122.1768 21.4008 37.0585
125.0000 124.1629 21.3968 37.0608
127.0000 126.1489 21.4063 37.0641
129.0000 128.1348 21.4029 37.0668
131.0000 130.1208 21.4108 37.0749
133.0000 132.1067 21.4317 37.0908
135.0000 134.0927 21.4099 37.1170
137.0000 136.0786 21.3014 37.1371
139.0000 138.0644 21.2468 37.1344
141.0000 140.0503 21.0395 37.0679
143.0000 142.0361 20.6182 36.9450
145.0000 144.0219 20.3768 36.8789
147.0000 146.0078 20.1663 36.8194
149.0000 147.9935 20.0803 36.7991
151.0000 149.9793 20.0300 36.7886
153.0000 151.9650 19.9751 36.7816
155.0000 153.9508 19.9629 36.7804
157.0000 155.9365 19.9165 36.7725
159.0000 157.9222 19.8320 36.7561
161.0000 159.9078 19.7760 36.7476
163.0000 161.8935 19.7335 36.7412
165.0000 163.8791 19.7241 36.7401
167.0000 165.8647 19.6935 36.7328
169.0000 167.8503 19.6351 36.7191
171.0000 169.8359 19.5649 36.7060
173.0000 171.8214 19.5123 36.7067
175.0000 173.8070 19.4856 36.7025
177.0000 175.7925 19.4317 36.6969
179.0000 177.7780 19.4191 36.6960
181.0000 179.7635 19.3774 36.6884
183.0000 181.7489 19.3358 36.6808
185.0000 183.7344 19.2466 36.6663
187.0000 185.7198 19.1829 36.6610
189.0000 187.7052 19.1449 36.6557
191.0000 189.6906 19.1218 36.6515
193.0000 191.6759 19.0629 36.6441
195.0000 193.6613 19.0387 36.6402
197.0000 195.6466 19.0052 36.6369
199.0000 197.6319 18.9823 36.6365
201.0000 199.6172 18.9209 36.6282
203.0000 201.6024 18.8229 36.6143
205.0000 203.5877 18.7924 36.6119
207.0000 205.5729 18.7691 36.6076
209.0000 207.5581 18.7112 36.5982
211.0000 209.5433 18.6893 36.5947
213.0000 211.5285 18.6762 36.5918
215.0000 213.5136 18.6329 36.5867
217.0000 215.4988 18.6180 36.5848
219.0000 217.4839 18.5923 36.5811
221.0000 219.4690 18.5584 36.5775
223.0000 221.4540 18.4918 36.5698
225.0000 223.4391 18.4724 36.5693
227.0000 225.4241 18.4673 36.5691
229.0000 227.4092 18.4551 36.5679
231.0000 229.3941 18.4175 36.5635
233.0000 231.3791 18.3907 36.5614
235.0000 233.3641 18.3862 36.5612
237.0000 235.3490 18.3674 36.5584
239.0000 237.3339 18.3023 36.5500
241.0000 239.3188 18.2325 36.5422
243.0000 241.3037 18.1975 36.5391
245.0000 243.2886 18.1834 36.5371
247.0000 245.2734 18.1476 36.5326
249.0000 247.2583 18.1110 36.5280
251.0000 249.2431 18.0646 36.5220
253.0000 251.2278 18.0398 36.5197
255.0000 253.2126 18.0320 36.5187
257.0000 255.1974 18.0157 36.5158
259.0000 257.1821 17.9863 36.5107
261.0000 259.1668 17.9277 36.5026
263.0000 261.1515 17.9140 36.5017
265.0000 263.1362 17.8992 36.4991
267.0000 265.1208 17.8820 36.4970
269.0000 267.1054 17.8795 36.4967
271.0000 269.0901 17.8756 36.4962
273.0000 271.0746 17.8737 36.4960
275.0000 273.0593 17.8633 36.4943
277.0000 275.0438 17.8436 36.4922
279.0000 277.0284 17.8404 36.4914
281.0000 279.0128 17.8291 36.4893
283.0000 280.9974 17.7901 36.4837
285.0000 282.9818 17.7643 36.4803
287.0000 284.9663 17.7309 36.4747
289.0000 286.9507 17.7193 36.4738
291.0000 288.9352 17.7194 36.4740
293.0000 290.9196 17.7036 36.4710
295.0000 292.9040 17.6584 36.4646
297.0000 294.8883 17.6033 36.4556
299.0000 296.8727 17.5359 36.4446
301.0000 298.8570 17.4690 36.4341
303.0000 300.8413 17.4188 36.4276
305.0000 302.8256 17.4100 36.4268
307.0000 304.8099 17.3895 36.4231
309.0000 306.7941 17.3624 36.4189
311.0000 308.7784 17.3251 36.4126
313.0000 310.7626 17.2811 36.4066
315.0000 312.7467 17.2702 36.4056
317.0000 314.7309 17.2606 36.4044
319.0000 316.7151 17.2581 36.4044
321.0000 318.6992 17.2575 36.4047
323.0000 320.6833 17.2529 36.4040
325.0000 322.6674 17.2280 36.4007
327.0000 324.6515 17.2072 36.3973
329.0000 326.6356 17.1533 36.3853
331.0000 328.6196 17.0846 36.3742
333.0000 330.6036 17.0776 36.3736
335.0000 332.5876 17.0736 36.3729
337.0000 334.5716 17.0617 36.3708
339.0000 336.5556 17.0475 36.3673
341.0000 338.5396 17.0300 36.3639
343.0000 340.5235 16.9932 36.3568
345.0000 342.5074 16.9723 36.3544
347.0000 344.4913 16.9370 36.3462
349.0000 346.4751 16.8528 36.3321
351.0000 348.4590 16.8046 36.3253
353.0000 350.4428 16.7641 36.3187
355.0000 352.4266 16.7527 36.3172
357.0000 354.4104 16.7366 36.3136
359.0000 356.3942 16.6446 36.2983
361.0000 358.3779 16.5925 36.2889
363.0000 360.3617 16.5646 36.2856
365.0000 362.3454 16.5585 36.2846
367.0000 364.3291 16.5184 36.2774
369.0000 366.3127 16.4905 36.2742
371.0000 368.2964 16.4736 36.2710
373.0000 370.2801 16.4376 36.2651
375.0000 372.2637 16.4171 36.2632
377.0000 374.2473 16.4184 36.2677
379.0000 376.2309 16.4050 36.2673
381.0000 378.2145 16.3912 36.2656
383.0000 380.1980 16.3862 36.2647
385.0000 382.1815 16.3674 36.2612
387.0000 384.1650 16.3269 36.2534
389.0000 386.1485 16.2853 36.2473
391.0000 388.1320 16.2643 36.2455
393.0000 390.1154 16.2463 36.2440
395.0000 392.0989 16.2372 36.2433
397.0000 394.0822 16.2314 36.2429
399.0000 396.0656 16.2098 36.2395
401.0000 398.0490 16.1753 36.2385
403.0000 400.0324 16.2021 36.2540
405.0000 402.0157 16.2129 36.2584
407.0000 403.9990 16.1808 36.2526
409.0000 405.9823 16.1105 36.2422
411.0000 407.9656 16.0780 36.2353
413.0000 409.9489 16.0178 36.2265
415.0000 411.9321 15.9884 36.2203
417.0000 413.9154 15.9360 36.2108
419.0000 415.8985 15.8788 36.1964
421.0000 417.8817 15.7850 36.1782
423.0000 419.8649 15.7089 36.1688
425.0000 421.8480 15.6754 36.1661
427.0000 423.8311 15.6525 36.1640
429.0000 425.8143 15.6144 36.1578
431.0000 427.7973 15.5790 36.1524
433.0000 429.7804 15.5858 36.1547
435.0000 431.7635 15.5099 36.1390
437.0000 433.7465 15.4767 36.1350
439.0000 435.7295 15.4143 36.1228
441.0000 437.7125 15.3370 36.1112
443.0000 439.6955 15.2923 36.1042
445.0000 441.6784 15.2583 36.0982
447.0000 443.6614 15.1953 36.0871
449.0000 445.6443 15.1762 36.0846
451.0000 447.6272 15.1471 36.0804
453.0000 449.6100 15.0924 36.0711
455.0000 451.5929 15.0589 36.0661
457.0000 453.5757 15.0286 36.0615
459.0000 455.5585 14.9674 36.0505
461.0000 457.5414 14.9281 36.0450
463.0000 459.5242 14.9124 36.0430
465.0000 461.5069 14.8937 36.0399
467.0000 463.4897 14.8615 36.0349
469.0000 465.4724 14.7847 36.0209
471.0000 467.4551 14.7028 36.0085
473.0000 469.4378 14.6822 36.0066
475.0000 471.4204 14.6588 36.0021
477.0000 473.4031 14.6316 35.9989
479.0000 475.3858 14.6190 35.9961
481.0000 477.3683 14.5452 35.9845
483.0000 479.3510 14.5048 35.9790
485.0000 481.3335 14.4754 35.9745
487.0000 483.3161 14.4594 35.9723
489.0000 485.2986 14.4482 35.9701
491.0000 487.2811 14.4267 35.9676
493.0000 489.2636 14.4128 35.9661
495.0000 491.2461 14.3930 35.9615
497.0000 493.2286 14.3322 35.9532
499.0000 495.2110 14.2911 35.9463
501.0000 497.1934 14.2548 35.9416
503.0000 499.1758 14.2493 35.9407
505.0000 501.1582 14.2390 35.9394
507.0000 503.1405 14.2297 35.9380
509.0000 505.1229 14.2178 35.9361
511.0000 507.1053 14.2053 35.9342
513.0000 509.0876 14.1930 35.9323
515.0000 511.0698 14.1654 35.9274
517.0000 513.0521 14.1070 35.9188
519.0000 515.0344 14.0812 35.9155
521.0000 517.0165 14.0655 35.9135
523.0000 518.9988 14.0482 35.9110
525.0000 520.9810 13.9914 35.9018
527.0000 522.9632 13.9738 35.9003
529.0000 524.9453 13.9729 35.9004
531.0000 526.9275 13.9518 35.8960
533.0000 528.9096 13.9165 35.8910
535.0000 530.8917 13.8643 35.8833
537.0000 532.8737 13.8141 35.8767
539.0000 534.8558 13.8023 35.8753
541.0000 536.8379 13.8028 35.8759
543.0000 538.8199 13.8019 35.8754
545.0000 540.8019 13.7839 35.8723
547.0000 542.7839 13.7571 35.8685
549.0000 544.7658 13.7405 35.8663
551.0000 546.7478 13.7272 35.8636
553.0000 548.7297 13.6806 35.8562
555.0000 550.7115 13.6464 35.8516
557.0000 552.6935 13.6306 35.8491
559.0000 554.6754 13.5857 35.8418
561.0000 556.6573 13.5281 35.8340
563.0000 558.6390 13.5237 35.8344
565.0000 560.6209 13.5080 35.8313
567.0000 562.6027 13.4654 35.8257
569.0000 564.5844 13.4489 35.8232
571.0000 566.5662 13.4232 35.8197
573.0000 568.5480 13.4142 35.8184
575.0000 570.5297 13.3551 35.8081
577.0000 572.5114 13.3160 35.8034
579.0000 574.4930 13.3026 35.8015
581.0000 576.4747 13.2775 35.7974
583.0000 578.4564 13.1932 35.7854
585.0000 580.4380 13.1585 35.7809
587.0000 582.4197 13.1371 35.7784
589.0000 584.4012 13.1082 35.7743
591.0000 586.3828 13.0814 35.7707
593.0000 588.3643 13.0593 35.7671
595.0000 590.3458 13.0103 35.7622
597.0000 592.3273 12.9725 35.7558
599.0000 594.3088 12.9396 35.7509
601.0000 596.2903 12.8940 35.7452
603.0000 598.2718 12.8733 35.7426
605.0000 600.2532 12.8629 35.7416
607.0000 602.2346 12.8598 35.7415
609.0000 604.2160 12.8578 35.7414
611.0000 606.1974 12.8556 35.7413
613.0000 608.1787 12.8521 35.7405
615.0000 610.1602 12.8326 35.7374
617.0000 612.1415 12.8018 35.7327
619.0000 614.1227 12.7561 35.7263
621.0000 616.1040 12.7302 35.7230
623.0000 618.0853 12.7015 35.7193
625.0000 620.0665 12.6874 35.7166
627.0000 622.0477 12.6439 35.7113
629.0000 624.0289 12.6034 35.7052
631.0000 626.0101 12.5654 35.7015
633.0000 627.9913 12.5528 35.6996
635.0000 629.9724 12.5271 35.6956
637.0000 631.9536 12.5164 35.6943
639.0000 633.9347 12.4784 35.6875
641.0000 635.9158 12.4071 35.6798
643.0000 637.8969 12.3698 35.6739
645.0000 639.8779 12.3372 35.6707
647.0000 641.8589 12.2919 35.6646
649.0000 643.8400 12.2771 35.6626
651.0000 645.8210 12.2469 35.6586
653.0000 647.8019 12.2154 35.6550
655.0000 649.7829 12.2035 35.6531
657.0000 651.7639 12.1555 35.6464
659.0000 653.7448 12.0802 35.6368
661.0000 655.7257 12.0525 35.6340
663.0000 657.7066 12.0205 35.6295
665.0000 659.6874 11.9935 35.6269
667.0000 661.6683 11.9674 35.6227
669.0000 663.6491 11.8983 35.6141
671.0000 665.6299 11.8683 35.6113
673.0000 667.6107 11.8544 35.6089
675.0000 669.5915 11.8149 35.6040
677.0000 671.5723 11.7876 35.6013
679.0000 673.5530 11.7759 35.5997
681.0000 675.5337 11.7498 35.5958
683.0000 677.5144 11.7011 35.5907
685.0000 679.4951 11.6897 35.5894
687.0000 681.4757 11.6843 35.5886
689.0000 683.4564 11.6320 35.5805
691.0000 685.4370 11.6100 35.5785
693.0000 687.4175 11.5421 35.5712
695.0000 689.3982 11.5289 35.5694
697.0000 691.3787 11.4912 35.5631
699.0000 693.3594 11.4656 35.5617
701.0000 695.3398 11.4599 35.5606
703.0000 697.3203 11.4443 35.5583
705.0000 699.3008 11.3968 35.5529
707.0000 701.2812 11.3687 35.5493
709.0000 703.2617 11.3452 35.5466
711.0000 705.2422 11.3045 35.5410
713.0000 707.2226 11.2102 35.5283
715.0000 709.2030 11.1301 35.5197
717.0000 711.1833 11.0904 35.5148
719.0000 713.1637 11.0198 35.5062
721.0000 715.1440 10.9800 35.5030
723.0000 717.1243 10.9399 35.4980
725.0000 719.1047 10.8469 35.4874
727.0000 721.0850 10.8118 35.4847
729.0000 723.0652 10.7980 35.4833
731.0000 725.0455 10.7739 35.4804
733.0000 727.0257 10.7521 35.4785
735.0000 729.0059 10.7412 35.4773
737.0000 730.9861 10.7261 35.4757
739.0000 732.9662 10.7144 35.4743
741.0000 734.9465 10.6949 35.4698
743.0000 736.9265 10.5791 35.4569
745.0000 738.9066 10.5100 35.4473
747.0000 740.8868 10.4595 35.4424
749.0000 742.8668 10.4337 35.4411
751.0000 744.8469 10.4091 35.4381
753.0000 746.8269 10.3833 35.4358
755.0000 748.8068 10.3571 35.4328
757.0000 750.7869 10.3267 35.4298
759.0000 752.7669 10.3036 35.4279
761.0000 754.7469 10.2744 35.4244
763.0000 756.7267 10.2370 35.4208
765.0000 758.7067 10.1956 35.4170
767.0000 760.6866 10.1666 35.4143
769.0000 762.6664 10.1376 35.4119
771.0000 764.6463 10.1294 35.4111
773.0000 766.6262 10.1165 35.4096
775.0000 768.6061 10.1244 35.4107
777.0000 770.5858 10.0920 35.4076
779.0000 772.5656 10.0710 35.4051
781.0000 774.5454 10.0473 35.4021
783.0000 776.5251 10.0257 35.3999
785.0000 778.5049 10.0171 35.3989
787.0000 780.4847 10.0002 35.3964
789.0000 782.4644 9.9932 35.3956
791.0000 784.4440 9.9794 35.3934
793.0000 786.4236 9.9538 35.3902
795.0000 788.4033 9.9222 35.3855
797.0000 790.3829 9.8947 35.3831
799.0000 792.3625 9.8748 35.3794
801.0000 794.3420 9.7868 35.3682
803.0000 796.3217 9.7436 35.3645
805.0000 798.3011 9.7272 35.3626
807.0000 800.2808 9.6793 35.3562
809.0000 802.2603 9.6178 35.3507
811.0000 804.2397 9.5854 35.3473
813.0000 806.2192 9.5667 35.3462
815.0000 808.1987 9.5383 35.3421
817.0000 810.1780 9.4930 35.3389
819.0000 812.1574 9.4851 35.3384
821.0000 814.1369 9.4838 35.3387
823.0000 816.1163 9.4780 35.3376
825.0000 818.0956 9.3461 35.3225
827.0000 820.0750 9.2911 35.3172
829.0000 822.0543 9.2495 35.3136
831.0000 824.0336 9.2357 35.3130
833.0000 826.0128 9.2007 35.3101
835.0000 827.9921 9.1877 35.3088
837.0000 829.9714 9.1630 35.3064
839.0000 831.9506 9.1284 35.3037
841.0000 833.9299 9.1172 35.3025
843.0000 835.9090 9.1038 35.3011
845.0000 837.8881 9.0746 35.2985
847.0000 839.8673 9.0287 35.2923
849.0000 841.8465 8.9871 35.2876
851.0000 843.8257 8.9484 35.2835
853.0000 845.8046 8.9066 35.2786
855.0000 847.7837 8.8750 35.2758
857.0000 849.7628 8.8598 35.2743
859.0000 851.7418 8.8414 35.2721
861.0000 853.7209 8.8089 35.2682
863.0000 855.6999 8.7872 35.2664
865.0000 857.6788 8.7814 35.2658
867.0000 859.6577 8.7718 35.2655
869.0000 861.6368 8.7646 35.2658
871.0000 863.6158 8.7640 35.2663
873.0000 865.5945 8.7453 35.2645
875.0000 867.5735 8.7161 35.2621
877.0000 869.5524 8.6987 35.2602
879.0000 871.5312 8.6865 35.2594
881.0000 873.5100 8.6755 35.2579
883.0000 875.4888 8.6421 35.2535
885.0000 877.4677 8.5866 35.2476
887.0000 879.4464 8.5045 35.2396
889.0000 881.4251 8.4587 35.2348
891.0000 883.4040 8.3827 35.2272
893.0000 885.3825 8.3407 35.2238
895.0000 887.3613 8.3201 35.2219
897.0000 889.3400 8.2882 35.2186
899.0000 891.3187 8.2668 35.2172
901.0000 893.2972 8.2568 35.2162
903.0000 895.2759 8.2382 35.2142
905.0000 897.2545 8.2338 35.2142
907.0000 899.2331 8.2272 35.2132
909.0000 901.2117 8.2015 35.2106
911.0000 903.1902 8.1797 35.2085
913.0000 905.1688 8.1502 35.2061
915.0000 907.1473 8.1380 35.2048
917.0000 909.1257 8.1125 35.2020
919.0000 911.1043 8.0841 35.1999
921.0000 913.0827 8.0717 35.1990
923.0000 915.0611 8.0887 35.2006
925.0000 917.0396 8.0645 35.1985
927.0000 919.0179 8.0399 35.1959
929.0000 920.9963 8.0167 35.1941
931.0000 922.9747 8.0075 35.1935
933.0000 924.9531 7.9829 35.1907
935.0000 926.9313 7.9283 35.1848
937.0000 928.9097 7.8462 35.1774
939.0000 930.8880 7.8163 35.1754
941.0000 932.8662 7.8004 35.1741
943.0000 934.8445 7.7759 35.1718
945.0000 936.8227 7.7661 35.1714
947.0000 938.8009 7.7613 35.1712
949.0000 940.7791 7.7451 35.1694
951.0000 942.7573 7.7105 35.1660
953.0000 944.7354 7.6565 35.1623
955.0000 946.7136 7.6436 35.1621
957.0000 948.6917 7.6407 35.1619
959.0000 950.6697 7.6352 35.1617
961.0000 952.6478 7.6296 35.1611
963.0000 954.6259 7.6100 35.1585
965.0000 956.6039 7.5824 35.1565
967.0000 958.5820 7.5328 35.1536
969.0000 960.5599 7.5202 35.1533
971.0000 962.5380 7.5184 35.1533
973.0000 964.5159 7.5155 35.1532
975.0000 966.4939 7.5055 35.1523
977.0000 968.4719 7.4859 35.1509
979.0000 970.4496 7.4771 35.1509
981.0000 972.4277 7.4727 35.1505
983.0000 974.4055 7.4605 35.1497
985.0000 976.3834 7.4364 35.1478
987.0000 978.3611 7.4113 35.1467
989.0000 980.3391 7.3933 35.1446
991.0000 982.3168 7.3523 35.1427
993.0000 984.2946 7.3492 35.1428
995.0000 986.2724 7.3418 35.1422
997.0000 988.2501 7.3255 35.1410
999.0000 990.2278 7.2983 35.1392
1001.0000 992.2055 7.2758 35.1379
1003.0000 994.1832 7.2633 35.1369
1005.0000 996.1608 7.2316 35.1348
1007.0000 998.1385 7.2144 35.1343
1009.0000 1000.1161 7.2097 35.1340
1011.0000 1002.0938 7.1962 35.1332
1013.0000 1004.0714 7.1857 35.1327
1015.0000 1006.0490 7.1686 35.1318
1017.0000 1008.0264 7.1540 35.1310
1019.0000 1010.0040 7.1479 35.1307
1021.0000 1011.9816 7.1386 35.1297
1023.0000 1013.9591 7.1107 35.1267
1025.0000 1015.9365 7.0513 35.1214
1027.0000 1017.9140 7.0021 35.1183
1029.0000 1019.8915 6.9831 35.1177
1031.0000 1021.8689 6.9742 35.1179
1033.0000 1023.8462 6.9679 35.1183
1035.0000 1025.8237 6.9640 35.1189
1037.0000 1027.8010 6.9607 35.1195
1039.0000 1029.7783 6.9534 35.1192
1041.0000 1031.7556 6.9466 35.1191
1043.0000 1033.7329 6.9407 35.1190
1045.0000 1035.7102 6.9325 35.1188
1047.0000 1037.6875 6.9297 35.1186
1049.0000 1039.6649 6.9289 35.1186
1051.0000 1041.6421 6.9268 35.1185
1053.0000 1043.6193 6.9216 35.1181
1055.0000 1045.5966 6.8942 35.1143
1057.0000 1047.5737 6.8642 35.1116
1059.0000 1049.5508 6.8608 35.1111
1061.0000 1051.5280 6.8303 35.1075
1063.0000 1053.5051 6.7872 35.1054
1065.0000 1055.4823 6.7588 35.1022
1067.0000 1057.4594 6.7163 35.1008
1069.0000 1059.4363 6.6991 35.1003
1071.0000 1061.4133 6.6899 35.1002
1073.0000 1063.3904 6.6886 35.1004
1075.0000 1065.3674 6.6875 35.1004
1077.0000 1067.3445 6.6775 35.1002
1079.0000 1069.3213 6.6671 35.1004
1081.0000 1071.2983 6.6655 35.1003
1083.0000 1073.2754 6.6609 35.1002
1085.0000 1075.2523 6.6488 35.0999
1087.0000 1077.2291 6.6390 35.0996
1089.0000 1079.2061 6.6268 35.0996
1091.0000 1081.1829 6.6220 35.0994
1093.0000 1083.1597 6.6076 35.0989
1095.0000 1085.1366 6.5894 35.0991
1097.0000 1087.1134 6.5802 35.0988
1099.0000 1089.0902 6.5761 35.0991
1101.0000 1091.0668 6.5693 35.0990
1103.0000 1093.0437 6.5644 35.0991
1105.0000 1095.0205 6.5437 35.0991
1107.0000 1096.9971 6.5219 35.0992
1109.0000 1098.9739 6.5033 35.0984
1111.0000 1100.9506 6.5010 35.0995
1113.0000 1102.9271 6.4892 35.0985
1115.0000 1104.9038 6.4783 35.0992
1117.0000 1106.8805 6.4766 35.0991
1119.0000 1108.8571 6.4735 35.0989
1121.0000 1110.8335 6.4676 35.0988
1123.0000 1112.8102 6.4584 35.0986
1125.0000 1114.7866 6.4524 35.0985
1127.0000 1116.7632 6.4454 35.0984
1129.0000 1118.7397 6.4317 35.0983
1131.0000 1120.7163 6.4356 35.0984
1133.0000 1122.6929 6.4270 35.0985
1135.0000 1124.6692 6.3915 35.0982
1137.0000 1126.6456 6.3719 35.0984
1139.0000 1128.6219 6.3681 35.0988
1141.0000 1130.5984 6.3461 35.0982
1143.0000 1132.5748 6.3278 35.0981
1145.0000 1134.5511 6.3153 35.0983
1147.0000 1136.5276 6.2935 35.0966
1149.0000 1138.5038 6.3001 35.0984
1151.0000 1140.4802 6.2703 35.0957
1153.0000 1142.4565 6.2545 35.0954
1155.0000 1144.4326 6.2410 35.0945
1157.0000 1146.4089 6.2501 35.0953
1159.0000 1148.3851 6.2225 35.0945
1161.0000 1150.3615 6.2180 35.0949
1163.0000 1152.3375 6.2086 35.0947
1165.0000 1154.3138 6.1897 35.0942
1167.0000 1156.2899 6.1756 35.0929
1169.0000 1158.2660 6.1562 35.0914
1171.0000 1160.2422 6.1238 35.0880
1173.0000 1162.2183 6.0962 35.0862
1175.0000 1164.1943 6.0734 35.0849
1177.0000 1166.1703 6.0462 35.0832
1179.0000 1168.1464 6.0101 35.0817
1181.0000 1170.1226 6.0001 35.0806
1183.0000 1172.0984 5.9938 35.0804
1185.0000 1174.0745 5.9900 35.0799
1187.0000 1176.0505 5.9873 35.0802
1189.0000 1178.0265 5.9841 35.0808
1191.0000 1180.0023 5.9832 35.0812
1193.0000 1181.9781 5.9831 35.0810
1195.0000 1183.9541 5.9753 35.0813
1197.0000 1185.9298 5.9710 35.0820
1199.0000 1187.9058 5.9618 35.0817
1201.0000 1189.8817 5.9402 35.0795
1203.0000 1191.8575 5.9117 35.0775
1205.0000 1193.8333 5.9018 35.0771
1207.0000 1195.8091 5.8954 35.0769
1209.0000 1197.7849 5.8876 35.0767
1211.0000 1199.7605 5.8759 35.0776
1213.0000 1201.7363 5.8631 35.0780
1215.0000 1203.7120 5.8501 35.0785
1217.0000 1205.6877 5.8497 35.0789
1219.0000 1207.6633 5.8500 35.0785
1221.0000 1209.6389 5.8443 35.0790
1223.0000 1211.6146 5.8424 35.0792
1225.0000 1213.5902 5.8372 35.0790
1227.0000 1215.5658 5.8324 35.0790
1229.0000 1217.5414 5.8277 35.0793
1231.0000 1219.5170 5.8263 35.0796
1233.0000 1221.4926 5.8247 35.0798
1235.0000 1223.4680 5.8156 35.0791
1237.0000 1225.4437 5.8026 35.0792
1239.0000 1227.4191 5.7875 35.0786
1241.0000 1229.3945 5.7569 35.0788
1243.0000 1231.3700 5.7405 35.0795
1245.0000 1233.3453 5.7244 35.0797
1247.0000 1235.3208 5.7126 35.0801
1249.0000 1237.2963 5.7072 35.0804
1251.0000 1239.2716 5.7014 35.0806
1253.0000 1241.2469 5.6963 35.0806
1255.0000 1243.2223 5.6939 35.0807
1257.0000 1245.1976 5.6915 35.0808
1259.0000 1247.1729 5.6896 35.0809
1261.0000 1249.1482 5.6881 35.0811
1263.0000 1251.1234 5.6851 35.0808
1265.0000 1253.0988 5.6685 35.0804
1267.0000 1255.0740 5.6451 35.0801
1269.0000 1257.0491 5.6398 35.0801
1271.0000 1259.0243 5.6321 35.0801
1273.0000 1260.9994 5.6282 35.0799
1275.0000 1262.9745 5.6166 35.0797
1277.0000 1264.9497 5.6049 35.0798
1279.0000 1266.9247 5.6009 35.0798
1281.0000 1268.8998 5.5993 35.0797
1283.0000 1270.8749 5.5930 35.0797
1285.0000 1272.8500 5.5918 35.0798
1287.0000 1274.8250 5.5886 35.0795
1289.0000 1276.8000 5.5824 35.0796
1291.0000 1278.7750 5.5766 35.0793
1293.0000 1280.7500 5.5673 35.0792
1295.0000 1282.7250 5.5589 35.0789
1297.0000 1284.7000 5.5478 35.0787
1299.0000 1286.6749 5.5422 35.0787
1301.0000 1288.6497 5.5415 35.0787
1303.0000 1290.6248 5.5405 35.0791
1305.0000 1292.5996 5.5425 35.0822
1307.0000 1294.5745 5.5444 35.0830
1309.0000 1296.5493 5.5430 35.0837
1311.0000 1298.5243 5.5398 35.0841
1313.0000 1300.4990 5.5386 35.0839
1315.0000 1302.4736 5.5363 35.0838
1317.0000 1304.4485 5.5296 35.0836
1319.0000 1306.4232 5.5222 35.0833
1321.0000 1308.3979 5.5184 35.0832
1323.0000 1310.3726 5.5150 35.0831
1325.0000 1312.3474 5.5113 35.0828
1327.0000 1314.3220 5.5021 35.0830
1329.0000 1316.2966 5.4792 35.0816
1331.0000 1318.2712 5.4661 35.0813
1333.0000 1320.2458 5.4622 35.0820
1335.0000 1322.2205 5.4597 35.0827
1337.0000 1324.1951 5.4510 35.0824
1339.0000 1326.1696 5.4480 35.0828
1341.0000 1328.1440 5.4396 35.0826
1343.0000 1330.1187 5.4394 35.0825
1345.0000 1332.0931 5.4304 35.0822
1347.0000 1334.0676 5.4262 35.0823
1349.0000 1336.0420 5.4248 35.0822
1351.0000 1338.0165 5.4156 35.0821
1353.0000 1339.9910 5.4105 35.0822
1355.0000 1341.9652 5.4101 35.0826
1357.0000 1343.9398 5.4101 35.0826
1359.0000 1345.9142 5.4098 35.0828
1361.0000 1347.8885 5.4098 35.0829
1363.0000 1349.8628 5.4097 35.0828
1365.0000 1351.8372 5.4093 35.0827
1367.0000 1353.8115 5.4048 35.0823
1369.0000 1355.7856 5.3926 35.0827
1371.0000 1357.7600 5.3858 35.0831
1373.0000 1359.7343 5.3717 35.0827
1375.0000 1361.7084 5.3579 35.0830
1377.0000 1363.6825 5.3531 35.0829
1379.0000 1365.6569 5.3446 35.0829
1381.0000 1367.6310 5.3405 35.0830
1383.0000 1369.6051 5.3384 35.0829
1385.0000 1371.5792 5.3308 35.0826
1387.0000 1373.5535 5.3203 35.0826
1389.0000 1375.5276 5.3155 35.0824
1391.0000 1377.5015 5.3130 35.0823
1393.0000 1379.4756 5.3081 35.0826
1395.0000 1381.4496 5.3079 35.0832
1397.0000 1383.4236 5.3062 35.0831
1399.0000 1385.3976 5.3025 35.0830
1401.0000 1387.3716 5.2774 35.0826
1403.0000 1389.3457 5.2657 35.0824
1405.0000 1391.3195 5.2483 35.0823
1407.0000 1393.2935 5.2481 35.0826
1409.0000 1395.2675 5.2478 35.0826
1411.0000 1397.2412 5.2410 35.0821
1413.0000 1399.2151 5.2337 35.0818
1415.0000 1401.1890 5.2190 35.0820
1417.0000 1403.1627 5.2056 35.0815
1419.0000 1405.1366 5.1974 35.0816
1421.0000 1407.1105 5.1939 35.0816
1423.0000 1409.0842 5.1896 35.0818
1425.0000 1411.0580 5.1885 35.0819
1427.0000 1413.0317 5.1877 35.0822
1429.0000 1415.0055 5.1878 35.0823
1431.0000 1416.9791 5.1883 35.0827
1433.0000 1418.9528 5.1887 35.0829
1435.0000 1420.9265 5.1889 35.0832
1437.0000 1422.9001 5.1879 35.0833
1439.0000 1424.8738 5.1788 35.0828
1441.0000 1426.8474 5.1588 35.0813
1443.0000 1428.8209 5.1399 35.0807
1445.0000 1430.7944 5.1289 35.0807
1447.0000 1432.7679 5.1255 35.0808
1449.0000 1434.7417 5.1240 35.0810
1451.0000 1436.7153 5.1271 35.0808
1453.0000 1438.6887 5.1185 35.0805
1455.0000 1440.6621 5.1074 35.0804
1457.0000 1442.6356 5.0999 35.0804
1459.0000 1444.6089 5.0967 35.0804
1461.0000 1446.5824 5.0900 35.0802
1463.0000 1448.5560 5.0811 35.0801
1465.0000 1450.5294 5.0766 35.0799
1467.0000 1452.5026 5.0703 35.0800
1469.0000 1454.4761 5.0685 35.0800
1471.0000 1456.4493 5.0651 35.0800
1473.0000 1458.4225 5.0626 35.0799
1475.0000 1460.3960 5.0542 35.0797
1477.0000 1462.3693 5.0483 35.0796
1479.0000 1464.3424 5.0444 35.0796
1481.0000 1466.3157 5.0311 35.0793
1483.0000 1468.2889 5.0265 35.0793
1485.0000 1470.2622 5.0238 35.0796
1487.0000 1472.2354 5.0216 35.0797
1489.0000 1474.2085 5.0167 35.0796
1491.0000 1476.1816 5.0098 35.0796
1493.0000 1478.1548 5.0067 35.0795
1495.0000 1480.1278 5.0043 35.0797
1497.0000 1482.1011 5.0023 35.0795
1499.0000 1484.0742 4.9962 35.0795
1501.0000 1486.0470 4.9904 35.0796
1503.0000 1488.0201 4.9877 35.0796
1505.0000 1489.9932 4.9872 35.0798
1507.0000 1491.9662 4.9884 35.0801
1509.0000 1493.9392 4.9889 35.0804
1511.0000 1495.9121 4.9897 35.0804
1513.0000 1497.8851 4.9885 35.0804
1515.0000 1499.8579 4.9825 35.0804
1517.0000 1501.8309 4.9793 35.0805
1519.0000 1503.8038 4.9773 35.0804
1521.0000 1505.7766 4.9722 35.0801
1523.0000 1507.7495 4.9651 35.0800
1525.0000 1509.7224 4.9575 35.0794
1527.0000 1511.6953 4.9428 35.0789
1529.0000 1513.6680 4.9238 35.0781
1531.0000 1515.6407 4.9320 35.0784
1533.0000 1517.6135 4.9188 35.0782
1535.0000 1519.5863 4.9171 35.0782
1537.0000 1521.5591 4.9164 35.0782
1539.0000 1523.5317 4.9143 35.0780
1541.0000 1525.5043 4.9110 35.0780
1543.0000 1527.4771 4.8977 35.0771
1545.0000 1529.4498 4.8890 35.0773
1547.0000 1531.4224 4.8881 35.0773
1549.0000 1533.3949 4.8876 35.0772
1551.0000 1535.3677 4.8871 35.0773
1553.0000 1537.3402 4.8853 35.0773
1555.0000 1539.3126 4.8833 35.0771
1557.0000 1541.2852 4.8763 35.0767
1559.0000 1543.2578 4.8666 35.0763
1561.0000 1545.2303 4.8555 35.0762
1563.0000 1547.2026 4.8530 35.0759
1565.0000 1549.1752 4.8467 35.0758
1567.0000 1551.1478 4.8417 35.0758
1569.0000 1553.1201 4.8394 35.0756
1571.0000 1555.0925 4.8217 35.0746
1573.0000 1557.0649 4.8044 35.0746
1575.0000 1559.0374 4.7937 35.0745
1577.0000 1561.0096 4.7905 35.0743
1579.0000 1562.9819 4.7875 35.0743
1581.0000 1564.9542 4.7829 35.0742
1583.0000 1566.9266 4.7814 35.0743
1585.0000 1568.8989 4.7788 35.0742
1587.0000 1570.8712 4.7797 35.0741
1589.0000 1572.8435 4.7770 35.0743
1591.0000 1574.8156 4.7765 35.0742
1593.0000 1576.7878 4.7752 35.0741
1595.0000 1578.7600 4.7738 35.0743
1597.0000 1580.7322 4.7726 35.0741
1599.0000 1582.7043 4.7713 35.0742
1601.0000 1584.6765 4.7698 35.0740
1603.0000 1586.6487 4.7661 35.0739
1605.0000 1588.6207 4.7648 35.0739
1607.0000 1590.5928 4.7619 35.0737
1609.0000 1592.5648 4.7541 35.0732
1611.0000 1594.5369 4.7466 35.0728
1613.0000 1596.5089 4.7433 35.0727
1615.0000 1598.4810 4.7398 35.0724
1617.0000 1600.4529 4.7339 35.0720
1619.0000 1602.4249 4.7258 35.0719
1621.0000 1604.3969 4.7249 35.0718
1623.0000 1606.3689 4.7227 35.0715
1625.0000 1608.3407 4.7174 35.0714
1627.0000 1610.3125 4.7159 35.0714
1629.0000 1612.2844 4.7133 35.0714
1631.0000 1614.2562 4.7084 35.0709
1633.0000 1616.2281 4.6950 35.0702
1635.0000 1618.2000 4.6857 35.0697
1637.0000 1620.1719 4.6746 35.0694
1639.0000 1622.1436 4.6702 35.0692
1641.0000 1624.1154 4.6667 35.0692
1643.0000 1626.0872 4.6644 35.0692
1645.0000 1628.0588 4.6622 35.0691
1647.0000 1630.0304 4.6597 35.0690
1649.0000 1632.0023 4.6558 35.0688
1651.0000 1633.9740 4.6516 35.0688
1653.0000 1635.9454 4.6471 35.0686
1655.0000 1637.9172 4.6444 35.0685
1657.0000 1639.8889 4.6409 35.0684
1659.0000 1641.8602 4.6373 35.0682
1661.0000 1643.8320 4.6344 35.0680
1663.0000 1645.8036 4.6260 35.0675
1665.0000 1647.7751 4.6166 35.0672
1667.0000 1649.7466 4.6113 35.0668
1669.0000 1651.7181 4.6011 35.0663
1671.0000 1653.6896 4.5958 35.0660
1673.0000 1655.6611 4.5853 35.0653
1675.0000 1657.6326 4.5819 35.0647
1677.0000 1659.6041 4.5565 35.0614
1679.0000 1661.5753 4.5362 35.0599
1681.0000 1663.5469 4.5331 35.0603
1683.0000 1665.5183 4.5349 35.0609
1685.0000 1667.4896 4.5370 35.0616
1687.0000 1669.4608 4.5334 35.0621
1689.0000 1671.4324 4.5197 35.0616
1691.0000 1673.4037 4.5151 35.0616
1693.0000 1675.3749 4.5085 35.0617
1695.0000 1677.3462 4.4997 35.0615
1697.0000 1679.3174 4.4971 35.0615
1699.0000 1681.2887 4.4959 35.0615
1701.0000 1683.2599 4.4947 35.0615
1703.0000 1685.2310 4.4933 35.0613
1705.0000 1687.2023 4.4898 35.0612
1707.0000 1689.1732 4.4848 35.0609
1709.0000 1691.1447 4.4701 35.0601
1711.0000 1693.1157 4.4647 35.0599
1713.0000 1695.0869 4.4557 35.0586
1715.0000 1697.0579 4.4409 35.0579
1717.0000 1699.0289 4.4339 35.0573
1719.0000 1701.0001 4.4238 35.0567
1721.0000 1702.9708 4.4207 35.0565
1723.0000 1704.9420 4.4182 35.0564
1725.0000 1706.9131 4.4162 35.0564
1727.0000 1708.8840 4.4155 35.0564
1729.0000 1710.8550 4.4124 35.0562
1731.0000 1712.8259 4.4102 35.0561
1733.0000 1714.7969 4.4080 35.0561
1735.0000 1716.7676 4.3927 35.0545
1737.0000 1718.7385 4.3684 35.0535
1739.0000 1720.7097 4.3651 35.0531
1741.0000 1722.6802 4.3612 35.0529
1743.0000 1724.6511 4.3590 35.0528
1745.0000 1726.6221 4.3564 35.0528
1747.0000 1728.5928 4.3543 35.0527
1749.0000 1730.5635 4.3535 35.0527
1751.0000 1732.5343 4.3536 35.0530
1753.0000 1734.5051 4.3522 35.0526
1755.0000 1736.4757 4.3452 35.0519
1757.0000 1738.4464 4.3390 35.0512
1759.0000 1740.4171 4.3331 35.0506
1761.0000 1742.3878 4.3173 35.0493
1763.0000 1744.3584 4.3051 35.0491
1765.0000 1746.3291 4.3049 35.0487
1767.0000 1748.2998 4.2985 35.0484
1769.0000 1750.2701 4.2963 35.0483
1771.0000 1752.2408 4.2948 35.0482
1773.0000 1754.2115 4.2862 35.0484
1775.0000 1756.1821 4.2801 35.0480
1777.0000 1758.1525 4.2780 35.0480
1779.0000 1760.1229 4.2773 35.0477
1781.0000 1762.0936 4.2747 35.0473
1783.0000 1764.0637 4.2699 35.0466
1785.0000 1766.0344 4.2686 35.0465
1787.0000 1768.0048 4.2687 35.0464
1789.0000 1769.9755 4.2665 35.0461
1791.0000 1771.9456 4.2669 35.0460
1793.0000 1773.9161 4.2586 35.0450
1795.0000 1775.8865 4.2509 35.0439
1797.0000 1777.8566 4.2457 35.0437
1799.0000 1779.8270 4.2409 35.0428
1801.0000 1781.7974 4.2367 35.0425
1803.0000 1783.7675 4.2321 35.0421
1805.0000 1785.7378 4.2287 35.0418
1807.0000 1787.7083 4.2257 35.0418
1809.0000 1789.6783 4.2218 35.0411
1811.0000 1791.6484 4.2132 35.0406
1813.0000 1793.6188 4.2032 35.0394
1815.0000 1795.5891 4.1910 35.0386
1817.0000 1797.5590 4.1771 35.0377
1819.0000 1799.5293 4.1697 35.0375
1821.0000 1801.4994 4.1678 35.0374
1823.0000 1803.4696 4.1652 35.0370
1825.0000 1805.4393 4.1587 35.0364
1827.0000 1807.4097 4.1452 35.0354
1829.0000 1809.3795 4.1323 35.0347
1831.0000 1811.3496 4.1267 35.0336
1833.0000 1813.3196 4.1171 35.0335
1835.0000 1815.2898 4.1162 35.0335
1837.0000 1817.2596 4.1144 35.0335
1839.0000 1819.2296 4.1144 35.0337
1841.0000 1821.1995 4.1125 35.0337
1843.0000 1823.1696 4.1074 35.0334
1845.0000 1825.1393 4.1002 35.0329
1847.0000 1827.1091 4.0940 35.0324
1849.0000 1829.0790 4.0976 35.0324
1851.0000 1831.0491 4.0796 35.0313
1853.0000 1833.0186 4.0710 35.0307
1855.0000 1834.9885 4.0701 35.0307
1857.0000 1836.9584 4.0699 35.0308
1859.0000 1838.9281 4.0657 35.0303
1861.0000 1840.8977 4.0432 35.0283
1863.0000 1842.8676 4.0284 35.0278
1865.0000 1844.8372 4.0235 35.0274
1867.0000 1846.8070 4.0195 35.0271
1869.0000 1848.7769 4.0133 35.0267
1871.0000 1850.7463 4.0077 35.0266
1873.0000 1852.7161 4.0026 35.0263
1875.0000 1854.6854 4.0007 35.0261
1877.0000 1856.6554 3.9971 35.0261
1879.0000 1858.6246 3.9965 35.0261
1881.0000 1860.5944 3.9911 35.0258
1883.0000 1862.5640 3.9872 35.0256
1885.0000 1864.5337 3.9846 35.0254
1887.0000 1866.5029 3.9806 35.0253
1889.0000 1868.4724 3.9733 35.0248
1891.0000 1870.4420 3.9696 35.0245
1893.0000 1872.4114 3.9642 35.0242
1895.0000 1874.3810 3.9599 35.0239
1897.0000 1876.3502 3.9561 35.0237
1899.0000 1878.3197 3.9549 35.0236
1901.0000 1880.2889 3.9542 35.0236
1903.0000 1882.2584 3.9528 35.0236
1905.0000 1884.2277 3.9522 35.0235
1907.0000 1886.1970 3.9514 35.0236
1909.0000 1888.1664 3.9509 35.0234
1911.0000 1890.1357 3.9463 35.0230
1913.0000 1892.1051 3.9446 35.0229
1915.0000 1894.0742 3.9376 35.0226
1917.0000 1896.0435 3.9348 35.0224
1919.0000 1898.0127 3.9322 35.0222
1921.0000 1899.9818 3.9306 35.0222
1923.0000 1901.9513 3.9295 35.0221
1925.0000 1903.9203 3.9274 35.0221
1927.0000 1905.8894 3.9236 35.0217
1929.0000 1907.8584 3.9159 35.0213
1931.0000 1909.8276 3.9135 35.0211
1933.0000 1911.7969 3.9113 35.0210
1935.0000 1913.7657 3.9071 35.0208
1937.0000 1915.7350 3.9056 35.0207
1939.0000 1917.7039 3.9041 35.0207
1941.0000 1919.6729 3.9012 35.0205
1943.0000 1921.6420 3.8999 35.0204
1945.0000 1923.6110 3.8987 35.0203
1947.0000 1925.5801 3.8918 35.0199
1949.0000 1927.5487 3.8830 35.0192
1951.0000 1929.5179 3.8780 35.0190
1953.0000 1931.4869 3.8755 35.0188
1955.0000 1933.4554 3.8733 35.0186
1957.0000 1935.4244 3.8654 35.0180
1959.0000 1937.3933 3.8567 35.0176
1961.0000 1939.3623 3.8557 35.0174
1963.0000 1941.3309 3.8538 35.0173
1965.0000 1943.2998 3.8460 35.0166
1967.0000 1945.2687 3.8409 35.0164
1969.0000 1947.2374 3.8383 35.0163
1971.0000 1949.2061 3.8321 35.0159
1973.0000 1951.1749 3.8289 35.0157
1975.0000 1953.1436 3.8285 35.0158
1977.0000 1955.1122 3.8266 35.0156
1979.0000 1957.0811 3.8252 35.0157
1981.0000 1959.0497 3.8237 35.0156
1983.0000 1961.0181 3.8238 35.0155
1985.0000 1962.9869 3.8209 35.0151
1987.0000 1964.9556 3.8167 35.0150
1989.0000 1966.9242 3.8156 35.0150
1991.0000 1968.8926 3.8148 35.0149
1993.0000 1970.8612 3.8142 35.0149
1995.0000 1972.8298 3.8151 35.0147
1997.0000 1974.7983 3.8136 35.0147
1999.0000 1976.7667 3.8121 35.0146
2001.0000 1978.7354 3.8087 35.0145
2003.0000 1980.7037 3.8063 35.0144
2005.0000 1982.6720 3.8050 35.0142
2007.0000 1984.6406 3.8043 35.0141
2009.0000 1986.6088 3.8025 35.0140
2011.0000 1988.5773 3.7994 35.0138
2013.0000 1990.5457 3.7974 35.0137
2015.0000 1992.5140 3.7946 35.0135
2017.0000 1994.4823 3.7879 35.0129
2019.0000 1996.4507 3.7821 35.0127
2021.0000 1998.4191 3.7812 35.0127
2023.0000 2000.3873 3.7802 35.0126
2025.0000 2002.3556 3.7782 35.0124
2027.0000 2004.3237 3.7759 35.0124
2029.0000 2006.2920 3.7752 35.0124
2031.0000 2008.2601 3.7738 35.0122
2033.0000 2010.2284 3.7711 35.0119
2035.0000 2012.1965 3.7701 35.0120
2037.0000 2014.1648 3.7709 35.0120
2039.0000 2016.1328 3.7702 35.0120
2041.0000 2018.1008 3.7679 35.0118
2043.0000 2020.0690 3.7662 35.0117
2045.0000 2022.0370 3.7630 35.0113
2047.0000 2024.0050 3.7580 35.0111
2049.0000 2025.9733 3.7540 35.0108
2051.0000 2027.9414 3.7517 35.0105
2053.0000 2029.9092 3.7393 35.0095
2055.0000 2031.8772 3.7341 35.0094
2057.0000 2033.8452 3.7322 35.0091
2059.0000 2035.8130 3.7242 35.0084
2061.0000 2037.7810 3.7159 35.0081
2063.0000 2039.7490 3.7110 35.0078
2065.0000 2041.7168 3.7102 35.0079
2067.0000 2043.6846 3.7091 35.0078
2069.0000 2045.6526 3.7069 35.0077
2071.0000 2047.6206 3.7077 35.0075
2073.0000 2049.5881 3.7032 35.0075
2075.0000 2051.5559 3.7028 35.0073
2077.0000 2053.5239 3.7019 35.0073
2079.0000 2055.4915 3.6958 35.0069
2081.0000 2057.4595 3.6947 35.0069
2083.0000 2059.4272 3.6951 35.0069
2085.0000 2061.3950 3.6954 35.0069
2087.0000 2063.3625 3.6953 35.0069
2089.0000 2065.3301 3.6941 35.0068
2091.0000 2067.2979 3.6928 35.0068
2093.0000 2069.2654 3.6911 35.0067
2095.0000 2071.2332 3.6906 35.0066
2097.0000 2073.2007 3.6889 35.0063
2099.0000 2075.1685 3.6798 35.0058
2101.0000 2077.1357 3.6758 35.0056
2103.0000 2079.1035 3.6746 35.0055
2105.0000 2081.0710 3.6691 35.0050
2107.0000 2083.0383 3.6603 35.0046
2109.0000 2085.0059 3.6593 35.0044
2111.0000 2086.9734 3.6582 35.0044
2113.0000 2088.9409 3.6562 35.0042
2115.0000 2090.9082 3.6538 35.0041
2117.0000 2092.8757 3.6502 35.0039
2119.0000 2094.8433 3.6477 35.0037
2121.0000 2096.8103 3.6470 35.0036
2123.0000 2098.7778 3.6423 35.0033
2125.0000 2100.7454 3.6384 35.0031
2127.0000 2102.7124 3.6351 35.0029
2129.0000 2104.6802 3.6302 35.0025
2131.0000 2106.6472 3.6264 35.0023
2133.0000 2108.6145 3.6228 35.0021
2135.0000 2110.5818 3.6219 35.0021
2137.0000 2112.5491 3.6214 35.0020
2139.0000 2114.5161 3.6208 35.0021
2141.0000 2116.4832 3.6208 35.0021
2143.0000 2118.4507 3.6196 35.0020
2145.0000 2120.4177 3.6098 35.0012
2147.0000 2122.3853 3.6006 35.0007
2149.0000 2124.3518 3.5978 35.0007
2151.0000 2126.3191 3.5969 35.0006
2153.0000 2128.2864 3.5974 35.0005
2155.0000 2130.2534 3.5967 35.0005
2157.0000 2132.2205 3.5949 35.0006
2159.0000 2134.1875 3.5941 35.0005
2161.0000 2136.1545 3.5951 35.0004
2163.0000 2138.1213 3.5946 35.0005
2165.0000 2140.0886 3.5941 35.0005
2167.0000 2142.0557 3.5936 35.0005
2169.0000 2144.0222 3.5926 35.0005
2171.0000 2145.9893 3.5921 35.0005
2173.0000 2147.9563 3.5914 35.0006
2175.0000 2149.9233 3.5915 35.0005
2177.0000 2151.8901 3.5907 35.0005
2179.0000 2153.8569 3.5902 35.0005
2181.0000 2155.8237 3.5898 35.0004
2183.0000 2157.7905 3.5876 35.0003
2185.0000 2159.7576 3.5867 35.0004
2187.0000 2161.7241 3.5861 35.0002
2189.0000 2163.6909 3.5839 35.0002
2191.0000 2165.6575 3.5826 35.0002
2193.0000 2167.6245 3.5818 35.0002
2195.0000 2169.5911 3.5792 34.9999
2197.0000 2171.5576 3.5768 34.9995
2199.0000 2173.5247 3.5710 34.9992
2201.0000 2175.4915 3.5643 34.9988
2203.0000 2177.4578 3.5595 34.9985
2205.0000 2179.4246 3.5534 34.9981
2207.0000 2181.3911 3.5486 34.9978
2209.0000 2183.3577 3.5466 34.9977
2211.0000 2185.3242 3.5391 34.9972
2213.0000 2187.2908 3.5368 34.9971
2215.0000 2189.2573 3.5338 34.9968
2217.0000 2191.2236 3.5296 34.9964
2219.0000 2193.1902 3.5214 34.9958
2221.0000 2195.1570 3.5175 34.9957
2223.0000 2197.1235 3.5161 34.9956
2225.0000 2199.0898 3.5166 34.9955
2227.0000 2201.0564 3.5102 34.9952
2229.0000 2203.0225 3.5088 34.9950
2231.0000 2204.9888 3.5084 34.9950
2233.0000 2206.9553 3.5062 34.9947
2235.0000 2208.9216 3.5061 34.9947
2237.0000 2210.8882 3.5058 34.9947
2239.0000 2212.8542 3.5049 34.9947
2241.0000 2214.8208 3.5042 34.9945
2243.0000 2216.7871 3.5022 34.9944
2245.0000 2218.7532 3.4996 34.9942
2247.0000 2220.7195 3.4984 34.9941
2249.0000 2222.6858 3.4974 34.9939
2251.0000 2224.6521 3.4964 34.9939
2253.0000 2226.6182 3.4956 34.9938
2255.0000 2228.5842 3.4950 34.9938
2257.0000 2230.5505 3.4918 34.9934
2259.0000 2232.5164 3.4867 34.9931
2261.0000 2234.4827 3.4887 34.9929
2263.0000 2236.4487 3.4829 34.9928
2265.0000 2238.4146 3.4804 34.9926
2267.0000 2240.3809 3.4793 34.9924
2269.0000 2242.3472 3.4791 34.9925
2271.0000 2244.3132 3.4789 34.9924
2273.0000 2246.2791 3.4758 34.9922
2275.0000 2248.2449 3.4728 34.9920
2277.0000 2250.2112 3.4673 34.9916
2279.0000 2252.1770 3.4618 34.9913
2281.0000 2254.1426 3.4593 34.9911
2283.0000 2256.1089 3.4510 34.9902
2285.0000 2258.0747 3.4459 34.9900
2287.0000 2260.0405 3.4429 34.9899
2289.0000 2262.0066 3.4423 34.9899
2291.0000 2263.9724 3.4362 34.9894
2293.0000 2265.9380 3.4345 34.9893
2295.0000 2267.9041 3.4302 34.9890
2297.0000 2269.8699 3.4199 34.9883
2299.0000 2271.8357 3.4092 34.9876
2301.0000 2273.8013 3.4019 34.9873
2303.0000 2275.7673 3.3988 34.9870
2305.0000 2277.7329 3.3975 34.9869
2307.0000 2279.6982 3.3954 34.9869
2309.0000 2281.6641 3.3944 34.9868
2311.0000 2283.6299 3.3926 34.9867
2313.0000 2285.5955 3.3897 34.9864
2315.0000 2287.5610 3.3829 34.9859
2317.0000 2289.5266 3.3798 34.9857
2319.0000 2291.4924 3.3771 34.9855
2321.0000 2293.4578 3.3742 34.9853
2323.0000 2295.4236 3.3723 34.9851
2325.0000 2297.3889 3.3672 34.9848
2327.0000 2299.3545 3.3649 34.9847
2329.0000 2301.3201 3.3591 34.9842
2331.0000 2303.2856 3.3557 34.9839
2333.0000 2305.2512 3.3525 34.9837
2335.0000 2307.2166 3.3509 34.9836
2337.0000 2309.1819 3.3513 34.9838
2339.0000 2311.1475 3.3502 34.9836
2341.0000 2313.1128 3.3486 34.9834
2343.0000 2315.0781 3.3476 34.9834
2345.0000 2317.0435 3.3456 34.9833
2347.0000 2319.0088 3.3438 34.9832
2349.0000 2320.9741 3.3435 34.9831
2351.0000 2322.9392 3.3424 34.9829
2353.0000 2324.9048 3.3363 34.9825
2355.0000 2326.8699 3.3282 34.9819
2357.0000 2328.8352 3.3276 34.9819
2359.0000 2330.8003 3.3243 34.9816
2361.0000 2332.7656 3.3207 34.9813
2363.0000 2334.7307 3.3135 34.9808
2365.0000 2336.6960 3.3053 34.9802
2367.0000 2338.6614 3.3011 34.9799
2369.0000 2340.6262 3.2964 34.9797
2371.0000 2342.5913 3.2935 34.9796
2373.0000 2344.5566 3.2919 34.9793
2375.0000 2346.5217 3.2878 34.9791
2377.0000 2348.4868 3.2861 34.9791
2379.0000 2350.4519 3.2861 34.9792
2381.0000 2352.4170 3.2840 34.9787
2383.0000 2354.3818 3.2790 34.9785
2385.0000 2356.3469 3.2761 34.9783
2387.0000 2358.3120 3.2735 34.9781
2389.0000 2360.2769 3.2730 34.9782
2391.0000 2362.2419 3.2728 34.9782
2393.0000 2364.2068 3.2724 34.9780
2395.0000 2366.1719 3.2719 34.9780
2397.0000 2368.1365 3.2688 34.9776
2399.0000 2370.1016 3.2654 34.9776
2401.0000 2372.0664 3.2645 34.9775
2403.0000 2374.0310 3.2640 34.9774
2405.0000 2375.9958 3.2627 34.9773
2407.0000 2377.9607 3.2584 34.9769
2409.0000 2379.9255 3.2570 34.9770
2411.0000 2381.8901 3.2568 34.9769
2413.0000 2383.8550 3.2548 34.9767
2415.0000 2385.8198 3.2531 34.9767
2417.0000 2387.7844 3.2527 34.9766
2419.0000 2389.7495 3.2507 34.9764
2421.0000 2391.7141 3.2504 34.9763
2423.0000 2393.6787 3.2492 34.9763
2425.0000 2395.6433 3.2485 34.9762
2427.0000 2397.6079 3.2482 34.9763
2429.0000 2399.5728 3.2474 34.9761
2431.0000 2401.5371 3.2410 34.9756
2433.0000 2403.5017 3.2375 34.9755
2435.0000 2405.4663 3.2360 34.9753
2437.0000 2407.4309 3.2334 34.9751
2439.0000 2409.3953 3.2330 34.9751
2441.0000 2411.3596 3.2329 34.9751
2443.0000 2413.3245 3.2330 34.9752
2445.0000 2415.2886 3.2322 34.9751
2447.0000 2417.2529 3.2305 34.9750
2449.0000 2419.2178 3.2294 34.9748
2451.0000 2421.1819 3.2279 34.9747
2453.0000 2423.1462 3.2267 34.9746
2455.0000 2425.1108 3.2259 34.9745
2457.0000 2427.0754 3.2232 34.9743
2459.0000 2429.0393 3.2195 34.9740
2461.0000 2431.0039 3.2161 34.9737
2463.0000 2432.9683 3.2150 34.9737
2465.0000 2434.9324 3.2087 34.9732
2467.0000 2436.8965 3.2065 34.9730
2469.0000 2438.8611 3.2043 34.9728
2471.0000 2440.8252 3.1946 34.9722
2473.0000 2442.7893 3.1929 34.9722
2475.0000 2444.7534 3.1918 34.9720
2477.0000 2446.7178 3.1907 34.9719
2479.0000 2448.6816 3.1866 34.9716
2481.0000 2450.6460 3.1853 34.9717
2483.0000 2452.6104 3.1852 34.9716
2485.0000 2454.5745 3.1841 34.9716
2487.0000 2456.5383 3.1835 34.9715
2489.0000 2458.5024 3.1822 34.9713
2491.0000 2460.4666 3.1785 34.9711
2493.0000 2462.4304 3.1762 34.9710
2495.0000 2464.3945 3.1757 34.9709
2497.0000 2466.3584 3.1735 34.9707
2499.0000 2468.3225 3.1693 34.9704
2501.0000 2470.2864 3.1679 34.9703
2503.0000 2472.2505 3.1666 34.9702
2505.0000 2474.2146 3.1634 34.9699
2507.0000 2476.1782 3.1623 34.9699
2509.0000 2478.1421 3.1614 34.9699
2511.0000 2480.1060 3.1600 34.9696
2513.0000 2482.0701 3.1579 34.9695
2515.0000 2484.0337 3.1569 34.9694
2517.0000 2485.9973 3.1565 34.9695
2519.0000 2487.9612 3.1563 34.9694
2521.0000 2489.9250 3.1562 34.9694
2523.0000 2491.8889 3.1563 34.9694
2525.0000 2493.8525 3.1556 34.9693
2527.0000 2495.8162 3.1550 34.9693
2529.0000 2497.7800 3.1536 34.9692
2531.0000 2499.7437 3.1530 34.9691
2533.0000 2501.7075 3.1527 34.9690
2535.0000 2503.6711 3.1508 34.9689
2537.0000 2505.6348 3.1499 34.9688
2539.0000 2507.5984 3.1474 34.9686
2541.0000 2509.5618 3.1459 34.9686
2543.0000 2511.5254 3.1439 34.9682
2545.0000 2513.4890 3.1359 34.9677
2547.0000 2515.4526 3.1327 34.9675
2549.0000 2517.4163 3.1306 34.9674
2551.0000 2519.3799 3.1295 34.9673
2553.0000 2521.3433 3.1287 34.9672
2555.0000 2523.3066 3.1260 34.9671
2557.0000 2525.2700 3.1255 34.9670
2559.0000 2527.2334 3.1249 34.9669
2561.0000 2529.1970 3.1229 34.9669
2563.0000 2531.1604 3.1226 34.9668
2565.0000 2533.1238 3.1224 34.9668
2567.0000 2535.0872 3.1212 34.9667
2569.0000 2537.0503 3.1204 34.9666
2571.0000 2539.0137 3.1204 34.9667
2573.0000 2540.9771 3.1207 34.9666
2575.0000 2542.9407 3.1207 34.9667
2577.0000 2544.9036 3.1207 34.9667
2579.0000 2546.8669 3.1202 34.9665
2581.0000 2548.8303 3.1196 34.9665
2583.0000 2550.7932 3.1189 34.9664
2585.0000 2552.7568 3.1194 34.9664
2587.0000 2554.7200 3.1200 34.9665
2589.0000 2556.6829 3.1183 34.9662
2591.0000 2558.6460 3.1174 34.9662
2593.0000 2560.6094 3.1165 34.9662
2595.0000 2562.5725 3.1144 34.9660
2597.0000 2564.5356 3.1141 34.9660
2599.0000 2566.4985 3.1112 34.9657
2601.0000 2568.4619 3.1088 34.9655
2603.0000 2570.4246 3.1080 34.9655
2605.0000 2572.3875 3.1058 34.9653
2607.0000 2574.3508 3.1044 34.9652
2609.0000 2576.3140 3.1015 34.9650
2611.0000 2578.2766 3.1005 34.9649
2613.0000 2580.2395 3.0992 34.9648
2615.0000 2582.2029 3.0976 34.9647
2617.0000 2584.1655 3.0971 34.9647
2619.0000 2586.1284 3.0966 34.9646
2621.0000 2588.0913 3.0966 34.9646
2623.0000 2590.0542 3.0963 34.9646
2625.0000 2592.0171 3.0963 34.9646
2627.0000 2593.9800 3.0964 34.9645
2629.0000 2595.9429 3.0958 34.9645
2631.0000 2597.9055 3.0957 34.9646
2633.0000 2599.8682 3.0954 34.9644
2635.0000 2601.8313 3.0945 34.9643
2637.0000 2603.7939 3.0935 34.9643
2639.0000 2605.7566 3.0931 34.9642
2641.0000 2607.7190 3.0902 34.9640
2643.0000 2609.6821 3.0861 34.9637
2645.0000 2611.6445 3.0853 34.9636
2647.0000 2613.6074 3.0861 34.9635
2649.0000 2615.5698 3.0795 34.9631
2651.0000 2617.5327 3.0763 34.9629
2653.0000 2619.4951 3.0758 34.9628
2655.0000 2621.4578 3.0755 34.9629
2657.0000 2623.4204 3.0719 34.9626
2659.0000 2625.3828 3.0683 34.9624
2661.0000 2627.3455 3.0674 34.9623
2663.0000 2629.3079 3.0621 34.9617
2665.0000 2631.2703 3.0596 34.9617
2667.0000 2633.2329 3.0577 34.9615
2669.0000 2635.1953 3.0548 34.9613
2671.0000 2637.1577 3.0462 34.9606
2673.0000 2639.1201 3.0412 34.9602
2675.0000 2641.0825 3.0403 34.9603
2677.0000 2643.0452 3.0438 34.9604
2679.0000 2645.0073 3.0370 34.9600
2681.0000 2646.9697 3.0364 34.9600
2683.0000 2648.9321 3.0346 34.9598
2685.0000 2650.8945 3.0352 34.9596
2687.0000 2652.8564 3.0297 34.9594
2689.0000 2654.8191 3.0290 34.9595
2691.0000 2656.7812 3.0291 34.9594
2693.0000 2658.7432 3.0293 34.9593
2695.0000 2660.7056 3.0268 34.9591
2697.0000 2662.6680 3.0226 34.9589
2699.0000 2664.6304 3.0216 34.9589
2701.0000 2666.5923 3.0215 34.9588
2703.0000 2668.5544 3.0213 34.9588
2705.0000 2670.5166 3.0202 34.9587
2707.0000 2672.4785 3.0186 34.9585
2709.0000 2674.4407 3.0167 34.9584
2711.0000 2676.4031 3.0150 34.9583
2713.0000 2678.3647 3.0124 34.9580
2715.0000 2680.3269 3.0109 34.9579
2717.0000 2682.2893 3.0086 34.9577
2719.0000 2684.2512 3.0058 34.9576
2721.0000 2686.2129 3.0052 34.9575
2723.0000 2688.1748 3.0044 34.9574
2725.0000 2690.1372 3.0034 34.9573
2727.0000 2692.0989 3.0047 34.9573
2729.0000 2694.0608 3.0014 34.9571
2731.0000 2696.0229 3.0013 34.9572
2733.0000 2697.9849 3.0005 34.9570
2735.0000 2699.9463 2.9987 34.9569
2737.0000 2701.9084 2.9972 34.9567
2739.0000 2703.8704 2.9919 34.9563
2741.0000 2705.8318 2.9887 34.9561
2743.0000 2707.7939 2.9880 34.9561
2745.0000 2709.7556 2.9865 34.9560
2747.0000 2711.7175 2.9853 34.9557
2749.0000 2713.6792 2.9846 34.9557
2751.0000 2715.6409 2.9839 34.9557
2753.0000 2717.6025 2.9835 34.9557
2755.0000 2719.5642 2.9835 34.9557
2757.0000 2721.5259 2.9815 34.9554
2759.0000 2723.4875 2.9805 34.9554
2761.0000 2725.4495 2.9790 34.9552
2763.0000 2727.4109 2.9759 34.9551
2765.0000 2729.3723 2.9713 34.9545
2767.0000 2731.3342 2.9715 34.9547
2769.0000 2733.2957 2.9688 34.9542
2771.0000 2735.2571 2.9641 34.9541
2773.0000 2737.2188 2.9620 34.9539
2775.0000 2739.1802 2.9610 34.9538
2777.0000 2741.1416 2.9605 34.9537
2779.0000 2743.1033 2.9607 34.9537
2781.0000 2745.0647 2.9602 34.9538
2783.0000 2747.0259 2.9597 34.9537
2785.0000 2748.9875 2.9595 34.9535
2787.0000 2750.9490 2.9571 34.9535
2789.0000 2752.9104 2.9567 34.9535
2791.0000 2754.8716 2.9565 34.9534
2793.0000 2756.8330 2.9566 34.9535
2795.0000 2758.7944 2.9566 34.9535
2797.0000 2760.7556 2.9562 34.9533
2799.0000 2762.7168 2.9556 34.9533
2801.0000 2764.6785 2.9540 34.9530
2803.0000 2766.6394 2.9482 34.9525
2805.0000 2768.6008 2.9425 34.9521
2807.0000 2770.5620 2.9402 34.9520
2809.0000 2772.5234 2.9394 34.9519
2811.0000 2774.4844 2.9377 34.9518
2813.0000 2776.4456 2.9356 34.9517
2815.0000 2778.4067 2.9326 34.9515
2817.0000 2780.3679 2.9308 34.9513
2819.0000 2782.3289 2.9300 34.9512
2821.0000 2784.2903 2.9298 34.9512
2823.0000 2786.2512 2.9292 34.9512
2825.0000 2788.2122 2.9264 34.9509
2827.0000 2790.1733 2.9241 34.9507
2829.0000 2792.1343 2.9205 34.9505
2831.0000 2794.0955 2.9198 34.9503
2833.0000 2796.0564 2.9180 34.9502
2835.0000 2798.0173 2.9165 34.9501
2837.0000 2799.9785 2.9153 34.9499
2839.0000 2801.9392 2.9110 34.9495
2841.0000 2803.9004 2.9089 34.9495
2843.0000 2805.8613 2.9092 34.9493
2845.0000 2807.8220 2.9045 34.9492
2847.0000 2809.7830 2.9026 34.9489
2849.0000 2811.7437 2.9005 34.9487
2851.0000 2813.7046 2.8972 34.9485
2853.0000 2815.6653 2.8960 34.9485
2855.0000 2817.6265 2.8953 34.9484
2857.0000 2819.5872 2.8945 34.9483
2859.0000 2821.5476 2.8932 34.9482
2861.0000 2823.5088 2.8918 34.9481
2863.0000 2825.4692 2.8910 34.9479
2865.0000 2827.4299 2.8867 34.9477
2867.0000 2829.3906 2.8868 34.9478
2869.0000 2831.3516 2.8872 34.9478
2871.0000 2833.3123 2.8870 34.9477
2873.0000 2835.2727 2.8859 34.9476
2875.0000 2837.2334 2.8854 34.9475
2877.0000 2839.1941 2.8851 34.9475
2879.0000 2841.1543 2.8851 34.9474
2881.0000 2843.1150 2.8836 34.9473
2883.0000 2845.0757 2.8829 34.9472
2885.0000 2847.0361 2.8823 34.9473
2887.0000 2848.9968 2.8810 34.9470
2889.0000 2850.9573 2.8801 34.9470
2891.0000 2852.9180 2.8801 34.9470
2893.0000 2854.8779 2.8797 34.9469
2895.0000 2856.8384 2.8793 34.9468
2897.0000 2858.7991 2.8776 34.9466
2899.0000 2860.7595 2.8753 34.9465
2901.0000 2862.7197 2.8735 34.9462
2903.0000 2864.6802 2.8733 34.9463
2905.0000 2866.6406 2.8732 34.9462
2907.0000 2868.6008 2.8707 34.9459
2909.0000 2870.5613 2.8660 34.9453
2911.0000 2872.5217 2.8580 34.9447
2913.0000 2874.4819 2.8536 34.9444
2915.0000 2876.4421 2.8513 34.9442
2917.0000 2878.4026 2.8496 34.9442
2919.0000 2880.3625 2.8501 34.9439
2921.0000 2882.3228 2.8445 34.9437
2923.0000 2884.2832 2.8440 34.9437
2925.0000 2886.2437 2.8429 34.9435
2927.0000 2888.2034 2.8407 34.9434
2929.0000 2890.1636 2.8385 34.9432
2931.0000 2892.1235 2.8367 34.9431
2933.0000 2894.0842 2.8352 34.9429
2935.0000 2896.0439 2.8350 34.9430
2937.0000 2898.0042 2.8346 34.9429
2939.0000 2899.9641 2.8327 34.9428
2941.0000 2901.9241 2.8274 34.9423
2943.0000 2903.8840 2.8253 34.9422
2945.0000 2905.8442 2.8249 34.9422
2947.0000 2907.8042 2.8251 34.9422
2949.0000 2909.7642 2.8252 34.9422
2951.0000 2911.7239 2.8251 34.9422
2953.0000 2913.6843 2.8233 34.9421
2955.0000 2915.6438 2.8239 34.9421
2957.0000 2917.6038 2.8227 34.9420
2959.0000 2919.5637 2.8217 34.9419
2961.0000 2921.5237 2.8214 34.9419
2963.0000 2923.4834 2.8210 34.9418
2965.0000 2925.4434 2.8200 34.9417
2967.0000 2927.4031 2.8192 34.9416
2969.0000 2929.3628 2.8189 34.9416
2971.0000 2931.3225 2.8185 34.9416
2973.0000 2933.2825 2.8185 34.9414
2975.0000 2935.2419 2.8179 34.9415
2977.0000 2937.2019 2.8180 34.9415
2979.0000 2939.1614 2.8175 34.9414
2981.0000 2941.1213 2.8167 34.9413
2983.0000 2943.0806 2.8164 34.9413
2985.0000 2945.0405 2.8160 34.9411
2987.0000 2947.0002 2.8135 34.9409
2989.0000 2948.9597 2.8120 34.9409
2991.0000 2950.9194 2.8114 34.9408
2993.0000 2952.8789 2.8103 34.9406
2995.0000 2954.8389 2.8086 34.9404
2997.0000 2956.7979 2.8070 34.9403
2999.0000 2958.7578 2.8061 34.9403
3001.0000 2960.7173 2.8065 34.9403
3003.0000 2962.6765 2.8067 34.9402
3005.0000 2964.6360 2.8040 34.9399
3007.0000 2966.5957 2.7951 34.9390
3009.0000 2968.5552 2.7887 34.9386
3011.0000 2970.5144 2.7876 34.9385
3013.0000 2972.4741 2.7874 34.9385
3015.0000 2974.4333 2.7856 34.9384
3017.0000 2976.3926 2.7848 34.9383
3019.0000 2978.3518 2.7843 34.9383
3021.0000 2980.3115 2.7833 34.9382
3023.0000 2982.2710 2.7833 34.9382
3025.0000 2984.2297 2.7835 34.9383
3027.0000 2986.1892 2.7836 34.9382
3029.0000 2988.1484 2.7835 34.9381
3031.0000 2990.1077 2.7835 34.9381
3033.0000 2992.0669 2.7838 34.9382
3035.0000 2994.0261 2.7836 34.9381
3037.0000 2995.9854 2.7836 34.9381
3039.0000 2997.9443 2.7841 34.9381
3041.0000 2999.9038 2.7843 34.9381
3043.0000 3001.8628 2.7844 34.9381
3045.0000 3003.8220 2.7839 34.9380
3047.0000 3005.7812 2.7840 34.9381
3049.0000 3007.7402 2.7835 34.9380
3051.0000 3009.6990 2.7838 34.9379
3053.0000 3011.6582 2.7836 34.9380
3055.0000 3013.6172 2.7824 34.9378
3057.0000 3015.5764 2.7819 34.9378
3059.0000 3017.5352 2.7824 34.9376
3061.0000 3019.4944 2.7813 34.9378
3063.0000 3021.4534 2.7805 34.9377
3065.0000 3023.4121 2.7766 34.9371
3067.0000 3025.3711 2.7736 34.9369
3069.0000 3027.3301 2.7729 34.9368
3071.0000 3029.2893 2.7726 34.9368
3073.0000 3031.2478 2.7726 34.9369
3075.0000 3033.2068 2.7719 34.9367
3077.0000 3035.1658 2.7723 34.9367
3079.0000 3037.1243 2.7699 34.9367
3081.0000 3039.0833 2.7683 34.9364
3083.0000 3041.0422 2.7668 34.9363
3085.0000 3043.0007 2.7673 34.9362
3087.0000 3044.9595 2.7650 34.9361
3089.0000 3046.9182 2.7636 34.9360
3091.0000 3048.8772 2.7606 34.9356
3093.0000 3050.8357 2.7574 34.9354
3095.0000 3052.7942 2.7565 34.9353
3097.0000 3054.7529 2.7561 34.9353
3099.0000 3056.7119 2.7554 34.9352
3101.0000 3058.6702 2.7530 34.9350
3103.0000 3060.6289 2.7507 34.9349
3105.0000 3062.5876 2.7460 34.9342
3107.0000 3064.5459 2.7415 34.9339
3109.0000 3066.5046 2.7418 34.9340
3111.0000 3068.4634 2.7421 34.9338
3113.0000 3070.4214 2.7372 34.9336
3115.0000 3072.3804 2.7361 34.9335
3117.0000 3074.3386 2.7320 34.9330
3119.0000 3076.2971 2.7293 34.9328
3121.0000 3078.2556 2.7295 34.9328
3123.0000 3080.2139 2.7280 34.9327
3125.0000 3082.1724 2.7269 34.9327
3127.0000 3084.1309 2.7263 34.9326
3129.0000 3086.0891 2.7256 34.9325
3131.0000 3088.0476 2.7252 34.9325
3133.0000 3090.0061 2.7248 34.9325
3135.0000 3091.9641 2.7252 34.9325
3137.0000 3093.9226 2.7256 34.9323
3139.0000 3095.8809 2.7250 34.9325
3141.0000 3097.8394 2.7245 34.9323
3143.0000 3099.7974 2.7212 34.9318
3145.0000 3101.7559 2.7153 34.9317
3147.0000 3103.7141 2.7153 34.9315
3149.0000 3105.6721 2.7154 34.9316
3151.0000 3107.6304 2.7150 34.9316
3153.0000 3109.5889 2.7149 34.9316
3155.0000 3111.5464 2.7151 34.9314
3157.0000 3113.5049 2.7152 34.9315
3159.0000 3115.4629 2.7151 34.9317
3161.0000 3117.4209 2.7151 34.9316
3163.0000 3119.3792 2.7134 34.9314
3165.0000 3121.3372 2.7118 34.9313
3167.0000 3123.2952 2.7126 34.9311
3169.0000 3125.2529 2.7108 34.9311
3171.0000 3127.2112 2.7094 34.9310
3173.0000 3129.1694 2.7089 34.9309
3175.0000 3131.1270 2.7074 34.9307
3177.0000 3133.0852 2.7053 34.9305
3179.0000 3135.0432 2.7026 34.9303
3181.0000 3137.0010 2.7013 34.9301
3183.0000 3138.9587 2.7007 34.9301
3185.0000 3140.9170 2.6996 34.9300
3187.0000 3142.8750 2.6984 34.9299
3189.0000 3144.8323 2.6976 34.9299
3191.0000 3146.7903 2.6956 34.9297
3193.0000 3148.7483 2.6936 34.9295
3195.0000 3150.7061 2.6941 34.9295
3197.0000 3152.6638 2.6939 34.9296
3199.0000 3154.6216 2.6940 34.9295
3201.0000 3156.5796 2.6936 34.9295
3203.0000 3158.5369 2.6933 34.9295
3205.0000 3160.4949 2.6928 34.9294
3207.0000 3162.4526 2.6913 34.9292
3209.0000 3164.4106 2.6899 34.9290
3211.0000 3166.3677 2.6901 34.9291
3213.0000 3168.3254 2.6896 34.9290
3215.0000 3170.2832 2.6889 34.9290
3217.0000 3172.2407 2.6881 34.9288
3219.0000 3174.1982 2.6861 34.9287
3221.0000 3176.1560 2.6862 34.9286
3223.0000 3178.1138 2.6847 34.9284
3225.0000 3180.0710 2.6812 34.9282
3227.0000 3182.0283 2.6803 34.9281
3229.0000 3183.9861 2.6793 34.9280
3231.0000 3185.9436 2.6787 34.9279
3233.0000 3187.9011 2.6790 34.9280
3235.0000 3189.8584 2.6792 34.9280
3237.0000 3191.8157 2.6789 34.9280
3239.0000 3193.7732 2.6790 34.9278
3241.0000 3195.7307 2.6794 34.9278
3243.0000 3197.6880 2.6754 34.9275
3245.0000 3199.6453 2.6723 34.9272
3247.0000 3201.6028 2.6714 34.9271
3249.0000 3203.5603 2.6686 34.9269
3251.0000 3205.5171 2.6667 34.9267
3253.0000 3207.4746 2.6669 34.9266
3255.0000 3209.4321 2.6631 34.9264
3257.0000 3211.3894 2.6629 34.9264
3259.0000 3213.3464 2.6636 34.9263
3261.0000 3215.3035 2.6611 34.9262
3263.0000 3217.2610 2.6588 34.9260
3265.0000 3219.2178 2.6574 34.9259
3267.0000 3221.1753 2.6568 34.9258
3269.0000 3223.1326 2.6566 34.9257
3271.0000 3225.0896 2.6564 34.9257
3273.0000 3227.0464 2.6560 34.9258
3275.0000 3229.0039 2.6560 34.9257
3277.0000 3230.9609 2.6557 34.9257
3279.0000 3232.9180 2.6540 34.9254
3281.0000 3234.8750 2.6519 34.9253
3283.0000 3236.8320 2.6519 34.9253
3285.0000 3238.7891 2.6512 34.9252
3287.0000 3240.7458 2.6510 34.9251
3289.0000 3242.7031 2.6501 34.9250
3291.0000 3244.6599 2.6483 34.9249
3293.0000 3246.6167 2.6487 34.9248
3295.0000 3248.5737 2.6451 34.9244
3297.0000 3250.5308 2.6434 34.9244
3299.0000 3252.4875 2.6425 34.9243
3301.0000 3254.4443 2.6417 34.9242
3303.0000 3256.4014 2.6388 34.9239
3305.0000 3258.3584 2.6360 34.9237
3307.0000 3260.3149 2.6343 34.9234
3309.0000 3262.2720 2.6331 34.9234
3311.0000 3264.2288 2.6317 34.9233
3313.0000 3266.1853 2.6287 34.9230
3315.0000 3268.1418 2.6257 34.9226
3317.0000 3270.0989 2.6239 34.9224
3319.0000 3272.0557 2.6227 34.9224
3321.0000 3274.0122 2.6216 34.9223
3323.0000 3275.9690 2.6213 34.9223
3325.0000 3277.9255 2.6208 34.9222
3327.0000 3279.8821 2.6217 34.9221
3329.0000 3281.8389 2.6197 34.9222
3331.0000 3283.7957 2.6193 34.9220
3333.0000 3285.7522 2.6190 34.9221
3335.0000 3287.7087 2.6190 34.9221
3337.0000 3289.6650 2.6188 34.9219
3339.0000 3291.6218 2.6184 34.9220
3341.0000 3293.5781 2.6177 34.9219
3343.0000 3295.5347 2.6169 34.9218
3345.0000 3297.4915 2.6179 34.9217
3347.0000 3299.4480 2.6162 34.9217
3349.0000 3301.4043 2.6155 34.9216
3351.0000 3303.3606 2.6139 34.9214
3353.0000 3305.3171 2.6117 34.9212
3355.0000 3307.2732 2.6093 34.9209
3357.0000 3309.2297 2.6004 34.9199
3359.0000 3311.1863 2.5915 34.9193
3361.0000 3313.1428 2.5898 34.9192
3363.0000 3315.0989 2.5878 34.9190
3365.0000 3317.0554 2.5869 34.9189
3367.0000 3319.0115 2.5866 34.9190
3369.0000 3320.9675 2.5865 34.9190
3371.0000 3322.9241 2.5863 34.9190
3373.0000 3324.8804 2.5861 34.9189
3375.0000 3326.8364 2.5861 34.9190
3377.0000 3328.7927 2.5864 34.9189
3379.0000 3330.7490 2.5866 34.9190
3381.0000 3332.7053 2.5864 34.9189
3383.0000 3334.6611 2.5867 34.9188
3385.0000 3336.6174 2.5865 34.9190
3387.0000 3338.5735 2.5861 34.9189
3389.0000 3340.5293 2.5861 34.9189
3391.0000 3342.4856 2.5860 34.9188
3393.0000 3344.4417 2.5852 34.9187
3395.0000 3346.3979 2.5845 34.9185
3397.0000 3348.3540 2.5839 34.9185
3399.0000 3350.3098 2.5838 34.9185
3401.0000 3352.2661 2.5841 34.9185
3403.0000 3354.2217 2.5841 34.9184
3405.0000 3356.1775 2.5826 34.9183
3407.0000 3358.1338 2.5778 34.9178
3409.0000 3360.0896 2.5767 34.9176
3411.0000 3362.0452 2.5765 34.9177
3413.0000 3364.0015 2.5752 34.9175
3415.0000 3365.9575 2.5747 34.9175
3417.0000 3367.9128 2.5744 34.9174
3419.0000 3369.8691 2.5739 34.9174
3421.0000 3371.8252 2.5730 34.9172
3423.0000 3373.7810 2.5731 34.9172
3425.0000 3375.7366 2.5730 34.9173
3427.0000 3377.6924 2.5729 34.9173
3429.0000 3379.6479 2.5730 34.9173
3431.0000 3381.6033 2.5731 34.9172
3433.0000 3383.5593 2.5724 34.9171
3435.0000 3385.5151 2.5709 34.9169
3437.0000 3387.4707 2.5658 34.9164
3439.0000 3389.4265 2.5644 34.9163
3441.0000 3391.3821 2.5643 34.9164
3443.0000 3393.3379 2.5643 34.9164
3445.0000 3395.2935 2.5647 34.9162
3447.0000 3397.2488 2.5640 34.9161
3449.0000 3399.2046 2.5631 34.9162
3451.0000 3401.1602 2.5629 34.9161
3453.0000 3403.1157 2.5627 34.9160
3455.0000 3405.0715 2.5627 34.9161
3457.0000 3407.0271 2.5627 34.9160
3459.0000 3408.9822 2.5625 34.9159
3461.0000 3410.9380 2.5624 34.9159
3463.0000 3412.8933 2.5608 34.9158
3465.0000 3414.8486 2.5591 34.9157
3467.0000 3416.8040 2.5593 34.9155
3469.0000 3418.7595 2.5581 34.9155
3471.0000 3420.7148 2.5582 34.9155
3473.0000 3422.6699 2.5582 34.9155
3475.0000 3424.6255 2.5577 34.9155
3477.0000 3426.5808 2.5577 34.9154
3479.0000 3428.5361 2.5565 34.9152
3481.0000 3430.4915 2.5562 34.9152
3483.0000 3432.4470 2.5557 34.9151
3485.0000 3434.4021 2.5553 34.9151
3487.0000 3436.3572 2.5550 34.9150
3489.0000 3438.3125 2.5530 34.9147
3491.0000 3440.2676 2.5502 34.9144
3493.0000 3442.2227 2.5425 34.9136
3495.0000 3444.1782 2.5397 34.9135
3497.0000 3446.1333 2.5397 34.9135
3499.0000 3448.0884 2.5394 34.9134
3501.0000 3450.0432 2.5395 34.9135
3503.0000 3451.9988 2.5398 34.9135
3505.0000 3453.9539 2.5397 34.9135
3507.0000 3455.9084 2.5392 34.9133
3509.0000 3457.8640 2.5379 34.9133
3511.0000 3459.8191 2.5366 34.9131
3513.0000 3461.7737 2.5360 34.9131
3515.0000 3463.7288 2.5354 34.9130
3517.0000 3465.6838 2.5356 34.9130
3519.0000 3467.6387 2.5358 34.9131
3521.0000 3469.5940 2.5354 34.9130
3523.0000 3471.5488 2.5355 34.9130
3525.0000 3473.5034 2.5358 34.9130
3527.0000 3475.4583 2.5357 34.9130
3529.0000 3477.4133 2.5354 34.9128
3531.0000 3479.3684 2.5356 34.9129
3533.0000 3481.3232 2.5357 34.9129
3535.0000 3483.2781 2.5358 34.9129
3537.0000 3485.2327 2.5356 34.9128
3539.0000 3487.1877 2.5353 34.9128
3541.0000 3489.1423 2.5341 34.9126
3543.0000 3491.0969 2.5341 34.9124
3545.0000 3493.0520 2.5317 34.9123
3547.0000 3495.0071 2.5313 34.9123
3549.0000 3496.9612 2.5309 34.9122
3551.0000 3498.9163 2.5316 34.9121
3553.0000 3500.8708 2.5298 34.9120
3555.0000 3502.8252 2.5281 34.9118
3557.0000 3504.7803 2.5278 34.9118
3559.0000 3506.7349 2.5272 34.9116
3561.0000 3508.6892 2.5255 34.9116
3563.0000 3510.6438 2.5245 34.9114
3565.0000 3512.5984 2.5237 34.9114
3567.0000 3514.5530 2.5239 34.9114
3569.0000 3516.5073 2.5240 34.9114
3571.0000 3518.4619 2.5241 34.9114
3573.0000 3520.4165 2.5228 34.9112
3575.0000 3522.3708 2.5222 34.9111
3577.0000 3524.3254 2.5217 34.9111
3579.0000 3526.2800 2.5218 34.9110
3581.0000 3528.2341 2.5207 34.9109
3583.0000 3530.1885 2.5202 34.9109
3585.0000 3532.1431 2.5201 34.9109
3587.0000 3534.0977 2.5197 34.9108
3589.0000 3536.0520 2.5199 34.9108
3591.0000 3538.0061 2.5201 34.9108
3593.0000 3539.9607 2.5202 34.9108
3595.0000 3541.9150 2.5204 34.9108
3597.0000 3543.8691 2.5202 34.9108
3599.0000 3545.8235 2.5201 34.9107
3601.0000 3547.7776 2.5196 34.9107
3603.0000 3549.7319 2.5184 34.9105
3605.0000 3551.6860 2.5175 34.9103
3607.0000 3553.6401 2.5159 34.9102
3609.0000 3555.5945 2.5156 34.9102
3611.0000 3557.5486 2.5154 34.9100
3613.0000 3559.5029 2.5154 34.9101
3615.0000 3561.4570 2.5152 34.9101
3617.0000 3563.4109 2.5147 34.9100
3619.0000 3565.3652 2.5137 34.9099
3621.0000 3567.3193 2.5126 34.9097
3623.0000 3569.2734 2.5121 34.9098
3625.0000 3571.2273 2.5118 34.9096
3627.0000 3573.1816 2.5112 34.9096
3629.0000 3575.1353 2.5107 34.9095
3631.0000 3577.0896 2.5106 34.9095
3633.0000 3579.0435 2.5105 34.9095
3635.0000 3580.9976 2.5097 34.9095
3637.0000 3582.9514 2.5081 34.9092
3639.0000 3584.9053 2.5073 34.9091
3641.0000 3586.8594 2.5068 34.9090
3643.0000 3588.8132 2.5066 34.9090
3645.0000 3590.7666 2.5063 34.9090
3647.0000 3592.7207 2.5059 34.9089
3649.0000 3594.6750 2.5047 34.9088
3651.0000 3596.6284 2.5049 34.9088
3653.0000 3598.5823 2.5042 34.9088
3655.0000 3600.5359 2.5037 34.9086
3657.0000 3602.4902 2.5031 34.9086
3659.0000 3604.4436 2.5033 34.9085
3661.0000 3606.3975 2.5034 34.9086
3663.0000 3608.3511 2.5035 34.9086
3665.0000 3610.3044 2.5026 34.9084
3667.0000 3612.2583 2.5019 34.9084
3669.0000 3614.2122 2.5013 34.9083
3671.0000 3616.1658 2.5001 34.9082
3673.0000 3618.1194 2.4999 34.9080
3675.0000 3620.0730 2.4983 34.9078
3677.0000 3622.0269 2.4967 34.9078
3679.0000 3623.9802 2.4950 34.9075
3681.0000 3625.9336 2.4935 34.9075
3683.0000 3627.8875 2.4928 34.9073
3685.0000 3629.8408 2.4936 34.9073
3687.0000 3631.7942 2.4927 34.9073
3689.0000 3633.7476 2.4928 34.9072
3691.0000 3635.7017 2.4923 34.9072
3693.0000 3637.6548 2.4917 34.9071
3695.0000 3639.6082 2.4909 34.9071
3697.0000 3641.5618 2.4905 34.9069
3699.0000 3643.5149 2.4901 34.9069
3701.0000 3645.4683 2.4902 34.9070
3703.0000 3647.4221 2.4892 34.9069
3705.0000 3649.3755 2.4886 34.9067
3707.0000 3651.3284 2.4876 34.9066
3709.0000 3653.2817 2.4859 34.9065
3711.0000 3655.2351 2.4838 34.9062
3713.0000 3657.1880 2.4821 34.9061
3715.0000 3659.1418 2.4820 34.9059
3717.0000 3661.0952 2.4793 34.9059
3719.0000 3663.0481 2.4793 34.9059
3721.0000 3665.0012 2.4793 34.9058
3723.0000 3666.9546 2.4794 34.9057
3725.0000 3668.9080 2.4785 34.9057
3727.0000 3670.8608 2.4781 34.9057
3729.0000 3672.8142 2.4781 34.9057
3731.0000 3674.7671 2.4778 34.9056
3733.0000 3676.7205 2.4779 34.9055
3735.0000 3678.6736 2.4780 34.9055
3737.0000 3680.6265 2.4777 34.9056
3739.0000 3682.5798 2.4780 34.9056
3741.0000 3684.5325 2.4784 34.9053
3743.0000 3686.4854 2.4786 34.9056
3745.0000 3688.4387 2.4780 34.9054
3747.0000 3690.3921 2.4769 34.9053
3749.0000 3692.3447 2.4754 34.9052
3751.0000 3694.2976 2.4742 34.9050
3753.0000 3696.2505 2.4718 34.9048
3755.0000 3698.2036 2.4713 34.9047
3757.0000 3700.1565 2.4709 34.9046
3759.0000 3702.1094 2.4703 34.9046
3761.0000 3704.0620 2.4697 34.9044
3763.0000 3706.0149 2.4701 34.9044
3765.0000 3707.9678 2.4685 34.9044
3767.0000 3709.9209 2.4685 34.9043
3769.0000 3711.8733 2.4684 34.9042
3771.0000 3713.8259 2.4670 34.9041
3773.0000 3715.7793 2.4672 34.9042
3775.0000 3717.7314 2.4674 34.9042
3777.0000 3719.6843 2.4672 34.9041
3779.0000 3721.6370 2.4669 34.9041
3781.0000 3723.5901 2.4667 34.9040
3783.0000 3725.5425 2.4668 34.9040
3785.0000 3727.4954 2.4661 34.9039
3787.0000 3729.4478 2.4655 34.9039
3789.0000 3731.4004 2.4649 34.9038
3791.0000 3733.3530 2.4644 34.9037
3793.0000 3735.3059 2.4648 34.9036
3795.0000 3737.2583 2.4624 34.9034
3797.0000 3739.2109 2.4619 34.9034
3799.0000 3741.1636 2.4616 34.9033
3801.0000 3743.1160 2.4613 34.9032
3803.0000 3745.0681 2.4610 34.9033
3805.0000 3747.0210 2.4599 34.9031
3807.0000 3748.9736 2.4597 34.9031
3809.0000 3750.9260 2.4591 34.9031
3811.0000 3752.8779 2.4588 34.9029
3813.0000 3754.8308 2.4588 34.9030
3815.0000 3756.7832 2.4589 34.9029
3817.0000 3758.7351 2.4589 34.9030
3819.0000 3760.6875 2.4583 34.9029
3821.0000 3762.6406 2.4583 34.9028
3823.0000 3764.5923 2.4575 34.9026
3825.0000 3766.5447 2.4555 34.9024
3827.0000 3768.4973 2.4541 34.9023
3829.0000 3770.4497 2.4521 34.9020
3831.0000 3772.4016 2.4518 34.9021
3833.0000 3774.3538 2.4511 34.9020
3835.0000 3776.3062 2.4506 34.9020
3837.0000 3778.2583 2.4510 34.9018
3839.0000 3780.2104 2.4492 34.9018
3841.0000 3782.1628 2.4489 34.9019
3843.0000 3784.1150 2.4485 34.9017
3845.0000 3786.0669 2.4485 34.9015
3847.0000 3788.0188 2.4476 34.9014
3849.0000 3789.9714 2.4472 34.9015
3851.0000 3791.9231 2.4463 34.9014
3853.0000 3793.8752 2.4460 34.9013
3855.0000 3795.8276 2.4459 34.9013
3857.0000 3797.7798 2.4450 34.9012
3859.0000 3799.7317 2.4430 34.9010
3861.0000 3801.6836 2.4422 34.9009
3863.0000 3803.6357 2.4415 34.9008
3865.0000 3805.5874 2.4405 34.9006
3867.0000 3807.5396 2.4399 34.9006
3869.0000 3809.4917 2.4394 34.9005
3871.0000 3811.4434 2.4394 34.9005
3873.0000 3813.3950 2.4392 34.9004
3875.0000 3815.3472 2.4386 34.9004
3877.0000 3817.2993 2.4381 34.9004
3879.0000 3819.2507 2.4381 34.9002
3881.0000 3821.2026 2.4376 34.9002
3883.0000 3823.1545 2.4363 34.9001
3885.0000 3825.1064 2.4362 34.8999
3887.0000 3827.0583 2.4360 34.9001
3889.0000 3829.0100 2.4348 34.8999
3891.0000 3830.9617 2.4346 34.8999
3893.0000 3832.9133 2.4346 34.8999
3895.0000 3834.8650 2.4344 34.8998
3897.0000 3836.8167 2.4343 34.8998
3899.0000 3838.7686 2.4341 34.8997
3901.0000 3840.7202 2.4344 34.8997
3903.0000 3842.6719 2.4347 34.8998
3905.0000 3844.6235 2.4346 34.8997
3907.0000 3846.5747 2.4347 34.8996
3909.0000 3848.5264 2.4348 34.8997
3911.0000 3850.4785 2.4349 34.8996
3913.0000 3852.4294 2.4341 34.8995
3915.0000 3854.3816 2.4344 34.8995
3917.0000 3856.3328 2.4349 34.8996
3919.0000 3858.2844 2.4346 34.8995
3921.0000 3860.2358 2.4359 34.8996
3923.0000 3862.1875 2.4363 34.8997
3925.0000 3864.1387 2.4361 34.8995
3927.0000 3866.0901 2.4351 34.8995
3929.0000 3868.0417 2.4351 34.8995
3931.0000 3869.9929 2.4352 34.8995
3933.0000 3871.9446 2.4346 34.8993
3935.0000 3873.8955 2.4337 34.8992
3937.0000 3875.8472 2.4336 34.8993
3939.0000 3877.7986 2.4336 34.8991
3941.0000 3879.7495 2.4334 34.8991
3943.0000 3881.7012 2.4328 34.8990
3945.0000 3883.6523 2.4325 34.8991
3947.0000 3885.6038 2.4328 34.8990
3949.0000 3887.5549 2.4320 34.8988
3951.0000 3889.5061 2.4317 34.8989
3953.0000 3891.4575 2.4317 34.8989
3955.0000 3893.4084 2.4314 34.8988
3957.0000 3895.3596 2.4299 34.8985
3959.0000 3897.3108 2.4299 34.8985
3961.0000 3899.2617 2.4291 34.8985
3963.0000 3901.2134 2.4303 34.8986
3965.0000 3903.1643 2.4297 34.8985
3967.0000 3905.1155 2.4292 34.8984
3969.0000 3907.0664 2.4282 34.8983
3971.0000 3909.0173 2.4281 34.8983
3973.0000 3910.9690 2.4281 34.8983
3975.0000 3912.9194 2.4278 34.8981
3977.0000 3914.8704 2.4252 34.8979
3979.0000 3916.8215 2.4253 34.8978
3981.0000 3918.7727 2.4227 34.8975
3983.0000 3920.7236 2.4223 34.8976
3985.0000 3922.6746 2.4221 34.8976
3987.0000 3924.6255 2.4213 34.8974
3989.0000 3926.5762 2.4212 34.8974
3991.0000 3928.5271 2.4208 34.8973
3993.0000 3930.4783 2.4198 34.8972
3995.0000 3932.4292 2.4195 34.8972
3997.0000 3934.3796 2.4192 34.8971
3999.0000 3936.3306 2.4195 34.8971
4001.0000 3938.2812 2.4192 34.8971
4003.0000 3940.2322 2.4191 34.8971
4005.0000 3942.1826 2.4191 34.8971
4007.0000 3944.1340 2.4185 34.8969
4009.0000 3946.0845 2.4173 34.8967
4011.0000 3948.0352 2.4171 34.8968
4013.0000 3949.9856 2.4177 34.8968
4015.0000 3951.9365 2.4179 34.8969
4017.0000 3953.8870 2.4177 34.8968
4019.0000 3955.8379 2.4181 34.8967
4021.0000 3957.7886 2.4182 34.8968
4023.0000 3959.7388 2.4177 34.8966
4025.0000 3961.6895 2.4166 34.8966
4027.0000 3963.6404 2.4165 34.8965
4029.0000 3965.5913 2.4156 34.8964
4031.0000 3967.5413 2.4156 34.8963
4033.0000 3969.4922 2.4156 34.8963
4035.0000 3971.4426 2.4159 34.8964
4037.0000 3973.3926 2.4164 34.8965
4039.0000 3975.3435 2.4166 34.8965
4041.0000 3977.2939 2.4166 34.8963
4043.0000 3979.2446 2.4167 34.8964
4045.0000 3981.1943 2.4170 34.8963
4047.0000 3983.1453 2.4167 34.8964
4049.0000 3985.0957 2.4167 34.8962
4051.0000 3987.0461 2.4160 34.8962
4053.0000 3988.9961 2.4154 34.8961
4055.0000 3990.9468 2.4149 34.8960
4057.0000 3992.8970 2.4144 34.8960
4059.0000 3994.8474 2.4144 34.8960
4061.0000 3996.7974 2.4146 34.8960
4063.0000 3998.7483 2.4143 34.8959
4065.0000 4000.6978 2.4143 34.8959
4067.0000 4002.6482 2.4133 34.8958
4069.0000 4004.5986 2.4131 34.8957
4071.0000 4006.5491 2.4126 34.8957
4073.0000 4008.4988 2.4124 34.8957
4075.0000 4010.4492 2.4123 34.8956
4077.0000 4012.3992 2.4128 34.8955
4079.0000 4014.3496 2.4120 34.8957
4081.0000 4016.2996 2.4119 34.8956
4083.0000 4018.2500 2.4116 34.8955
4085.0000 4020.1997 2.4118 34.8954
4087.0000 4022.1497 2.4118 34.8954
4089.0000 4024.0996 2.4120 34.8954
4091.0000 4026.0500 2.4124 34.8955
4093.0000 4027.9998 2.4122 34.8954
4095.0000 4029.9502 2.4116 34.8953
4097.0000 4031.8997 2.4109 34.8952
4099.0000 4033.8499 2.4094 34.8952
4101.0000 4035.7998 2.4090 34.8950
4103.0000 4037.7498 2.4089 34.8949
4105.0000 4039.6997 2.4090 34.8949
4107.0000 4041.6494 2.4092 34.8949
4109.0000 4043.5994 2.4098 34.8950
4111.0000 4045.5493 2.4100 34.8950
4113.0000 4047.4985 2.4102 34.8951
4115.0000 4049.4490 2.4103 34.8950
4117.0000 4051.3987 2.4104 34.8949
4119.0000 4053.3486 2.4101 34.8949
4121.0000 4055.2979 2.4101 34.8949
4123.0000 4057.2483 2.4101 34.8948
4125.0000 4059.1978 2.4102 34.8948
4127.0000 4061.1475 2.4104 34.8948
4129.0000 4063.0974 2.4101 34.8948
4131.0000 4065.0471 2.4103 34.8948
4133.0000 4066.9971 2.4103 34.8947
4135.0000 4068.9463 2.4105 34.8947
4137.0000 4070.8958 2.4105 34.8946
4139.0000 4072.8455 2.4110 34.8948
4141.0000 4074.7949 2.4112 34.8947
4143.0000 4076.7446 2.4113 34.8947
4145.0000 4078.6941 2.4114 34.8947
4147.0000 4080.6433 2.4115 34.8947
4149.0000 4082.5935 2.4117 34.8947
4151.0000 4084.5430 2.4116 34.8947
4153.0000 4086.4927 2.4116 34.8947
4155.0000 4088.4417 2.4118 34.8947
4157.0000 4090.3914 2.4125 34.8947
4159.0000 4092.3408 2.4127 34.8947
4161.0000 4094.2898 2.4126 34.8946
4163.0000 4096.2397 2.4118 34.8945
4165.0000 4098.1895 2.4104 34.8944
4167.0000 4100.1387 2.4102 34.8943
4169.0000 4102.0879 2.4102 34.8942
4171.0000 4104.0366 2.4100 34.8943
4173.0000 4105.9863 2.4099 34.8942
4175.0000 4107.9351 2.4103 34.8942
4177.0000 4109.8848 2.4105 34.8943
4179.0000 4111.8345 2.4104 34.8942
4181.0000 4113.7837 2.4104 34.8942
4183.0000 4115.7329 2.4102 34.8942
4185.0000 4117.6821 2.4102 34.8941
4187.0000 4119.6313 2.4084 34.8938
4189.0000 4121.5801 2.4083 34.8939
4191.0000 4123.5293 2.4081 34.8938
4193.0000 4125.4790 2.4083 34.8938
4195.0000 4127.4282 2.4088 34.8938
4197.0000 4129.3770 2.4091 34.8939
4199.0000 4131.3262 2.4094 34.8939
4201.0000 4133.2754 2.4095 34.8939
4203.0000 4135.2246 2.4092 34.8939
4205.0000 4137.1733 2.4083 34.8936
4207.0000 4139.1226 2.4084 34.8937
4209.0000 4141.0718 2.4082 34.8936
4211.0000 4143.0205 2.4085 34.8936
4213.0000 4144.9697 2.4087 34.8936
4215.0000 4146.9185 2.4080 34.8936
4217.0000 4148.8672 2.4079 34.8935
4219.0000 4150.8164 2.4078 34.8934
4221.0000 4152.7651 2.4079 34.8934
4223.0000 4154.7139 2.4078 34.8934
4225.0000 4156.6631 2.4082 34.8935
4227.0000 4158.6118 2.4093 34.8936
4229.0000 4160.5610 2.4095 34.8935
4231.0000 4162.5093 2.4093 34.8935
4233.0000 4164.4585 2.4097 34.8935
4235.0000 4166.4072 2.4099 34.8934
4237.0000 4168.3560 2.4098 34.8934
4239.0000 4170.3047 2.4102 34.8935
4241.0000 4172.2534 2.4102 34.8935
4243.0000 4174.2026 2.4101 34.8934
4245.0000 4176.1509 2.4100 34.8934
4247.0000 4178.0996 2.4103 34.8934
4249.0000 4180.0483 2.4104 34.8934
4251.0000 4181.9971 2.4093 34.8932
4253.0000 4183.9453 2.4075 34.8930
4255.0000 4185.8940 2.4074 34.8929
4257.0000 4187.8433 2.4072 34.8930
4259.0000 4189.7915 2.4070 34.8928
4261.0000 4191.7402 2.4072 34.8929
4263.0000 4193.6890 2.4073 34.8928
4265.0000 4195.6367 2.4076 34.8930
4267.0000 4197.5859 2.4077 34.8929
4269.0000 4199.5347 2.4077 34.8927
4271.0000 4201.4829 2.4075 34.8927
4273.0000 4203.4312 2.4076 34.8928
4275.0000 4205.3799 2.4077 34.8928
4277.0000 4207.3281 2.4082 34.8928
4279.0000 4209.2764 2.4087 34.8929
4281.0000 4211.2251 2.4090 34.8928
4283.0000 4213.1733 2.4092 34.8928
4285.0000 4215.1216 2.4096 34.8928
4287.0000 4217.0698 2.4101 34.8929
4289.0000 4219.0186 2.4102 34.8928
4291.0000 4220.9668 2.4102 34.8928
4293.0000 4222.9150 2.4104 34.8928
4295.0000 4224.8628 2.4104 34.8928
4297.0000 4226.8115 2.4105 34.8927
4299.0000 4228.7598 2.4107 34.8929
4301.0000 4230.7080 2.4106 34.8928
4303.0000 4232.6562 2.4102 34.8927
4305.0000 4234.6045 2.4099 34.8926
4307.0000 4236.5527 2.4103 34.8927
4309.0000 4238.5010 2.4105 34.8927
4311.0000 4240.4492 2.4105 34.8927
4313.0000 4242.3970 2.4097 34.8925
4315.0000 4244.3452 2.4096 34.8924
4317.0000 4246.2935 2.4093 34.8924
4319.0000 4248.2417 2.4095 34.8924
4321.0000 4250.1895 2.4096 34.8925
4323.0000 4252.1377 2.4097 34.8924
4325.0000 4254.0859 2.4099 34.8923
4327.0000 4256.0332 2.4099 34.8924
4329.0000 4257.9819 2.4103 34.8925
4331.0000 4259.9297 2.4105 34.8925
4333.0000 4261.8779 2.4107 34.8925
4335.0000 4263.8252 2.4107 34.8924
4337.0000 4265.7734 2.4109 34.8924
4339.0000 4267.7217 2.4113 34.8924
4341.0000 4269.6689 2.4112 34.8923
4343.0000 4271.6172 2.4116 34.8922
4345.0000 4273.5649 2.4115 34.8924
4347.0000 4275.5127 2.4107 34.8921
4349.0000 4277.4604 2.4092 34.8920
4351.0000 4279.4087 2.4097 34.8919
4353.0000 4281.3564 2.4092 34.8921
4355.0000 4283.3042 2.4095 34.8920
4357.0000 4285.2515 2.4095 34.8920
4359.0000 4287.1997 2.4095 34.8919
4361.0000 4289.1475 2.4064 34.8916
4363.0000 4291.0947 2.4061 34.8916
4365.0000 4293.0430 2.4065 34.8916
4367.0000 4294.9907 2.4070 34.8917
4369.0000 4296.9385 2.4067 34.8915
4371.0000 4298.8853 2.4059 34.8915
4373.0000 4300.8335 2.4057 34.8915
4375.0000 4302.7808 2.4033 34.8911
4377.0000 4304.7285 2.4017 34.8910
4379.0000 4306.6763 2.4000 34.8908
4381.0000 4308.6235 2.3996 34.8907
4383.0000 4310.5713 2.3993 34.8907
4385.0000 4312.5190 2.3996 34.8907
4387.0000 4314.4668 2.3996 34.8907
4389.0000 4316.4136 2.3975 34.8905
4391.0000 4318.3613 2.3962 34.8903
4393.0000 4320.3091 2.3951 34.8902
4395.0000 4322.2563 2.3956 34.8902
4397.0000 4324.2031 2.3953 34.8901
4399.0000 4326.1509 2.3950 34.8902
4401.0000 4328.0986 2.3946 34.8900
4403.0000 4330.0459 2.3943 34.8899
4405.0000 4331.9927 2.3936 34.8899
4407.0000 4333.9404 2.3928 34.8898
4409.0000 4335.8877 2.3915 34.8897
4411.0000 4337.8354 2.3912 34.8896
4413.0000 4339.7827 2.3897 34.8894
4415.0000 4341.7300 2.3900 34.8894
4417.0000 4343.6768 2.3898 34.8895
4419.0000 4345.6240 2.3895 34.8894
4421.0000 4347.5713 2.3890 34.8893
4423.0000 4349.5186 2.3891 34.8892
4425.0000 4351.4658 2.3895 34.8893
4427.0000 4353.4131 2.3897 34.8894
4429.0000 4355.3604 2.3897 34.8893
4431.0000 4357.3071 2.3898 34.8892
4433.0000 4359.2549 2.3896 34.8893
4435.0000 4361.2012 2.3897 34.8893
4437.0000 4363.1484 2.3898 34.8892
4439.0000 4365.0957 2.3901 34.8893
4441.0000 4367.0430 2.3903 34.8892
4443.0000 4368.9902 2.3905 34.8893
4445.0000 4370.9365 2.3905 34.8893
4447.0000 4372.8838 2.3906 34.8892
4449.0000 4374.8311 2.3913 34.8892
4451.0000 4376.7773 2.3917 34.8893
4453.0000 4378.7246 2.3918 34.8893
4455.0000 4380.6714 2.3920 34.8893
4457.0000 4382.6182 2.3922 34.8892
4459.0000 4384.5649 2.3925 34.8892
4461.0000 4386.5122 2.3926 34.8891
4463.0000 4388.4590 2.3920 34.8891
4465.0000 4390.4058 2.3916 34.8891
4467.0000 4392.3525 2.3917 34.8890
4469.0000 4394.2993 2.3921 34.8891
4471.0000 4396.2466 2.3926 34.8890
4473.0000 4398.1934 2.3908 34.8889
4475.0000 4400.1396 2.3910 34.8888
4477.0000 4402.0869 2.3914 34.8889
4479.0000 4404.0332 2.3915 34.8889
4481.0000 4405.9800 2.3913 34.8889
4483.0000 4407.9268 2.3915 34.8888
4485.0000 4409.8730 2.3911 34.8887
4487.0000 4411.8203 2.3906 34.8888
4489.0000 4413.7671 2.3898 34.8886
4491.0000 4415.7134 2.3889 34.8885
4493.0000 4417.6597 2.3879 34.8884
4495.0000 4419.6064 2.3880 34.8884
4497.0000 4421.5532 2.3874 34.8883
4499.0000 4423.4995 2.3874 34.8883
4501.0000 4425.4463 2.3862 34.8881
4503.0000 4427.3931 2.3859 34.8881
4505.0000 4429.3394 2.3857 34.8880
4507.0000 4431.2856 2.3855 34.8881
4509.0000 4433.2319 2.3858 34.8881
4511.0000 4435.1787 2.3858 34.8881
4513.0000 4437.1250 2.3863 34.8881
4515.0000 4439.0718 2.3858 34.8880
4517.0000 4441.0181 2.3858 34.8879
4519.0000 4442.9648 2.3863 34.8880
4521.0000 4444.9102 2.3880 34.8881
4523.0000 4446.8569 2.3875 34.8881
4525.0000 4448.8037 2.3867 34.8880
4527.0000 4450.7495 2.3867 34.8879
4529.0000 4452.6963 2.3870 34.8879
4531.0000 4454.6426 2.3869 34.8879
4533.0000 4456.5889 2.3869 34.8879
4535.0000 4458.5347 2.3871 34.8879
4537.0000 4460.4810 2.3872 34.8878
4539.0000 4462.4272 2.3868 34.8877
4541.0000 4464.3730 2.3860 34.8876
4543.0000 4466.3198 2.3858 34.8877
4545.0000 4468.2661 2.3860 34.8876
4547.0000 4470.2119 2.3860 34.8876
4549.0000 4472.1582 2.3861 34.8876
4551.0000 4474.1045 2.3860 34.8875
4553.0000 4476.0508 2.3864 34.8876
4555.0000 4477.9966 2.3870 34.8877
4557.0000 4479.9424 2.3875 34.8877
4559.0000 4481.8882 2.3877 34.8877
4561.0000 4483.8340 2.3878 34.8875
4563.0000 4485.7803 2.3880 34.8876
4565.0000 4487.7266 2.3885 34.8876
4567.0000 4489.6729 2.3889 34.8876
4569.0000 4491.6187 2.3890 34.8876
4571.0000 4493.5645 2.3893 34.8875
4573.0000 4495.5107 2.3897 34.8877
4575.0000 4497.4565 2.3893 34.8875
4577.0000 4499.4023 2.3886 34.8874
4579.0000 4501.3486 2.3886 34.8874
4581.0000 4503.2939 2.3889 34.8873
4583.0000 4505.2397 2.3887 34.8874
4585.0000 4507.1855 2.3888 34.8874
4587.0000 4509.1313 2.3889 34.8873
4589.0000 4511.0771 2.3888 34.8873
4591.0000 4513.0229 2.3889 34.8872
4593.0000 4514.9688 2.3894 34.8874
4595.0000 4516.9146 2.3896 34.8874
4597.0000 4518.8604 2.3898 34.8872
4599.0000 4520.8062 2.3902 34.8872
4601.0000 4522.7520 2.3906 34.8871
4603.0000 4524.6973 2.3903 34.8872
4605.0000 4526.6431 2.3902 34.8872
4607.0000 4528.5889 2.3906 34.8872
4609.0000 4530.5347 2.3906 34.8872
4611.0000 4532.4805 2.3909 34.8871
4613.0000 4534.4258 2.3911 34.8871
4615.0000 4536.3711 2.3912 34.8872
4617.0000 4538.3164 2.3914 34.8871
4619.0000 4540.2622 2.3913 34.8871
4621.0000 4542.2075 2.3915 34.8871
4623.0000 4544.1528 2.3918 34.8872
4625.0000 4546.0986 2.3918 34.8870
4627.0000 4548.0444 2.3917 34.8872
4629.0000 4549.9897 2.3920 34.8871
4631.0000 4551.9351 2.3922 34.8871
4633.0000 4553.8804 2.3925 34.8871
4635.0000 4555.8262 2.3927 34.8870
4637.0000 4557.7710 2.3929 34.8871
4639.0000 4559.7168 2.3932 34.8871
4641.0000 4561.6626 2.3933 34.8872
4643.0000 4563.6079 2.3935 34.8872
4645.0000 4565.5527 2.3937 34.8870
4647.0000 4567.4980 2.3936 34.8871
4649.0000 4569.4434 2.3937 34.8871
4651.0000 4571.3887 2.3940 34.8870
4653.0000 4573.3340 2.3944 34.8869
4655.0000 4575.2793 2.3945 34.8870
4657.0000 4577.2246 2.3944 34.8871
4659.0000 4579.1699 2.3945 34.8869
4661.0000 4581.1152 2.3946 34.8870
4663.0000 4583.0601 2.3948 34.8870
4665.0000 4585.0049 2.3949 34.8870
4667.0000 4586.9502 2.3952 34.8869
4669.0000 4588.8955 2.3954 34.8870
4671.0000 4590.8403 2.3955 34.8870
4673.0000 4592.7856 2.3959 34.8868
4675.0000 4594.7310 2.3959 34.8869
4677.0000 4596.6763 2.3965 34.8868
4679.0000 4598.6206 2.3967 34.8868
4681.0000 4600.5659 2.3972 34.8869
4683.0000 4602.5112 2.3972 34.8868
4685.0000 4604.4556 2.3974 34.8868
4687.0000 4606.4004 2.3973 34.8869
4689.0000 4608.3457 2.3972 34.8870
4691.0000 4610.2910 2.3973 34.8869
4693.0000 4612.2354 2.3975 34.8869
4695.0000 4614.1807 2.3980 34.8868
4697.0000 4616.1255 2.3981 34.8870
4699.0000 4618.0698 2.3980 34.8869
4701.0000 4620.0151 2.3983 34.8868
4703.0000 4621.9600 2.3984 34.8869
4705.0000 4623.9048 2.3985 34.8868
4707.0000 4625.8496 2.3987 34.8869
4709.0000 4627.7944 2.3989 34.8868
4711.0000 4629.7393 2.3991 34.8868
4713.0000 4631.6836 2.3993 34.8869
4715.0000 4633.6284 2.3997 34.8869
4717.0000 4635.5732 2.3999 34.8869
4719.0000 4637.5186 2.4000 34.8868
4721.0000 4639.4629 2.4001 34.8869
4723.0000 4641.4077 2.4003 34.8868
4725.0000 4643.3525 2.4008 34.8869
4727.0000 4645.2964 2.4009 34.8868
4729.0000 4647.2417 2.4015 34.8867
4731.0000 4649.1860 2.4016 34.8867
4733.0000 4651.1309 2.4014 34.8868
4735.0000 4653.0752 2.4017 34.8867
4737.0000 4655.0195 2.4011 34.8866
4739.0000 4656.9644 2.4006 34.8866
4741.0000 4658.9082 2.4005 34.8866
4743.0000 4660.8530 2.3999 34.8864
4745.0000 4662.7974 2.4000 34.8864
4747.0000 4664.7417 2.4002 34.8865
4749.0000 4666.6860 2.3998 34.8864
4751.0000 4668.6309 2.4002 34.8863
4753.0000 4670.5757 2.4001 34.8864
4755.0000 4672.5200 2.4003 34.8865
4757.0000 4674.4644 2.4007 34.8863
4759.0000 4676.4092 2.4009 34.8863
4761.0000 4678.3525 2.4010 34.8864
4763.0000 4680.2974 2.4012 34.8864
4765.0000 4682.2417 2.4014 34.8865
4767.0000 4684.1860 2.4015 34.8863
4769.0000 4686.1299 2.4018 34.8864
4771.0000 4688.0742 2.4021 34.8864
4773.0000 4690.0186 2.4021 34.8863
4775.0000 4691.9624 2.4023 34.8863
4777.0000 4693.9072 2.4024 34.8863
4779.0000 4695.8516 2.4025 34.8863
4781.0000 4697.7959 2.4030 34.8862
4783.0000 4699.7397 2.4029 34.8862
4785.0000 4701.6841 2.4029 34.8862
4787.0000 4703.6279 2.4032 34.8861
4789.0000 4705.5718 2.4029 34.8862
4791.0000 4707.5161 2.4028 34.8862
4793.0000 4709.4600 2.4032 34.8861
4795.0000 4711.4043 2.4034 34.8863
4797.0000 4713.3486 2.4037 34.8861
4799.0000 4715.2930 2.4038 34.8860
4801.0000 4717.2363 2.4041 34.8861
4803.0000 4719.1802 2.4043 34.8861
