CTD cast

DATE:  09-Jan-2016 13:14:59
latitude:  24.5000
longitude:  -34.2668
  P (db)  z (m)    T (^oC)  S (psu)
1.0000 0.9936 23.2008 37.3766
3.0000 2.9808 23.2031 37.3762
5.0000 4.9680 23.2024 37.3767
7.0000 6.9551 23.2012 37.3766
9.0000 8.9422 23.2010 37.3766
11.0000 10.9293 23.2008 37.3768
13.0000 12.9164 23.2008 37.3768
15.0000 14.9035 23.2004 37.3770
17.0000 16.8906 23.2006 37.3772
19.0000 18.8776 23.2007 37.3770
21.0000 20.8646 23.2009 37.3771
23.0000 22.8516 23.2011 37.3770
25.0000 24.8386 23.2014 37.3770
27.0000 26.8255 23.2015 37.3770
29.0000 28.8125 23.2015 37.3769
31.0000 30.7994 23.2020 37.3770
33.0000 32.7863 23.2023 37.3770
35.0000 34.7732 23.2032 37.3773
37.0000 36.7600 23.2037 37.3773
39.0000 38.7469 23.2039 37.3773
41.0000 40.7337 23.2032 37.3771
43.0000 42.7205 23.2032 37.3769
45.0000 44.7073 23.2031 37.3769
47.0000 46.6941 23.2031 37.3768
49.0000 48.6808 23.2034 37.3767
51.0000 50.6675 23.2036 37.3768
53.0000 52.6542 23.2039 37.3767
55.0000 54.6409 23.2044 37.3767
57.0000 56.6276 23.2048 37.3767
59.0000 58.6142 23.2049 37.3769
61.0000 60.6009 23.2052 37.3771
63.0000 62.5875 23.2056 37.3771
65.0000 64.5741 23.2057 37.3769
67.0000 66.5606 23.2057 37.3768
69.0000 68.5472 23.2055 37.3766
71.0000 70.5337 23.2050 37.3763
73.0000 72.5202 23.2065 37.3765
75.0000 74.5067 23.2069 37.3763
77.0000 76.4932 23.2081 37.3768
79.0000 78.4797 23.2091 37.3768
81.0000 80.4661 23.2095 37.3770
83.0000 82.4525 23.2093 37.3767
85.0000 84.4389 23.2078 37.3764
87.0000 86.4253 23.2069 37.3761
89.0000 88.4117 23.2078 37.3762
91.0000 90.3980 23.2065 37.3758
93.0000 92.3843 23.2087 37.3761
95.0000 94.3706 23.2068 37.3755
97.0000 96.3569 23.2072 37.3754
99.0000 98.3432 23.2054 37.3748
101.0000 100.3294 23.2056 37.3748
103.0000 102.3157 23.2055 37.3745
105.0000 104.3018 23.2047 37.3742
107.0000 106.2880 23.2019 37.3735
109.0000 108.2742 23.1781 37.3660
111.0000 110.2604 22.8047 37.2783
113.0000 112.2465 22.2500 37.1847
115.0000 114.2326 21.9992 37.1458
117.0000 116.2187 21.5024 37.0818
119.0000 118.2048 21.4111 37.0798
121.0000 120.1908 21.3075 37.0799
123.0000 122.1768 21.2160 37.0796
125.0000 124.1629 21.1133 37.0722
127.0000 126.1489 21.0596 37.0668
129.0000 128.1348 20.9680 37.0541
131.0000 130.1208 20.8751 37.0428
133.0000 132.1067 20.8448 37.0381
135.0000 134.0927 20.8222 37.0365
137.0000 136.0786 20.8057 37.0412
139.0000 138.0644 20.6570 37.0128
141.0000 140.0503 20.5738 36.9909
143.0000 142.0361 20.3927 36.9415
145.0000 144.0219 20.2572 36.9178
147.0000 146.0078 20.1536 36.8966
149.0000 147.9935 20.0786 36.8818
151.0000 149.9793 20.0519 36.8827
153.0000 151.9650 20.0084 36.8891
155.0000 153.9508 19.9478 36.8802
157.0000 155.9365 19.9477 36.8957
159.0000 157.9222 19.8178 36.8665
161.0000 159.9078 19.7746 36.8666
163.0000 161.8935 19.7584 36.8687
165.0000 163.8791 19.7518 36.8719
167.0000 165.8647 19.7482 36.8731
169.0000 167.8503 19.7176 36.8770
171.0000 169.8359 19.6916 36.8802
173.0000 171.8214 19.6619 36.8825
175.0000 173.8070 19.6198 36.8850
177.0000 175.7925 19.6064 36.8858
179.0000 177.7780 19.5757 36.8841
181.0000 179.7635 19.5489 36.8824
183.0000 181.7489 19.5327 36.8892
185.0000 183.7344 19.5298 36.8976
187.0000 185.7198 19.5228 36.8979
189.0000 187.7052 19.5188 36.8981
191.0000 189.6906 19.5167 36.8987
193.0000 191.6759 19.4975 36.8985
195.0000 193.6613 19.4672 36.8937
197.0000 195.6466 19.4723 36.8984
199.0000 197.6319 19.4775 36.9021
201.0000 199.6172 19.4693 36.9015
203.0000 201.6024 19.4590 36.9007
205.0000 203.5877 19.4236 36.8947
207.0000 205.5729 19.3713 36.8832
209.0000 207.5581 19.2901 36.8655
211.0000 209.5433 19.2634 36.8621
213.0000 211.5285 19.2346 36.8575
215.0000 213.5136 19.1818 36.8464
217.0000 215.4988 19.1024 36.8271
219.0000 217.4839 18.9712 36.7990
221.0000 219.4690 18.8790 36.7826
223.0000 221.4540 18.7762 36.7579
225.0000 223.4391 18.6761 36.7362
227.0000 225.4241 18.5239 36.7035
229.0000 227.4092 18.4154 36.6844
231.0000 229.3941 18.3518 36.6667
233.0000 231.3791 18.2474 36.6502
235.0000 233.3641 18.2131 36.6419
237.0000 235.3490 18.1401 36.6269
239.0000 237.3339 18.1160 36.6228
241.0000 239.3188 18.0329 36.6031
243.0000 241.3037 17.9437 36.5876
245.0000 243.2886 17.8843 36.5732
247.0000 245.2734 17.8496 36.5670
249.0000 247.2583 17.7596 36.5438
251.0000 249.2431 17.5746 36.5101
253.0000 251.2278 17.5527 36.5074
255.0000 253.2126 17.5238 36.5013
257.0000 255.1974 17.5050 36.4976
259.0000 257.1821 17.5005 36.4968
261.0000 259.1668 17.4980 36.4966
263.0000 261.1515 17.4986 36.4971
265.0000 263.1362 17.4977 36.4970
267.0000 265.1208 17.4907 36.4948
269.0000 267.1054 17.3992 36.4720
271.0000 269.0901 17.3320 36.4586
273.0000 271.0746 17.2724 36.4481
275.0000 273.0593 17.2290 36.4449
277.0000 275.0438 17.1852 36.4352
279.0000 277.0284 17.1453 36.4278
281.0000 279.0128 17.1291 36.4243
283.0000 280.9974 17.1145 36.4206
285.0000 282.9818 17.0810 36.4118
287.0000 284.9663 16.9938 36.3942
289.0000 286.9507 16.9597 36.3871
291.0000 288.9352 16.9173 36.3777
293.0000 290.9196 16.8580 36.3683
295.0000 292.9040 16.8027 36.3576
297.0000 294.8883 16.7696 36.3514
299.0000 296.8727 16.7310 36.3447
301.0000 298.8570 16.6908 36.3374
303.0000 300.8413 16.6733 36.3355
305.0000 302.8256 16.6674 36.3346
307.0000 304.8099 16.6449 36.3302
309.0000 306.7941 16.6319 36.3283
311.0000 308.7784 16.6002 36.3204
313.0000 310.7626 16.5776 36.3184
315.0000 312.7467 16.5678 36.3154
317.0000 314.7309 16.5072 36.3034
319.0000 316.7151 16.4286 36.2901
321.0000 318.6992 16.3939 36.2853
323.0000 320.6833 16.3805 36.2829
325.0000 322.6674 16.3330 36.2738
327.0000 324.6515 16.2715 36.2639
329.0000 326.6356 16.2549 36.2616
331.0000 328.6196 16.2451 36.2601
333.0000 330.6036 16.2402 36.2592
335.0000 332.5876 16.2271 36.2568
337.0000 334.5716 16.1991 36.2515
339.0000 336.5556 16.1392 36.2418
341.0000 338.5396 16.1195 36.2389
343.0000 340.5235 16.1023 36.2361
345.0000 342.5074 16.0848 36.2333
347.0000 344.4913 16.0683 36.2301
349.0000 346.4751 15.9743 36.2126
351.0000 348.4590 15.9045 36.2031
353.0000 350.4428 15.8626 36.1967
355.0000 352.4266 15.8411 36.1943
357.0000 354.4104 15.8225 36.1914
359.0000 356.3942 15.8095 36.1899
361.0000 358.3779 15.8018 36.1884
363.0000 360.3617 15.7260 36.1727
365.0000 362.3454 15.6327 36.1591
367.0000 364.3291 15.5514 36.1449
369.0000 366.3127 15.5301 36.1412
371.0000 368.2964 15.4986 36.1358
373.0000 370.2801 15.4893 36.1348
375.0000 372.2637 15.4888 36.1354
377.0000 374.2473 15.4664 36.1310
379.0000 376.2309 15.4512 36.1287
381.0000 378.2145 15.4213 36.1229
383.0000 380.1980 15.3981 36.1192
385.0000 382.1815 15.3626 36.1121
387.0000 384.1650 15.3046 36.1038
389.0000 386.1485 15.2198 36.0893
391.0000 388.1320 15.1419 36.0775
393.0000 390.1154 15.1204 36.0747
395.0000 392.0989 15.1114 36.0733
397.0000 394.0822 15.0989 36.0716
399.0000 396.0656 15.0912 36.0703
401.0000 398.0490 15.0712 36.0666
403.0000 400.0324 15.0255 36.0589
405.0000 402.0157 14.9733 36.0512
407.0000 403.9990 14.9335 36.0460
409.0000 405.9823 14.9174 36.0441
411.0000 407.9656 14.8959 36.0408
413.0000 409.9489 14.7777 36.0189
415.0000 411.9321 14.6766 36.0035
417.0000 413.9154 14.6269 35.9960
419.0000 415.8985 14.5964 35.9917
421.0000 417.8817 14.5615 35.9867
423.0000 419.8649 14.5337 35.9820
425.0000 421.8480 14.4766 35.9735
427.0000 423.8311 14.4212 35.9651
429.0000 425.8143 14.3749 35.9583
431.0000 427.7973 14.3451 35.9539
433.0000 429.7804 14.3234 35.9512
435.0000 431.7635 14.2972 35.9460
437.0000 433.7465 14.2747 35.9444
439.0000 435.7295 14.2731 35.9440
441.0000 437.7125 14.2437 35.9387
443.0000 439.6955 14.1988 35.9329
445.0000 441.6784 14.1766 35.9295
447.0000 443.6614 14.1598 35.9271
449.0000 445.6443 14.1372 35.9235
451.0000 447.6272 14.1062 35.9194
453.0000 449.6100 14.0814 35.9142
455.0000 451.5929 13.9563 35.8963
457.0000 453.5757 13.8822 35.8860
459.0000 455.5585 13.8563 35.8826
461.0000 457.5414 13.8268 35.8789
463.0000 459.5242 13.7904 35.8742
465.0000 461.5069 13.7611 35.8687
467.0000 463.4897 13.7135 35.8626
469.0000 465.4724 13.7031 35.8616
471.0000 467.4551 13.6855 35.8585
473.0000 469.4378 13.6323 35.8501
475.0000 471.4204 13.5939 35.8459
477.0000 473.4031 13.5637 35.8417
479.0000 475.3858 13.5496 35.8395
481.0000 477.3683 13.5215 35.8344
483.0000 479.3510 13.5056 35.8321
485.0000 481.3335 13.5044 35.8323
487.0000 483.3161 13.4945 35.8305
489.0000 485.2986 13.4668 35.8268
491.0000 487.2811 13.4637 35.8263
493.0000 489.2636 13.4563 35.8248
495.0000 491.2461 13.4301 35.8207
497.0000 493.2286 13.3969 35.8161
499.0000 495.2110 13.3652 35.8108
501.0000 497.1934 13.3254 35.8052
503.0000 499.1758 13.2988 35.8018
505.0000 501.1582 13.2827 35.7989
507.0000 503.1405 13.2524 35.7946
509.0000 505.1229 13.2354 35.7923
511.0000 507.1053 13.2029 35.7874
513.0000 509.0876 13.1729 35.7837
515.0000 511.0698 13.1641 35.7822
517.0000 513.0521 13.1470 35.7796
519.0000 515.0344 13.1033 35.7739
521.0000 517.0165 13.0748 35.7705
523.0000 518.9988 13.0657 35.7690
525.0000 520.9810 13.0124 35.7607
527.0000 522.9632 12.9715 35.7563
529.0000 524.9453 12.9486 35.7526
531.0000 526.9275 12.8905 35.7433
533.0000 528.9096 12.8183 35.7360
535.0000 530.8917 12.8071 35.7338
537.0000 532.8737 12.7828 35.7306
539.0000 534.8558 12.7390 35.7249
541.0000 536.8379 12.7075 35.7218
543.0000 538.8199 12.6856 35.7189
545.0000 540.8019 12.6595 35.7172
547.0000 542.7839 12.6398 35.7147
549.0000 544.7658 12.5674 35.7043
551.0000 546.7478 12.5513 35.7050
553.0000 548.7297 12.5238 35.7003
555.0000 550.7115 12.5001 35.6965
557.0000 552.6935 12.4653 35.6916
559.0000 554.6754 12.4350 35.6878
561.0000 556.6573 12.4233 35.6863
563.0000 558.6390 12.3963 35.6824
565.0000 560.6209 12.3604 35.6779
567.0000 562.6027 12.3450 35.6775
569.0000 564.5844 12.3114 35.6727
571.0000 566.5662 12.2680 35.6665
573.0000 568.5480 12.2397 35.6618
575.0000 570.5297 12.1743 35.6568
577.0000 572.5114 12.1726 35.6579
579.0000 574.4930 12.1665 35.6578
581.0000 576.4747 12.1467 35.6544
583.0000 578.4564 12.0921 35.6478
585.0000 580.4380 12.0765 35.6462
587.0000 582.4197 12.0470 35.6419
589.0000 584.4012 12.0042 35.6363
591.0000 586.3828 11.9620 35.6311
593.0000 588.3643 11.9433 35.6294
595.0000 590.3458 11.9335 35.6284
597.0000 592.3273 11.8855 35.6218
599.0000 594.3088 11.8614 35.6200
601.0000 596.2903 11.8580 35.6195
603.0000 598.2718 11.8367 35.6164
605.0000 600.2532 11.7929 35.6116
607.0000 602.2346 11.7699 35.6095
609.0000 604.2160 11.7538 35.6074
611.0000 606.1974 11.7311 35.6043
613.0000 608.1787 11.6822 35.5981
615.0000 610.1602 11.6314 35.5916
617.0000 612.1415 11.5895 35.5877
619.0000 614.1227 11.5711 35.5861
621.0000 616.1040 11.5395 35.5825
623.0000 618.0853 11.5034 35.5782
625.0000 620.0665 11.4785 35.5760
627.0000 622.0477 11.4625 35.5743
629.0000 624.0289 11.4561 35.5737
631.0000 626.0101 11.4503 35.5732
633.0000 627.9913 11.4431 35.5725
635.0000 629.9724 11.4135 35.5686
637.0000 631.9536 11.3520 35.5612
639.0000 633.9347 11.3317 35.5592
641.0000 635.9158 11.2977 35.5552
643.0000 637.8969 11.2618 35.5514
645.0000 639.8779 11.2504 35.5505
647.0000 641.8589 11.2498 35.5508
649.0000 643.8400 11.2380 35.5489
651.0000 645.8210 11.1849 35.5433
653.0000 647.8019 11.1602 35.5408
655.0000 649.7829 11.1478 35.5394
657.0000 651.7639 11.1295 35.5369
659.0000 653.7448 11.0915 35.5336
661.0000 655.7257 11.0805 35.5328
663.0000 657.7066 11.0760 35.5326
665.0000 659.6874 11.0673 35.5315
667.0000 661.6683 11.0403 35.5281
669.0000 663.6491 11.0037 35.5243
671.0000 665.6299 10.9883 35.5225
673.0000 667.6107 10.9715 35.5202
675.0000 669.5915 10.9299 35.5152
677.0000 671.5723 10.8917 35.5116
679.0000 673.5530 10.8669 35.5092
681.0000 675.5337 10.8353 35.5056
683.0000 677.5144 10.8087 35.5030
685.0000 679.4951 10.7982 35.5022
687.0000 681.4757 10.7943 35.5020
689.0000 683.4564 10.7848 35.5008
691.0000 685.4370 10.7661 35.4991
693.0000 687.4175 10.7631 35.4990
695.0000 689.3982 10.7584 35.4982
697.0000 691.3787 10.7408 35.4955
699.0000 693.3594 10.6966 35.4895
701.0000 695.3398 10.6572 35.4859
703.0000 697.3203 10.6457 35.4843
705.0000 699.3008 10.6149 35.4795
707.0000 701.2812 10.5564 35.4714
709.0000 703.2617 10.5036 35.4664
711.0000 705.2422 10.4462 35.4610
713.0000 707.2226 10.4078 35.4547
715.0000 709.2030 10.3441 35.4417
717.0000 711.1833 10.3013 35.4366
719.0000 713.1637 10.2442 35.4274
721.0000 715.1440 10.1902 35.4208
723.0000 717.1243 10.1415 35.4138
725.0000 719.1047 10.1208 35.4118
727.0000 721.0850 10.1091 35.4103
729.0000 723.0652 10.0841 35.4069
731.0000 725.0455 10.0519 35.4043
733.0000 727.0257 10.0353 35.4024
735.0000 729.0059 10.0126 35.3985
737.0000 730.9861 10.0119 35.3992
739.0000 732.9662 9.9556 35.3908
741.0000 734.9465 9.8756 35.3802
743.0000 736.9265 9.8584 35.3782
745.0000 738.9066 9.8510 35.3769
747.0000 740.8868 9.8279 35.3735
749.0000 742.8668 9.7810 35.3670
751.0000 744.8469 9.6787 35.3555
753.0000 746.8269 9.6217 35.3502
755.0000 748.8068 9.6116 35.3509
757.0000 750.7869 9.6114 35.3517
759.0000 752.7669 9.6126 35.3528
761.0000 754.7469 9.6047 35.3544
763.0000 756.7267 9.5913 35.3541
765.0000 758.7067 9.5793 35.3528
767.0000 760.6866 9.6184 35.3686
769.0000 762.6664 9.6313 35.3724
771.0000 764.6463 9.5515 35.3585
773.0000 766.6262 9.4948 35.3512
775.0000 768.6061 9.4706 35.3475
777.0000 770.5858 9.4593 35.3461
779.0000 772.5656 9.4367 35.3430
781.0000 774.5454 9.4205 35.3408
783.0000 776.5251 9.3745 35.3334
785.0000 778.5049 9.3408 35.3290
787.0000 780.4847 9.3236 35.3274
789.0000 782.4644 9.3138 35.3272
791.0000 784.4440 9.3058 35.3266
793.0000 786.4236 9.2934 35.3246
795.0000 788.4033 9.2793 35.3246
797.0000 790.3829 9.3116 35.3360
799.0000 792.3625 9.3222 35.3386
801.0000 794.3420 9.3162 35.3369
803.0000 796.3217 9.2955 35.3329
805.0000 798.3011 9.2672 35.3262
807.0000 800.2808 9.2518 35.3259
809.0000 802.2603 9.2775 35.3339
811.0000 804.2397 9.2856 35.3384
813.0000 806.2192 9.2453 35.3319
815.0000 808.1987 9.1409 35.3148
817.0000 810.1780 9.0860 35.3051
819.0000 812.1574 9.0831 35.3050
821.0000 814.1369 9.0789 35.3049
823.0000 816.1163 9.0996 35.3119
825.0000 818.0956 9.1047 35.3146
827.0000 820.0750 9.0642 35.3091
829.0000 822.0543 9.0420 35.3054
831.0000 824.0336 9.0341 35.3084
833.0000 826.0128 9.0372 35.3101
835.0000 827.9921 9.0324 35.3103
837.0000 829.9714 9.0081 35.3074
839.0000 831.9506 8.9896 35.3052
841.0000 833.9299 8.9693 35.3027
843.0000 835.9090 8.9494 35.3006
845.0000 837.8881 8.9369 35.2999
847.0000 839.8673 8.9260 35.2988
849.0000 841.8465 8.9234 35.2989
851.0000 843.8257 8.9224 35.2997
853.0000 845.8046 8.9184 35.3008
855.0000 847.7837 8.9139 35.3011
857.0000 849.7628 8.9067 35.3017
859.0000 851.7418 8.9020 35.3013
861.0000 853.7209 8.8997 35.3013
863.0000 855.6999 8.8973 35.3011
865.0000 857.6788 8.8936 35.3009
867.0000 859.6577 8.8862 35.3004
869.0000 861.6368 8.8726 35.3001
871.0000 863.6158 8.8597 35.2995
873.0000 865.5945 8.8487 35.2986
875.0000 867.5735 8.8194 35.2956
877.0000 869.5524 8.7728 35.2898
879.0000 871.5312 8.7353 35.2864
881.0000 873.5100 8.7005 35.2839
883.0000 875.4888 8.6817 35.2827
885.0000 877.4677 8.6761 35.2824
887.0000 879.4464 8.6715 35.2822
889.0000 881.4251 8.6684 35.2819
891.0000 883.4040 8.6338 35.2771
893.0000 885.3825 8.6001 35.2733
895.0000 887.3613 8.5470 35.2658
897.0000 889.3400 8.5119 35.2621
899.0000 891.3187 8.4819 35.2609
901.0000 893.2972 8.4553 35.2601
903.0000 895.2759 8.4281 35.2585
905.0000 897.2545 8.4156 35.2583
907.0000 899.2331 8.4133 35.2588
909.0000 901.2117 8.4129 35.2622
911.0000 903.1902 8.3980 35.2622
913.0000 905.1688 8.3641 35.2583
915.0000 907.1473 8.3092 35.2497
917.0000 909.1257 8.1878 35.2322
919.0000 911.1043 8.1482 35.2278
921.0000 913.0827 8.1353 35.2272
923.0000 915.0611 8.1287 35.2271
925.0000 917.0396 8.1247 35.2269
927.0000 919.0179 8.1175 35.2264
929.0000 920.9963 8.0911 35.2227
931.0000 922.9747 8.0407 35.2181
933.0000 924.9531 8.0272 35.2175
935.0000 926.9313 8.0074 35.2158
937.0000 928.9097 7.9874 35.2149
939.0000 930.8880 7.9645 35.2134
941.0000 932.8662 7.9557 35.2135
943.0000 934.8445 7.9163 35.2086
945.0000 936.8227 7.8524 35.2029
947.0000 938.8009 7.8201 35.2000
949.0000 940.7791 7.7835 35.1949
951.0000 942.7573 7.7422 35.1903
953.0000 944.7354 7.7335 35.1912
955.0000 946.7136 7.6934 35.1856
957.0000 948.6917 7.6259 35.1766
959.0000 950.6697 7.5868 35.1777
961.0000 952.6478 7.5667 35.1743
963.0000 954.6259 7.5660 35.1749
965.0000 956.6039 7.5461 35.1741
967.0000 958.5820 7.5302 35.1712
969.0000 960.5599 7.4923 35.1639
971.0000 962.5380 7.4309 35.1541
973.0000 964.5159 7.4100 35.1544
975.0000 966.4939 7.4144 35.1592
977.0000 968.4719 7.4266 35.1635
979.0000 970.4496 7.4431 35.1685
981.0000 972.4277 7.4207 35.1646
983.0000 974.4055 7.3999 35.1612
985.0000 976.3834 7.3598 35.1536
987.0000 978.3611 7.2894 35.1442
989.0000 980.3391 7.2546 35.1409
991.0000 982.3168 7.2491 35.1408
993.0000 984.2946 7.2290 35.1372
995.0000 986.2724 7.1874 35.1327
997.0000 988.2501 7.1803 35.1325
999.0000 990.2278 7.1671 35.1327
1001.0000 992.2055 7.1445 35.1310
1003.0000 994.1832 7.1349 35.1321
1005.0000 996.1608 7.1220 35.1338
1007.0000 998.1385 7.0897 35.1300
1009.0000 1000.1161 7.0727 35.1274
1011.0000 1002.0938 7.0318 35.1207
1013.0000 1004.0714 6.9662 35.1119
1015.0000 1006.0490 6.9194 35.1070
1017.0000 1008.0264 6.8610 35.0968
1019.0000 1010.0040 6.8274 35.0938
1021.0000 1011.9816 6.8249 35.0939
1023.0000 1013.9591 6.7357 35.0807
1025.0000 1015.9365 6.6959 35.0773
1027.0000 1017.9140 6.6822 35.0764
1029.0000 1019.8915 6.6831 35.0782
1031.0000 1021.8689 6.6723 35.0776
1033.0000 1023.8462 6.6542 35.0773
1035.0000 1025.8237 6.6343 35.0770
1037.0000 1027.8010 6.6293 35.0774
1039.0000 1029.7783 6.6229 35.0782
1041.0000 1031.7556 6.5974 35.0785
1043.0000 1033.7329 6.5777 35.0781
1045.0000 1035.7102 6.5666 35.0795
1047.0000 1037.6875 6.5663 35.0819
1049.0000 1039.6649 6.5692 35.0843
1051.0000 1041.6421 6.5791 35.0885
1053.0000 1043.6193 6.6033 35.0966
1055.0000 1045.5966 6.6122 35.1003
1057.0000 1047.5737 6.6060 35.0992
1059.0000 1049.5508 6.5763 35.0976
1061.0000 1051.5280 6.5686 35.0985
1063.0000 1053.5051 6.5644 35.1006
1065.0000 1055.4823 6.5632 35.1013
1067.0000 1057.4594 6.5543 35.1004
1069.0000 1059.4363 6.5530 35.1008
1071.0000 1061.4133 6.5522 35.1010
1073.0000 1063.3904 6.5525 35.1011
1075.0000 1065.3674 6.5403 35.0998
1077.0000 1067.3445 6.5699 35.1114
1079.0000 1069.3213 6.5834 35.1140
1081.0000 1071.2983 6.5391 35.1049
1083.0000 1073.2754 6.4215 35.0849
1085.0000 1075.2523 6.3666 35.0772
1087.0000 1077.2291 6.3438 35.0759
1089.0000 1079.2061 6.3233 35.0737
1091.0000 1081.1829 6.3238 35.0753
1093.0000 1083.1597 6.3368 35.0794
1095.0000 1085.1366 6.3571 35.0858
1097.0000 1087.1134 6.3556 35.0859
1099.0000 1089.0902 6.3529 35.0856
1101.0000 1091.0668 6.3363 35.0845
1103.0000 1093.0437 6.3255 35.0836
1105.0000 1095.0205 6.2798 35.0795
1107.0000 1096.9971 6.2319 35.0751
1109.0000 1098.9739 6.2204 35.0749
1111.0000 1100.9506 6.2112 35.0746
1113.0000 1102.9271 6.2054 35.0751
1115.0000 1104.9038 6.2026 35.0752
1117.0000 1106.8805 6.1969 35.0751
1119.0000 1108.8571 6.1905 35.0771
1121.0000 1110.8335 6.1921 35.0789
1123.0000 1112.8102 6.1913 35.0799
1125.0000 1114.7866 6.1964 35.0827
1127.0000 1116.7632 6.2141 35.0884
1129.0000 1118.7397 6.2166 35.0893
1131.0000 1120.7163 6.2193 35.0896
1133.0000 1122.6929 6.2198 35.0902
1135.0000 1124.6692 6.2246 35.0913
1137.0000 1126.6456 6.2265 35.0918
1139.0000 1128.6219 6.2281 35.0923
1141.0000 1130.5984 6.2262 35.0943
1143.0000 1132.5748 6.2031 35.0932
1145.0000 1134.5511 6.1971 35.0927
1147.0000 1136.5276 6.1890 35.0949
1149.0000 1138.5038 6.1764 35.0960
1151.0000 1140.4802 6.1658 35.0988
1153.0000 1142.4565 6.1538 35.1003
1155.0000 1144.4326 6.1556 35.1015
1157.0000 1146.4089 6.1585 35.1028
1159.0000 1148.3851 6.1602 35.1039
1161.0000 1150.3615 6.1381 35.1014
1163.0000 1152.3375 6.1282 35.1005
1165.0000 1154.3138 6.1186 35.1015
1167.0000 1156.2899 6.1160 35.1020
1169.0000 1158.2660 6.1143 35.1021
1171.0000 1160.2422 6.1100 35.1025
1173.0000 1162.2183 6.1087 35.1029
1175.0000 1164.1943 6.1089 35.1033
1177.0000 1166.1703 6.1092 35.1040
1179.0000 1168.1464 6.1090 35.1049
1181.0000 1170.1226 6.1104 35.1064
1183.0000 1172.0984 6.1065 35.1076
1185.0000 1174.0745 6.1032 35.1088
1187.0000 1176.0505 6.0985 35.1095
1189.0000 1178.0265 6.0893 35.1084
1191.0000 1180.0023 6.0830 35.1084
1193.0000 1181.9781 6.0714 35.1084
1195.0000 1183.9541 6.0695 35.1092
1197.0000 1185.9298 6.0613 35.1098
1199.0000 1187.9058 6.0617 35.1111
1201.0000 1189.8817 6.0665 35.1134
1203.0000 1191.8575 6.0706 35.1153
1205.0000 1193.8333 6.0739 35.1187
1207.0000 1195.8091 6.0521 35.1183
1209.0000 1197.7849 6.0336 35.1171
1211.0000 1199.7605 6.0267 35.1173
1213.0000 1201.7363 6.0267 35.1175
1215.0000 1203.7120 6.0266 35.1176
1217.0000 1205.6877 6.0222 35.1172
1219.0000 1207.6633 6.0057 35.1159
1221.0000 1209.6389 5.9928 35.1156
1223.0000 1211.6146 5.9908 35.1186
1225.0000 1213.5902 5.9958 35.1204
1227.0000 1215.5658 5.9999 35.1222
1229.0000 1217.5414 5.9873 35.1216
1231.0000 1219.5170 5.9839 35.1214
1233.0000 1221.4926 5.9817 35.1212
1235.0000 1223.4680 5.9795 35.1212
1237.0000 1225.4437 5.9792 35.1218
1239.0000 1227.4191 5.9833 35.1237
1241.0000 1229.3945 5.9906 35.1268
1243.0000 1231.3700 5.9831 35.1260
1245.0000 1233.3453 5.9813 35.1264
1247.0000 1235.3208 5.9792 35.1269
1249.0000 1237.2963 5.9741 35.1273
1251.0000 1239.2716 5.9691 35.1285
1253.0000 1241.2469 5.9643 35.1283
1255.0000 1243.2223 5.9581 35.1283
1257.0000 1245.1976 5.9568 35.1285
1259.0000 1247.1729 5.9536 35.1275
1261.0000 1249.1482 5.9053 35.1206
1263.0000 1251.1234 5.8655 35.1176
1265.0000 1253.0988 5.8644 35.1172
1267.0000 1255.0740 5.8249 35.1118
1269.0000 1257.0491 5.7963 35.1077
1271.0000 1259.0243 5.7538 35.1017
1273.0000 1260.9994 5.7372 35.1007
1275.0000 1262.9745 5.7369 35.1024
1277.0000 1264.9497 5.7436 35.1039
1279.0000 1266.9247 5.7387 35.1038
1281.0000 1268.8998 5.7351 35.1039
1283.0000 1270.8749 5.7272 35.1040
1285.0000 1272.8500 5.7098 35.1027
1287.0000 1274.8250 5.6930 35.1018
1289.0000 1276.8000 5.6872 35.1016
1291.0000 1278.7750 5.6718 35.1025
1293.0000 1280.7500 5.6616 35.1034
1295.0000 1282.7250 5.6551 35.1064
1297.0000 1284.7000 5.6447 35.1066
1299.0000 1286.6749 5.6369 35.1067
1301.0000 1288.6497 5.6302 35.1068
1303.0000 1290.6248 5.6252 35.1068
1305.0000 1292.5996 5.6175 35.1076
1307.0000 1294.5745 5.6139 35.1084
1309.0000 1296.5493 5.6093 35.1089
1311.0000 1298.5243 5.6058 35.1093
1313.0000 1300.4990 5.6023 35.1098
1315.0000 1302.4736 5.6029 35.1105
1317.0000 1304.4485 5.6025 35.1108
1319.0000 1306.4232 5.5977 35.1115
1321.0000 1308.3979 5.5904 35.1103
1323.0000 1310.3726 5.5854 35.1107
1325.0000 1312.3474 5.5854 35.1109
1327.0000 1314.3220 5.5851 35.1112
1329.0000 1316.2966 5.5835 35.1117
1331.0000 1318.2712 5.5815 35.1124
1333.0000 1320.2458 5.5782 35.1123
1335.0000 1322.2205 5.5752 35.1120
1337.0000 1324.1951 5.5709 35.1119
1339.0000 1326.1696 5.5661 35.1121
1341.0000 1328.1440 5.5571 35.1126
1343.0000 1330.1187 5.5488 35.1131
1345.0000 1332.0931 5.5432 35.1132
1347.0000 1334.0676 5.5322 35.1133
1349.0000 1336.0420 5.5268 35.1135
1351.0000 1338.0165 5.5249 35.1135
1353.0000 1339.9910 5.5195 35.1139
1355.0000 1341.9652 5.5126 35.1140
1357.0000 1343.9398 5.5068 35.1142
1359.0000 1345.9142 5.5026 35.1143
1361.0000 1347.8885 5.4979 35.1146
1363.0000 1349.8628 5.4925 35.1147
1365.0000 1351.8372 5.4908 35.1148
1367.0000 1353.8115 5.4904 35.1150
1369.0000 1355.7856 5.4898 35.1149
1371.0000 1357.7600 5.4848 35.1150
1373.0000 1359.7343 5.4804 35.1152
1375.0000 1361.7084 5.4801 35.1152
1377.0000 1363.6825 5.4750 35.1152
1379.0000 1365.6569 5.4623 35.1157
1381.0000 1367.6310 5.4554 35.1164
1383.0000 1369.6051 5.4551 35.1163
1385.0000 1371.5792 5.4544 35.1166
1387.0000 1373.5535 5.4557 35.1195
1389.0000 1375.5276 5.4581 35.1210
1391.0000 1377.5015 5.4559 35.1210
1393.0000 1379.4756 5.4436 35.1207
1395.0000 1381.4496 5.4369 35.1202
1397.0000 1383.4236 5.4249 35.1200
1399.0000 1385.3976 5.4211 35.1201
1401.0000 1387.3716 5.4202 35.1201
1403.0000 1389.3457 5.4195 35.1202
1405.0000 1391.3195 5.4191 35.1205
1407.0000 1393.2935 5.4180 35.1204
1409.0000 1395.2675 5.4141 35.1205
1411.0000 1397.2412 5.4064 35.1200
1413.0000 1399.2151 5.3989 35.1197
1415.0000 1401.1890 5.3883 35.1197
1417.0000 1403.1627 5.3799 35.1198
1419.0000 1405.1366 5.3746 35.1202
1421.0000 1407.1105 5.3723 35.1203
1423.0000 1409.0842 5.3704 35.1201
1425.0000 1411.0580 5.3673 35.1199
1427.0000 1413.0317 5.3669 35.1198
1429.0000 1415.0055 5.3673 35.1203
1431.0000 1416.9791 5.3657 35.1204
1433.0000 1418.9528 5.3552 35.1198
1435.0000 1420.9265 5.3535 35.1202
1437.0000 1422.9001 5.3535 35.1203
1439.0000 1424.8738 5.3530 35.1201
1441.0000 1426.8474 5.3524 35.1204
1443.0000 1428.8209 5.3518 35.1213
1445.0000 1430.7944 5.3518 35.1213
1447.0000 1432.7679 5.3496 35.1209
1449.0000 1434.7417 5.3488 35.1209
1451.0000 1436.7153 5.3473 35.1211
1453.0000 1438.6887 5.3476 35.1214
1455.0000 1440.6621 5.3489 35.1221
1457.0000 1442.6356 5.3468 35.1219
1459.0000 1444.6089 5.3463 35.1218
1461.0000 1446.5824 5.3414 35.1213
1463.0000 1448.5560 5.3369 35.1209
1465.0000 1450.5294 5.3282 35.1202
1467.0000 1452.5026 5.3226 35.1205
1469.0000 1454.4761 5.3039 35.1181
1471.0000 1456.4493 5.2890 35.1167
1473.0000 1458.4225 5.2844 35.1168
1475.0000 1460.3960 5.2797 35.1165
1477.0000 1462.3693 5.2755 35.1164
1479.0000 1464.3424 5.2700 35.1164
1481.0000 1466.3157 5.2646 35.1164
1483.0000 1468.2889 5.2633 35.1172
1485.0000 1470.2622 5.2495 35.1163
1487.0000 1472.2354 5.2450 35.1165
1489.0000 1474.2085 5.2398 35.1164
1491.0000 1476.1816 5.2335 35.1164
1493.0000 1478.1548 5.2333 35.1166
1495.0000 1480.1278 5.2337 35.1168
1497.0000 1482.1011 5.2305 35.1167
1499.0000 1484.0742 5.2260 35.1168
1501.0000 1486.0470 5.2245 35.1169
1503.0000 1488.0201 5.2243 35.1175
1505.0000 1489.9932 5.2221 35.1173
1507.0000 1491.9662 5.2155 35.1179
1509.0000 1493.9392 5.2158 35.1188
1511.0000 1495.9121 5.2141 35.1189
1513.0000 1497.8851 5.2107 35.1190
1515.0000 1499.8579 5.2040 35.1186
1517.0000 1501.8309 5.1949 35.1179
1519.0000 1503.8038 5.1755 35.1156
1521.0000 1505.7766 5.1628 35.1139
1523.0000 1507.7495 5.1571 35.1131
1525.0000 1509.7224 5.1426 35.1115
1527.0000 1511.6953 5.1325 35.1107
1529.0000 1513.6680 5.1285 35.1107
1531.0000 1515.6407 5.1240 35.1111
1533.0000 1517.6135 5.1213 35.1121
1535.0000 1519.5863 5.1190 35.1128
1537.0000 1521.5591 5.1198 35.1132
1539.0000 1523.5317 5.1153 35.1130
1541.0000 1525.5043 5.1132 35.1130
1543.0000 1527.4771 5.1118 35.1128
1545.0000 1529.4498 5.1032 35.1121
1547.0000 1531.4224 5.1007 35.1117
1549.0000 1533.3949 5.0983 35.1113
1551.0000 1535.3677 5.0972 35.1111
1553.0000 1537.3402 5.0898 35.1102
1555.0000 1539.3126 5.0824 35.1098
1557.0000 1541.2852 5.0801 35.1097
1559.0000 1543.2578 5.0790 35.1106
1561.0000 1545.2303 5.0870 35.1133
1563.0000 1547.2026 5.0876 35.1135
1565.0000 1549.1752 5.0837 35.1130
1567.0000 1551.1478 5.0702 35.1110
1569.0000 1553.1201 5.0563 35.1095
1571.0000 1555.0925 5.0515 35.1093
1573.0000 1557.0649 5.0420 35.1092
1575.0000 1559.0374 5.0364 35.1091
1577.0000 1561.0096 5.0324 35.1094
1579.0000 1562.9819 5.0270 35.1097
1581.0000 1564.9542 5.0244 35.1100
1583.0000 1566.9266 5.0225 35.1103
1585.0000 1568.8989 5.0155 35.1105
1587.0000 1570.8712 5.0114 35.1110
1589.0000 1572.8435 5.0095 35.1110
1591.0000 1574.8156 5.0069 35.1112
1593.0000 1576.7878 5.0036 35.1112
1595.0000 1578.7600 5.0008 35.1112
1597.0000 1580.7322 4.9882 35.1112
1599.0000 1582.7043 4.9746 35.1110
1601.0000 1584.6765 4.9718 35.1108
1603.0000 1586.6487 4.9696 35.1107
1605.0000 1588.6207 4.9573 35.1097
1607.0000 1590.5928 4.9452 35.1089
1609.0000 1592.5648 4.9389 35.1085
1611.0000 1594.5369 4.9369 35.1083
1613.0000 1596.5089 4.9245 35.1085
1615.0000 1598.4810 4.9235 35.1088
1617.0000 1600.4529 4.9237 35.1090
1619.0000 1602.4249 4.9181 35.1086
1621.0000 1604.3969 4.9061 35.1084
1623.0000 1606.3689 4.8974 35.1082
1625.0000 1608.3407 4.8944 35.1081
1627.0000 1610.3125 4.8895 35.1079
1629.0000 1612.2844 4.8817 35.1081
1631.0000 1614.2562 4.8733 35.1078
1633.0000 1616.2281 4.8689 35.1079
1635.0000 1618.2000 4.8653 35.1080
1637.0000 1620.1719 4.8578 35.1076
1639.0000 1622.1436 4.8539 35.1074
1641.0000 1624.1154 4.8438 35.1069
1643.0000 1626.0872 4.8354 35.1066
1645.0000 1628.0588 4.8307 35.1070
1647.0000 1630.0304 4.8297 35.1073
1649.0000 1632.0023 4.8288 35.1079
1651.0000 1633.9740 4.8247 35.1076
1653.0000 1635.9454 4.8220 35.1076
1655.0000 1637.9172 4.8159 35.1066
1657.0000 1639.8889 4.8009 35.1060
1659.0000 1641.8602 4.7995 35.1061
1661.0000 1643.8320 4.7947 35.1052
1663.0000 1645.8036 4.7883 35.1048
1665.0000 1647.7751 4.7800 35.1042
1667.0000 1649.7466 4.7759 35.1040
1669.0000 1651.7181 4.7728 35.1038
1671.0000 1653.6896 4.7694 35.1036
1673.0000 1655.6611 4.7680 35.1035
1675.0000 1657.6326 4.7649 35.1031
1677.0000 1659.6041 4.7518 35.1022
1679.0000 1661.5753 4.7433 35.1018
1681.0000 1663.5469 4.7387 35.1014
1683.0000 1665.5183 4.7342 35.1011
1685.0000 1667.4896 4.7308 35.1008
1687.0000 1669.4608 4.7244 35.1002
1689.0000 1671.4324 4.7131 35.0996
1691.0000 1673.4037 4.7100 35.0996
1693.0000 1675.3749 4.7054 35.0993
1695.0000 1677.3462 4.6999 35.0989
1697.0000 1679.3174 4.6959 35.0988
1699.0000 1681.2887 4.6934 35.0989
1701.0000 1683.2599 4.6925 35.0992
1703.0000 1685.2310 4.6886 35.0991
1705.0000 1687.2023 4.6781 35.0982
1707.0000 1689.1732 4.6740 35.0976
1709.0000 1691.1447 4.6674 35.0972
1711.0000 1693.1157 4.6651 35.0974
1713.0000 1695.0869 4.6637 35.0978
1715.0000 1697.0579 4.6619 35.0976
1717.0000 1699.0289 4.6615 35.0976
1719.0000 1701.0001 4.6602 35.0974
1721.0000 1702.9708 4.6535 35.0969
1723.0000 1704.9420 4.6516 35.0967
1725.0000 1706.9131 4.6477 35.0964
1727.0000 1708.8840 4.6425 35.0960
1729.0000 1710.8550 4.6349 35.0953
1731.0000 1712.8259 4.6295 35.0946
1733.0000 1714.7969 4.6247 35.0941
1735.0000 1716.7676 4.6224 35.0939
1737.0000 1718.7385 4.6195 35.0935
1739.0000 1720.7097 4.6169 35.0932
1741.0000 1722.6802 4.6135 35.0929
1743.0000 1724.6511 4.6126 35.0930
1745.0000 1726.6221 4.6108 35.0926
1747.0000 1728.5928 4.6030 35.0921
1749.0000 1730.5635 4.6009 35.0921
1751.0000 1732.5343 4.5976 35.0919
1753.0000 1734.5051 4.5909 35.0915
1755.0000 1736.4757 4.5878 35.0912
1757.0000 1738.4464 4.5825 35.0908
1759.0000 1740.4171 4.5779 35.0904
1761.0000 1742.3878 4.5715 35.0900
1763.0000 1744.3584 4.5690 35.0898
1765.0000 1746.3291 4.5626 35.0891
1767.0000 1748.2998 4.5532 35.0884
1769.0000 1750.2701 4.5492 35.0884
1771.0000 1752.2408 4.5475 35.0882
1773.0000 1754.2115 4.5456 35.0883
1775.0000 1756.1821 4.5427 35.0880
1777.0000 1758.1525 4.5328 35.0873
1779.0000 1760.1229 4.5219 35.0866
1781.0000 1762.0936 4.5156 35.0862
1783.0000 1764.0637 4.5036 35.0850
1785.0000 1766.0344 4.4966 35.0849
1787.0000 1768.0048 4.4954 35.0848
1789.0000 1769.9755 4.4928 35.0845
1791.0000 1771.9456 4.4835 35.0836
1793.0000 1773.9161 4.4695 35.0830
1795.0000 1775.8865 4.4632 35.0827
1797.0000 1777.8566 4.4606 35.0825
1799.0000 1779.8270 4.4560 35.0823
1801.0000 1781.7974 4.4467 35.0815
1803.0000 1783.7675 4.4421 35.0811
1805.0000 1785.7378 4.4311 35.0805
1807.0000 1787.7083 4.4255 35.0801
1809.0000 1789.6783 4.4203 35.0799
1811.0000 1791.6484 4.4188 35.0798
1813.0000 1793.6188 4.4184 35.0798
1815.0000 1795.5891 4.4158 35.0795
1817.0000 1797.5590 4.4126 35.0793
1819.0000 1799.5293 4.3965 35.0779
1821.0000 1801.4994 4.3809 35.0770
1823.0000 1803.4696 4.3754 35.0766
1825.0000 1805.4393 4.3680 35.0763
1827.0000 1807.4097 4.3587 35.0757
1829.0000 1809.3795 4.3505 35.0750
1831.0000 1811.3496 4.3424 35.0743
1833.0000 1813.3196 4.3365 35.0743
1835.0000 1815.2898 4.3354 35.0742
1837.0000 1817.2596 4.3338 35.0741
1839.0000 1819.2296 4.3314 35.0740
1841.0000 1821.1995 4.3256 35.0734
1843.0000 1823.1696 4.3186 35.0726
1845.0000 1825.1393 4.3110 35.0721
1847.0000 1827.1091 4.3092 35.0720
1849.0000 1829.0790 4.3081 35.0720
1851.0000 1831.0491 4.3064 35.0718
1853.0000 1833.0186 4.3033 35.0716
1855.0000 1834.9885 4.2985 35.0716
1857.0000 1836.9584 4.2960 35.0717
1859.0000 1838.9281 4.2912 35.0717
1861.0000 1840.8977 4.2834 35.0710
1863.0000 1842.8676 4.2745 35.0701
1865.0000 1844.8372 4.2634 35.0697
1867.0000 1846.8070 4.2590 35.0694
1869.0000 1848.7769 4.2499 35.0687
1871.0000 1850.7463 4.2413 35.0680
1873.0000 1852.7161 4.2364 35.0678
1875.0000 1854.6854 4.2328 35.0676
1877.0000 1856.6554 4.2298 35.0673
1879.0000 1858.6246 4.2274 35.0672
1881.0000 1860.5944 4.2223 35.0667
1883.0000 1862.5640 4.2142 35.0660
1885.0000 1864.5337 4.2094 35.0658
1887.0000 1866.5029 4.2054 35.0654
1889.0000 1868.4724 4.2007 35.0647
1891.0000 1870.4420 4.2023 35.0650
1893.0000 1872.4114 4.1845 35.0629
1895.0000 1874.3810 4.1755 35.0624
1897.0000 1876.3502 4.1737 35.0624
1899.0000 1878.3197 4.1731 35.0623
1901.0000 1880.2889 4.1714 35.0622
1903.0000 1882.2584 4.1684 35.0619
1905.0000 1884.2277 4.1565 35.0606
1907.0000 1886.1970 4.1465 35.0601
1909.0000 1888.1664 4.1450 35.0600
1911.0000 1890.1357 4.1443 35.0602
1913.0000 1892.1051 4.1433 35.0603
1915.0000 1894.0742 4.1419 35.0603
1917.0000 1896.0435 4.1392 35.0602
1919.0000 1898.0127 4.1351 35.0599
1921.0000 1899.9818 4.1296 35.0594
1923.0000 1901.9513 4.1262 35.0593
1925.0000 1903.9203 4.1242 35.0592
1927.0000 1905.8894 4.1223 35.0591
1929.0000 1907.8584 4.1200 35.0591
1931.0000 1909.8276 4.1181 35.0591
1933.0000 1911.7969 4.1163 35.0588
1935.0000 1913.7657 4.1141 35.0587
1937.0000 1915.7350 4.1118 35.0587
1939.0000 1917.7039 4.1061 35.0587
1941.0000 1919.6729 4.1029 35.0587
1943.0000 1921.6420 4.1022 35.0587
1945.0000 1923.6110 4.0977 35.0584
1947.0000 1925.5801 4.0955 35.0582
1949.0000 1927.5487 4.0964 35.0579
1951.0000 1929.5179 4.0931 35.0581
1953.0000 1931.4869 4.0927 35.0581
1955.0000 1933.4554 4.0917 35.0581
1957.0000 1935.4244 4.0865 35.0575
1959.0000 1937.3933 4.0759 35.0571
1961.0000 1939.3623 4.0766 35.0575
1963.0000 1941.3309 4.0742 35.0572
1965.0000 1943.2998 4.0717 35.0570
1967.0000 1945.2687 4.0671 35.0565
1969.0000 1947.2374 4.0630 35.0560
1971.0000 1949.2061 4.0596 35.0555
1973.0000 1951.1749 4.0501 35.0547
1975.0000 1953.1436 4.0485 35.0543
1977.0000 1955.1122 4.0456 35.0541
1979.0000 1957.0811 4.0439 35.0538
1981.0000 1959.0497 4.0425 35.0539
1983.0000 1961.0181 4.0424 35.0539
1985.0000 1962.9869 4.0418 35.0542
1987.0000 1964.9556 4.0415 35.0545
1989.0000 1966.9242 4.0310 35.0535
1991.0000 1968.8926 4.0239 35.0529
1993.0000 1970.8612 4.0228 35.0526
1995.0000 1972.8298 4.0165 35.0519
1997.0000 1974.7983 4.0141 35.0516
1999.0000 1976.7667 4.0133 35.0514
2001.0000 1978.7354 4.0112 35.0512
2003.0000 1980.7037 4.0082 35.0510
2005.0000 1982.6720 4.0064 35.0507
2007.0000 1984.6406 4.0003 35.0499
2009.0000 1986.6088 3.9944 35.0493
2011.0000 1988.5773 3.9906 35.0488
2013.0000 1990.5457 3.9845 35.0482
2015.0000 1992.5140 3.9836 35.0481
2017.0000 1994.4823 3.9820 35.0481
2019.0000 1996.4507 3.9789 35.0478
2021.0000 1998.4191 3.9739 35.0475
2023.0000 2000.3873 3.9700 35.0472
2025.0000 2002.3556 3.9629 35.0466
2027.0000 2004.3237 3.9605 35.0466
2029.0000 2006.2920 3.9567 35.0461
2031.0000 2008.2601 3.9471 35.0455
2033.0000 2010.2284 3.9477 35.0457
2035.0000 2012.1965 3.9419 35.0452
2037.0000 2014.1648 3.9382 35.0451
2039.0000 2016.1328 3.9333 35.0448
2041.0000 2018.1008 3.9262 35.0443
2043.0000 2020.0690 3.9235 35.0441
2045.0000 2022.0370 3.9203 35.0438
2047.0000 2024.0050 3.9161 35.0434
2049.0000 2025.9733 3.9149 35.0432
2051.0000 2027.9414 3.9101 35.0427
2053.0000 2029.9092 3.9047 35.0422
2055.0000 2031.8772 3.9022 35.0420
2057.0000 2033.8452 3.8999 35.0418
2059.0000 2035.8130 3.8960 35.0415
2061.0000 2037.7810 3.8911 35.0410
2063.0000 2039.7490 3.8864 35.0403
2065.0000 2041.7168 3.8751 35.0394
2067.0000 2043.6846 3.8728 35.0391
2069.0000 2045.6526 3.8628 35.0381
2071.0000 2047.6206 3.8570 35.0377
2073.0000 2049.5881 3.8524 35.0374
2075.0000 2051.5559 3.8507 35.0372
2077.0000 2053.5239 3.8479 35.0370
2079.0000 2055.4915 3.8442 35.0364
2081.0000 2057.4595 3.8347 35.0357
2083.0000 2059.4272 3.8301 35.0355
2085.0000 2061.3950 3.8289 35.0355
2087.0000 2063.3625 3.8280 35.0355
2089.0000 2065.3301 3.8247 35.0351
2091.0000 2067.2979 3.8207 35.0349
2093.0000 2069.2654 3.8138 35.0344
2095.0000 2071.2332 3.8100 35.0341
2097.0000 2073.2007 3.8059 35.0337
2099.0000 2075.1685 3.8038 35.0335
2101.0000 2077.1357 3.7999 35.0331
2103.0000 2079.1035 3.7984 35.0330
2105.0000 2081.0710 3.7979 35.0329
2107.0000 2083.0383 3.7952 35.0325
2109.0000 2085.0059 3.7904 35.0321
2111.0000 2086.9734 3.7884 35.0319
2113.0000 2088.9409 3.7862 35.0316
2115.0000 2090.9082 3.7778 35.0308
2117.0000 2092.8757 3.7740 35.0304
2119.0000 2094.8433 3.7683 35.0299
2121.0000 2096.8103 3.7604 35.0292
2123.0000 2098.7778 3.7579 35.0290
2125.0000 2100.7454 3.7488 35.0283
2127.0000 2102.7124 3.7453 35.0280
2129.0000 2104.6802 3.7443 35.0280
2131.0000 2106.6472 3.7417 35.0276
2133.0000 2108.6145 3.7336 35.0270
2135.0000 2110.5818 3.7323 35.0270
2137.0000 2112.5491 3.7249 35.0261
2139.0000 2114.5161 3.7207 35.0259
2141.0000 2116.4832 3.7158 35.0255
2143.0000 2118.4507 3.7115 35.0259
2145.0000 2120.4177 3.7156 35.0270
2147.0000 2122.3853 3.7142 35.0269
2149.0000 2124.3518 3.7105 35.0267
2151.0000 2126.3191 3.7065 35.0263
2153.0000 2128.2864 3.6972 35.0250
2155.0000 2130.2534 3.6855 35.0244
2157.0000 2132.2205 3.6840 35.0245
2159.0000 2134.1875 3.6836 35.0245
2161.0000 2136.1545 3.6834 35.0243
2163.0000 2138.1213 3.6834 35.0245
2165.0000 2140.0886 3.6826 35.0244
2167.0000 2142.0557 3.6810 35.0242
2169.0000 2144.0222 3.6794 35.0240
2171.0000 2145.9893 3.6763 35.0237
2173.0000 2147.9563 3.6678 35.0229
2175.0000 2149.9233 3.6585 35.0218
2177.0000 2151.8901 3.6543 35.0216
2179.0000 2153.8569 3.6536 35.0215
2181.0000 2155.8237 3.6537 35.0215
2183.0000 2157.7905 3.6537 35.0215
2185.0000 2159.7576 3.6515 35.0212
2187.0000 2161.7241 3.6457 35.0207
2189.0000 2163.6909 3.6435 35.0206
2191.0000 2165.6575 3.6391 35.0204
2193.0000 2167.6245 3.6366 35.0203
2195.0000 2169.5911 3.6331 35.0199
2197.0000 2171.5576 3.6297 35.0196
2199.0000 2173.5247 3.6248 35.0189
2201.0000 2175.4915 3.6156 35.0182
2203.0000 2177.4578 3.6122 35.0177
2205.0000 2179.4246 3.6057 35.0174
2207.0000 2181.3911 3.6044 35.0173
2209.0000 2183.3577 3.5983 35.0165
2211.0000 2185.3242 3.5936 35.0162
2213.0000 2187.2908 3.5925 35.0159
2215.0000 2189.2573 3.5902 35.0157
2217.0000 2191.2236 3.5829 35.0151
2219.0000 2193.1902 3.5781 35.0146
2221.0000 2195.1570 3.5710 35.0142
2223.0000 2197.1235 3.5701 35.0141
2225.0000 2199.0898 3.5700 35.0142
2227.0000 2201.0564 3.5702 35.0140
2229.0000 2203.0225 3.5647 35.0138
2231.0000 2204.9888 3.5615 35.0134
2233.0000 2206.9553 3.5567 35.0131
2235.0000 2208.9216 3.5564 35.0130
2237.0000 2210.8882 3.5552 35.0129
2239.0000 2212.8542 3.5539 35.0127
2241.0000 2214.8208 3.5532 35.0128
2243.0000 2216.7871 3.5513 35.0126
2245.0000 2218.7532 3.5463 35.0118
2247.0000 2220.7195 3.5345 35.0107
2249.0000 2222.6858 3.5312 35.0104
2251.0000 2224.6521 3.5309 35.0104
2253.0000 2226.6182 3.5305 35.0103
2255.0000 2228.5842 3.5302 35.0103
2257.0000 2230.5505 3.5283 35.0101
2259.0000 2232.5164 3.5227 35.0095
2261.0000 2234.4827 3.5164 35.0090
2263.0000 2236.4487 3.5146 35.0087
2265.0000 2238.4146 3.5083 35.0079
2267.0000 2240.3809 3.5045 35.0076
2269.0000 2242.3472 3.5036 35.0075
2271.0000 2244.3132 3.5029 35.0075
2273.0000 2246.2791 3.5019 35.0074
2275.0000 2248.2449 3.4998 35.0073
2277.0000 2250.2112 3.4996 35.0073
2279.0000 2252.1770 3.4982 35.0070
2281.0000 2254.1426 3.4962 35.0068
2283.0000 2256.1089 3.4950 35.0067
2285.0000 2258.0747 3.4908 35.0061
2287.0000 2260.0405 3.4868 35.0057
2289.0000 2262.0066 3.4818 35.0052
2291.0000 2263.9724 3.4796 35.0050
2293.0000 2265.9380 3.4767 35.0046
2295.0000 2267.9041 3.4724 35.0039
2297.0000 2269.8699 3.4694 35.0037
2299.0000 2271.8357 3.4673 35.0034
2301.0000 2273.8013 3.4641 35.0031
2303.0000 2275.7673 3.4611 35.0026
2305.0000 2277.7329 3.4561 35.0023
2307.0000 2279.6982 3.4508 35.0020
2309.0000 2281.6641 3.4496 35.0020
2311.0000 2283.6299 3.4491 35.0020
2313.0000 2285.5955 3.4448 35.0014
2315.0000 2287.5610 3.4410 35.0011
2317.0000 2289.5266 3.4360 35.0008
2319.0000 2291.4924 3.4305 35.0007
2321.0000 2293.4578 3.4256 35.0006
2323.0000 2295.4236 3.4214 35.0001
2325.0000 2297.3889 3.4184 34.9999
2327.0000 2299.3545 3.4146 34.9998
2329.0000 2301.3201 3.4080 34.9990
2331.0000 2303.2856 3.4007 34.9984
2333.0000 2305.2512 3.3991 34.9980
2335.0000 2307.2166 3.3976 34.9980
2337.0000 2309.1819 3.3948 34.9977
2339.0000 2311.1475 3.3947 34.9977
2341.0000 2313.1128 3.3940 34.9977
2343.0000 2315.0781 3.3941 34.9976
2345.0000 2317.0435 3.3942 34.9976
2347.0000 2319.0088 3.3911 34.9972
2349.0000 2320.9741 3.3837 34.9966
2351.0000 2322.9392 3.3828 34.9967
2353.0000 2324.9048 3.3828 34.9968
2355.0000 2326.8699 3.3805 34.9965
2357.0000 2328.8352 3.3725 34.9952
2359.0000 2330.8003 3.3656 34.9946
2361.0000 2332.7656 3.3612 34.9941
2363.0000 2334.7307 3.3579 34.9938
2365.0000 2336.6960 3.3565 34.9937
2367.0000 2338.6614 3.3550 34.9937
2369.0000 2340.6262 3.3534 34.9935
2371.0000 2342.5913 3.3523 34.9934
2373.0000 2344.5566 3.3520 34.9934
2375.0000 2346.5217 3.3519 34.9934
2377.0000 2348.4868 3.3514 34.9933
2379.0000 2350.4519 3.3504 34.9934
2381.0000 2352.4170 3.3488 34.9936
2383.0000 2354.3818 3.3462 34.9935
2385.0000 2356.3469 3.3391 34.9930
2387.0000 2358.3120 3.3345 34.9924
2389.0000 2360.2769 3.3336 34.9925
2391.0000 2362.2419 3.3280 34.9916
2393.0000 2364.2068 3.3191 34.9908
2395.0000 2366.1719 3.3104 34.9902
2397.0000 2368.1365 3.3050 34.9897
2399.0000 2370.1016 3.3023 34.9894
2401.0000 2372.0664 3.2966 34.9888
2403.0000 2374.0310 3.2966 34.9890
2405.0000 2375.9958 3.2973 34.9890
2407.0000 2377.9607 3.2969 34.9893
2409.0000 2379.9255 3.2943 34.9889
2411.0000 2381.8901 3.2871 34.9883
2413.0000 2383.8550 3.2841 34.9882
2415.0000 2385.8198 3.2830 34.9881
2417.0000 2387.7844 3.2815 34.9879
2419.0000 2389.7495 3.2801 34.9879
2421.0000 2391.7141 3.2797 34.9878
2423.0000 2393.6787 3.2795 34.9878
2425.0000 2395.6433 3.2791 34.9878
2427.0000 2397.6079 3.2749 34.9872
2429.0000 2399.5728 3.2724 34.9871
2431.0000 2401.5371 3.2698 34.9865
2433.0000 2403.5017 3.2632 34.9860
2435.0000 2405.4663 3.2622 34.9859
2437.0000 2407.4309 3.2530 34.9848
2439.0000 2409.3953 3.2452 34.9843
2441.0000 2411.3596 3.2449 34.9842
2443.0000 2413.3245 3.2453 34.9842
2445.0000 2415.2886 3.2453 34.9842
2447.0000 2417.2529 3.2452 34.9843
2449.0000 2419.2178 3.2452 34.9843
2451.0000 2421.1819 3.2451 34.9843
2453.0000 2423.1462 3.2443 34.9841
2455.0000 2425.1108 3.2425 34.9839
2457.0000 2427.0754 3.2376 34.9830
2459.0000 2429.0393 3.2302 34.9825
2461.0000 2431.0039 3.2290 34.9823
2463.0000 2432.9683 3.2256 34.9819
2465.0000 2434.9324 3.2194 34.9811
2467.0000 2436.8965 3.2162 34.9808
2469.0000 2438.8611 3.2110 34.9800
2471.0000 2440.8252 3.2024 34.9793
2473.0000 2442.7893 3.2025 34.9792
2475.0000 2444.7534 3.2026 34.9794
2477.0000 2446.7178 3.2029 34.9794
2479.0000 2448.6816 3.2019 34.9793
2481.0000 2450.6460 3.1965 34.9787
2483.0000 2452.6104 3.1941 34.9785
2485.0000 2454.5745 3.1916 34.9782
2487.0000 2456.5383 3.1909 34.9782
2489.0000 2458.5024 3.1904 34.9781
2491.0000 2460.4666 3.1894 34.9780
2493.0000 2462.4304 3.1893 34.9780
2495.0000 2464.3945 3.1882 34.9780
2497.0000 2466.3584 3.1871 34.9777
2499.0000 2468.3225 3.1826 34.9773
2501.0000 2470.2864 3.1800 34.9771
2503.0000 2472.2505 3.1790 34.9769
2505.0000 2474.2146 3.1745 34.9765
2507.0000 2476.1782 3.1731 34.9764
2509.0000 2478.1421 3.1709 34.9761
2511.0000 2480.1060 3.1684 34.9760
2513.0000 2482.0701 3.1650 34.9757
2515.0000 2484.0337 3.1632 34.9755
2517.0000 2485.9973 3.1605 34.9752
2519.0000 2487.9612 3.1590 34.9752
2521.0000 2489.9250 3.1587 34.9751
2523.0000 2491.8889 3.1576 34.9751
2525.0000 2493.8525 3.1558 34.9750
2527.0000 2495.8162 3.1550 34.9751
2529.0000 2497.7800 3.1545 34.9749
2531.0000 2499.7437 3.1537 34.9747
2533.0000 2501.7075 3.1530 34.9746
2535.0000 2503.6711 3.1525 34.9746
2537.0000 2505.6348 3.1522 34.9746
2539.0000 2507.5984 3.1522 34.9745
2541.0000 2509.5618 3.1518 34.9745
2543.0000 2511.5254 3.1508 34.9744
2545.0000 2513.4890 3.1505 34.9744
2547.0000 2515.4526 3.1501 34.9743
2549.0000 2517.4163 3.1493 34.9742
2551.0000 2519.3799 3.1450 34.9737
2553.0000 2521.3433 3.1392 34.9731
2555.0000 2523.3066 3.1389 34.9734
2557.0000 2525.2700 3.1352 34.9729
2559.0000 2527.2334 3.1355 34.9730
2561.0000 2529.1970 3.1349 34.9728
2563.0000 2531.1604 3.1326 34.9726
2565.0000 2533.1238 3.1242 34.9718
2567.0000 2535.0872 3.1184 34.9713
2569.0000 2537.0503 3.1172 34.9713
2571.0000 2539.0137 3.1157 34.9710
2573.0000 2540.9771 3.1134 34.9709
2575.0000 2542.9407 3.1120 34.9709
2577.0000 2544.9036 3.1110 34.9708
2579.0000 2546.8669 3.1104 34.9706
2581.0000 2548.8303 3.1107 34.9706
2583.0000 2550.7932 3.1067 34.9703
2585.0000 2552.7568 3.1038 34.9701
2587.0000 2554.7200 3.1014 34.9698
2589.0000 2556.6829 3.0991 34.9696
2591.0000 2558.6460 3.0973 34.9695
2593.0000 2560.6094 3.0962 34.9694
2595.0000 2562.5725 3.0945 34.9693
2597.0000 2564.5356 3.0916 34.9690
2599.0000 2566.4985 3.0882 34.9686
2601.0000 2568.4619 3.0860 34.9685
2603.0000 2570.4246 3.0821 34.9680
2605.0000 2572.3875 3.0729 34.9673
2607.0000 2574.3508 3.0719 34.9672
2609.0000 2576.3140 3.0703 34.9671
2611.0000 2578.2766 3.0700 34.9671
2613.0000 2580.2395 3.0700 34.9672
2615.0000 2582.2029 3.0699 34.9671
2617.0000 2584.1655 3.0696 34.9671
2619.0000 2586.1284 3.0691 34.9671
2621.0000 2588.0913 3.0691 34.9671
2623.0000 2590.0542 3.0683 34.9669
2625.0000 2592.0171 3.0672 34.9669
2627.0000 2593.9800 3.0654 34.9666
2629.0000 2595.9429 3.0609 34.9662
2631.0000 2597.9055 3.0599 34.9661
2633.0000 2599.8682 3.0593 34.9660
2635.0000 2601.8313 3.0570 34.9658
2637.0000 2603.7939 3.0554 34.9656
2639.0000 2605.7566 3.0527 34.9653
2641.0000 2607.7190 3.0494 34.9651
2643.0000 2609.6821 3.0483 34.9649
2645.0000 2611.6445 3.0479 34.9649
2647.0000 2613.6074 3.0469 34.9649
2649.0000 2615.5698 3.0464 34.9651
2651.0000 2617.5327 3.0466 34.9653
2653.0000 2619.4951 3.0469 34.9654
2655.0000 2621.4578 3.0461 34.9654
2657.0000 2623.4204 3.0452 34.9653
2659.0000 2625.3828 3.0429 34.9651
2661.0000 2627.3455 3.0395 34.9648
2663.0000 2629.3079 3.0333 34.9643
2665.0000 2631.2703 3.0322 34.9642
2667.0000 2633.2329 3.0314 34.9643
2669.0000 2635.1953 3.0314 34.9642
2671.0000 2637.1577 3.0311 34.9641
2673.0000 2639.1201 3.0312 34.9642
2675.0000 2641.0825 3.0314 34.9642
2677.0000 2643.0452 3.0314 34.9641
2679.0000 2645.0073 3.0296 34.9640
2681.0000 2646.9697 3.0276 34.9638
2683.0000 2648.9321 3.0273 34.9638
2685.0000 2650.8945 3.0266 34.9637
2687.0000 2652.8564 3.0205 34.9629
2689.0000 2654.8191 3.0128 34.9624
2691.0000 2656.7812 3.0100 34.9621
2693.0000 2658.7432 3.0088 34.9621
2695.0000 2660.7056 3.0068 34.9619
2697.0000 2662.6680 3.0065 34.9618
2699.0000 2664.6304 3.0051 34.9618
2701.0000 2666.5923 3.0021 34.9615
2703.0000 2668.5544 2.9973 34.9609
2705.0000 2670.5166 2.9928 34.9604
2707.0000 2672.4785 2.9869 34.9600
2709.0000 2674.4407 2.9851 34.9598
2711.0000 2676.4031 2.9847 34.9598
2713.0000 2678.3647 2.9842 34.9598
2715.0000 2680.3269 2.9835 34.9596
2717.0000 2682.2893 2.9828 34.9596
2719.0000 2684.2512 2.9818 34.9595
2721.0000 2686.2129 2.9807 34.9594
2723.0000 2688.1748 2.9800 34.9592
2725.0000 2690.1372 2.9779 34.9591
2727.0000 2692.0989 2.9772 34.9589
2729.0000 2694.0608 2.9767 34.9589
2731.0000 2696.0229 2.9758 34.9588
2733.0000 2697.9849 2.9744 34.9586
2735.0000 2699.9463 2.9709 34.9582
2737.0000 2701.9084 2.9685 34.9580
2739.0000 2703.8704 2.9670 34.9579
2741.0000 2705.8318 2.9645 34.9574
2743.0000 2707.7939 2.9625 34.9573
2745.0000 2709.7556 2.9609 34.9571
2747.0000 2711.7175 2.9607 34.9572
2749.0000 2713.6792 2.9597 34.9571
2751.0000 2715.6409 2.9587 34.9570
2753.0000 2717.6025 2.9585 34.9570
2755.0000 2719.5642 2.9584 34.9569
2757.0000 2721.5259 2.9574 34.9567
2759.0000 2723.4875 2.9570 34.9568
2761.0000 2725.4495 2.9572 34.9567
2763.0000 2727.4109 2.9573 34.9568
2765.0000 2729.3723 2.9571 34.9567
2767.0000 2731.3342 2.9568 34.9567
2769.0000 2733.2957 2.9560 34.9566
2771.0000 2735.2571 2.9549 34.9563
2773.0000 2737.2188 2.9504 34.9559
2775.0000 2739.1802 2.9472 34.9556
2777.0000 2741.1416 2.9456 34.9554
2779.0000 2743.1033 2.9423 34.9551
2781.0000 2745.0647 2.9418 34.9551
2783.0000 2747.0259 2.9419 34.9551
2785.0000 2748.9875 2.9417 34.9551
2787.0000 2750.9490 2.9415 34.9550
2789.0000 2752.9104 2.9402 34.9548
2791.0000 2754.8716 2.9389 34.9548
2793.0000 2756.8330 2.9382 34.9546
2795.0000 2758.7944 2.9374 34.9546
2797.0000 2760.7556 2.9373 34.9546
2799.0000 2762.7168 2.9351 34.9544
2801.0000 2764.6785 2.9334 34.9542
2803.0000 2766.6394 2.9327 34.9540
2805.0000 2768.6008 2.9324 34.9541
2807.0000 2770.5620 2.9319 34.9540
2809.0000 2772.5234 2.9311 34.9541
2811.0000 2774.4844 2.9303 34.9539
2813.0000 2776.4456 2.9287 34.9537
2815.0000 2778.4067 2.9279 34.9536
2817.0000 2780.3679 2.9257 34.9534
2819.0000 2782.3289 2.9214 34.9529
2821.0000 2784.2903 2.9180 34.9526
2823.0000 2786.2512 2.9151 34.9524
2825.0000 2788.2122 2.9138 34.9523
2827.0000 2790.1733 2.9135 34.9523
2829.0000 2792.1343 2.9125 34.9521
2831.0000 2794.0955 2.9121 34.9520
2833.0000 2796.0564 2.9100 34.9519
2835.0000 2798.0173 2.9085 34.9517
2837.0000 2799.9785 2.9073 34.9517
2839.0000 2801.9392 2.9065 34.9516
2841.0000 2803.9004 2.9062 34.9515
2843.0000 2805.8613 2.9055 34.9515
2845.0000 2807.8220 2.9050 34.9514
2847.0000 2809.7830 2.9039 34.9512
2849.0000 2811.7437 2.9032 34.9513
2851.0000 2813.7046 2.9026 34.9513
2853.0000 2815.6653 2.9025 34.9511
2855.0000 2817.6265 2.9030 34.9510
2857.0000 2819.5872 2.9022 34.9511
2859.0000 2821.5476 2.9015 34.9510
2861.0000 2823.5088 2.9012 34.9509
2863.0000 2825.4692 2.9010 34.9511
2865.0000 2827.4299 2.9000 34.9508
2867.0000 2829.3906 2.8988 34.9507
2869.0000 2831.3516 2.8983 34.9506
2871.0000 2833.3123 2.8974 34.9505
2873.0000 2835.2727 2.8967 34.9506
2875.0000 2837.2334 2.8952 34.9503
2877.0000 2839.1941 2.8934 34.9502
2879.0000 2841.1543 2.8876 34.9495
2881.0000 2843.1150 2.8845 34.9493
2883.0000 2845.0757 2.8838 34.9493
2885.0000 2847.0361 2.8831 34.9492
2887.0000 2848.9968 2.8806 34.9490
2889.0000 2850.9573 2.8790 34.9489
2891.0000 2852.9180 2.8788 34.9488
2893.0000 2854.8779 2.8786 34.9489
2895.0000 2856.8384 2.8784 34.9488
2897.0000 2858.7991 2.8781 34.9488
2899.0000 2860.7595 2.8772 34.9487
2901.0000 2862.7197 2.8759 34.9486
2903.0000 2864.6802 2.8718 34.9480
2905.0000 2866.6406 2.8659 34.9476
2907.0000 2868.6008 2.8651 34.9476
2909.0000 2870.5613 2.8636 34.9474
2911.0000 2872.5217 2.8613 34.9472
2913.0000 2874.4819 2.8608 34.9471
2915.0000 2876.4421 2.8599 34.9471
2917.0000 2878.4026 2.8590 34.9469
2919.0000 2880.3625 2.8582 34.9469
2921.0000 2882.3228 2.8560 34.9466
2923.0000 2884.2832 2.8536 34.9464
2925.0000 2886.2437 2.8527 34.9464
2927.0000 2888.2034 2.8512 34.9462
2929.0000 2890.1636 2.8505 34.9461
2931.0000 2892.1235 2.8500 34.9461
2933.0000 2894.0842 2.8496 34.9461
2935.0000 2896.0439 2.8485 34.9460
2937.0000 2898.0042 2.8474 34.9458
2939.0000 2899.9641 2.8465 34.9458
2941.0000 2901.9241 2.8462 34.9457
2943.0000 2903.8840 2.8461 34.9457
2945.0000 2905.8442 2.8461 34.9457
2947.0000 2907.8042 2.8451 34.9455
2949.0000 2909.7642 2.8440 34.9454
2951.0000 2911.7239 2.8436 34.9453
2953.0000 2913.6843 2.8413 34.9451
2955.0000 2915.6438 2.8384 34.9449
2957.0000 2917.6038 2.8365 34.9447
2959.0000 2919.5637 2.8354 34.9447
2961.0000 2921.5237 2.8362 34.9446
2963.0000 2923.4834 2.8366 34.9447
2965.0000 2925.4434 2.8344 34.9444
2967.0000 2927.4031 2.8329 34.9444
2969.0000 2929.3628 2.8318 34.9443
2971.0000 2931.3225 2.8310 34.9442
2973.0000 2933.2825 2.8308 34.9441
2975.0000 2935.2419 2.8302 34.9441
2977.0000 2937.2019 2.8297 34.9439
2979.0000 2939.1614 2.8294 34.9440
2981.0000 2941.1213 2.8292 34.9440
2983.0000 2943.0806 2.8288 34.9439
2985.0000 2945.0405 2.8275 34.9437
2987.0000 2947.0002 2.8269 34.9436
2989.0000 2948.9597 2.8252 34.9434
2991.0000 2950.9194 2.8231 34.9433
2993.0000 2952.8789 2.8226 34.9433
2995.0000 2954.8389 2.8231 34.9433
2997.0000 2956.7979 2.8219 34.9432
2999.0000 2958.7578 2.8189 34.9428
3001.0000 2960.7173 2.8149 34.9425
3003.0000 2962.6765 2.8129 34.9423
3005.0000 2964.6360 2.8107 34.9422
3007.0000 2966.5957 2.8094 34.9421
3009.0000 2968.5552 2.8094 34.9421
3011.0000 2970.5144 2.8088 34.9420
3013.0000 2972.4741 2.8080 34.9420
3015.0000 2974.4333 2.8078 34.9419
3017.0000 2976.3926 2.8066 34.9418
3019.0000 2978.3518 2.8052 34.9417
3021.0000 2980.3115 2.8036 34.9416
3023.0000 2982.2710 2.8027 34.9415
3025.0000 2984.2297 2.8021 34.9413
3027.0000 2986.1892 2.8008 34.9412
3029.0000 2988.1484 2.7992 34.9411
3031.0000 2990.1077 2.7983 34.9410
3033.0000 2992.0669 2.7973 34.9409
3035.0000 2994.0261 2.7962 34.9408
3037.0000 2995.9854 2.7961 34.9408
3039.0000 2997.9443 2.7962 34.9408
3041.0000 2999.9038 2.7960 34.9408
3043.0000 3001.8628 2.7945 34.9406
3045.0000 3003.8220 2.7939 34.9406
3047.0000 3005.7812 2.7932 34.9405
3049.0000 3007.7402 2.7922 34.9404
3051.0000 3009.6990 2.7901 34.9401
3053.0000 3011.6582 2.7881 34.9400
3055.0000 3013.6172 2.7876 34.9399
3057.0000 3015.5764 2.7878 34.9398
3059.0000 3017.5352 2.7848 34.9397
3061.0000 3019.4944 2.7825 34.9394
3063.0000 3021.4534 2.7804 34.9393
3065.0000 3023.4121 2.7797 34.9391
3067.0000 3025.3711 2.7778 34.9390
3069.0000 3027.3301 2.7767 34.9389
3071.0000 3029.2893 2.7738 34.9385
3073.0000 3031.2478 2.7722 34.9385
3075.0000 3033.2068 2.7719 34.9384
3077.0000 3035.1658 2.7715 34.9384
3079.0000 3037.1243 2.7712 34.9383
3081.0000 3039.0833 2.7713 34.9383
3083.0000 3041.0422 2.7715 34.9383
3085.0000 3043.0007 2.7714 34.9383
3087.0000 3044.9595 2.7697 34.9381
3089.0000 3046.9182 2.7676 34.9379
3091.0000 3048.8772 2.7671 34.9378
3093.0000 3050.8357 2.7671 34.9379
3095.0000 3052.7942 2.7675 34.9379
3097.0000 3054.7529 2.7677 34.9378
3099.0000 3056.7119 2.7673 34.9379
3101.0000 3058.6702 2.7655 34.9377
3103.0000 3060.6289 2.7633 34.9375
3105.0000 3062.5876 2.7617 34.9373
3107.0000 3064.5459 2.7605 34.9372
3109.0000 3066.5046 2.7598 34.9372
3111.0000 3068.4634 2.7598 34.9372
3113.0000 3070.4214 2.7593 34.9371
3115.0000 3072.3804 2.7569 34.9368
3117.0000 3074.3386 2.7542 34.9366
3119.0000 3076.2971 2.7536 34.9365
3121.0000 3078.2556 2.7532 34.9365
3123.0000 3080.2139 2.7529 34.9365
3125.0000 3082.1724 2.7529 34.9366
3127.0000 3084.1309 2.7529 34.9364
3129.0000 3086.0891 2.7529 34.9364
3131.0000 3088.0476 2.7528 34.9364
3133.0000 3090.0061 2.7521 34.9364
3135.0000 3091.9641 2.7516 34.9363
3137.0000 3093.9226 2.7483 34.9360
3139.0000 3095.8809 2.7477 34.9360
3141.0000 3097.8394 2.7477 34.9359
3143.0000 3099.7974 2.7473 34.9358
3145.0000 3101.7559 2.7449 34.9356
3147.0000 3103.7141 2.7431 34.9355
3149.0000 3105.6721 2.7423 34.9354
3151.0000 3107.6304 2.7421 34.9354
3153.0000 3109.5889 2.7418 34.9353
3155.0000 3111.5464 2.7414 34.9352
3157.0000 3113.5049 2.7396 34.9352
3159.0000 3115.4629 2.7383 34.9350
3161.0000 3117.4209 2.7371 34.9349
3163.0000 3119.3792 2.7350 34.9346
3165.0000 3121.3372 2.7334 34.9345
3167.0000 3123.2952 2.7310 34.9344
3169.0000 3125.2529 2.7301 34.9343
3171.0000 3127.2112 2.7289 34.9342
3173.0000 3129.1694 2.7283 34.9341
3175.0000 3131.1270 2.7275 34.9341
3177.0000 3133.0852 2.7265 34.9342
3179.0000 3135.0432 2.7258 34.9339
3181.0000 3137.0010 2.7250 34.9339
3183.0000 3138.9587 2.7230 34.9336
3185.0000 3140.9170 2.7206 34.9335
3187.0000 3142.8750 2.7175 34.9331
3189.0000 3144.8323 2.7156 34.9330
3191.0000 3146.7903 2.7130 34.9328
3193.0000 3148.7483 2.7126 34.9328
3195.0000 3150.7061 2.7115 34.9326
3197.0000 3152.6638 2.7080 34.9322
3199.0000 3154.6216 2.7018 34.9319
3201.0000 3156.5796 2.7018 34.9318
3203.0000 3158.5369 2.7020 34.9319
3205.0000 3160.4949 2.7023 34.9318
3207.0000 3162.4526 2.7018 34.9318
3209.0000 3164.4106 2.7015 34.9318
3211.0000 3166.3677 2.7009 34.9316
3213.0000 3168.3254 2.7000 34.9315
3215.0000 3170.2832 2.6995 34.9316
3217.0000 3172.2407 2.6988 34.9315
3219.0000 3174.1982 2.6984 34.9315
3221.0000 3176.1560 2.6988 34.9313
3223.0000 3178.1138 2.6948 34.9310
3225.0000 3180.0710 2.6918 34.9307
3227.0000 3182.0283 2.6906 34.9306
3229.0000 3183.9861 2.6898 34.9305
3231.0000 3185.9436 2.6892 34.9304
3233.0000 3187.9011 2.6891 34.9304
3235.0000 3189.8584 2.6889 34.9304
3237.0000 3191.8157 2.6877 34.9303
3239.0000 3193.7732 2.6822 34.9296
3241.0000 3195.7307 2.6800 34.9295
3243.0000 3197.6880 2.6762 34.9291
3245.0000 3199.6453 2.6742 34.9290
3247.0000 3201.6028 2.6739 34.9290
3249.0000 3203.5603 2.6728 34.9288
3251.0000 3205.5171 2.6714 34.9288
3253.0000 3207.4746 2.6671 34.9284
3255.0000 3209.4321 2.6658 34.9284
3257.0000 3211.3894 2.6659 34.9283
3259.0000 3213.3464 2.6654 34.9282
3261.0000 3215.3035 2.6647 34.9282
3263.0000 3217.2610 2.6642 34.9281
3265.0000 3219.2178 2.6639 34.9281
3267.0000 3221.1753 2.6636 34.9281
3269.0000 3223.1326 2.6634 34.9280
3271.0000 3225.0896 2.6633 34.9280
3273.0000 3227.0464 2.6626 34.9279
3275.0000 3229.0039 2.6621 34.9279
3277.0000 3230.9609 2.6618 34.9278
3279.0000 3232.9180 2.6616 34.9278
3281.0000 3234.8750 2.6608 34.9277
3283.0000 3236.8320 2.6589 34.9275
3285.0000 3238.7891 2.6564 34.9272
3287.0000 3240.7458 2.6553 34.9271
3289.0000 3242.7031 2.6546 34.9269
3291.0000 3244.6599 2.6521 34.9267
3293.0000 3246.6167 2.6509 34.9266
3295.0000 3248.5737 2.6494 34.9264
3297.0000 3250.5308 2.6473 34.9263
3299.0000 3252.4875 2.6471 34.9261
3301.0000 3254.4443 2.6470 34.9262
3303.0000 3256.4014 2.6470 34.9262
3305.0000 3258.3584 2.6469 34.9262
3307.0000 3260.3149 2.6468 34.9263
3309.0000 3262.2720 2.6467 34.9262
3311.0000 3264.2288 2.6462 34.9262
3313.0000 3266.1853 2.6460 34.9262
3315.0000 3268.1418 2.6462 34.9261
3317.0000 3270.0989 2.6459 34.9261
3319.0000 3272.0557 2.6457 34.9260
3321.0000 3274.0122 2.6458 34.9260
3323.0000 3275.9690 2.6459 34.9260
3325.0000 3277.9255 2.6449 34.9259
3327.0000 3279.8821 2.6441 34.9258
3329.0000 3281.8389 2.6441 34.9257
3331.0000 3283.7957 2.6436 34.9258
3333.0000 3285.7522 2.6429 34.9256
3335.0000 3287.7087 2.6426 34.9255
3337.0000 3289.6650 2.6409 34.9254
3339.0000 3291.6218 2.6403 34.9253
3341.0000 3293.5781 2.6408 34.9253
3343.0000 3295.5347 2.6399 34.9252
3345.0000 3297.4915 2.6377 34.9250
3347.0000 3299.4480 2.6373 34.9249
3349.0000 3301.4043 2.6374 34.9249
3351.0000 3303.3606 2.6373 34.9250
3353.0000 3305.3171 2.6375 34.9249
3355.0000 3307.2732 2.6372 34.9247
3357.0000 3309.2297 2.6351 34.9247
3359.0000 3311.1863 2.6341 34.9245
3361.0000 3313.1428 2.6331 34.9244
3363.0000 3315.0989 2.6333 34.9245
3365.0000 3317.0554 2.6333 34.9245
3367.0000 3319.0115 2.6334 34.9243
3369.0000 3320.9675 2.6335 34.9244
3371.0000 3322.9241 2.6327 34.9244
3373.0000 3324.8804 2.6324 34.9243
3375.0000 3326.8364 2.6314 34.9242
3377.0000 3328.7927 2.6295 34.9239
3379.0000 3330.7490 2.6266 34.9237
3381.0000 3332.7053 2.6259 34.9236
3383.0000 3334.6611 2.6246 34.9234
3385.0000 3336.6174 2.6240 34.9235
3387.0000 3338.5735 2.6238 34.9235
3389.0000 3340.5293 2.6238 34.9235
3391.0000 3342.4856 2.6238 34.9233
3393.0000 3344.4417 2.6231 34.9233
3395.0000 3346.3979 2.6226 34.9232
3397.0000 3348.3540 2.6213 34.9230
3399.0000 3350.3098 2.6183 34.9228
3401.0000 3352.2661 2.6182 34.9227
3403.0000 3354.2217 2.6165 34.9225
3405.0000 3356.1775 2.6160 34.9225
3407.0000 3358.1338 2.6153 34.9225
3409.0000 3360.0896 2.6146 34.9224
3411.0000 3362.0452 2.6141 34.9222
3413.0000 3364.0015 2.6136 34.9222
3415.0000 3365.9575 2.6124 34.9221
3417.0000 3367.9128 2.6101 34.9220
3419.0000 3369.8691 2.6097 34.9219
3421.0000 3371.8252 2.6094 34.9218
3423.0000 3373.7810 2.6087 34.9218
3425.0000 3375.7366 2.6082 34.9217
3427.0000 3377.6924 2.6082 34.9216
3429.0000 3379.6479 2.6082 34.9217
3431.0000 3381.6033 2.6074 34.9216
3433.0000 3383.5593 2.6061 34.9214
3435.0000 3385.5151 2.6051 34.9213
3437.0000 3387.4707 2.6049 34.9212
3439.0000 3389.4265 2.6050 34.9212
3441.0000 3391.3821 2.6040 34.9211
3443.0000 3393.3379 2.6032 34.9210
3445.0000 3395.2935 2.6022 34.9210
3447.0000 3397.2488 2.6009 34.9208
3449.0000 3399.2046 2.5999 34.9206
3451.0000 3401.1602 2.5990 34.9205
3453.0000 3403.1157 2.5970 34.9203
3455.0000 3405.0715 2.5958 34.9201
3457.0000 3407.0271 2.5952 34.9202
3459.0000 3408.9822 2.5943 34.9200
3461.0000 3410.9380 2.5925 34.9198
3463.0000 3412.8933 2.5917 34.9198
3465.0000 3414.8486 2.5905 34.9196
3467.0000 3416.8040 2.5900 34.9195
3469.0000 3418.7595 2.5881 34.9193
3471.0000 3420.7148 2.5868 34.9192
3473.0000 3422.6699 2.5864 34.9193
3475.0000 3424.6255 2.5856 34.9191
3477.0000 3426.5808 2.5855 34.9191
3479.0000 3428.5361 2.5854 34.9190
3481.0000 3430.4915 2.5850 34.9189
3483.0000 3432.4470 2.5827 34.9186
3485.0000 3434.4021 2.5798 34.9183
3487.0000 3436.3572 2.5775 34.9181
3489.0000 3438.3125 2.5768 34.9181
3491.0000 3440.2676 2.5761 34.9181
3493.0000 3442.2227 2.5750 34.9179
3495.0000 3444.1782 2.5726 34.9177
3497.0000 3446.1333 2.5720 34.9176
3499.0000 3448.0884 2.5711 34.9175
3501.0000 3450.0432 2.5702 34.9174
3503.0000 3451.9988 2.5695 34.9173
3505.0000 3453.9539 2.5684 34.9172
3507.0000 3455.9084 2.5682 34.9174
3509.0000 3457.8640 2.5683 34.9172
3511.0000 3459.8191 2.5666 34.9169
3513.0000 3461.7737 2.5658 34.9169
3515.0000 3463.7288 2.5652 34.9167
3517.0000 3465.6838 2.5641 34.9166
3519.0000 3467.6387 2.5636 34.9166
3521.0000 3469.5940 2.5635 34.9166
3523.0000 3471.5488 2.5626 34.9165
3525.0000 3473.5034 2.5617 34.9165
3527.0000 3475.4583 2.5618 34.9164
3529.0000 3477.4133 2.5602 34.9163
3531.0000 3479.3684 2.5600 34.9162
3533.0000 3481.3232 2.5588 34.9161
3535.0000 3483.2781 2.5574 34.9159
3537.0000 3485.2327 2.5562 34.9158
3539.0000 3487.1877 2.5556 34.9156
3541.0000 3489.1423 2.5547 34.9154
3543.0000 3491.0969 2.5544 34.9154
3545.0000 3493.0520 2.5530 34.9152
3547.0000 3495.0071 2.5527 34.9152
3549.0000 3496.9612 2.5522 34.9152
3551.0000 3498.9163 2.5507 34.9150
3553.0000 3500.8708 2.5489 34.9148
3555.0000 3502.8252 2.5465 34.9146
3557.0000 3504.7803 2.5467 34.9147
3559.0000 3506.7349 2.5453 34.9145
3561.0000 3508.6892 2.5431 34.9143
3563.0000 3510.6438 2.5423 34.9142
3565.0000 3512.5984 2.5421 34.9141
3567.0000 3514.5530 2.5421 34.9142
3569.0000 3516.5073 2.5412 34.9140
3571.0000 3518.4619 2.5408 34.9140
3573.0000 3520.4165 2.5404 34.9139
3575.0000 3522.3708 2.5397 34.9139
3577.0000 3524.3254 2.5394 34.9137
3579.0000 3526.2800 2.5392 34.9137
3581.0000 3528.2341 2.5393 34.9137
3583.0000 3530.1885 2.5397 34.9138
3585.0000 3532.1431 2.5398 34.9137
3587.0000 3534.0977 2.5398 34.9137
3589.0000 3536.0520 2.5397 34.9136
3591.0000 3538.0061 2.5397 34.9137
3593.0000 3539.9607 2.5372 34.9134
3595.0000 3541.9150 2.5373 34.9135
3597.0000 3543.8691 2.5378 34.9136
3599.0000 3545.8235 2.5377 34.9135
3601.0000 3547.7776 2.5364 34.9132
3603.0000 3549.7319 2.5345 34.9131
3605.0000 3551.6860 2.5336 34.9130
3607.0000 3553.6401 2.5326 34.9129
3609.0000 3555.5945 2.5318 34.9128
3611.0000 3557.5486 2.5320 34.9128
3613.0000 3559.5029 2.5320 34.9128
3615.0000 3561.4570 2.5316 34.9128
3617.0000 3563.4109 2.5318 34.9127
3619.0000 3565.3652 2.5320 34.9126
3621.0000 3567.3193 2.5305 34.9125
3623.0000 3569.2734 2.5292 34.9123
3625.0000 3571.2273 2.5282 34.9122
3627.0000 3573.1816 2.5256 34.9120
3629.0000 3575.1353 2.5248 34.9118
3631.0000 3577.0896 2.5246 34.9118
3633.0000 3579.0435 2.5232 34.9117
3635.0000 3580.9976 2.5213 34.9115
3637.0000 3582.9514 2.5203 34.9114
3639.0000 3584.9053 2.5198 34.9114
3641.0000 3586.8594 2.5190 34.9112
3643.0000 3588.8132 2.5178 34.9110
3645.0000 3590.7666 2.5177 34.9111
3647.0000 3592.7207 2.5157 34.9108
3649.0000 3594.6750 2.5140 34.9105
3651.0000 3596.6284 2.5128 34.9106
3653.0000 3598.5823 2.5107 34.9104
3655.0000 3600.5359 2.5098 34.9102
3657.0000 3602.4902 2.5097 34.9102
3659.0000 3604.4436 2.5094 34.9101
3661.0000 3606.3975 2.5088 34.9101
3663.0000 3608.3511 2.5076 34.9100
3665.0000 3610.3044 2.5075 34.9100
3667.0000 3612.2583 2.5074 34.9100
3669.0000 3614.2122 2.5076 34.9099
3671.0000 3616.1658 2.5078 34.9100
3673.0000 3618.1194 2.5052 34.9096
3675.0000 3620.0730 2.5033 34.9094
3677.0000 3622.0269 2.5034 34.9095
3679.0000 3623.9802 2.5036 34.9095
3681.0000 3625.9336 2.5033 34.9094
3683.0000 3627.8875 2.5034 34.9095
3685.0000 3629.8408 2.5036 34.9095
3687.0000 3631.7942 2.5036 34.9094
3689.0000 3633.7476 2.5023 34.9092
3691.0000 3635.7017 2.4999 34.9090
3693.0000 3637.6548 2.4990 34.9089
3695.0000 3639.6082 2.4984 34.9088
3697.0000 3641.5618 2.4982 34.9087
3699.0000 3643.5149 2.4981 34.9087
3701.0000 3645.4683 2.4973 34.9086
3703.0000 3647.4221 2.4968 34.9085
3705.0000 3649.3755 2.4964 34.9085
3707.0000 3651.3284 2.4961 34.9084
3709.0000 3653.2817 2.4961 34.9084
3711.0000 3655.2351 2.4963 34.9085
3713.0000 3657.1880 2.4962 34.9085
3715.0000 3659.1418 2.4953 34.9083
3717.0000 3661.0952 2.4944 34.9082
3719.0000 3663.0481 2.4934 34.9081
3721.0000 3665.0012 2.4931 34.9081
3723.0000 3666.9546 2.4933 34.9081
3725.0000 3668.9080 2.4934 34.9081
3727.0000 3670.8608 2.4931 34.9081
3729.0000 3672.8142 2.4928 34.9080
3731.0000 3674.7671 2.4930 34.9080
3733.0000 3676.7205 2.4931 34.9081
3735.0000 3678.6736 2.4931 34.9080
3737.0000 3680.6265 2.4935 34.9081
3739.0000 3682.5798 2.4936 34.9081
3741.0000 3684.5325 2.4934 34.9081
3743.0000 3686.4854 2.4930 34.9079
3745.0000 3688.4387 2.4930 34.9079
3747.0000 3690.3921 2.4928 34.9079
3749.0000 3692.3447 2.4919 34.9078
3751.0000 3694.2976 2.4908 34.9076
3753.0000 3696.2505 2.4895 34.9076
3755.0000 3698.2036 2.4889 34.9074
3757.0000 3700.1565 2.4888 34.9074
3759.0000 3702.1094 2.4884 34.9075
3761.0000 3704.0620 2.4887 34.9074
3763.0000 3706.0149 2.4888 34.9074
3765.0000 3707.9678 2.4884 34.9073
3767.0000 3709.9209 2.4889 34.9071
3769.0000 3711.8733 2.4878 34.9072
3771.0000 3713.8259 2.4870 34.9072
3773.0000 3715.7793 2.4867 34.9071
3775.0000 3717.7314 2.4864 34.9070
3777.0000 3719.6843 2.4862 34.9069
3779.0000 3721.6370 2.4855 34.9069
3781.0000 3723.5901 2.4858 34.9069
3783.0000 3725.5425 2.4858 34.9069
3785.0000 3727.4954 2.4851 34.9068
3787.0000 3729.4478 2.4851 34.9069
3789.0000 3731.4004 2.4852 34.9068
3791.0000 3733.3530 2.4854 34.9068
3793.0000 3735.3059 2.4853 34.9067
3795.0000 3737.2583 2.4848 34.9067
3797.0000 3739.2109 2.4840 34.9065
3799.0000 3741.1636 2.4823 34.9064
3801.0000 3743.1160 2.4820 34.9063
3803.0000 3745.0681 2.4817 34.9063
3805.0000 3747.0210 2.4816 34.9063
3807.0000 3748.9736 2.4816 34.9062
3809.0000 3750.9260 2.4814 34.9061
3811.0000 3752.8779 2.4813 34.9062
3813.0000 3754.8308 2.4807 34.9061
3815.0000 3756.7832 2.4813 34.9059
3817.0000 3758.7351 2.4797 34.9059
3819.0000 3760.6875 2.4784 34.9059
3821.0000 3762.6406 2.4781 34.9059
3823.0000 3764.5923 2.4777 34.9056
3825.0000 3766.5447 2.4775 34.9056
3827.0000 3768.4973 2.4773 34.9056
3829.0000 3770.4497 2.4770 34.9056
3831.0000 3772.4016 2.4763 34.9055
3833.0000 3774.3538 2.4760 34.9054
3835.0000 3776.3062 2.4753 34.9054
3837.0000 3778.2583 2.4745 34.9052
3839.0000 3780.2104 2.4739 34.9051
3841.0000 3782.1628 2.4738 34.9051
3843.0000 3784.1150 2.4733 34.9052
3845.0000 3786.0669 2.4730 34.9051
3847.0000 3788.0188 2.4729 34.9050
3849.0000 3789.9714 2.4727 34.9049
3851.0000 3791.9231 2.4727 34.9049
3853.0000 3793.8752 2.4728 34.9049
3855.0000 3795.8276 2.4723 34.9048
3857.0000 3797.7798 2.4714 34.9048
3859.0000 3799.7317 2.4713 34.9047
3861.0000 3801.6836 2.4710 34.9047
3863.0000 3803.6357 2.4700 34.9045
3865.0000 3805.5874 2.4711 34.9045
3867.0000 3807.5396 2.4701 34.9046
3869.0000 3809.4917 2.4704 34.9045
3871.0000 3811.4434 2.4701 34.9046
3873.0000 3813.3950 2.4702 34.9044
3875.0000 3815.3472 2.4697 34.9043
3877.0000 3817.2993 2.4695 34.9043
3879.0000 3819.2507 2.4694 34.9043
3881.0000 3821.2026 2.4694 34.9043
3883.0000 3823.1545 2.4696 34.9043
3885.0000 3825.1064 2.4699 34.9044
3887.0000 3827.0583 2.4696 34.9042
3889.0000 3829.0100 2.4696 34.9041
3891.0000 3830.9617 2.4694 34.9041
3893.0000 3832.9133 2.4676 34.9038
3895.0000 3834.8650 2.4660 34.9039
3897.0000 3836.8167 2.4662 34.9038
3899.0000 3838.7686 2.4659 34.9037
3901.0000 3840.7202 2.4653 34.9036
3903.0000 3842.6719 2.4629 34.9034
3905.0000 3844.6235 2.4629 34.9034
3907.0000 3846.5747 2.4630 34.9033
3909.0000 3848.5264 2.4628 34.9032
3911.0000 3850.4785 2.4620 34.9032
3913.0000 3852.4294 2.4610 34.9031
3915.0000 3854.3816 2.4596 34.9029
3917.0000 3856.3328 2.4588 34.9028
3919.0000 3858.2844 2.4588 34.9027
3921.0000 3860.2358 2.4587 34.9027
3923.0000 3862.1875 2.4590 34.9028
3925.0000 3864.1387 2.4589 34.9028
3927.0000 3866.0901 2.4586 34.9026
3929.0000 3868.0417 2.4582 34.9026
3931.0000 3869.9929 2.4576 34.9026
3933.0000 3871.9446 2.4571 34.9024
3935.0000 3873.8955 2.4558 34.9023
3937.0000 3875.8472 2.4545 34.9021
3939.0000 3877.7986 2.4507 34.9016
3941.0000 3879.7495 2.4492 34.9015
3943.0000 3881.7012 2.4489 34.9015
3945.0000 3883.6523 2.4481 34.9014
3947.0000 3885.6038 2.4473 34.9013
3949.0000 3887.5549 2.4474 34.9013
3951.0000 3889.5061 2.4476 34.9014
3953.0000 3891.4575 2.4477 34.9014
3955.0000 3893.4084 2.4469 34.9013
3957.0000 3895.3596 2.4460 34.9010
3959.0000 3897.3108 2.4458 34.9011
3961.0000 3899.2617 2.4456 34.9011
3963.0000 3901.2134 2.4453 34.9010
3965.0000 3903.1643 2.4452 34.9009
3967.0000 3905.1155 2.4449 34.9008
3969.0000 3907.0664 2.4450 34.9009
3971.0000 3909.0173 2.4450 34.9009
3973.0000 3910.9690 2.4442 34.9007
3975.0000 3912.9194 2.4442 34.9006
3977.0000 3914.8704 2.4435 34.9006
3979.0000 3916.8215 2.4430 34.9006
3981.0000 3918.7727 2.4425 34.9005
3983.0000 3920.7236 2.4418 34.9005
3985.0000 3922.6746 2.4417 34.9004
3987.0000 3924.6255 2.4411 34.9003
3989.0000 3926.5762 2.4408 34.9002
3991.0000 3928.5271 2.4403 34.9000
3993.0000 3930.4783 2.4398 34.9000
3995.0000 3932.4292 2.4388 34.8999
3997.0000 3934.3796 2.4383 34.8999
3999.0000 3936.3306 2.4382 34.8998
4001.0000 3938.2812 2.4376 34.8997
4003.0000 3940.2322 2.4368 34.8996
4005.0000 3942.1826 2.4358 34.8996
4007.0000 3944.1340 2.4352 34.8995
4009.0000 3946.0845 2.4348 34.8995
4011.0000 3948.0352 2.4350 34.8994
4013.0000 3949.9856 2.4351 34.8993
4015.0000 3951.9365 2.4346 34.8993
4017.0000 3953.8870 2.4334 34.8991
4019.0000 3955.8379 2.4323 34.8990
4021.0000 3957.7886 2.4309 34.8989
4023.0000 3959.7388 2.4301 34.8988
4025.0000 3961.6895 2.4303 34.8989
4027.0000 3963.6404 2.4302 34.8987
4029.0000 3965.5913 2.4305 34.8986
4031.0000 3967.5413 2.4282 34.8984
4033.0000 3969.4922 2.4281 34.8984
4035.0000 3971.4426 2.4278 34.8985
4037.0000 3973.3926 2.4278 34.8984
4039.0000 3975.3435 2.4281 34.8985
4041.0000 3977.2939 2.4281 34.8984
4043.0000 3979.2446 2.4277 34.8984
4045.0000 3981.1943 2.4277 34.8984
4047.0000 3983.1453 2.4276 34.8983
4049.0000 3985.0957 2.4272 34.8982
4051.0000 3987.0461 2.4272 34.8982
4053.0000 3988.9961 2.4270 34.8981
4055.0000 3990.9468 2.4263 34.8981
4057.0000 3992.8970 2.4255 34.8979
4059.0000 3994.8474 2.4255 34.8979
4061.0000 3996.7974 2.4252 34.8979
4063.0000 3998.7483 2.4251 34.8979
4065.0000 4000.6978 2.4250 34.8978
4067.0000 4002.6482 2.4250 34.8978
4069.0000 4004.5986 2.4253 34.8979
4071.0000 4006.5491 2.4251 34.8978
4073.0000 4008.4988 2.4249 34.8977
4075.0000 4010.4492 2.4250 34.8977
4077.0000 4012.3992 2.4247 34.8977
4079.0000 4014.3496 2.4243 34.8975
4081.0000 4016.2996 2.4243 34.8976
4083.0000 4018.2500 2.4239 34.8975
4085.0000 4020.1997 2.4234 34.8974
4087.0000 4022.1497 2.4234 34.8974
4089.0000 4024.0996 2.4232 34.8973
4091.0000 4026.0500 2.4232 34.8974
4093.0000 4027.9998 2.4233 34.8973
4095.0000 4029.9502 2.4235 34.8973
4097.0000 4031.8997 2.4234 34.8973
4099.0000 4033.8499 2.4228 34.8972
4101.0000 4035.7998 2.4225 34.8971
4103.0000 4037.7498 2.4228 34.8972
4105.0000 4039.6997 2.4231 34.8972
4107.0000 4041.6494 2.4230 34.8972
4109.0000 4043.5994 2.4227 34.8970
4111.0000 4045.5493 2.4223 34.8971
4113.0000 4047.4985 2.4224 34.8970
4115.0000 4049.4490 2.4222 34.8970
4117.0000 4051.3987 2.4222 34.8970
4119.0000 4053.3486 2.4222 34.8969
4121.0000 4055.2979 2.4217 34.8969
4123.0000 4057.2483 2.4208 34.8967
4125.0000 4059.1978 2.4202 34.8966
4127.0000 4061.1475 2.4197 34.8965
4129.0000 4063.0974 2.4196 34.8966
4131.0000 4065.0471 2.4190 34.8965
4133.0000 4066.9971 2.4180 34.8963
4135.0000 4068.9463 2.4168 34.8961
4137.0000 4070.8958 2.4167 34.8962
4139.0000 4072.8455 2.4167 34.8961
4141.0000 4074.7949 2.4168 34.8961
4143.0000 4076.7446 2.4170 34.8961
4145.0000 4078.6941 2.4170 34.8962
4147.0000 4080.6433 2.4169 34.8961
4149.0000 4082.5935 2.4165 34.8961
4151.0000 4084.5430 2.4165 34.8960
4153.0000 4086.4927 2.4167 34.8960
4155.0000 4088.4417 2.4168 34.8960
4157.0000 4090.3914 2.4170 34.8961
4159.0000 4092.3408 2.4170 34.8959
4161.0000 4094.2898 2.4159 34.8958
4163.0000 4096.2397 2.4161 34.8958
4165.0000 4098.1895 2.4164 34.8958
4167.0000 4100.1387 2.4164 34.8959
4169.0000 4102.0879 2.4160 34.8956
4171.0000 4104.0366 2.4151 34.8955
4173.0000 4105.9863 2.4142 34.8955
4175.0000 4107.9351 2.4139 34.8954
4177.0000 4109.8848 2.4141 34.8954
4179.0000 4111.8345 2.4139 34.8954
4181.0000 4113.7837 2.4134 34.8954
4183.0000 4115.7329 2.4136 34.8954
4185.0000 4117.6821 2.4139 34.8954
4187.0000 4119.6313 2.4138 34.8953
4189.0000 4121.5801 2.4138 34.8953
4191.0000 4123.5293 2.4132 34.8951
4193.0000 4125.4790 2.4122 34.8951
4195.0000 4127.4282 2.4119 34.8952
4197.0000 4129.3770 2.4119 34.8951
4199.0000 4131.3262 2.4117 34.8949
4201.0000 4133.2754 2.4120 34.8950
4203.0000 4135.2246 2.4114 34.8950
4205.0000 4137.1733 2.4096 34.8947
4207.0000 4139.1226 2.4069 34.8943
4209.0000 4141.0718 2.4070 34.8943
4211.0000 4143.0205 2.4073 34.8944
4213.0000 4144.9697 2.4075 34.8944
4215.0000 4146.9185 2.4064 34.8941
4217.0000 4148.8672 2.4053 34.8941
4219.0000 4150.8164 2.4053 34.8941
4221.0000 4152.7651 2.4054 34.8941
4223.0000 4154.7139 2.4052 34.8940
4225.0000 4156.6631 2.4046 34.8939
4227.0000 4158.6118 2.4044 34.8939
4229.0000 4160.5610 2.4046 34.8940
4231.0000 4162.5093 2.4048 34.8939
4233.0000 4164.4585 2.4045 34.8939
4235.0000 4166.4072 2.4040 34.8938
4237.0000 4168.3560 2.4043 34.8938
4239.0000 4170.3047 2.4046 34.8938
4241.0000 4172.2534 2.4048 34.8938
4243.0000 4174.2026 2.4051 34.8938
4245.0000 4176.1509 2.4054 34.8939
4247.0000 4178.0996 2.4057 34.8939
4249.0000 4180.0483 2.4059 34.8939
4251.0000 4181.9971 2.4059 34.8939
4253.0000 4183.9453 2.4062 34.8938
4255.0000 4185.8940 2.4063 34.8939
4257.0000 4187.8433 2.4061 34.8938
4259.0000 4189.7915 2.4051 34.8936
4261.0000 4191.7402 2.4048 34.8935
4263.0000 4193.6890 2.4050 34.8936
4265.0000 4195.6367 2.4052 34.8936
4267.0000 4197.5859 2.4047 34.8936
4269.0000 4199.5347 2.4046 34.8935
4271.0000 4201.4829 2.4039 34.8934
4273.0000 4203.4312 2.4036 34.8933
4275.0000 4205.3799 2.4037 34.8932
4277.0000 4207.3281 2.4037 34.8933
4279.0000 4209.2764 2.4036 34.8933
4281.0000 4211.2251 2.4041 34.8933
4283.0000 4213.1733 2.4045 34.8934
4285.0000 4215.1216 2.4048 34.8934
4287.0000 4217.0698 2.4048 34.8932
4289.0000 4219.0186 2.4041 34.8931
4291.0000 4220.9668 2.4037 34.8931
4293.0000 4222.9150 2.4037 34.8932
4295.0000 4224.8628 2.4039 34.8932
4297.0000 4226.8115 2.4042 34.8931
4299.0000 4228.7598 2.4037 34.8930
4301.0000 4230.7080 2.4036 34.8930
4303.0000 4232.6562 2.4035 34.8930
4305.0000 4234.6045 2.4038 34.8930
4307.0000 4236.5527 2.4040 34.8930
4309.0000 4238.5010 2.4041 34.8930
4311.0000 4240.4492 2.4040 34.8930
4313.0000 4242.3970 2.4034 34.8929
4315.0000 4244.3452 2.4023 34.8927
4317.0000 4246.2935 2.4020 34.8927
4319.0000 4248.2417 2.4021 34.8926
4321.0000 4250.1895 2.4018 34.8926
4323.0000 4252.1377 2.4011 34.8926
4325.0000 4254.0859 2.4012 34.8925
4327.0000 4256.0332 2.4012 34.8925
4329.0000 4257.9819 2.4008 34.8924
4331.0000 4259.9297 2.4010 34.8924
4333.0000 4261.8779 2.4013 34.8925
4335.0000 4263.8252 2.4016 34.8925
4337.0000 4265.7734 2.4015 34.8925
4339.0000 4267.7217 2.4015 34.8924
4341.0000 4269.6689 2.4008 34.8922
4343.0000 4271.6172 2.4007 34.8923
4345.0000 4273.5649 2.4007 34.8923
4347.0000 4275.5127 2.4005 34.8922
4349.0000 4277.4604 2.4006 34.8922
4351.0000 4279.4087 2.4009 34.8922
4353.0000 4281.3564 2.4010 34.8922
4355.0000 4283.3042 2.3998 34.8921
4357.0000 4285.2515 2.3996 34.8920
4359.0000 4287.1997 2.3990 34.8920
4361.0000 4289.1475 2.3980 34.8919
4363.0000 4291.0947 2.3978 34.8917
4365.0000 4293.0430 2.3974 34.8917
4367.0000 4294.9907 2.3965 34.8916
4369.0000 4296.9385 2.3958 34.8914
4371.0000 4298.8853 2.3953 34.8914
4373.0000 4300.8335 2.3952 34.8914
4375.0000 4302.7808 2.3953 34.8914
4377.0000 4304.7285 2.3954 34.8914
4379.0000 4306.6763 2.3951 34.8914
4381.0000 4308.6235 2.3950 34.8913
4383.0000 4310.5713 2.3950 34.8913
4385.0000 4312.5190 2.3951 34.8911
4387.0000 4314.4668 2.3954 34.8912
4389.0000 4316.4136 2.3956 34.8913
4391.0000 4318.3613 2.3959 34.8912
4393.0000 4320.3091 2.3961 34.8913
4395.0000 4322.2563 2.3962 34.8913
4397.0000 4324.2031 2.3961 34.8912
4399.0000 4326.1509 2.3961 34.8911
4401.0000 4328.0986 2.3961 34.8912
4403.0000 4330.0459 2.3963 34.8912
4405.0000 4331.9927 2.3965 34.8912
4407.0000 4333.9404 2.3963 34.8911
4409.0000 4335.8877 2.3962 34.8911
4411.0000 4337.8354 2.3962 34.8910
4413.0000 4339.7827 2.3960 34.8910
4415.0000 4341.7300 2.3960 34.8910
4417.0000 4343.6768 2.3961 34.8909
4419.0000 4345.6240 2.3960 34.8910
4421.0000 4347.5713 2.3950 34.8908
4423.0000 4349.5186 2.3945 34.8908
4425.0000 4351.4658 2.3946 34.8906
4427.0000 4353.4131 2.3945 34.8906
4429.0000 4355.3604 2.3942 34.8906
4431.0000 4357.3071 2.3934 34.8905
4433.0000 4359.2549 2.3928 34.8904
4435.0000 4361.2012 2.3926 34.8903
4437.0000 4363.1484 2.3906 34.8901
4439.0000 4365.0957 2.3902 34.8901
4441.0000 4367.0430 2.3895 34.8900
4443.0000 4368.9902 2.3897 34.8900
4445.0000 4370.9365 2.3898 34.8899
4447.0000 4372.8838 2.3895 34.8900
4449.0000 4374.8311 2.3894 34.8899
4451.0000 4376.7773 2.3897 34.8899
4453.0000 4378.7246 2.3900 34.8899
4455.0000 4380.6714 2.3900 34.8899
4457.0000 4382.6182 2.3898 34.8898
4459.0000 4384.5649 2.3902 34.8897
4461.0000 4386.5122 2.3902 34.8897
4463.0000 4388.4590 2.3905 34.8898
4465.0000 4390.4058 2.3906 34.8898
4467.0000 4392.3525 2.3907 34.8898
4469.0000 4394.2993 2.3906 34.8897
4471.0000 4396.2466 2.3904 34.8897
4473.0000 4398.1934 2.3904 34.8897
4475.0000 4400.1396 2.3906 34.8897
4477.0000 4402.0869 2.3906 34.8896
4479.0000 4404.0332 2.3907 34.8896
4481.0000 4405.9800 2.3908 34.8896
4483.0000 4407.9268 2.3910 34.8897
4485.0000 4409.8730 2.3915 34.8896
4487.0000 4411.8203 2.3914 34.8896
4489.0000 4413.7671 2.3917 34.8894
4491.0000 4415.7134 2.3917 34.8896
4493.0000 4417.6597 2.3921 34.8896
4495.0000 4419.6064 2.3921 34.8895
4497.0000 4421.5532 2.3916 34.8895
4499.0000 4423.4995 2.3912 34.8894
4501.0000 4425.4463 2.3913 34.8894
4503.0000 4427.3931 2.3909 34.8893
4505.0000 4429.3394 2.3899 34.8892
4507.0000 4431.2856 2.3890 34.8890
4509.0000 4433.2319 2.3886 34.8891
4511.0000 4435.1787 2.3877 34.8889
4513.0000 4437.1250 2.3874 34.8889
4515.0000 4439.0718 2.3875 34.8888
4517.0000 4441.0181 2.3873 34.8887
4519.0000 4442.9648 2.3874 34.8888
4521.0000 4444.9102 2.3872 34.8888
4523.0000 4446.8569 2.3867 34.8885
4525.0000 4448.8037 2.3861 34.8885
4527.0000 4450.7495 2.3855 34.8885
4529.0000 4452.6963 2.3855 34.8884
4531.0000 4454.6426 2.3857 34.8885
4533.0000 4456.5889 2.3858 34.8885
4535.0000 4458.5347 2.3858 34.8884
4537.0000 4460.4810 2.3854 34.8884
4539.0000 4462.4272 2.3855 34.8884
4541.0000 4464.3730 2.3855 34.8884
4543.0000 4466.3198 2.3854 34.8883
4545.0000 4468.2661 2.3855 34.8883
4547.0000 4470.2119 2.3857 34.8883
4549.0000 4472.1582 2.3856 34.8882
4551.0000 4474.1045 2.3854 34.8882
4553.0000 4476.0508 2.3855 34.8883
4555.0000 4477.9966 2.3856 34.8882
4557.0000 4479.9424 2.3859 34.8882
4559.0000 4481.8882 2.3861 34.8882
4561.0000 4483.8340 2.3865 34.8882
4563.0000 4485.7803 2.3866 34.8882
4565.0000 4487.7266 2.3865 34.8882
4567.0000 4489.6729 2.3860 34.8880
4569.0000 4491.6187 2.3864 34.8879
4571.0000 4493.5645 2.3861 34.8880
4573.0000 4495.5107 2.3863 34.8881
4575.0000 4497.4565 2.3864 34.8881
4577.0000 4499.4023 2.3862 34.8880
4579.0000 4501.3486 2.3862 34.8879
4581.0000 4503.2939 2.3862 34.8879
4583.0000 4505.2397 2.3863 34.8878
4585.0000 4507.1855 2.3865 34.8878
4587.0000 4509.1313 2.3868 34.8879
4589.0000 4511.0771 2.3871 34.8879
4591.0000 4513.0229 2.3872 34.8879
4593.0000 4514.9688 2.3873 34.8879
4595.0000 4516.9146 2.3874 34.8878
4597.0000 4518.8604 2.3875 34.8879
4599.0000 4520.8062 2.3876 34.8879
4601.0000 4522.7520 2.3877 34.8878
4603.0000 4524.6973 2.3874 34.8878
4605.0000 4526.6431 2.3875 34.8878
4607.0000 4528.5889 2.3875 34.8877
4609.0000 4530.5347 2.3867 34.8875
4611.0000 4532.4805 2.3858 34.8875
4613.0000 4534.4258 2.3855 34.8874
4615.0000 4536.3711 2.3854 34.8874
4617.0000 4538.3164 2.3847 34.8873
4619.0000 4540.2622 2.3847 34.8873
4621.0000 4542.2075 2.3851 34.8871
4623.0000 4544.1528 2.3847 34.8871
4625.0000 4546.0986 2.3847 34.8872
4627.0000 4548.0444 2.3845 34.8871
4629.0000 4549.9897 2.3839 34.8870
4631.0000 4551.9351 2.3841 34.8871
4633.0000 4553.8804 2.3844 34.8871
4635.0000 4555.8262 2.3848 34.8871
4637.0000 4557.7710 2.3851 34.8871
4639.0000 4559.7168 2.3856 34.8872
4641.0000 4561.6626 2.3862 34.8871
4643.0000 4563.6079 2.3861 34.8871
4645.0000 4565.5527 2.3860 34.8869
4647.0000 4567.4980 2.3858 34.8870
4649.0000 4569.4434 2.3857 34.8870
4651.0000 4571.3887 2.3854 34.8870
4653.0000 4573.3340 2.3847 34.8869
4655.0000 4575.2793 2.3844 34.8868
4657.0000 4577.2246 2.3842 34.8868
4659.0000 4579.1699 2.3843 34.8868
4661.0000 4581.1152 2.3842 34.8867
4663.0000 4583.0601 2.3842 34.8866
4665.0000 4585.0049 2.3839 34.8865
4667.0000 4586.9502 2.3838 34.8866
4669.0000 4588.8955 2.3839 34.8865
4671.0000 4590.8403 2.3841 34.8865
4673.0000 4592.7856 2.3843 34.8865
4675.0000 4594.7310 2.3843 34.8866
4677.0000 4596.6763 2.3842 34.8864
4679.0000 4598.6206 2.3839 34.8864
4681.0000 4600.5659 2.3840 34.8864
4683.0000 4602.5112 2.3843 34.8864
4685.0000 4604.4556 2.3845 34.8864
4687.0000 4606.4004 2.3846 34.8865
4689.0000 4608.3457 2.3849 34.8864
4691.0000 4610.2910 2.3853 34.8865
4693.0000 4612.2354 2.3855 34.8865
4695.0000 4614.1807 2.3855 34.8864
4697.0000 4616.1255 2.3859 34.8863
4699.0000 4618.0698 2.3857 34.8863
4701.0000 4620.0151 2.3858 34.8864
4703.0000 4621.9600 2.3860 34.8864
4705.0000 4623.9048 2.3860 34.8863
4707.0000 4625.8496 2.3857 34.8862
4709.0000 4627.7944 2.3858 34.8863
4711.0000 4629.7393 2.3859 34.8863
4713.0000 4631.6836 2.3861 34.8862
4715.0000 4633.6284 2.3860 34.8861
4717.0000 4635.5732 2.3862 34.8862
4719.0000 4637.5186 2.3865 34.8862
4721.0000 4639.4629 2.3868 34.8862
4723.0000 4641.4077 2.3870 34.8862
4725.0000 4643.3525 2.3871 34.8862
4727.0000 4645.2964 2.3872 34.8861
4729.0000 4647.2417 2.3875 34.8863
4731.0000 4649.1860 2.3876 34.8862
4733.0000 4651.1309 2.3876 34.8861
4735.0000 4653.0752 2.3877 34.8861
4737.0000 4655.0195 2.3878 34.8862
4739.0000 4656.9644 2.3880 34.8861
4741.0000 4658.9082 2.3880 34.8861
4743.0000 4660.8530 2.3881 34.8860
4745.0000 4662.7974 2.3882 34.8860
4747.0000 4664.7417 2.3883 34.8860
4749.0000 4666.6860 2.3886 34.8860
4751.0000 4668.6309 2.3890 34.8860
4753.0000 4670.5757 2.3894 34.8861
4755.0000 4672.5200 2.3896 34.8860
4757.0000 4674.4644 2.3896 34.8861
4759.0000 4676.4092 2.3896 34.8859
4761.0000 4678.3525 2.3898 34.8859
4763.0000 4680.2974 2.3900 34.8861
4765.0000 4682.2417 2.3901 34.8860
4767.0000 4684.1860 2.3902 34.8860
4769.0000 4686.1299 2.3905 34.8858
4771.0000 4688.0742 2.3905 34.8860
4773.0000 4690.0186 2.3906 34.8860
4775.0000 4691.9624 2.3904 34.8859
4777.0000 4693.9072 2.3908 34.8858
4779.0000 4695.8516 2.3912 34.8858
4781.0000 4697.7959 2.3912 34.8859
4783.0000 4699.7397 2.3913 34.8858
4785.0000 4701.6841 2.3915 34.8858
4787.0000 4703.6279 2.3917 34.8858
4789.0000 4705.5718 2.3920 34.8859
4791.0000 4707.5161 2.3921 34.8858
4793.0000 4709.4600 2.3922 34.8859
4795.0000 4711.4043 2.3924 34.8857
4797.0000 4713.3486 2.3927 34.8857
4799.0000 4715.2930 2.3932 34.8858
4801.0000 4717.2363 2.3932 34.8858
4803.0000 4719.1802 2.3931 34.8857
4805.0000 4721.1245 2.3931 34.8857
4807.0000 4723.0684 2.3934 34.8856
4809.0000 4725.0122 2.3934 34.8857
4811.0000 4726.9561 2.3936 34.8858
4813.0000 4728.8999 2.3934 34.8857
4815.0000 4730.8447 2.3934 34.8856
4817.0000 4732.7881 2.3932 34.8856
4819.0000 4734.7319 2.3934 34.8856
4821.0000 4736.6758 2.3932 34.8855
4823.0000 4738.6196 2.3934 34.8856
4825.0000 4740.5630 2.3933 34.8855
4827.0000 4742.5068 2.3931 34.8854
4829.0000 4744.4517 2.3928 34.8854
4831.0000 4746.3945 2.3928 34.8853
4833.0000 4748.3384 2.3927 34.8853
4835.0000 4750.2822 2.3930 34.8852
4837.0000 4752.2256 2.3931 34.8852
4839.0000 4754.1694 2.3930 34.8852
4841.0000 4756.1133 2.3930 34.8852
4843.0000 4758.0576 2.3930 34.8852
4845.0000 4760.0005 2.3928 34.8851
4847.0000 4761.9443 2.3925 34.8851
4849.0000 4763.8882 2.3928 34.8851
4851.0000 4765.8311 2.3928 34.8851
4853.0000 4767.7749 2.3927 34.8850
4855.0000 4769.7183 2.3925 34.8850
4857.0000 4771.6626 2.3926 34.8850
4859.0000 4773.6060 2.3925 34.8850
4861.0000 4775.5493 2.3923 34.8849
4863.0000 4777.4927 2.3922 34.8849
4865.0000 4779.4355 2.3922 34.8848
4867.0000 4781.3794 2.3923 34.8849
4869.0000 4783.3232 2.3925 34.8849
4871.0000 4785.2661 2.3927 34.8848
4873.0000 4787.2095 2.3924 34.8847
4875.0000 4789.1533 2.3923 34.8847
4877.0000 4791.0967 2.3923 34.8847
4879.0000 4793.0400 2.3924 34.8846
4881.0000 4794.9834 2.3925 34.8846
4883.0000 4796.9268 2.3922 34.8846
4885.0000 4798.8696 2.3917 34.8846
4887.0000 4800.8130 2.3916 34.8846
4889.0000 4802.7563 2.3912 34.8844
4891.0000 4804.7002 2.3911 34.8844
4893.0000 4806.6431 2.3916 34.8844
4895.0000 4808.5864 2.3919 34.8845
4897.0000 4810.5298 2.3920 34.8844
4899.0000 4812.4722 2.3918 34.8843
4901.0000 4814.4160 2.3917 34.8843
4903.0000 4816.3589 2.3919 34.8843
4905.0000 4818.3022 2.3920 34.8843
4907.0000 4820.2451 2.3918 34.8843
4909.0000 4822.1880 2.3919 34.8842
4911.0000 4824.1318 2.3922 34.8843
4913.0000 4826.0747 2.3921 34.8842
4915.0000 4828.0176 2.3921 34.8842
4917.0000 4829.9609 2.3920 34.8842
4919.0000 4831.9038 2.3923 34.8840
4921.0000 4833.8467 2.3921 34.8841
4923.0000 4835.7896 2.3924 34.8842
4925.0000 4837.7324 2.3924 34.8841
4927.0000 4839.6753 2.3921 34.8841
4929.0000 4841.6187 2.3920 34.8840
4931.0000 4843.5615 2.3921 34.8839
4933.0000 4845.5039 2.3922 34.8839
4935.0000 4847.4468 2.3924 34.8841
4937.0000 4849.3896 2.3927 34.8839
4939.0000 4851.3330 2.3927 34.8839
4941.0000 4853.2754 2.3928 34.8840
4943.0000 4855.2183 2.3928 34.8839
4945.0000 4857.1611 2.3922 34.8838
4947.0000 4859.1040 2.3920 34.8837
4949.0000 4861.0469 2.3917 34.8837
4951.0000 4862.9897 2.3913 34.8837
4953.0000 4864.9326 2.3906 34.8835
4955.0000 4866.8750 2.3901 34.8834
4957.0000 4868.8179 2.3900 34.8833
4959.0000 4870.7607 2.3898 34.8833
4961.0000 4872.7031 2.3900 34.8833
4963.0000 4874.6465 2.3901 34.8834
4965.0000 4876.5889 2.3902 34.8833
4967.0000 4878.5317 2.3906 34.8833
4969.0000 4880.4736 2.3911 34.8833
4971.0000 4882.4165 2.3911 34.8833
4973.0000 4884.3594 2.3909 34.8832
4975.0000 4886.3013 2.3912 34.8832
4977.0000 4888.2437 2.3913 34.8833
4979.0000 4890.1870 2.3916 34.8833
4981.0000 4892.1294 2.3915 34.8833
4983.0000 4894.0718 2.3918 34.8831
4985.0000 4896.0142 2.3918 34.8833
4987.0000 4897.9570 2.3920 34.8832
4989.0000 4899.8989 2.3917 34.8831
4991.0000 4901.8413 2.3915 34.8830
4993.0000 4903.7842 2.3913 34.8830
4995.0000 4905.7261 2.3908 34.8830
4997.0000 4907.6689 2.3909 34.8830
4999.0000 4909.6108 2.3910 34.8830
5001.0000 4911.5537 2.3907 34.8829
5003.0000 4913.4956 2.3908 34.8829
5005.0000 4915.4375 2.3903 34.8828
5007.0000 4917.3804 2.3904 34.8828
5009.0000 4919.3228 2.3899 34.8827
5011.0000 4921.2646 2.3896 34.8826
5013.0000 4923.2070 2.3893 34.8826
5015.0000 4925.1494 2.3888 34.8824
5017.0000 4927.0913 2.3888 34.8824
5019.0000 4929.0337 2.3889 34.8824
5021.0000 4930.9761 2.3893 34.8824
5023.0000 4932.9180 2.3893 34.8825
5025.0000 4934.8599 2.3894 34.8824
5027.0000 4936.8022 2.3898 34.8823
5029.0000 4938.7446 2.3899 34.8824
5031.0000 4940.6860 2.3894 34.8824
5033.0000 4942.6284 2.3885 34.8822
5035.0000 4944.5708 2.3878 34.8821
5037.0000 4946.5127 2.3879 34.8821
5039.0000 4948.4546 2.3879 34.8821
5041.0000 4950.3970 2.3877 34.8821
5043.0000 4952.3389 2.3879 34.8821
5045.0000 4954.2803 2.3880 34.8821
5047.0000 4956.2227 2.3882 34.8820
5049.0000 4958.1650 2.3881 34.8820
5051.0000 4960.1060 2.3879 34.8820
5053.0000 4962.0483 2.3881 34.8819
5055.0000 4963.9902 2.3881 34.8819
5057.0000 4965.9321 2.3875 34.8818
5059.0000 4967.8740 2.3867 34.8817
5061.0000 4969.8159 2.3866 34.8817
5063.0000 4971.7578 2.3867 34.8816
5065.0000 4973.6997 2.3865 34.8817
5067.0000 4975.6411 2.3886 34.8816
5069.0000 4977.5830 2.3876 34.8816
5071.0000 4979.5249 2.3879 34.8815
5073.0000 4981.4668 2.3871 34.8816
5075.0000 4983.4082 2.3866 34.8814
5077.0000 4985.3501 2.3868 34.8813
5079.0000 4987.2915 2.3864 34.8814
5081.0000 4989.2329 2.3866 34.8814
5083.0000 4991.1753 2.3868 34.8814
5085.0000 4993.1167 2.3866 34.8813
5087.0000 4995.0576 2.3866 34.8813
5089.0000 4997.0005 2.3867 34.8813
5091.0000 4998.9414 2.3870 34.8813
5093.0000 5000.8828 2.3870 34.8814
5095.0000 5002.8247 2.3871 34.8813
5097.0000 5004.7661 2.3869 34.8813
5099.0000 5006.7080 2.3865 34.8811
5101.0000 5008.6489 2.3867 34.8812
5103.0000 5010.5908 2.3866 34.8811
5105.0000 5012.5327 2.3863 34.8810
5107.0000 5014.4736 2.3862 34.8809
5109.0000 5016.4146 2.3863 34.8810
5111.0000 5018.3569 2.3858 34.8809
5113.0000 5020.2974 2.3863 34.8808
5115.0000 5022.2393 2.3858 34.8808
5117.0000 5024.1807 2.3870 34.8808
5119.0000 5026.1221 2.3872 34.8808
5121.0000 5028.0635 2.3870 34.8807
5123.0000 5030.0049 2.3871 34.8807
5125.0000 5031.9458 2.3872 34.8807
5127.0000 5033.8872 2.3872 34.8807
5129.0000 5035.8286 2.3863 34.8806
5131.0000 5037.7700 2.3861 34.8806
5133.0000 5039.7109 2.3863 34.8805
5135.0000 5041.6523 2.3860 34.8805
5137.0000 5043.5938 2.3861 34.8806
5139.0000 5045.5347 2.3862 34.8806
5141.0000 5047.4761 2.3865 34.8806
5143.0000 5049.4170 2.3866 34.8805
5145.0000 5051.3579 2.3868 34.8806
5147.0000 5053.2993 2.3869 34.8805
5149.0000 5055.2402 2.3871 34.8805
5151.0000 5057.1816 2.3873 34.8805
5153.0000 5059.1230 2.3874 34.8806
5155.0000 5061.0630 2.3873 34.8805
5157.0000 5063.0049 2.3874 34.8804
5159.0000 5064.9458 2.3874 34.8805
5161.0000 5066.8867 2.3871 34.8804
5163.0000 5068.8276 2.3870 34.8803
5165.0000 5070.7681 2.3872 34.8803
5167.0000 5072.7100 2.3874 34.8803
5169.0000 5074.6504 2.3884 34.8802
5171.0000 5076.5918 2.3886 34.8802
5173.0000 5078.5327 2.3884 34.8802
5175.0000 5080.4731 2.3886 34.8802
5177.0000 5082.4141 2.3878 34.8801
5179.0000 5084.3550 2.3876 34.8801
5181.0000 5086.2959 2.3880 34.8801
5183.0000 5088.2363 2.3878 34.8802
5185.0000 5090.1777 2.3875 34.8801
5187.0000 5092.1182 2.3876 34.8800
5189.0000 5094.0591 2.3878 34.8801
5191.0000 5096.0000 2.3880 34.8800
5193.0000 5097.9409 2.3881 34.8800
5195.0000 5099.8809 2.3874 34.8800
5197.0000 5101.8218 2.3874 34.8799
5199.0000 5103.7632 2.3874 34.8800
5201.0000 5105.7031 2.3876 34.8800
5203.0000 5107.6440 2.3879 34.8799
5205.0000 5109.5845 2.3877 34.8798
5207.0000 5111.5254 2.3877 34.8799
5209.0000 5113.4653 2.3877 34.8798
5211.0000 5115.4067 2.3880 34.8798
5213.0000 5117.3472 2.3883 34.8798
5215.0000 5119.2881 2.3884 34.8797
5217.0000 5121.2280 2.3887 34.8796
5219.0000 5123.1685 2.3879 34.8795
5221.0000 5125.1094 2.3888 34.8796
5223.0000 5127.0493 2.3885 34.8795
5225.0000 5128.9902 2.3879 34.8795
5227.0000 5130.9307 2.3881 34.8795
5229.0000 5132.8716 2.3878 34.8795
5231.0000 5134.8115 2.3879 34.8794
5233.0000 5136.7520 2.3879 34.8795
5235.0000 5138.6924 2.3882 34.8793
5237.0000 5140.6328 2.3884 34.8795
5239.0000 5142.5728 2.3886 34.8794
5241.0000 5144.5137 2.3887 34.8794
5243.0000 5146.4541 2.3887 34.8795
5245.0000 5148.3940 2.3888 34.8795
5247.0000 5150.3345 2.3886 34.8794
5249.0000 5152.2749 2.3884 34.8794
5251.0000 5154.2148 2.3883 34.8793
5253.0000 5156.1553 2.3885 34.8793
5255.0000 5158.0957 2.3887 34.8792
5257.0000 5160.0352 2.3887 34.8793
5259.0000 5161.9756 2.3886 34.8792
5261.0000 5163.9160 2.3888 34.8793
5263.0000 5165.8564 2.3889 34.8793
5265.0000 5167.7964 2.3893 34.8792
5267.0000 5169.7363 2.3893 34.8791
5269.0000 5171.6772 2.3891 34.8792
5271.0000 5173.6167 2.3899 34.8791
5273.0000 5175.5571 2.3902 34.8790
5275.0000 5177.4971 2.3904 34.8790
5277.0000 5179.4370 2.3905 34.8790
5279.0000 5181.3765 2.3903 34.8789
5281.0000 5183.3169 2.3900 34.8789
5283.0000 5185.2568 2.3889 34.8788
5285.0000 5187.1968 2.3889 34.8789
5287.0000 5189.1367 2.3883 34.8789
5289.0000 5191.0771 2.3892 34.8787
5291.0000 5193.0166 2.3890 34.8789
5293.0000 5194.9565 2.3892 34.8788
5295.0000 5196.8965 2.3893 34.8788
5297.0000 5198.8364 2.3897 34.8789
5299.0000 5200.7759 2.3898 34.8788
5301.0000 5202.7163 2.3899 34.8788
5303.0000 5204.6558 2.3902 34.8788
5305.0000 5206.5962 2.3905 34.8789
5307.0000 5208.5356 2.3901 34.8787
5309.0000 5210.4756 2.3901 34.8788
5311.0000 5212.4155 2.3904 34.8786
5313.0000 5214.3545 2.3906 34.8786
5315.0000 5216.2949 2.3910 34.8785
5317.0000 5218.2344 2.3901 34.8786
5319.0000 5220.1743 2.3895 34.8784
5321.0000 5222.1133 2.3898 34.8784
5323.0000 5224.0532 2.3900 34.8784
5325.0000 5225.9927 2.3910 34.8784
5327.0000 5227.9321 2.3910 34.8783
5329.0000 5229.8726 2.3913 34.8783
5331.0000 5231.8120 2.3909 34.8784
5333.0000 5233.7510 2.3910 34.8784
5335.0000 5235.6909 2.3913 34.8783
5337.0000 5237.6309 2.3912 34.8784
5339.0000 5239.5703 2.3914 34.8783
5341.0000 5241.5098 2.3909 34.8783
5343.0000 5243.4497 2.3910 34.8782
5345.0000 5245.3887 2.3910 34.8782
5347.0000 5247.3281 2.3907 34.8782
5349.0000 5249.2671 2.3903 34.8781
5351.0000 5251.2070 2.3904 34.8780
5353.0000 5253.1465 2.3906 34.8782
5355.0000 5255.0859 2.3908 34.8781
5357.0000 5257.0254 2.3909 34.8781
5359.0000 5258.9648 2.3911 34.8781
5361.0000 5260.9038 2.3915 34.8782
5363.0000 5262.8428 2.3919 34.8782
5365.0000 5264.7827 2.3921 34.8781
5367.0000 5266.7222 2.3924 34.8780
5369.0000 5268.6611 2.3929 34.8782
5371.0000 5270.6006 2.3930 34.8782
5373.0000 5272.5396 2.3934 34.8781
5375.0000 5274.4785 2.3936 34.8780
5377.0000 5276.4180 2.3940 34.8780
5379.0000 5278.3574 2.3940 34.8779
5381.0000 5280.2969 2.3936 34.8780
5383.0000 5282.2354 2.3939 34.8779
5385.0000 5284.1748 2.3935 34.8779
5387.0000 5286.1143 2.3933 34.8779
5389.0000 5288.0532 2.3934 34.8780
5391.0000 5289.9927 2.3934 34.8779
5393.0000 5291.9312 2.3935 34.8778
5395.0000 5293.8701 2.3932 34.8778
5397.0000 5295.8096 2.3933 34.8778
5399.0000 5297.7485 2.3935 34.8778
5401.0000 5299.6880 2.3936 34.8777
5403.0000 5301.6265 2.3938 34.8777
5405.0000 5303.5654 2.3940 34.8777
5407.0000 5305.5049 2.3942 34.8777
5409.0000 5307.4429 2.3944 34.8776
5411.0000 5309.3823 2.3946 34.8777
5413.0000 5311.3213 2.3948 34.8778
5415.0000 5313.2603 2.3952 34.8777
5417.0000 5315.1987 2.3955 34.8777
5419.0000 5317.1377 2.3959 34.8777
5421.0000 5319.0771 2.3960 34.8777
5423.0000 5321.0156 2.3963 34.8777
5425.0000 5322.9546 2.3965 34.8777
5427.0000 5324.8936 2.3968 34.8776
5429.0000 5326.8325 2.3974 34.8776
5431.0000 5328.7710 2.3976 34.8776
5433.0000 5330.7100 2.3975 34.8777
5435.0000 5332.6484 2.3979 34.8776
5437.0000 5334.5869 2.3981 34.8775
5439.0000 5336.5259 2.3980 34.8775
5441.0000 5338.4648 2.3983 34.8775
5443.0000 5340.4033 2.3986 34.8776
5445.0000 5342.3418 2.3990 34.8776
5447.0000 5344.2803 2.3991 34.8777
5449.0000 5346.2192 2.3995 34.8775
5451.0000 5348.1577 2.3998 34.8775
5453.0000 5350.0962 2.4001 34.8777
5455.0000 5352.0352 2.4003 34.8776
5457.0000 5353.9736 2.4004 34.8777
5459.0000 5355.9116 2.4007 34.8775
5461.0000 5357.8506 2.4006 34.8776
5463.0000 5359.7896 2.4010 34.8776
5465.0000 5361.7271 2.4013 34.8776
5467.0000 5363.6660 2.4018 34.8775
5469.0000 5365.6050 2.4020 34.8776
5471.0000 5367.5425 2.4024 34.8775
5473.0000 5369.4814 2.4025 34.8774
