CTD cast

DATE:  02-Jan-2016 15:55:00
latitude:  24.5004
longitude:  -49.3500
  P (db)  z (m)    T (^oC)  S (psu)
3.0000 2.9808 24.9133 37.4868
5.0000 4.9680 24.9155 37.4870
7.0000 6.9551 24.9162 37.4870
9.0000 8.9422 24.9173 37.4871
11.0000 10.9293 24.9176 37.4870
13.0000 12.9164 24.9207 37.4872
15.0000 14.9035 24.9170 37.4870
17.0000 16.8906 24.9149 37.4869
19.0000 18.8776 24.9069 37.4867
21.0000 20.8646 24.9053 37.4867
23.0000 22.8516 24.9057 37.4867
25.0000 24.8386 24.8955 37.4867
27.0000 26.8255 24.8975 37.4865
29.0000 28.8125 24.8911 37.4842
31.0000 30.7994 24.8895 37.4864
33.0000 32.7863 24.8878 37.4862
35.0000 34.7732 24.8791 37.4855
37.0000 36.7600 24.8752 37.4854
39.0000 38.7469 24.8753 37.4853
41.0000 40.7337 24.8613 37.4842
43.0000 42.7205 24.8620 37.4840
45.0000 44.7073 24.8520 37.4830
47.0000 46.6941 24.8540 37.4829
49.0000 48.6808 24.8516 37.4829
51.0000 50.6675 24.8522 37.4832
53.0000 52.6542 24.8531 37.4832
55.0000 54.6409 24.8535 37.4832
57.0000 56.6276 24.8534 37.4830
59.0000 58.6142 24.8533 37.4830
61.0000 60.6009 24.8528 37.4826
63.0000 62.5875 24.8517 37.4821
65.0000 64.5741 24.8396 37.4787
67.0000 66.5606 24.7429 37.4510
69.0000 68.5472 24.4869 37.4039
71.0000 70.5337 24.1675 37.3271
73.0000 72.5202 23.7360 37.2573
75.0000 74.5067 23.7017 37.2626
77.0000 76.4932 23.4604 37.2325
79.0000 78.4797 23.4229 37.2322
81.0000 80.4661 23.3780 37.2294
83.0000 82.4525 23.3506 37.2262
85.0000 84.4389 23.1028 37.1998
87.0000 86.4253 23.0282 37.1940
89.0000 88.4117 22.9680 37.1886
91.0000 90.3980 22.9724 37.1916
93.0000 92.3843 22.8882 37.1868
95.0000 94.3706 22.7269 37.1840
97.0000 96.3569 22.6335 37.1726
99.0000 98.3432 22.5546 37.1715
101.0000 100.3294 22.5592 37.1724
103.0000 102.3157 22.5475 37.1721
105.0000 104.3018 22.5577 37.1719
107.0000 106.2880 22.5491 37.1714
109.0000 108.2742 22.5267 37.1704
111.0000 110.2604 22.4441 37.1645
113.0000 112.2465 22.3011 37.1566
115.0000 114.2326 22.1872 37.1507
117.0000 116.2187 22.1602 37.1504
119.0000 118.2048 22.0000 37.1428
121.0000 120.1908 21.9331 37.1444
123.0000 122.1768 21.8733 37.1525
125.0000 124.1629 21.8586 37.1684
127.0000 126.1489 21.8687 37.1784
129.0000 128.1348 21.8674 37.1882
131.0000 130.1208 21.8598 37.1904
133.0000 132.1067 21.8675 37.1958
135.0000 134.0927 21.8623 37.2012
137.0000 136.0786 21.8302 37.2024
139.0000 138.0644 21.7792 37.2044
141.0000 140.0503 21.6897 37.2071
143.0000 142.0361 21.6645 37.2045
145.0000 144.0219 21.6431 37.2019
147.0000 146.0078 21.6112 37.1966
149.0000 147.9935 21.5646 37.1858
151.0000 149.9793 21.4410 37.1637
153.0000 151.9650 21.3671 37.1518
155.0000 153.9508 21.2288 37.1269
157.0000 155.9365 21.2618 37.1343
159.0000 157.9222 21.1686 37.1181
161.0000 159.9078 21.1209 37.1111
163.0000 161.8935 21.0976 37.1096
165.0000 163.8791 21.0843 37.1073
167.0000 165.8647 21.0500 37.1022
169.0000 167.8503 21.0166 37.0970
171.0000 169.8359 20.9165 37.0784
173.0000 171.8214 20.8001 37.0607
175.0000 173.8070 20.7305 37.0498
177.0000 175.7925 20.6876 37.0450
179.0000 177.7780 20.6473 37.0367
181.0000 179.7635 20.6691 37.0422
183.0000 181.7489 20.4917 37.0082
185.0000 183.7344 20.4317 37.0022
187.0000 185.7198 20.4411 37.0075
189.0000 187.7052 20.3416 36.9881
191.0000 189.6906 20.2501 36.9722
193.0000 191.6759 20.1841 36.9616
195.0000 193.6613 20.1029 36.9445
197.0000 195.6466 19.9808 36.9210
199.0000 197.6319 19.8503 36.8964
201.0000 199.6172 19.8329 36.8932
203.0000 201.6024 19.8280 36.8925
205.0000 203.5877 19.8070 36.8888
207.0000 205.5729 19.8071 36.8859
209.0000 207.5581 19.6147 36.8432
211.0000 209.5433 19.4027 36.7972
213.0000 211.5285 19.4763 36.8193
215.0000 213.5136 19.3198 36.7826
217.0000 215.4988 19.2606 36.7681
219.0000 217.4839 19.1255 36.7419
221.0000 219.4690 19.1485 36.7481
223.0000 221.4540 19.0324 36.7273
225.0000 223.4391 18.9735 36.7148
227.0000 225.4241 18.9436 36.7103
229.0000 227.4092 18.8726 36.6968
231.0000 229.3941 18.7673 36.6763
233.0000 231.3791 18.6744 36.6577
235.0000 233.3641 18.6305 36.6508
237.0000 235.3490 18.6533 36.6576
239.0000 237.3339 18.6408 36.6503
241.0000 239.3188 18.4848 36.6237
243.0000 241.3037 18.4283 36.6137
245.0000 243.2886 18.3855 36.6048
247.0000 245.2734 18.3060 36.5917
249.0000 247.2583 18.2591 36.5840
251.0000 249.2431 18.2239 36.5781
253.0000 251.2278 18.2096 36.5762
255.0000 253.2126 18.1658 36.5674
257.0000 255.1974 18.1120 36.5586
259.0000 257.1821 18.0675 36.5511
261.0000 259.1668 17.9931 36.5397
263.0000 261.1515 17.9568 36.5341
265.0000 263.1362 17.9408 36.5316
267.0000 265.1208 17.9075 36.5266
269.0000 267.1054 17.8647 36.5208
271.0000 269.0901 17.8460 36.5192
273.0000 271.0746 17.8317 36.5170
275.0000 273.0593 17.8054 36.5119
277.0000 275.0438 17.7688 36.5056
279.0000 277.0284 17.7383 36.5001
281.0000 279.0128 17.7257 36.4974
283.0000 280.9974 17.7073 36.4943
285.0000 282.9818 17.6706 36.4878
287.0000 284.9663 17.6261 36.4817
289.0000 286.9507 17.5976 36.4774
291.0000 288.9352 17.5482 36.4695
293.0000 290.9196 17.5149 36.4655
295.0000 292.9040 17.5063 36.4637
297.0000 294.8883 17.4848 36.4600
299.0000 296.8727 17.4458 36.4530
301.0000 298.8570 17.3802 36.4425
303.0000 300.8413 17.3603 36.4398
305.0000 302.8256 17.3448 36.4375
307.0000 304.8099 17.3044 36.4299
309.0000 306.7941 17.2554 36.4221
311.0000 308.7784 17.2172 36.4163
313.0000 310.7626 17.2010 36.4137
315.0000 312.7467 17.1702 36.4082
317.0000 314.7309 17.1529 36.4061
319.0000 316.7151 17.1443 36.4040
321.0000 318.6992 17.0951 36.3953
323.0000 320.6833 17.0686 36.3911
325.0000 322.6674 17.0253 36.3832
327.0000 324.6515 16.9886 36.3784
329.0000 326.6356 16.9797 36.3761
331.0000 328.6196 16.9740 36.3760
333.0000 330.6036 16.9570 36.3719
335.0000 332.5876 16.9152 36.3666
337.0000 334.5716 16.9029 36.3638
339.0000 336.5556 16.8731 36.3585
341.0000 338.5396 16.8233 36.3509
343.0000 340.5235 16.8021 36.3475
345.0000 342.5074 16.7882 36.3449
347.0000 344.4913 16.7468 36.3369
349.0000 346.4751 16.7187 36.3329
351.0000 348.4590 16.7095 36.3316
353.0000 350.4428 16.7003 36.3295
355.0000 352.4266 16.6733 36.3254
357.0000 354.4104 16.6579 36.3230
359.0000 356.3942 16.6348 36.3179
361.0000 358.3779 16.6051 36.3135
363.0000 360.3617 16.5959 36.3119
365.0000 362.3454 16.5728 36.3069
367.0000 364.3291 16.5132 36.2973
369.0000 366.3127 16.4848 36.2932
371.0000 368.2964 16.4814 36.2928
373.0000 370.2801 16.4723 36.2911
375.0000 372.2637 16.4519 36.2869
377.0000 374.2473 16.4244 36.2832
379.0000 376.2309 16.4187 36.2823
381.0000 378.2145 16.4177 36.2823
383.0000 380.1980 16.4128 36.2813
385.0000 382.1815 16.3652 36.2716
387.0000 384.1650 16.3056 36.2624
389.0000 386.1485 16.2729 36.2568
391.0000 388.1320 16.2527 36.2534
393.0000 390.1154 16.2164 36.2454
395.0000 392.0989 16.1664 36.2389
397.0000 394.0822 16.1455 36.2355
399.0000 396.0656 16.1265 36.2318
401.0000 398.0490 16.1054 36.2284
403.0000 400.0324 16.0790 36.2235
405.0000 402.0157 16.0398 36.2174
407.0000 403.9990 16.0100 36.2127
409.0000 405.9823 16.0034 36.2117
411.0000 407.9656 15.9905 36.2088
413.0000 409.9489 15.9308 36.1978
415.0000 411.9321 15.8804 36.1901
417.0000 413.9154 15.8492 36.1854
419.0000 415.8985 15.8212 36.1803
421.0000 417.8817 15.8001 36.1771
423.0000 419.8649 15.7930 36.1764
425.0000 421.8480 15.7938 36.1765
427.0000 423.8311 15.7518 36.1678
429.0000 425.8143 15.6959 36.1585
431.0000 427.7973 15.6350 36.1498
433.0000 429.7804 15.6054 36.1437
435.0000 431.7635 15.5524 36.1351
437.0000 433.7465 15.4727 36.1205
439.0000 435.7295 15.3877 36.1076
441.0000 437.7125 15.3520 36.1026
443.0000 439.6955 15.3049 36.0950
445.0000 441.6784 15.2530 36.0878
447.0000 443.6614 15.2260 36.0834
449.0000 445.6443 15.2096 36.0809
451.0000 447.6272 15.1936 36.0781
453.0000 449.6100 15.1759 36.0755
455.0000 451.5929 15.1639 36.0735
457.0000 453.5757 15.1429 36.0702
459.0000 455.5585 15.0952 36.0618
461.0000 457.5414 15.0588 36.0561
463.0000 459.5242 15.0484 36.0542
465.0000 461.5069 15.0168 36.0483
467.0000 463.4897 14.9576 36.0395
469.0000 465.4724 14.9286 36.0347
471.0000 467.4551 14.8983 36.0299
473.0000 469.4378 14.8538 36.0215
475.0000 471.4204 14.8001 36.0136
477.0000 473.4031 14.7754 36.0099
479.0000 475.3858 14.7401 36.0040
481.0000 477.3683 14.6891 35.9960
483.0000 479.3510 14.6404 35.9878
485.0000 481.3335 14.6166 35.9860
487.0000 483.3161 14.6170 35.9864
489.0000 485.2986 14.5872 35.9813
491.0000 487.2811 14.5764 35.9797
493.0000 489.2636 14.5465 35.9747
495.0000 491.2461 14.5303 35.9724
497.0000 493.2286 14.4949 35.9659
499.0000 495.2110 14.4222 35.9554
501.0000 497.1934 14.3707 35.9487
503.0000 499.1758 14.3487 35.9455
505.0000 501.1582 14.3335 35.9431
507.0000 503.1405 14.3085 35.9392
509.0000 505.1229 14.2696 35.9336
511.0000 507.1053 14.2273 35.9286
513.0000 509.0876 14.1648 35.9184
515.0000 511.0698 14.0356 35.8987
517.0000 513.0521 13.9825 35.8899
519.0000 515.0344 13.9505 35.8869
521.0000 517.0165 13.9369 35.8849
523.0000 518.9988 13.9165 35.8821
525.0000 520.9810 13.8913 35.8787
527.0000 522.9632 13.8513 35.8722
529.0000 524.9453 13.7790 35.8613
531.0000 526.9275 13.7357 35.8548
533.0000 528.9096 13.6856 35.8475
535.0000 530.8917 13.6650 35.8451
537.0000 532.8737 13.6291 35.8381
539.0000 534.8558 13.5659 35.8293
541.0000 536.8379 13.5212 35.8229
543.0000 538.8199 13.4911 35.8188
545.0000 540.8019 13.4787 35.8170
547.0000 542.7839 13.4638 35.8148
549.0000 544.7658 13.4319 35.8090
551.0000 546.7478 13.3487 35.7976
553.0000 548.7297 13.3120 35.7920
555.0000 550.7115 13.2431 35.7820
557.0000 552.6935 13.2172 35.7790
559.0000 554.6754 13.2053 35.7791
561.0000 556.6573 13.1903 35.7776
563.0000 558.6390 13.1668 35.7747
565.0000 560.6209 13.1489 35.7717
567.0000 562.6027 13.1159 35.7672
569.0000 564.5844 13.0383 35.7552
571.0000 566.5662 13.0102 35.7522
573.0000 568.5480 12.9995 35.7503
575.0000 570.5297 12.9780 35.7472
577.0000 572.5114 12.9025 35.7351
579.0000 574.4930 12.8193 35.7245
581.0000 576.4747 12.7854 35.7202
583.0000 578.4564 12.7515 35.7156
585.0000 580.4380 12.7076 35.7096
587.0000 582.4197 12.6853 35.7072
589.0000 584.4012 12.6792 35.7064
591.0000 586.3828 12.6648 35.7040
593.0000 588.3643 12.6666 35.7046
595.0000 590.3458 12.6472 35.7019
597.0000 592.3273 12.6446 35.7018
599.0000 594.3088 12.6451 35.7014
601.0000 596.2903 12.6321 35.6995
603.0000 598.2718 12.5619 35.6879
605.0000 600.2532 12.4918 35.6799
607.0000 602.2346 12.4662 35.6768
609.0000 604.2160 12.4475 35.6746
611.0000 606.1974 12.4279 35.6721
613.0000 608.1787 12.4064 35.6695
615.0000 610.1602 12.3991 35.6689
617.0000 612.1415 12.3939 35.6682
619.0000 614.1227 12.3844 35.6669
621.0000 616.1040 12.3565 35.6620
623.0000 618.0853 12.3080 35.6565
625.0000 620.0665 12.2793 35.6518
627.0000 622.0477 12.2367 35.6474
629.0000 624.0289 12.2218 35.6453
631.0000 626.0101 12.2084 35.6435
633.0000 627.9913 12.2006 35.6429
635.0000 629.9724 12.1869 35.6414
637.0000 631.9536 12.1719 35.6390
639.0000 633.9347 12.1301 35.6342
641.0000 635.9158 12.0926 35.6302
643.0000 637.8969 12.0541 35.6283
645.0000 639.8779 12.0257 35.6231
647.0000 641.8589 11.9622 35.6125
649.0000 643.8400 11.8967 35.6044
651.0000 645.8210 11.8815 35.6030
653.0000 647.8019 11.8445 35.5985
655.0000 649.7829 11.8125 35.5963
657.0000 651.7639 11.7811 35.5933
659.0000 653.7448 11.7388 35.5881
661.0000 655.7257 11.6834 35.5837
663.0000 657.7066 11.6196 35.5739
665.0000 659.6874 11.5403 35.5652
667.0000 661.6683 11.4786 35.5591
669.0000 663.6491 11.4604 35.5577
671.0000 665.6299 11.4307 35.5534
673.0000 667.6107 11.3999 35.5507
675.0000 669.5915 11.3906 35.5503
677.0000 671.5723 11.3870 35.5502
679.0000 673.5530 11.3756 35.5488
681.0000 675.5337 11.3451 35.5451
683.0000 677.5144 11.2888 35.5368
685.0000 679.4951 11.2202 35.5299
687.0000 681.4757 11.1969 35.5275
689.0000 683.4564 11.1920 35.5270
691.0000 685.4370 11.1887 35.5268
693.0000 687.4175 11.1846 35.5264
695.0000 689.3982 11.1563 35.5213
697.0000 691.3787 11.0182 35.5029
699.0000 693.3594 10.9526 35.4966
701.0000 695.3398 10.9498 35.4967
703.0000 697.3203 10.9483 35.4968
705.0000 699.3008 10.9468 35.4967
707.0000 701.2812 10.9451 35.4964
709.0000 703.2617 10.9182 35.4925
711.0000 705.2422 10.8789 35.4869
713.0000 707.2226 10.8204 35.4790
715.0000 709.2030 10.7823 35.4749
717.0000 711.1833 10.7660 35.4727
719.0000 713.1637 10.7457 35.4708
721.0000 715.1440 10.7339 35.4693
723.0000 717.1243 10.7147 35.4673
725.0000 719.1047 10.6812 35.4622
727.0000 721.0850 10.6292 35.4573
729.0000 723.0652 10.6060 35.4548
731.0000 725.0455 10.5880 35.4520
733.0000 727.0257 10.5610 35.4493
735.0000 729.0059 10.5308 35.4457
737.0000 730.9861 10.5186 35.4443
739.0000 732.9662 10.5106 35.4431
741.0000 734.9465 10.4826 35.4384
743.0000 736.9265 10.4339 35.4328
745.0000 738.9066 10.4171 35.4311
747.0000 740.8868 10.3958 35.4269
749.0000 742.8668 10.3486 35.4204
751.0000 744.8469 10.3070 35.4159
753.0000 746.8269 10.2914 35.4138
755.0000 748.8068 10.2431 35.4063
757.0000 750.7869 10.0871 35.3890
759.0000 752.7669 10.0429 35.3839
761.0000 754.7469 10.0213 35.3819
763.0000 756.7267 10.0108 35.3806
765.0000 758.7067 9.9987 35.3795
767.0000 760.6866 9.9942 35.3791
769.0000 762.6664 9.9658 35.3748
771.0000 764.6463 9.9157 35.3696
773.0000 766.6262 9.8960 35.3674
775.0000 768.6061 9.8789 35.3657
777.0000 770.5858 9.8694 35.3645
779.0000 772.5656 9.8633 35.3643
781.0000 774.5454 9.8510 35.3627
783.0000 776.5251 9.7623 35.3500
785.0000 778.5049 9.7010 35.3438
787.0000 780.4847 9.6618 35.3392
789.0000 782.4644 9.6398 35.3369
791.0000 784.4440 9.6288 35.3361
793.0000 786.4236 9.6161 35.3347
795.0000 788.4033 9.6026 35.3334
797.0000 790.3829 9.5961 35.3324
799.0000 792.3625 9.5510 35.3254
801.0000 794.3420 9.4874 35.3171
803.0000 796.3217 9.4312 35.3107
805.0000 798.3011 9.3869 35.3050
807.0000 800.2808 9.3526 35.3018
809.0000 802.2603 9.3311 35.2988
811.0000 804.2397 9.2946 35.2935
813.0000 806.2192 9.2998 35.2955
815.0000 808.1987 9.1935 35.2817
817.0000 810.1780 9.1689 35.2798
819.0000 812.1574 9.1606 35.2785
821.0000 814.1369 9.1453 35.2764
823.0000 816.1163 9.1299 35.2739
825.0000 818.0956 9.1016 35.2698
827.0000 820.0750 9.0624 35.2636
829.0000 822.0543 8.9950 35.2531
831.0000 824.0336 8.8940 35.2401
833.0000 826.0128 8.8512 35.2350
835.0000 827.9921 8.8149 35.2285
837.0000 829.9714 8.7782 35.2242
839.0000 831.9506 8.7651 35.2233
841.0000 833.9299 8.7597 35.2234
843.0000 835.9090 8.7453 35.2212
845.0000 837.8881 8.6881 35.2139
847.0000 839.8673 8.6336 35.2037
849.0000 841.8465 8.5480 35.1953
851.0000 843.8257 8.5037 35.1895
853.0000 845.8046 8.4557 35.1825
855.0000 847.7837 8.4119 35.1764
857.0000 849.7628 8.3849 35.1724
859.0000 851.7418 8.3901 35.1725
861.0000 853.7209 8.3348 35.1641
863.0000 855.6999 8.3158 35.1610
865.0000 857.6788 8.2976 35.1579
867.0000 859.6577 8.2847 35.1563
869.0000 861.6368 8.2146 35.1446
871.0000 863.6158 8.1016 35.1320
873.0000 865.5945 8.0951 35.1311
875.0000 867.5735 8.0878 35.1302
877.0000 869.5524 8.0480 35.1248
879.0000 871.5312 8.0087 35.1194
881.0000 873.5100 7.9471 35.1183
883.0000 875.4888 7.9386 35.1171
885.0000 877.4677 7.9254 35.1157
887.0000 879.4464 7.9187 35.1157
889.0000 881.4251 7.9043 35.1152
891.0000 883.4040 7.8888 35.1155
893.0000 885.3825 7.8742 35.1155
895.0000 887.3613 7.8484 35.1126
897.0000 889.3400 7.8386 35.1145
899.0000 891.3187 7.9205 35.1368
901.0000 893.2972 7.9760 35.1493
903.0000 895.2759 7.9502 35.1451
905.0000 897.2545 7.9080 35.1420
907.0000 899.2331 7.9003 35.1406
909.0000 901.2117 7.8634 35.1364
911.0000 903.1902 7.8346 35.1328
913.0000 905.1688 7.7959 35.1284
915.0000 907.1473 7.7550 35.1219
917.0000 909.1257 7.6990 35.1114
919.0000 911.1043 7.6680 35.1090
921.0000 913.0827 7.6815 35.1148
923.0000 915.0611 7.6621 35.1145
925.0000 917.0396 7.5999 35.1091
927.0000 919.0179 7.5513 35.1049
929.0000 920.9963 7.5356 35.1029
931.0000 922.9747 7.5160 35.1004
933.0000 924.9531 7.5097 35.1001
935.0000 926.9313 7.5025 35.0992
937.0000 928.9097 7.4916 35.0984
939.0000 930.8880 7.4922 35.0988
941.0000 932.8662 7.4940 35.0993
943.0000 934.8445 7.4895 35.0985
945.0000 936.8227 7.4668 35.0945
947.0000 938.8009 7.4512 35.0930
949.0000 940.7791 7.4316 35.0905
951.0000 942.7573 7.3501 35.0832
953.0000 944.7354 7.3313 35.0813
955.0000 946.7136 7.3234 35.0801
957.0000 948.6917 7.3192 35.0798
959.0000 950.6697 7.3194 35.0800
961.0000 952.6478 7.3209 35.0803
963.0000 954.6259 7.3192 35.0801
965.0000 956.6039 7.3141 35.0796
967.0000 958.5820 7.2998 35.0780
969.0000 960.5599 7.2667 35.0731
971.0000 962.5380 7.2476 35.0703
973.0000 964.5159 7.2079 35.0662
975.0000 966.4939 7.1615 35.0617
977.0000 968.4719 7.1440 35.0607
979.0000 970.4496 7.1223 35.0588
981.0000 972.4277 7.1011 35.0582
983.0000 974.4055 7.0845 35.0574
985.0000 976.3834 7.0654 35.0560
987.0000 978.3611 7.0503 35.0549
989.0000 980.3391 7.0409 35.0536
991.0000 982.3168 7.0173 35.0510
993.0000 984.2946 6.9787 35.0452
995.0000 986.2724 6.9422 35.0414
997.0000 988.2501 6.9245 35.0387
999.0000 990.2278 6.8876 35.0332
1001.0000 992.2055 6.8447 35.0292
1003.0000 994.1832 6.8246 35.0320
1005.0000 996.1608 6.8290 35.0338
1007.0000 998.1385 6.8200 35.0330
1009.0000 1000.1161 6.8216 35.0334
1011.0000 1002.0938 6.8073 35.0338
1013.0000 1004.0714 6.7924 35.0338
1015.0000 1006.0490 6.7782 35.0332
1017.0000 1008.0264 6.7616 35.0326
1019.0000 1010.0040 6.7541 35.0324
1021.0000 1011.9816 6.7466 35.0320
1023.0000 1013.9591 6.7398 35.0320
1025.0000 1015.9365 6.7337 35.0323
1027.0000 1017.9140 6.7215 35.0324
1029.0000 1019.8915 6.7087 35.0326
1031.0000 1021.8689 6.6870 35.0318
1033.0000 1023.8462 6.6508 35.0295
1035.0000 1025.8237 6.6335 35.0294
1037.0000 1027.8010 6.6143 35.0277
1039.0000 1029.7783 6.6076 35.0269
1041.0000 1031.7556 6.5763 35.0249
1043.0000 1033.7329 6.5476 35.0241
1045.0000 1035.7102 6.5413 35.0245
1047.0000 1037.6875 6.5156 35.0223
1049.0000 1039.6649 6.4894 35.0207
1051.0000 1041.6421 6.4734 35.0195
1053.0000 1043.6193 6.4549 35.0185
1055.0000 1045.5966 6.4241 35.0167
1057.0000 1047.5737 6.4108 35.0165
1059.0000 1049.5508 6.4003 35.0160
1061.0000 1051.5280 6.3903 35.0158
1063.0000 1053.5051 6.3841 35.0157
1065.0000 1055.4823 6.3781 35.0156
1067.0000 1057.4594 6.3728 35.0156
1069.0000 1059.4363 6.3636 35.0151
1071.0000 1061.4133 6.3535 35.0148
1073.0000 1063.3904 6.3371 35.0135
1075.0000 1065.3674 6.3211 35.0131
1077.0000 1067.3445 6.3107 35.0128
1079.0000 1069.3213 6.2946 35.0121
1081.0000 1071.2983 6.2859 35.0117
1083.0000 1073.2754 6.2802 35.0112
1085.0000 1075.2523 6.2634 35.0104
1087.0000 1077.2291 6.2591 35.0103
1089.0000 1079.2061 6.2490 35.0098
1091.0000 1081.1829 6.2379 35.0092
1093.0000 1083.1597 6.2215 35.0083
1095.0000 1085.1366 6.2036 35.0081
1097.0000 1087.1134 6.1971 35.0084
1099.0000 1089.0902 6.1969 35.0085
1101.0000 1091.0668 6.1956 35.0087
1103.0000 1093.0437 6.1880 35.0083
1105.0000 1095.0205 6.1697 35.0065
1107.0000 1096.9971 6.1520 35.0060
1109.0000 1098.9739 6.1370 35.0056
1111.0000 1100.9506 6.1314 35.0056
1113.0000 1102.9271 6.1191 35.0054
1115.0000 1104.9038 6.1121 35.0057
1117.0000 1106.8805 6.0924 35.0054
1119.0000 1108.8571 6.0661 35.0061
1121.0000 1110.8335 6.0523 35.0066
1123.0000 1112.8102 6.0405 35.0068
1125.0000 1114.7866 6.0356 35.0066
1127.0000 1116.7632 6.0155 35.0056
1129.0000 1118.7397 6.0092 35.0059
1131.0000 1120.7163 6.0076 35.0061
1133.0000 1122.6929 6.0070 35.0063
1135.0000 1124.6692 6.0068 35.0066
1137.0000 1126.6456 6.0068 35.0067
1139.0000 1128.6219 6.0025 35.0065
1141.0000 1130.5984 5.9820 35.0052
1143.0000 1132.5748 5.9658 35.0043
1145.0000 1134.5511 5.9332 35.0016
1147.0000 1136.5276 5.9126 35.0005
1149.0000 1138.5038 5.9018 35.0001
1151.0000 1140.4802 5.8956 34.9998
1153.0000 1142.4565 5.8889 34.9998
1155.0000 1144.4326 5.8852 35.0001
1157.0000 1146.4089 5.8824 35.0005
1159.0000 1148.3851 5.8776 35.0009
1161.0000 1150.3615 5.8738 35.0017
1163.0000 1152.3375 5.8699 35.0020
1165.0000 1154.3138 5.8663 35.0019
1167.0000 1156.2899 5.8603 35.0019
1169.0000 1158.2660 5.8436 35.0018
1171.0000 1160.2422 5.8347 35.0023
1173.0000 1162.2183 5.8218 35.0040
1175.0000 1164.1943 5.8181 35.0059
1177.0000 1166.1703 5.8251 35.0041
1179.0000 1168.1464 5.7821 35.0056
1181.0000 1170.1226 5.7679 35.0073
1183.0000 1172.0984 5.7660 35.0081
1185.0000 1174.0745 5.7687 35.0079
1187.0000 1176.0505 5.7625 35.0084
1189.0000 1178.0265 5.7505 35.0095
1191.0000 1180.0023 5.7487 35.0099
1193.0000 1181.9781 5.7405 35.0109
1195.0000 1183.9541 5.7352 35.0117
1197.0000 1185.9298 5.7287 35.0117
1199.0000 1187.9058 5.7110 35.0141
1201.0000 1189.8817 5.7084 35.0156
1203.0000 1191.8575 5.7059 35.0161
1205.0000 1193.8333 5.7055 35.0161
1207.0000 1195.8091 5.7035 35.0164
1209.0000 1197.7849 5.6993 35.0178
1211.0000 1199.7605 5.6942 35.0201
1213.0000 1201.7363 5.6918 35.0218
1215.0000 1203.7120 5.6859 35.0260
1217.0000 1205.6877 5.6759 35.0280
1219.0000 1207.6633 5.6728 35.0287
1221.0000 1209.6389 5.6706 35.0290
1223.0000 1211.6146 5.6620 35.0294
1225.0000 1213.5902 5.6595 35.0304
1227.0000 1215.5658 5.6546 35.0300
1229.0000 1217.5414 5.6503 35.0300
1231.0000 1219.5170 5.6282 35.0268
1233.0000 1221.4926 5.6163 35.0255
1235.0000 1223.4680 5.6034 35.0247
1237.0000 1225.4437 5.5972 35.0248
1239.0000 1227.4191 5.5915 35.0245
1241.0000 1229.3945 5.5865 35.0250
1243.0000 1231.3700 5.5924 35.0294
1245.0000 1233.3453 5.5906 35.0309
1247.0000 1235.3208 5.5739 35.0312
1249.0000 1237.2963 5.5567 35.0295
1251.0000 1239.2716 5.5383 35.0290
1253.0000 1241.2469 5.5424 35.0316
1255.0000 1243.2223 5.5393 35.0338
1257.0000 1245.1976 5.5166 35.0305
1259.0000 1247.1729 5.4994 35.0296
1261.0000 1249.1482 5.4936 35.0298
1263.0000 1251.1234 5.4575 35.0296
1265.0000 1253.0988 5.4459 35.0329
1267.0000 1255.0740 5.4427 35.0339
1269.0000 1257.0491 5.4407 35.0342
1271.0000 1259.0243 5.4404 35.0343
1273.0000 1260.9994 5.4395 35.0344
1275.0000 1262.9745 5.4369 35.0348
1277.0000 1264.9497 5.4339 35.0351
1279.0000 1266.9247 5.4312 35.0353
1281.0000 1268.8998 5.4281 35.0357
1283.0000 1270.8749 5.4243 35.0366
1285.0000 1272.8500 5.4162 35.0380
1287.0000 1274.8250 5.4124 35.0387
1289.0000 1276.8000 5.4100 35.0391
1291.0000 1278.7750 5.4073 35.0393
1293.0000 1280.7500 5.4040 35.0398
1295.0000 1282.7250 5.4027 35.0402
1297.0000 1284.7000 5.4004 35.0404
1299.0000 1286.6749 5.3961 35.0413
1301.0000 1288.6497 5.3884 35.0418
1303.0000 1290.6248 5.3829 35.0417
1305.0000 1292.5996 5.3784 35.0417
1307.0000 1294.5745 5.3748 35.0416
1309.0000 1296.5493 5.3599 35.0417
1311.0000 1298.5243 5.3531 35.0440
1313.0000 1300.4990 5.3457 35.0442
1315.0000 1302.4736 5.3364 35.0441
1317.0000 1304.4485 5.3114 35.0423
1319.0000 1306.4232 5.3067 35.0423
1321.0000 1308.3979 5.3073 35.0427
1323.0000 1310.3726 5.3032 35.0427
1325.0000 1312.3474 5.3024 35.0427
1327.0000 1314.3220 5.3017 35.0428
1329.0000 1316.2966 5.2999 35.0431
1331.0000 1318.2712 5.2948 35.0426
1333.0000 1320.2458 5.2925 35.0431
1335.0000 1322.2205 5.2888 35.0432
1337.0000 1324.1951 5.2832 35.0435
1339.0000 1326.1696 5.2823 35.0439
1341.0000 1328.1440 5.2796 35.0439
1343.0000 1330.1187 5.2725 35.0444
1345.0000 1332.0931 5.2694 35.0454
1347.0000 1334.0676 5.2691 35.0458
1349.0000 1336.0420 5.2683 35.0461
1351.0000 1338.0165 5.2649 35.0468
1353.0000 1339.9910 5.2589 35.0470
1355.0000 1341.9652 5.2446 35.0481
1357.0000 1343.9398 5.2377 35.0482
1359.0000 1345.9142 5.2260 35.0479
1361.0000 1347.8885 5.2206 35.0476
1363.0000 1349.8628 5.2118 35.0476
1365.0000 1351.8372 5.2009 35.0479
1367.0000 1353.8115 5.1961 35.0482
1369.0000 1355.7856 5.1902 35.0485
1371.0000 1357.7600 5.1837 35.0489
1373.0000 1359.7343 5.1835 35.0489
1375.0000 1361.7084 5.1843 35.0489
1377.0000 1363.6825 5.1839 35.0488
1379.0000 1365.6569 5.1808 35.0491
1381.0000 1367.6310 5.1799 35.0491
1383.0000 1369.6051 5.1752 35.0491
1385.0000 1371.5792 5.1690 35.0497
1387.0000 1373.5535 5.1638 35.0511
1389.0000 1375.5276 5.1605 35.0511
1391.0000 1377.5015 5.1566 35.0513
1393.0000 1379.4756 5.1540 35.0514
1395.0000 1381.4496 5.1556 35.0512
1397.0000 1383.4236 5.1217 35.0498
1399.0000 1385.3976 5.0986 35.0499
1401.0000 1387.3716 5.0965 35.0498
1403.0000 1389.3457 5.0946 35.0501
1405.0000 1391.3195 5.0870 35.0502
1407.0000 1393.2935 5.0819 35.0503
1409.0000 1395.2675 5.0711 35.0505
1411.0000 1397.2412 5.0689 35.0508
1413.0000 1399.2151 5.0658 35.0508
1415.0000 1401.1890 5.0625 35.0509
1417.0000 1403.1627 5.0481 35.0508
1419.0000 1405.1366 5.0411 35.0512
1421.0000 1407.1105 5.0403 35.0514
1423.0000 1409.0842 5.0392 35.0515
1425.0000 1411.0580 5.0382 35.0516
1427.0000 1413.0317 5.0395 35.0516
1429.0000 1415.0055 5.0362 35.0523
1431.0000 1416.9791 5.0353 35.0523
1433.0000 1418.9528 5.0355 35.0522
1435.0000 1420.9265 5.0341 35.0524
1437.0000 1422.9001 5.0283 35.0530
1439.0000 1424.8738 5.0267 35.0533
1441.0000 1426.8474 5.0261 35.0533
1443.0000 1428.8209 5.0240 35.0534
1445.0000 1430.7944 5.0221 35.0535
1447.0000 1432.7679 5.0177 35.0533
1449.0000 1434.7417 5.0117 35.0533
1451.0000 1436.7153 5.0084 35.0533
1453.0000 1438.6887 4.9936 35.0536
1455.0000 1440.6621 4.9848 35.0547
1457.0000 1442.6356 4.9840 35.0554
1459.0000 1444.6089 4.9862 35.0562
1461.0000 1446.5824 4.9861 35.0563
1463.0000 1448.5560 4.9860 35.0563
1465.0000 1450.5294 4.9863 35.0565
1467.0000 1452.5026 4.9850 35.0565
1469.0000 1454.4761 4.9779 35.0568
1471.0000 1456.4493 4.9691 35.0570
1473.0000 1458.4225 4.9570 35.0571
1475.0000 1460.3960 4.9476 35.0570
1477.0000 1462.3693 4.9435 35.0577
1479.0000 1464.3424 4.9440 35.0579
1481.0000 1466.3157 4.9444 35.0581
1483.0000 1468.2889 4.9449 35.0582
1485.0000 1470.2622 4.9447 35.0584
1487.0000 1472.2354 4.9411 35.0586
1489.0000 1474.2085 4.9354 35.0590
1491.0000 1476.1816 4.9344 35.0605
1493.0000 1478.1548 4.9346 35.0609
1495.0000 1480.1278 4.9340 35.0612
1497.0000 1482.1011 4.9144 35.0597
1499.0000 1484.0742 4.9006 35.0597
1501.0000 1486.0470 4.8988 35.0603
1503.0000 1488.0201 4.8991 35.0606
1505.0000 1489.9932 4.8946 35.0603
1507.0000 1491.9662 4.8877 35.0599
1509.0000 1493.9392 4.8821 35.0594
1511.0000 1495.9121 4.8635 35.0576
1513.0000 1497.8851 4.8566 35.0570
1515.0000 1499.8579 4.8558 35.0570
1517.0000 1501.8309 4.8544 35.0574
1519.0000 1503.8038 4.8581 35.0586
1521.0000 1505.7766 4.8554 35.0590
1523.0000 1507.7495 4.8547 35.0592
1525.0000 1509.7224 4.8534 35.0589
1527.0000 1511.6953 4.8506 35.0589
1529.0000 1513.6680 4.8473 35.0592
1531.0000 1515.6407 4.8422 35.0598
1533.0000 1517.6135 4.8414 35.0603
1535.0000 1519.5863 4.8418 35.0607
1537.0000 1521.5591 4.8425 35.0614
1539.0000 1523.5317 4.8421 35.0620
1541.0000 1525.5043 4.8334 35.0631
1543.0000 1527.4771 4.8229 35.0640
1545.0000 1529.4498 4.8187 35.0641
1547.0000 1531.4224 4.8151 35.0643
1549.0000 1533.3949 4.8139 35.0643
1551.0000 1535.3677 4.8109 35.0642
1553.0000 1537.3402 4.8056 35.0643
1555.0000 1539.3126 4.8017 35.0642
1557.0000 1541.2852 4.7941 35.0638
1559.0000 1543.2578 4.7821 35.0631
1561.0000 1545.2303 4.7724 35.0634
1563.0000 1547.2026 4.7673 35.0647
1565.0000 1549.1752 4.7641 35.0661
1567.0000 1551.1478 4.7608 35.0666
1569.0000 1553.1201 4.7482 35.0665
1571.0000 1555.0925 4.7458 35.0664
1573.0000 1557.0649 4.7416 35.0663
1575.0000 1559.0374 4.7380 35.0666
1577.0000 1561.0096 4.7259 35.0660
1579.0000 1562.9819 4.7201 35.0656
1581.0000 1564.9542 4.7105 35.0646
1583.0000 1566.9266 4.6955 35.0644
1585.0000 1568.8989 4.6929 35.0649
1587.0000 1570.8712 4.6913 35.0654
1589.0000 1572.8435 4.6905 35.0655
1591.0000 1574.8156 4.6890 35.0657
1593.0000 1576.7878 4.6866 35.0660
1595.0000 1578.7600 4.6838 35.0664
1597.0000 1580.7322 4.6817 35.0664
1599.0000 1582.7043 4.6798 35.0667
1601.0000 1584.6765 4.6787 35.0664
1603.0000 1586.6487 4.6674 35.0662
1605.0000 1588.6207 4.6602 35.0661
1607.0000 1590.5928 4.6539 35.0658
1609.0000 1592.5648 4.6509 35.0662
1611.0000 1594.5369 4.6494 35.0663
1613.0000 1596.5089 4.6484 35.0663
1615.0000 1598.4810 4.6478 35.0662
1617.0000 1600.4529 4.6470 35.0662
1619.0000 1602.4249 4.6377 35.0652
1621.0000 1604.3969 4.6336 35.0652
1623.0000 1606.3689 4.6333 35.0650
1625.0000 1608.3407 4.6301 35.0649
1627.0000 1610.3125 4.6301 35.0650
1629.0000 1612.2844 4.6274 35.0648
1631.0000 1614.2562 4.6227 35.0650
1633.0000 1616.2281 4.6161 35.0650
1635.0000 1618.2000 4.6131 35.0650
1637.0000 1620.1719 4.6122 35.0650
1639.0000 1622.1436 4.6107 35.0650
1641.0000 1624.1154 4.6100 35.0650
1643.0000 1626.0872 4.6089 35.0650
1645.0000 1628.0588 4.6007 35.0652
1647.0000 1630.0304 4.5959 35.0653
1649.0000 1632.0023 4.5923 35.0655
1651.0000 1633.9740 4.5890 35.0653
1653.0000 1635.9454 4.5837 35.0652
1655.0000 1637.9172 4.5681 35.0646
1657.0000 1639.8889 4.5468 35.0648
1659.0000 1641.8602 4.5409 35.0657
1661.0000 1643.8320 4.5383 35.0658
1663.0000 1645.8036 4.5324 35.0652
1665.0000 1647.7751 4.5252 35.0651
1667.0000 1649.7466 4.5180 35.0650
1669.0000 1651.7181 4.5178 35.0650
1671.0000 1653.6896 4.5153 35.0646
1673.0000 1655.6611 4.5079 35.0640
1675.0000 1657.6326 4.5058 35.0639
1677.0000 1659.6041 4.5043 35.0646
1679.0000 1661.5753 4.5085 35.0659
1681.0000 1663.5469 4.5092 35.0663
1683.0000 1665.5183 4.5090 35.0666
1685.0000 1667.4896 4.5082 35.0671
1687.0000 1669.4608 4.5071 35.0675
1689.0000 1671.4324 4.5065 35.0676
1691.0000 1673.4037 4.5059 35.0675
1693.0000 1675.3749 4.5053 35.0676
1695.0000 1677.3462 4.5036 35.0675
1697.0000 1679.3174 4.4964 35.0679
1699.0000 1681.2887 4.4928 35.0682
1701.0000 1683.2599 4.4807 35.0673
1703.0000 1685.2310 4.4755 35.0672
1705.0000 1687.2023 4.4715 35.0673
1707.0000 1689.1732 4.4696 35.0675
1709.0000 1691.1447 4.4666 35.0677
1711.0000 1693.1157 4.4664 35.0677
1713.0000 1695.0869 4.4619 35.0678
1715.0000 1697.0579 4.4548 35.0680
1717.0000 1699.0289 4.4526 35.0680
1719.0000 1701.0001 4.4437 35.0666
1721.0000 1702.9708 4.4074 35.0631
1723.0000 1704.9420 4.4101 35.0633
1725.0000 1706.9131 4.4022 35.0619
1727.0000 1708.8840 4.3979 35.0616
1729.0000 1710.8550 4.3965 35.0615
1731.0000 1712.8259 4.3948 35.0614
1733.0000 1714.7969 4.3908 35.0609
1735.0000 1716.7676 4.3917 35.0611
1737.0000 1718.7385 4.3937 35.0617
1739.0000 1720.7097 4.3978 35.0628
1741.0000 1722.6802 4.4085 35.0656
1743.0000 1724.6511 4.4087 35.0655
1745.0000 1726.6221 4.4153 35.0679
1747.0000 1728.5928 4.4216 35.0708
1749.0000 1730.5635 4.4172 35.0709
1751.0000 1732.5343 4.4128 35.0700
1753.0000 1734.5051 4.4073 35.0693
1755.0000 1736.4757 4.3940 35.0669
1757.0000 1738.4464 4.3768 35.0654
1759.0000 1740.4171 4.3741 35.0658
1761.0000 1742.3878 4.3794 35.0680
1763.0000 1744.3584 4.3864 35.0699
1765.0000 1746.3291 4.3829 35.0702
1767.0000 1748.2998 4.3795 35.0700
1769.0000 1750.2701 4.3737 35.0695
1771.0000 1752.2408 4.3579 35.0676
1773.0000 1754.2115 4.3516 35.0673
1775.0000 1756.1821 4.3405 35.0660
1777.0000 1758.1525 4.3317 35.0658
1779.0000 1760.1229 4.3309 35.0655
1781.0000 1762.0936 4.3288 35.0653
1783.0000 1764.0637 4.3256 35.0649
1785.0000 1766.0344 4.3254 35.0651
1787.0000 1768.0048 4.3248 35.0649
1789.0000 1769.9755 4.3251 35.0651
1791.0000 1771.9456 4.3256 35.0652
1793.0000 1773.9161 4.3256 35.0652
1795.0000 1775.8865 4.3227 35.0647
1797.0000 1777.8566 4.3010 35.0622
1799.0000 1779.8270 4.2914 35.0617
1801.0000 1781.7974 4.2848 35.0616
1803.0000 1783.7675 4.2791 35.0617
1805.0000 1785.7378 4.2744 35.0616
1807.0000 1787.7083 4.2736 35.0616
1809.0000 1789.6783 4.2655 35.0605
1811.0000 1791.6484 4.2522 35.0589
1813.0000 1793.6188 4.2419 35.0584
1815.0000 1795.5891 4.2368 35.0583
1817.0000 1797.5590 4.2314 35.0577
1819.0000 1799.5293 4.2178 35.0567
1821.0000 1801.4994 4.2130 35.0565
1823.0000 1803.4696 4.2079 35.0561
1825.0000 1805.4393 4.2001 35.0558
1827.0000 1807.4097 4.1971 35.0555
1829.0000 1809.3795 4.1963 35.0556
1831.0000 1811.3496 4.1949 35.0554
1833.0000 1813.3196 4.1913 35.0551
1835.0000 1815.2898 4.1916 35.0551
1837.0000 1817.2596 4.1903 35.0551
1839.0000 1819.2296 4.1904 35.0552
1841.0000 1821.1995 4.1906 35.0551
1843.0000 1823.1696 4.1792 35.0537
1845.0000 1825.1393 4.1728 35.0537
1847.0000 1827.1091 4.1719 35.0535
1849.0000 1829.0790 4.1680 35.0532
1851.0000 1831.0491 4.1605 35.0528
1853.0000 1833.0186 4.1594 35.0527
1855.0000 1834.9885 4.1575 35.0526
1857.0000 1836.9584 4.1458 35.0514
1859.0000 1838.9281 4.1355 35.0502
1861.0000 1840.8977 4.1247 35.0499
1863.0000 1842.8676 4.1195 35.0492
1865.0000 1844.8372 4.1141 35.0488
1867.0000 1846.8070 4.1061 35.0481
1869.0000 1848.7769 4.1039 35.0481
1871.0000 1850.7463 4.0989 35.0476
1873.0000 1852.7161 4.0889 35.0468
1875.0000 1854.6854 4.0833 35.0467
1877.0000 1856.6554 4.0724 35.0457
1879.0000 1858.6246 4.0697 35.0455
1881.0000 1860.5944 4.0680 35.0453
1883.0000 1862.5640 4.0649 35.0450
1885.0000 1864.5337 4.0589 35.0445
1887.0000 1866.5029 4.0556 35.0444
1889.0000 1868.4724 4.0535 35.0441
1891.0000 1870.4420 4.0492 35.0437
1893.0000 1872.4114 4.0498 35.0438
1895.0000 1874.3810 4.0455 35.0434
1897.0000 1876.3502 4.0439 35.0433
1899.0000 1878.3197 4.0396 35.0427
1901.0000 1880.2889 4.0302 35.0417
1903.0000 1882.2584 4.0245 35.0411
1905.0000 1884.2277 4.0137 35.0398
1907.0000 1886.1970 4.0078 35.0393
1909.0000 1888.1664 4.0015 35.0381
1911.0000 1890.1357 3.9885 35.0368
1913.0000 1892.1051 3.9875 35.0370
1915.0000 1894.0742 3.9824 35.0362
1917.0000 1896.0435 3.9771 35.0354
1919.0000 1898.0127 3.9683 35.0354
1921.0000 1899.9818 3.9592 35.0347
1923.0000 1901.9513 3.9547 35.0342
1925.0000 1903.9203 3.9496 35.0336
1927.0000 1905.8894 3.9430 35.0330
1929.0000 1907.8584 3.9403 35.0330
1931.0000 1909.8276 3.9386 35.0327
1933.0000 1911.7969 3.9334 35.0322
1935.0000 1913.7657 3.9215 35.0310
1937.0000 1915.7350 3.9100 35.0307
1939.0000 1917.7039 3.9092 35.0307
1941.0000 1919.6729 3.9068 35.0305
1943.0000 1921.6420 3.9046 35.0304
1945.0000 1923.6110 3.9029 35.0303
1947.0000 1925.5801 3.9011 35.0302
1949.0000 1927.5487 3.8992 35.0301
1951.0000 1929.5179 3.8960 35.0297
1953.0000 1931.4869 3.8857 35.0286
1955.0000 1933.4554 3.8823 35.0283
1957.0000 1935.4244 3.8798 35.0277
1959.0000 1937.3933 3.8676 35.0261
1961.0000 1939.3623 3.8638 35.0260
1963.0000 1941.3309 3.8640 35.0261
1965.0000 1943.2998 3.8640 35.0263
1967.0000 1945.2687 3.8580 35.0253
1969.0000 1947.2374 3.8453 35.0243
1971.0000 1949.2061 3.8444 35.0242
1973.0000 1951.1749 3.8415 35.0239
1975.0000 1953.1436 3.8409 35.0239
1977.0000 1955.1122 3.8406 35.0240
1979.0000 1957.0811 3.8398 35.0240
1981.0000 1959.0497 3.8395 35.0240
1983.0000 1961.0181 3.8397 35.0240
1985.0000 1962.9869 3.8395 35.0241
1987.0000 1964.9556 3.8398 35.0241
1989.0000 1966.9242 3.8366 35.0244
1991.0000 1968.8926 3.8344 35.0244
1993.0000 1970.8612 3.8285 35.0238
1995.0000 1972.8298 3.8232 35.0231
1997.0000 1974.7983 3.8081 35.0218
1999.0000 1976.7667 3.8054 35.0215
2001.0000 1978.7354 3.8049 35.0215
2003.0000 1980.7037 3.8022 35.0213
2005.0000 1982.6720 3.7971 35.0211
2007.0000 1984.6406 3.7946 35.0211
2009.0000 1986.6088 3.7923 35.0208
2011.0000 1988.5773 3.7856 35.0204
2013.0000 1990.5457 3.7799 35.0202
2015.0000 1992.5140 3.7788 35.0201
2017.0000 1994.4823 3.7780 35.0200
2019.0000 1996.4507 3.7768 35.0199
2021.0000 1998.4191 3.7757 35.0197
2023.0000 2000.3873 3.7734 35.0196
2025.0000 2002.3556 3.7705 35.0194
2027.0000 2004.3237 3.7688 35.0192
2029.0000 2006.2920 3.7654 35.0190
2031.0000 2008.2601 3.7598 35.0185
2033.0000 2010.2284 3.7588 35.0186
2035.0000 2012.1965 3.7559 35.0182
2037.0000 2014.1648 3.7493 35.0175
2039.0000 2016.1328 3.7430 35.0172
2041.0000 2018.1008 3.7350 35.0168
2043.0000 2020.0690 3.7308 35.0165
2045.0000 2022.0370 3.7297 35.0163
2047.0000 2024.0050 3.7288 35.0161
2049.0000 2025.9733 3.7249 35.0160
2051.0000 2027.9414 3.7245 35.0161
2053.0000 2029.9092 3.7247 35.0161
2055.0000 2031.8772 3.7246 35.0161
2057.0000 2033.8452 3.7240 35.0159
2059.0000 2035.8130 3.7068 35.0140
2061.0000 2037.7810 3.6946 35.0134
2063.0000 2039.7490 3.6922 35.0131
2065.0000 2041.7168 3.6838 35.0122
2067.0000 2043.6846 3.6761 35.0118
2069.0000 2045.6526 3.6739 35.0116
2071.0000 2047.6206 3.6724 35.0115
2073.0000 2049.5881 3.6753 35.0115
2075.0000 2051.5559 3.6652 35.0108
2077.0000 2053.5239 3.6620 35.0104
2079.0000 2055.4915 3.6588 35.0102
2081.0000 2057.4595 3.6574 35.0100
2083.0000 2059.4272 3.6599 35.0101
2085.0000 2061.3950 3.6556 35.0098
2087.0000 2063.3625 3.6527 35.0095
2089.0000 2065.3301 3.6523 35.0095
2091.0000 2067.2979 3.6525 35.0094
2093.0000 2069.2654 3.6507 35.0091
2095.0000 2071.2332 3.6463 35.0088
2097.0000 2073.2007 3.6421 35.0080
2099.0000 2075.1685 3.6229 35.0062
2101.0000 2077.1357 3.6165 35.0055
2103.0000 2079.1035 3.6078 35.0047
2105.0000 2081.0710 3.5969 35.0036
2107.0000 2083.0383 3.5872 35.0030
2109.0000 2085.0059 3.5824 35.0025
2111.0000 2086.9734 3.5757 35.0019
2113.0000 2088.9409 3.5710 35.0017
2115.0000 2090.9082 3.5705 35.0017
2117.0000 2092.8757 3.5691 35.0017
2119.0000 2094.8433 3.5652 35.0012
2121.0000 2096.8103 3.5573 35.0007
2123.0000 2098.7778 3.5555 35.0005
2125.0000 2100.7454 3.5543 35.0006
2127.0000 2102.7124 3.5501 35.0001
2129.0000 2104.6802 3.5463 34.9998
2131.0000 2106.6472 3.5463 34.9999
2133.0000 2108.6145 3.5451 34.9997
2135.0000 2110.5818 3.5405 34.9993
2137.0000 2112.5491 3.5356 34.9988
2139.0000 2114.5161 3.5343 34.9987
2141.0000 2116.4832 3.5336 34.9988
2143.0000 2118.4507 3.5244 34.9976
2145.0000 2120.4177 3.5170 34.9974
2147.0000 2122.3853 3.5172 34.9974
2149.0000 2124.3518 3.5074 34.9961
2151.0000 2126.3191 3.4968 34.9957
2153.0000 2128.2864 3.4921 34.9953
2155.0000 2130.2534 3.4899 34.9952
2157.0000 2132.2205 3.4859 34.9950
2159.0000 2134.1875 3.4862 34.9951
2161.0000 2136.1545 3.4866 34.9951
2163.0000 2138.1213 3.4853 34.9949
2165.0000 2140.0886 3.4829 34.9949
2167.0000 2142.0557 3.4776 34.9944
2169.0000 2144.0222 3.4701 34.9938
2171.0000 2145.9893 3.4654 34.9935
2173.0000 2147.9563 3.4642 34.9935
2175.0000 2149.9233 3.4617 34.9931
2177.0000 2151.8901 3.4552 34.9927
2179.0000 2153.8569 3.4511 34.9924
2181.0000 2155.8237 3.4499 34.9923
2183.0000 2157.7905 3.4487 34.9922
2185.0000 2159.7576 3.4452 34.9919
2187.0000 2161.7241 3.4442 34.9917
2189.0000 2163.6909 3.4389 34.9913
2191.0000 2165.6575 3.4318 34.9907
2193.0000 2167.6245 3.4278 34.9904
2195.0000 2169.5911 3.4280 34.9905
2197.0000 2171.5576 3.4267 34.9903
2199.0000 2173.5247 3.4235 34.9899
2201.0000 2175.4915 3.4183 34.9894
2203.0000 2177.4578 3.4135 34.9891
2205.0000 2179.4246 3.4129 34.9891
2207.0000 2181.3911 3.4110 34.9888
2209.0000 2183.3577 3.4061 34.9884
2211.0000 2185.3242 3.4008 34.9880
2213.0000 2187.2908 3.3991 34.9878
2215.0000 2189.2573 3.3971 34.9877
2217.0000 2191.2236 3.3963 34.9877
2219.0000 2193.1902 3.3954 34.9876
2221.0000 2195.1570 3.3939 34.9874
2223.0000 2197.1235 3.3905 34.9871
2225.0000 2199.0898 3.3873 34.9869
2227.0000 2201.0564 3.3860 34.9867
2229.0000 2203.0225 3.3853 34.9866
2231.0000 2204.9888 3.3846 34.9865
2233.0000 2206.9553 3.3818 34.9863
2235.0000 2208.9216 3.3803 34.9861
2237.0000 2210.8882 3.3767 34.9857
2239.0000 2212.8542 3.3651 34.9848
2241.0000 2214.8208 3.3614 34.9844
2243.0000 2216.7871 3.3595 34.9844
2245.0000 2218.7532 3.3579 34.9842
2247.0000 2220.7195 3.3573 34.9842
2249.0000 2222.6858 3.3577 34.9842
2251.0000 2224.6521 3.3578 34.9843
2253.0000 2226.6182 3.3569 34.9841
2255.0000 2228.5842 3.3573 34.9840
2257.0000 2230.5505 3.3537 34.9839
2259.0000 2232.5164 3.3508 34.9836
2261.0000 2234.4827 3.3473 34.9833
2263.0000 2236.4487 3.3462 34.9831
2265.0000 2238.4146 3.3473 34.9831
2267.0000 2240.3809 3.3440 34.9828
2269.0000 2242.3472 3.3405 34.9825
2271.0000 2244.3132 3.3317 34.9818
2273.0000 2246.2791 3.3301 34.9818
2275.0000 2248.2449 3.3282 34.9817
2277.0000 2250.2112 3.3273 34.9815
2279.0000 2252.1770 3.3263 34.9814
2281.0000 2254.1426 3.3265 34.9815
2283.0000 2256.1089 3.3223 34.9809
2285.0000 2258.0747 3.3201 34.9809
2287.0000 2260.0405 3.3178 34.9807
2289.0000 2262.0066 3.3119 34.9801
2291.0000 2263.9724 3.3060 34.9794
2293.0000 2265.9380 3.3032 34.9794
2295.0000 2267.9041 3.3022 34.9793
2297.0000 2269.8699 3.3012 34.9792
2299.0000 2271.8357 3.3012 34.9792
2301.0000 2273.8013 3.3007 34.9791
2303.0000 2275.7673 3.2945 34.9784
2305.0000 2277.7329 3.2915 34.9784
2307.0000 2279.6982 3.2892 34.9780
2309.0000 2281.6641 3.2873 34.9779
2311.0000 2283.6299 3.2837 34.9775
2313.0000 2285.5955 3.2824 34.9775
2315.0000 2287.5610 3.2785 34.9770
2317.0000 2289.5266 3.2723 34.9765
2319.0000 2291.4924 3.2705 34.9763
2321.0000 2293.4578 3.2696 34.9763
2323.0000 2295.4236 3.2691 34.9763
2325.0000 2297.3889 3.2660 34.9760
2327.0000 2299.3545 3.2643 34.9758
2329.0000 2301.3201 3.2625 34.9757
2331.0000 2303.2856 3.2621 34.9757
2333.0000 2305.2512 3.2612 34.9755
2335.0000 2307.2166 3.2593 34.9753
2337.0000 2309.1819 3.2569 34.9752
2339.0000 2311.1475 3.2565 34.9752
2341.0000 2313.1128 3.2550 34.9750
2343.0000 2315.0781 3.2524 34.9748
2345.0000 2317.0435 3.2514 34.9747
2347.0000 2319.0088 3.2511 34.9746
2349.0000 2320.9741 3.2505 34.9746
2351.0000 2322.9392 3.2500 34.9745
2353.0000 2324.9048 3.2498 34.9745
2355.0000 2326.8699 3.2490 34.9744
2357.0000 2328.8352 3.2474 34.9742
2359.0000 2330.8003 3.2428 34.9738
2361.0000 2332.7656 3.2414 34.9737
2363.0000 2334.7307 3.2407 34.9736
2365.0000 2336.6960 3.2390 34.9735
2367.0000 2338.6614 3.2361 34.9733
2369.0000 2340.6262 3.2351 34.9732
2371.0000 2342.5913 3.2320 34.9729
2373.0000 2344.5566 3.2288 34.9726
2375.0000 2346.5217 3.2279 34.9725
2377.0000 2348.4868 3.2269 34.9724
2379.0000 2350.4519 3.2240 34.9722
2381.0000 2352.4170 3.2227 34.9721
2383.0000 2354.3818 3.2212 34.9719
2385.0000 2356.3469 3.2193 34.9717
2387.0000 2358.3120 3.2162 34.9715
2389.0000 2360.2769 3.2136 34.9713
2391.0000 2362.2419 3.2132 34.9712
2393.0000 2364.2068 3.2102 34.9709
2395.0000 2366.1719 3.2087 34.9710
2397.0000 2368.1365 3.2081 34.9709
2399.0000 2370.1016 3.2066 34.9707
2401.0000 2372.0664 3.2066 34.9706
2403.0000 2374.0310 3.2073 34.9707
2405.0000 2375.9958 3.2066 34.9708
2407.0000 2377.9607 3.2061 34.9706
2409.0000 2379.9255 3.2055 34.9706
2411.0000 2381.8901 3.2042 34.9703
2413.0000 2383.8550 3.2028 34.9702
2415.0000 2385.8198 3.2018 34.9702
2417.0000 2387.7844 3.1979 34.9698
2419.0000 2389.7495 3.1970 34.9698
2421.0000 2391.7141 3.1966 34.9698
2423.0000 2393.6787 3.1944 34.9696
2425.0000 2395.6433 3.1890 34.9690
2427.0000 2397.6079 3.1856 34.9687
2429.0000 2399.5728 3.1824 34.9685
2431.0000 2401.5371 3.1790 34.9682
2433.0000 2403.5017 3.1754 34.9679
2435.0000 2405.4663 3.1751 34.9679
2437.0000 2407.4309 3.1718 34.9676
2439.0000 2409.3953 3.1706 34.9675
2441.0000 2411.3596 3.1699 34.9675
2443.0000 2413.3245 3.1696 34.9674
2445.0000 2415.2886 3.1686 34.9674
2447.0000 2417.2529 3.1682 34.9673
2449.0000 2419.2178 3.1683 34.9674
2451.0000 2421.1819 3.1684 34.9673
2453.0000 2423.1462 3.1679 34.9673
2455.0000 2425.1108 3.1673 34.9673
2457.0000 2427.0754 3.1654 34.9670
2459.0000 2429.0393 3.1618 34.9666
2461.0000 2431.0039 3.1567 34.9663
2463.0000 2432.9683 3.1545 34.9661
2465.0000 2434.9324 3.1519 34.9658
2467.0000 2436.8965 3.1499 34.9656
2469.0000 2438.8611 3.1482 34.9655
2471.0000 2440.8252 3.1451 34.9652
2473.0000 2442.7893 3.1397 34.9648
2475.0000 2444.7534 3.1390 34.9648
2477.0000 2446.7178 3.1383 34.9647
2479.0000 2448.6816 3.1375 34.9646
2481.0000 2450.6460 3.1369 34.9646
2483.0000 2452.6104 3.1364 34.9646
2485.0000 2454.5745 3.1355 34.9645
2487.0000 2456.5383 3.1354 34.9645
2489.0000 2458.5024 3.1349 34.9646
2491.0000 2460.4666 3.1346 34.9646
2493.0000 2462.4304 3.1344 34.9646
2495.0000 2464.3945 3.1330 34.9645
2497.0000 2466.3584 3.1309 34.9643
2499.0000 2468.3225 3.1304 34.9642
2501.0000 2470.2864 3.1292 34.9642
2503.0000 2472.2505 3.1285 34.9641
2505.0000 2474.2146 3.1273 34.9639
2507.0000 2476.1782 3.1267 34.9639
2509.0000 2478.1421 3.1264 34.9639
2511.0000 2480.1060 3.1234 34.9635
2513.0000 2482.0701 3.1210 34.9634
2515.0000 2484.0337 3.1204 34.9635
2517.0000 2485.9973 3.1197 34.9633
2519.0000 2487.9612 3.1195 34.9633
2521.0000 2489.9250 3.1196 34.9633
2523.0000 2491.8889 3.1193 34.9632
2525.0000 2493.8525 3.1195 34.9632
2527.0000 2495.8162 3.1193 34.9632
2529.0000 2497.7800 3.1190 34.9631
2531.0000 2499.7437 3.1188 34.9631
2533.0000 2501.7075 3.1185 34.9631
2535.0000 2503.6711 3.1176 34.9629
2537.0000 2505.6348 3.1154 34.9628
2539.0000 2507.5984 3.1129 34.9625
2541.0000 2509.5618 3.1123 34.9625
2543.0000 2511.5254 3.1108 34.9624
2545.0000 2513.4890 3.1071 34.9620
2547.0000 2515.4526 3.1036 34.9617
2549.0000 2517.4163 3.1023 34.9616
2551.0000 2519.3799 3.1001 34.9614
2553.0000 2521.3433 3.0973 34.9612
2555.0000 2523.3066 3.0954 34.9610
2557.0000 2525.2700 3.0950 34.9611
2559.0000 2527.2334 3.0925 34.9608
2561.0000 2529.1970 3.0917 34.9608
2563.0000 2531.1604 3.0914 34.9606
2565.0000 2533.1238 3.0873 34.9603
2567.0000 2535.0872 3.0835 34.9601
2569.0000 2537.0503 3.0811 34.9599
2571.0000 2539.0137 3.0804 34.9599
2573.0000 2540.9771 3.0789 34.9596
2575.0000 2542.9407 3.0758 34.9594
2577.0000 2544.9036 3.0751 34.9594
2579.0000 2546.8669 3.0743 34.9593
2581.0000 2548.8303 3.0708 34.9589
2583.0000 2550.7932 3.0698 34.9589
2585.0000 2552.7568 3.0693 34.9588
2587.0000 2554.7200 3.0684 34.9587
2589.0000 2556.6829 3.0645 34.9584
2591.0000 2558.6460 3.0638 34.9584
2593.0000 2560.6094 3.0639 34.9584
2595.0000 2562.5725 3.0637 34.9583
2597.0000 2564.5356 3.0621 34.9581
2599.0000 2566.4985 3.0598 34.9580
2601.0000 2568.4619 3.0593 34.9580
2603.0000 2570.4246 3.0570 34.9577
2605.0000 2572.3875 3.0541 34.9575
2607.0000 2574.3508 3.0524 34.9573
2609.0000 2576.3140 3.0510 34.9571
2611.0000 2578.2766 3.0465 34.9567
2613.0000 2580.2395 3.0446 34.9566
2615.0000 2582.2029 3.0434 34.9565
2617.0000 2584.1655 3.0416 34.9564
2619.0000 2586.1284 3.0411 34.9564
2621.0000 2588.0913 3.0412 34.9563
2623.0000 2590.0542 3.0404 34.9563
2625.0000 2592.0171 3.0379 34.9561
2627.0000 2593.9800 3.0368 34.9560
2629.0000 2595.9429 3.0352 34.9558
2631.0000 2597.9055 3.0344 34.9558
2633.0000 2599.8682 3.0343 34.9559
2635.0000 2601.8313 3.0341 34.9558
2637.0000 2603.7939 3.0331 34.9556
2639.0000 2605.7566 3.0322 34.9556
2641.0000 2607.7190 3.0315 34.9555
2643.0000 2609.6821 3.0313 34.9555
2645.0000 2611.6445 3.0300 34.9553
2647.0000 2613.6074 3.0288 34.9552
2649.0000 2615.5698 3.0278 34.9551
2651.0000 2617.5327 3.0268 34.9551
2653.0000 2619.4951 3.0238 34.9547
2655.0000 2621.4578 3.0227 34.9547
2657.0000 2623.4204 3.0216 34.9546
2659.0000 2625.3828 3.0210 34.9545
2661.0000 2627.3455 3.0204 34.9545
2663.0000 2629.3079 3.0196 34.9545
2665.0000 2631.2703 3.0192 34.9543
2667.0000 2633.2329 3.0176 34.9541
2669.0000 2635.1953 3.0143 34.9540
2671.0000 2637.1577 3.0140 34.9539
2673.0000 2639.1201 3.0121 34.9537
2675.0000 2641.0825 3.0093 34.9534
2677.0000 2643.0452 3.0066 34.9533
2679.0000 2645.0073 3.0056 34.9532
2681.0000 2646.9697 3.0047 34.9531
2683.0000 2648.9321 3.0044 34.9531
2685.0000 2650.8945 3.0043 34.9531
2687.0000 2652.8564 3.0044 34.9532
2689.0000 2654.8191 3.0038 34.9530
2691.0000 2656.7812 3.0014 34.9528
2693.0000 2658.7432 2.9990 34.9525
2695.0000 2660.7056 2.9952 34.9522
2697.0000 2662.6680 2.9950 34.9523
2699.0000 2664.6304 2.9952 34.9522
2701.0000 2666.5923 2.9951 34.9522
2703.0000 2668.5544 2.9946 34.9522
2705.0000 2670.5166 2.9940 34.9521
2707.0000 2672.4785 2.9934 34.9521
2709.0000 2674.4407 2.9914 34.9518
2711.0000 2676.4031 2.9901 34.9518
2713.0000 2678.3647 2.9879 34.9515
2715.0000 2680.3269 2.9861 34.9514
2717.0000 2682.2893 2.9855 34.9513
2719.0000 2684.2512 2.9830 34.9511
2721.0000 2686.2129 2.9813 34.9510
2723.0000 2688.1748 2.9802 34.9509
2725.0000 2690.1372 2.9796 34.9508
2727.0000 2692.0989 2.9789 34.9508
2729.0000 2694.0608 2.9784 34.9507
2731.0000 2696.0229 2.9774 34.9506
2733.0000 2697.9849 2.9757 34.9506
2735.0000 2699.9463 2.9757 34.9505
2737.0000 2701.9084 2.9756 34.9505
2739.0000 2703.8704 2.9755 34.9505
2741.0000 2705.8318 2.9752 34.9504
2743.0000 2707.7939 2.9750 34.9504
2745.0000 2709.7556 2.9731 34.9502
2747.0000 2711.7175 2.9724 34.9501
2749.0000 2713.6792 2.9719 34.9501
2751.0000 2715.6409 2.9707 34.9500
2753.0000 2717.6025 2.9699 34.9499
2755.0000 2719.5642 2.9698 34.9498
2757.0000 2721.5259 2.9694 34.9498
2759.0000 2723.4875 2.9687 34.9498
2761.0000 2725.4495 2.9677 34.9498
2763.0000 2727.4109 2.9672 34.9496
2765.0000 2729.3723 2.9655 34.9494
2767.0000 2731.3342 2.9618 34.9491
2769.0000 2733.2957 2.9595 34.9489
2771.0000 2735.2571 2.9590 34.9489
2773.0000 2737.2188 2.9587 34.9489
2775.0000 2739.1802 2.9585 34.9489
2777.0000 2741.1416 2.9580 34.9488
2779.0000 2743.1033 2.9567 34.9487
2781.0000 2745.0647 2.9552 34.9486
2783.0000 2747.0259 2.9539 34.9484
2785.0000 2748.9875 2.9527 34.9482
2787.0000 2750.9490 2.9520 34.9484
2789.0000 2752.9104 2.9505 34.9482
2791.0000 2754.8716 2.9484 34.9479
2793.0000 2756.8330 2.9453 34.9476
2795.0000 2758.7944 2.9421 34.9474
2797.0000 2760.7556 2.9395 34.9471
2799.0000 2762.7168 2.9361 34.9469
2801.0000 2764.6785 2.9322 34.9467
2803.0000 2766.6394 2.9312 34.9467
2805.0000 2768.6008 2.9309 34.9467
2807.0000 2770.5620 2.9299 34.9465
2809.0000 2772.5234 2.9283 34.9464
2811.0000 2774.4844 2.9265 34.9462
2813.0000 2776.4456 2.9255 34.9461
2815.0000 2778.4067 2.9228 34.9459
2817.0000 2780.3679 2.9217 34.9458
2819.0000 2782.3289 2.9208 34.9457
2821.0000 2784.2903 2.9160 34.9453
2823.0000 2786.2512 2.9141 34.9452
2825.0000 2788.2122 2.9134 34.9451
2827.0000 2790.1733 2.9121 34.9449
2829.0000 2792.1343 2.9120 34.9450
2831.0000 2794.0955 2.9097 34.9448
2833.0000 2796.0564 2.9077 34.9447
2835.0000 2798.0173 2.9067 34.9446
2837.0000 2799.9785 2.9065 34.9445
2839.0000 2801.9392 2.9077 34.9444
2841.0000 2803.9004 2.9055 34.9444
2843.0000 2805.8613 2.9048 34.9444
2845.0000 2807.8220 2.9042 34.9443
2847.0000 2809.7830 2.9029 34.9442
2849.0000 2811.7437 2.9020 34.9441
2851.0000 2813.7046 2.8996 34.9438
2853.0000 2815.6653 2.8938 34.9433
2855.0000 2817.6265 2.8895 34.9430
2857.0000 2819.5872 2.8880 34.9429
2859.0000 2821.5476 2.8866 34.9429
2861.0000 2823.5088 2.8853 34.9427
2863.0000 2825.4692 2.8842 34.9426
2865.0000 2827.4299 2.8836 34.9425
2867.0000 2829.3906 2.8837 34.9425
2869.0000 2831.3516 2.8831 34.9426
2871.0000 2833.3123 2.8825 34.9424
2873.0000 2835.2727 2.8795 34.9422
2875.0000 2837.2334 2.8780 34.9421
2877.0000 2839.1941 2.8757 34.9419
2879.0000 2841.1543 2.8742 34.9418
2881.0000 2843.1150 2.8733 34.9416
2883.0000 2845.0757 2.8727 34.9416
2885.0000 2847.0361 2.8710 34.9414
2887.0000 2848.9968 2.8700 34.9413
2889.0000 2850.9573 2.8688 34.9412
2891.0000 2852.9180 2.8662 34.9410
2893.0000 2854.8779 2.8633 34.9407
2895.0000 2856.8384 2.8638 34.9408
2897.0000 2858.7991 2.8630 34.9408
2899.0000 2860.7595 2.8630 34.9408
2901.0000 2862.7197 2.8628 34.9408
2903.0000 2864.6802 2.8630 34.9408
2905.0000 2866.6406 2.8634 34.9408
2907.0000 2868.6008 2.8601 34.9404
2909.0000 2870.5613 2.8563 34.9401
2911.0000 2872.5217 2.8556 34.9400
2913.0000 2874.4819 2.8542 34.9399
2915.0000 2876.4421 2.8518 34.9397
2917.0000 2878.4026 2.8478 34.9394
2919.0000 2880.3625 2.8462 34.9392
2921.0000 2882.3228 2.8463 34.9393
2923.0000 2884.2832 2.8464 34.9393
2925.0000 2886.2437 2.8455 34.9392
2927.0000 2888.2034 2.8451 34.9391
2929.0000 2890.1636 2.8441 34.9390
2931.0000 2892.1235 2.8426 34.9389
2933.0000 2894.0842 2.8406 34.9386
2935.0000 2896.0439 2.8389 34.9385
2937.0000 2898.0042 2.8373 34.9384
2939.0000 2899.9641 2.8357 34.9383
2941.0000 2901.9241 2.8331 34.9381
2943.0000 2903.8840 2.8322 34.9380
2945.0000 2905.8442 2.8307 34.9379
2947.0000 2907.8042 2.8300 34.9379
2949.0000 2909.7642 2.8271 34.9376
2951.0000 2911.7239 2.8256 34.9374
2953.0000 2913.6843 2.8237 34.9372
2955.0000 2915.6438 2.8219 34.9371
2957.0000 2917.6038 2.8205 34.9370
2959.0000 2919.5637 2.8191 34.9369
2961.0000 2921.5237 2.8171 34.9368
2963.0000 2923.4834 2.8166 34.9367
2965.0000 2925.4434 2.8157 34.9366
2967.0000 2927.4031 2.8146 34.9364
2969.0000 2929.3628 2.8142 34.9365
2971.0000 2931.3225 2.8144 34.9365
2973.0000 2933.2825 2.8128 34.9363
2975.0000 2935.2419 2.8123 34.9363
2977.0000 2937.2019 2.8121 34.9362
2979.0000 2939.1614 2.8105 34.9361
2981.0000 2941.1213 2.8101 34.9361
2983.0000 2943.0806 2.8084 34.9357
2985.0000 2945.0405 2.8072 34.9358
2987.0000 2947.0002 2.8072 34.9359
2989.0000 2948.9597 2.8065 34.9357
2991.0000 2950.9194 2.8053 34.9356
2993.0000 2952.8789 2.8053 34.9356
2995.0000 2954.8389 2.8055 34.9357
2997.0000 2956.7979 2.8057 34.9357
2999.0000 2958.7578 2.8058 34.9357
3001.0000 2960.7173 2.8055 34.9356
3003.0000 2962.6765 2.8044 34.9355
3005.0000 2964.6360 2.8037 34.9354
3007.0000 2966.5957 2.8030 34.9353
3009.0000 2968.5552 2.8019 34.9352
3011.0000 2970.5144 2.8008 34.9352
3013.0000 2972.4741 2.7992 34.9349
3015.0000 2974.4333 2.7966 34.9348
3017.0000 2976.3926 2.7956 34.9347
3019.0000 2978.3518 2.7962 34.9347
3021.0000 2980.3115 2.7957 34.9346
3023.0000 2982.2710 2.7947 34.9346
3025.0000 2984.2297 2.7949 34.9346
3027.0000 2986.1892 2.7948 34.9346
3029.0000 2988.1484 2.7948 34.9345
3031.0000 2990.1077 2.7948 34.9345
3033.0000 2992.0669 2.7936 34.9344
3035.0000 2994.0261 2.7904 34.9342
3037.0000 2995.9854 2.7901 34.9342
3039.0000 2997.9443 2.7900 34.9342
3041.0000 2999.9038 2.7899 34.9341
3043.0000 3001.8628 2.7870 34.9338
3045.0000 3003.8220 2.7873 34.9338
3047.0000 3005.7812 2.7866 34.9338
3049.0000 3007.7402 2.7864 34.9337
3051.0000 3009.6990 2.7869 34.9337
3053.0000 3011.6582 2.7861 34.9337
3055.0000 3013.6172 2.7861 34.9337
3057.0000 3015.5764 2.7856 34.9337
3059.0000 3017.5352 2.7850 34.9335
3061.0000 3019.4944 2.7841 34.9335
3063.0000 3021.4534 2.7838 34.9334
3065.0000 3023.4121 2.7822 34.9332
3067.0000 3025.3711 2.7800 34.9331
3069.0000 3027.3301 2.7772 34.9328
3071.0000 3029.2893 2.7755 34.9327
3073.0000 3031.2478 2.7725 34.9324
3075.0000 3033.2068 2.7698 34.9322
3077.0000 3035.1658 2.7679 34.9321
3079.0000 3037.1243 2.7645 34.9318
3081.0000 3039.0833 2.7634 34.9317
3083.0000 3041.0422 2.7629 34.9316
3085.0000 3043.0007 2.7589 34.9313
3087.0000 3044.9595 2.7563 34.9311
3089.0000 3046.9182 2.7539 34.9310
3091.0000 3048.8772 2.7528 34.9309
3093.0000 3050.8357 2.7525 34.9309
3095.0000 3052.7942 2.7495 34.9305
3097.0000 3054.7529 2.7459 34.9303
3099.0000 3056.7119 2.7451 34.9303
3101.0000 3058.6702 2.7443 34.9302
3103.0000 3060.6289 2.7433 34.9300
3105.0000 3062.5876 2.7428 34.9301
3107.0000 3064.5459 2.7423 34.9301
3109.0000 3066.5046 2.7421 34.9299
3111.0000 3068.4634 2.7411 34.9298
3113.0000 3070.4214 2.7394 34.9297
3115.0000 3072.3804 2.7384 34.9296
3117.0000 3074.3386 2.7380 34.9296
3119.0000 3076.2971 2.7374 34.9294
3121.0000 3078.2556 2.7365 34.9295
3123.0000 3080.2139 2.7359 34.9294
3125.0000 3082.1724 2.7352 34.9293
3127.0000 3084.1309 2.7342 34.9292
3129.0000 3086.0891 2.7340 34.9293
3131.0000 3088.0476 2.7333 34.9291
3133.0000 3090.0061 2.7304 34.9288
3135.0000 3091.9641 2.7262 34.9284
3137.0000 3093.9226 2.7217 34.9282
3139.0000 3095.8809 2.7207 34.9281
3141.0000 3097.8394 2.7194 34.9279
3143.0000 3099.7974 2.7183 34.9277
3145.0000 3101.7559 2.7159 34.9277
3147.0000 3103.7141 2.7160 34.9277
3149.0000 3105.6721 2.7161 34.9277
3151.0000 3107.6304 2.7163 34.9277
3153.0000 3109.5889 2.7164 34.9277
3155.0000 3111.5464 2.7162 34.9276
3157.0000 3113.5049 2.7150 34.9276
3159.0000 3115.4629 2.7125 34.9272
3161.0000 3117.4209 2.7063 34.9268
3163.0000 3119.3792 2.7053 34.9267
3165.0000 3121.3372 2.7021 34.9263
3167.0000 3123.2952 2.7004 34.9262
3169.0000 3125.2529 2.6988 34.9262
3171.0000 3127.2112 2.6983 34.9261
3173.0000 3129.1694 2.6968 34.9259
3175.0000 3131.1270 2.6958 34.9259
3177.0000 3133.0852 2.6950 34.9259
3179.0000 3135.0432 2.6940 34.9257
3181.0000 3137.0010 2.6928 34.9256
3183.0000 3138.9587 2.6919 34.9256
3185.0000 3140.9170 2.6914 34.9256
3187.0000 3142.8750 2.6908 34.9253
3189.0000 3144.8323 2.6905 34.9254
3191.0000 3146.7903 2.6902 34.9253
3193.0000 3148.7483 2.6891 34.9252
3195.0000 3150.7061 2.6874 34.9251
3197.0000 3152.6638 2.6859 34.9249
3199.0000 3154.6216 2.6849 34.9249
3201.0000 3156.5796 2.6836 34.9247
3203.0000 3158.5369 2.6815 34.9245
3205.0000 3160.4949 2.6790 34.9245
3207.0000 3162.4526 2.6751 34.9240
3209.0000 3164.4106 2.6714 34.9237
3211.0000 3166.3677 2.6693 34.9235
3213.0000 3168.3254 2.6690 34.9236
3215.0000 3170.2832 2.6691 34.9235
3217.0000 3172.2407 2.6686 34.9235
3219.0000 3174.1982 2.6680 34.9235
3221.0000 3176.1560 2.6677 34.9234
3223.0000 3178.1138 2.6668 34.9234
3225.0000 3180.0710 2.6653 34.9232
3227.0000 3182.0283 2.6649 34.9232
3229.0000 3183.9861 2.6630 34.9230
3231.0000 3185.9436 2.6600 34.9228
3233.0000 3187.9011 2.6592 34.9226
3235.0000 3189.8584 2.6578 34.9226
3237.0000 3191.8157 2.6558 34.9224
3239.0000 3193.7732 2.6551 34.9223
3241.0000 3195.7307 2.6547 34.9223
3243.0000 3197.6880 2.6545 34.9222
3245.0000 3199.6453 2.6542 34.9222
3247.0000 3201.6028 2.6520 34.9220
3249.0000 3203.5603 2.6487 34.9217
3251.0000 3205.5171 2.6464 34.9215
3253.0000 3207.4746 2.6461 34.9216
3255.0000 3209.4321 2.6444 34.9213
3257.0000 3211.3894 2.6404 34.9210
3259.0000 3213.3464 2.6385 34.9209
3261.0000 3215.3035 2.6374 34.9209
3263.0000 3217.2610 2.6370 34.9206
3265.0000 3219.2178 2.6361 34.9207
3267.0000 3221.1753 2.6345 34.9205
3269.0000 3223.1326 2.6310 34.9202
3271.0000 3225.0896 2.6300 34.9201
3273.0000 3227.0464 2.6290 34.9200
3275.0000 3229.0039 2.6277 34.9200
3277.0000 3230.9609 2.6274 34.9199
3279.0000 3232.9180 2.6271 34.9199
3281.0000 3234.8750 2.6267 34.9198
3283.0000 3236.8320 2.6271 34.9199
3285.0000 3238.7891 2.6272 34.9199
3287.0000 3240.7458 2.6246 34.9195
3289.0000 3242.7031 2.6213 34.9194
3291.0000 3244.6599 2.6209 34.9192
3293.0000 3246.6167 2.6203 34.9193
3295.0000 3248.5737 2.6189 34.9191
3297.0000 3250.5308 2.6166 34.9189
3299.0000 3252.4875 2.6142 34.9187
3301.0000 3254.4443 2.6117 34.9185
3303.0000 3256.4014 2.6103 34.9183
3305.0000 3258.3584 2.6097 34.9184
3307.0000 3260.3149 2.6079 34.9181
3309.0000 3262.2720 2.6058 34.9180
3311.0000 3264.2288 2.6060 34.9180
3313.0000 3266.1853 2.6060 34.9180
3315.0000 3268.1418 2.6050 34.9178
3317.0000 3270.0989 2.6019 34.9177
3319.0000 3272.0557 2.6006 34.9175
3321.0000 3274.0122 2.6005 34.9176
3323.0000 3275.9690 2.6006 34.9176
3325.0000 3277.9255 2.5996 34.9174
3327.0000 3279.8821 2.5992 34.9173
3329.0000 3281.8389 2.5990 34.9174
3331.0000 3283.7957 2.5985 34.9173
3333.0000 3285.7522 2.5955 34.9170
3335.0000 3287.7087 2.5940 34.9169
3337.0000 3289.6650 2.5905 34.9165
3339.0000 3291.6218 2.5885 34.9164
3341.0000 3293.5781 2.5868 34.9161
3343.0000 3295.5347 2.5849 34.9161
3345.0000 3297.4915 2.5827 34.9158
3347.0000 3299.4480 2.5799 34.9157
3349.0000 3301.4043 2.5796 34.9157
3351.0000 3303.3606 2.5794 34.9156
3353.0000 3305.3171 2.5793 34.9156
3355.0000 3307.2732 2.5789 34.9155
3357.0000 3309.2297 2.5759 34.9153
3359.0000 3311.1863 2.5753 34.9153
3361.0000 3313.1428 2.5754 34.9153
3363.0000 3315.0989 2.5752 34.9153
3365.0000 3317.0554 2.5729 34.9150
3367.0000 3319.0115 2.5694 34.9146
3369.0000 3320.9675 2.5664 34.9144
3371.0000 3322.9241 2.5662 34.9145
3373.0000 3324.8804 2.5649 34.9143
3375.0000 3326.8364 2.5635 34.9142
3377.0000 3328.7927 2.5627 34.9141
3379.0000 3330.7490 2.5609 34.9139
3381.0000 3332.7053 2.5590 34.9138
3383.0000 3334.6611 2.5575 34.9136
3385.0000 3336.6174 2.5565 34.9136
3387.0000 3338.5735 2.5564 34.9136
3389.0000 3340.5293 2.5561 34.9135
3391.0000 3342.4856 2.5549 34.9134
3393.0000 3344.4417 2.5544 34.9134
3395.0000 3346.3979 2.5538 34.9134
3397.0000 3348.3540 2.5511 34.9130
3399.0000 3350.3098 2.5494 34.9129
3401.0000 3352.2661 2.5501 34.9128
3403.0000 3354.2217 2.5476 34.9127
3405.0000 3356.1775 2.5427 34.9123
3407.0000 3358.1338 2.5421 34.9123
3409.0000 3360.0896 2.5410 34.9121
3411.0000 3362.0452 2.5393 34.9120
3413.0000 3364.0015 2.5391 34.9120
3415.0000 3365.9575 2.5391 34.9119
3417.0000 3367.9128 2.5388 34.9119
3419.0000 3369.8691 2.5363 34.9116
3421.0000 3371.8252 2.5292 34.9110
3423.0000 3373.7810 2.5228 34.9106
3425.0000 3375.7366 2.5222 34.9106
3427.0000 3377.6924 2.5224 34.9106
3429.0000 3379.6479 2.5223 34.9106
3431.0000 3381.6033 2.5223 34.9106
3433.0000 3383.5593 2.5225 34.9107
3435.0000 3385.5151 2.5220 34.9106
3437.0000 3387.4707 2.5213 34.9105
3439.0000 3389.4265 2.5212 34.9105
3441.0000 3391.3821 2.5207 34.9104
3443.0000 3393.3379 2.5190 34.9103
3445.0000 3395.2935 2.5184 34.9102
3447.0000 3397.2488 2.5178 34.9102
3449.0000 3399.2046 2.5175 34.9102
3451.0000 3401.1602 2.5176 34.9100
3453.0000 3403.1157 2.5176 34.9101
3455.0000 3405.0715 2.5173 34.9101
3457.0000 3407.0271 2.5159 34.9098
3459.0000 3408.9822 2.5111 34.9093
3461.0000 3410.9380 2.5064 34.9091
3463.0000 3412.8933 2.5042 34.9089
3465.0000 3414.8486 2.5033 34.9089
3467.0000 3416.8040 2.5031 34.9088
3469.0000 3418.7595 2.5022 34.9087
3471.0000 3420.7148 2.4988 34.9084
3473.0000 3422.6699 2.4958 34.9082
3475.0000 3424.6255 2.4940 34.9080
3477.0000 3426.5808 2.4914 34.9079
3479.0000 3428.5361 2.4900 34.9077
3481.0000 3430.4915 2.4899 34.9078
3483.0000 3432.4470 2.4894 34.9076
3485.0000 3434.4021 2.4892 34.9076
3487.0000 3436.3572 2.4889 34.9077
3489.0000 3438.3125 2.4876 34.9075
3491.0000 3440.2676 2.4868 34.9074
3493.0000 3442.2227 2.4858 34.9073
3495.0000 3444.1782 2.4852 34.9072
3497.0000 3446.1333 2.4829 34.9070
3499.0000 3448.0884 2.4803 34.9068
3501.0000 3450.0432 2.4774 34.9065
3503.0000 3451.9988 2.4773 34.9065
3505.0000 3453.9539 2.4772 34.9065
3507.0000 3455.9084 2.4769 34.9065
3509.0000 3457.8640 2.4768 34.9065
3511.0000 3459.8191 2.4761 34.9064
3513.0000 3461.7737 2.4741 34.9062
3515.0000 3463.7288 2.4732 34.9061
3517.0000 3465.6838 2.4724 34.9061
3519.0000 3467.6387 2.4719 34.9060
3521.0000 3469.5940 2.4720 34.9059
3523.0000 3471.5488 2.4723 34.9060
3525.0000 3473.5034 2.4726 34.9060
3527.0000 3475.4583 2.4730 34.9061
3529.0000 3477.4133 2.4730 34.9060
3531.0000 3479.3684 2.4714 34.9058
3533.0000 3481.3232 2.4712 34.9058
3535.0000 3483.2781 2.4705 34.9057
3537.0000 3485.2327 2.4663 34.9053
3539.0000 3487.1877 2.4653 34.9053
3541.0000 3489.1423 2.4654 34.9052
3543.0000 3491.0969 2.4640 34.9052
3545.0000 3493.0520 2.4629 34.9050
3547.0000 3495.0071 2.4616 34.9049
3549.0000 3496.9612 2.4599 34.9047
3551.0000 3498.9163 2.4600 34.9047
3553.0000 3500.8708 2.4595 34.9047
3555.0000 3502.8252 2.4584 34.9046
3557.0000 3504.7803 2.4566 34.9044
3559.0000 3506.7349 2.4537 34.9042
3561.0000 3508.6892 2.4531 34.9041
3563.0000 3510.6438 2.4504 34.9039
3565.0000 3512.5984 2.4489 34.9037
3567.0000 3514.5530 2.4492 34.9037
3569.0000 3516.5073 2.4477 34.9036
3571.0000 3518.4619 2.4442 34.9034
3573.0000 3520.4165 2.4436 34.9032
3575.0000 3522.3708 2.4429 34.9032
3577.0000 3524.3254 2.4412 34.9030
3579.0000 3526.2800 2.4399 34.9029
3581.0000 3528.2341 2.4385 34.9028
3583.0000 3530.1885 2.4370 34.9026
3585.0000 3532.1431 2.4362 34.9026
3587.0000 3534.0977 2.4357 34.9025
3589.0000 3536.0520 2.4342 34.9023
3591.0000 3538.0061 2.4312 34.9021
3593.0000 3539.9607 2.4303 34.9020
3595.0000 3541.9150 2.4291 34.9017
3597.0000 3543.8691 2.4280 34.9017
3599.0000 3545.8235 2.4276 34.9018
3601.0000 3547.7776 2.4266 34.9016
3603.0000 3549.7319 2.4253 34.9015
3605.0000 3551.6860 2.4241 34.9014
3607.0000 3553.6401 2.4208 34.9011
3609.0000 3555.5945 2.4201 34.9011
3611.0000 3557.5486 2.4204 34.9011
3613.0000 3559.5029 2.4198 34.9010
3615.0000 3561.4570 2.4198 34.9010
3617.0000 3563.4109 2.4198 34.9010
3619.0000 3565.3652 2.4197 34.9009
3621.0000 3567.3193 2.4198 34.9010
3623.0000 3569.2734 2.4201 34.9010
3625.0000 3571.2273 2.4200 34.9009
3627.0000 3573.1816 2.4196 34.9009
3629.0000 3575.1353 2.4195 34.9008
3631.0000 3577.0896 2.4195 34.9009
3633.0000 3579.0435 2.4175 34.9006
3635.0000 3580.9976 2.4165 34.9007
3637.0000 3582.9514 2.4162 34.9005
3639.0000 3584.9053 2.4156 34.9004
3641.0000 3586.8594 2.4148 34.9004
3643.0000 3588.8132 2.4143 34.9003
3645.0000 3590.7666 2.4132 34.9002
3647.0000 3592.7207 2.4121 34.9001
3649.0000 3594.6750 2.4082 34.8998
3651.0000 3596.6284 2.4075 34.8997
3653.0000 3598.5823 2.4076 34.8998
3655.0000 3600.5359 2.4068 34.8996
3657.0000 3602.4902 2.4047 34.8995
3659.0000 3604.4436 2.4041 34.8994
3661.0000 3606.3975 2.4047 34.8994
3663.0000 3608.3511 2.4035 34.8994
3665.0000 3610.3044 2.4020 34.8993
3667.0000 3612.2583 2.4011 34.8991
3669.0000 3614.2122 2.4002 34.8990
3671.0000 3616.1658 2.3992 34.8988
3673.0000 3618.1194 2.3973 34.8987
3675.0000 3620.0730 2.3960 34.8987
3677.0000 3622.0269 2.3960 34.8987
3679.0000 3623.9802 2.3959 34.8986
3681.0000 3625.9336 2.3957 34.8986
3683.0000 3627.8875 2.3954 34.8985
3685.0000 3629.8408 2.3946 34.8985
3687.0000 3631.7942 2.3938 34.8984
3689.0000 3633.7476 2.3934 34.8984
3691.0000 3635.7017 2.3931 34.8983
3693.0000 3637.6548 2.3926 34.8983
3695.0000 3639.6082 2.3917 34.8981
3697.0000 3641.5618 2.3904 34.8981
3699.0000 3643.5149 2.3899 34.8979
3701.0000 3645.4683 2.3899 34.8979
3703.0000 3647.4221 2.3895 34.8980
3705.0000 3649.3755 2.3891 34.8979
3707.0000 3651.3284 2.3891 34.8979
3709.0000 3653.2817 2.3883 34.8977
3711.0000 3655.2351 2.3863 34.8975
3713.0000 3657.1880 2.3837 34.8974
3715.0000 3659.1418 2.3832 34.8973
3717.0000 3661.0952 2.3828 34.8973
3719.0000 3663.0481 2.3819 34.8972
3721.0000 3665.0012 2.3816 34.8972
3723.0000 3666.9546 2.3812 34.8970
3725.0000 3668.9080 2.3813 34.8971
3727.0000 3670.8608 2.3811 34.8970
3729.0000 3672.8142 2.3794 34.8968
3731.0000 3674.7671 2.3766 34.8966
3733.0000 3676.7205 2.3750 34.8965
3735.0000 3678.6736 2.3743 34.8964
3737.0000 3680.6265 2.3743 34.8964
3739.0000 3682.5798 2.3744 34.8964
3741.0000 3684.5325 2.3750 34.8965
3743.0000 3686.4854 2.3750 34.8964
3745.0000 3688.4387 2.3739 34.8963
3747.0000 3690.3921 2.3740 34.8962
3749.0000 3692.3447 2.3737 34.8963
3751.0000 3694.2976 2.3734 34.8962
3753.0000 3696.2505 2.3740 34.8962
3755.0000 3698.2036 2.3723 34.8961
3757.0000 3700.1565 2.3721 34.8961
3759.0000 3702.1094 2.3708 34.8960
3761.0000 3704.0620 2.3708 34.8959
3763.0000 3706.0149 2.3693 34.8958
3765.0000 3707.9678 2.3640 34.8952
3767.0000 3709.9209 2.3611 34.8951
3769.0000 3711.8733 2.3611 34.8951
3771.0000 3713.8259 2.3615 34.8951
3773.0000 3715.7793 2.3572 34.8946
3775.0000 3717.7314 2.3555 34.8947
3777.0000 3719.6843 2.3555 34.8947
3779.0000 3721.6370 2.3556 34.8946
3781.0000 3723.5901 2.3554 34.8946
3783.0000 3725.5425 2.3552 34.8945
3785.0000 3727.4954 2.3547 34.8945
3787.0000 3729.4478 2.3544 34.8944
3789.0000 3731.4004 2.3531 34.8944
3791.0000 3733.3530 2.3511 34.8940
3793.0000 3735.3059 2.3469 34.8937
3795.0000 3737.2583 2.3447 34.8936
3797.0000 3739.2109 2.3457 34.8936
3799.0000 3741.1636 2.3443 34.8936
3801.0000 3743.1160 2.3447 34.8935
3803.0000 3745.0681 2.3448 34.8936
3805.0000 3747.0210 2.3445 34.8935
3807.0000 3748.9736 2.3443 34.8935
3809.0000 3750.9260 2.3442 34.8935
3811.0000 3752.8779 2.3444 34.8934
3813.0000 3754.8308 2.3407 34.8930
3815.0000 3756.7832 2.3393 34.8930
3817.0000 3758.7351 2.3392 34.8930
3819.0000 3760.6875 2.3380 34.8927
3821.0000 3762.6406 2.3369 34.8927
3823.0000 3764.5923 2.3368 34.8927
3825.0000 3766.5447 2.3362 34.8926
3827.0000 3768.4973 2.3350 34.8924
3829.0000 3770.4497 2.3345 34.8925
3831.0000 3772.4016 2.3337 34.8924
3833.0000 3774.3538 2.3334 34.8925
3835.0000 3776.3062 2.3334 34.8923
3837.0000 3778.2583 2.3331 34.8923
3839.0000 3780.2104 2.3321 34.8922
3841.0000 3782.1628 2.3309 34.8922
3843.0000 3784.1150 2.3308 34.8921
3845.0000 3786.0669 2.3308 34.8921
3847.0000 3788.0188 2.3305 34.8921
3849.0000 3789.9714 2.3298 34.8920
3851.0000 3791.9231 2.3300 34.8919
3853.0000 3793.8752 2.3305 34.8920
3855.0000 3795.8276 2.3309 34.8921
3857.0000 3797.7798 2.3312 34.8920
3859.0000 3799.7317 2.3309 34.8919
3861.0000 3801.6836 2.3284 34.8917
3863.0000 3803.6357 2.3276 34.8916
3865.0000 3805.5874 2.3267 34.8916
3867.0000 3807.5396 2.3250 34.8913
3869.0000 3809.4917 2.3242 34.8913
3871.0000 3811.4434 2.3237 34.8913
3873.0000 3813.3950 2.3231 34.8912
3875.0000 3815.3472 2.3227 34.8911
3877.0000 3817.2993 2.3223 34.8911
3879.0000 3819.2507 2.3218 34.8910
3881.0000 3821.2026 2.3216 34.8910
3883.0000 3823.1545 2.3213 34.8910
3885.0000 3825.1064 2.3203 34.8909
3887.0000 3827.0583 2.3179 34.8907
3889.0000 3829.0100 2.3172 34.8906
3891.0000 3830.9617 2.3162 34.8904
3893.0000 3832.9133 2.3148 34.8903
3895.0000 3834.8650 2.3121 34.8900
3897.0000 3836.8167 2.3116 34.8901
3899.0000 3838.7686 2.3118 34.8899
3901.0000 3840.7202 2.3118 34.8901
3903.0000 3842.6719 2.3118 34.8900
3905.0000 3844.6235 2.3115 34.8900
3907.0000 3846.5747 2.3110 34.8899
3909.0000 3848.5264 2.3100 34.8898
3911.0000 3850.4785 2.3104 34.8896
3913.0000 3852.4294 2.3082 34.8897
3915.0000 3854.3816 2.3083 34.8896
3917.0000 3856.3328 2.3077 34.8895
3919.0000 3858.2844 2.3067 34.8895
3921.0000 3860.2358 2.3067 34.8894
3923.0000 3862.1875 2.3066 34.8893
3925.0000 3864.1387 2.3054 34.8893
3927.0000 3866.0901 2.3051 34.8892
3929.0000 3868.0417 2.3047 34.8892
3931.0000 3869.9929 2.3042 34.8891
3933.0000 3871.9446 2.3045 34.8891
3935.0000 3873.8955 2.3050 34.8892
3937.0000 3875.8472 2.3052 34.8891
3939.0000 3877.7986 2.3055 34.8891
3941.0000 3879.7495 2.3057 34.8891
3943.0000 3881.7012 2.3058 34.8892
3945.0000 3883.6523 2.3060 34.8892
3947.0000 3885.6038 2.3057 34.8891
3949.0000 3887.5549 2.3056 34.8891
3951.0000 3889.5061 2.3054 34.8890
3953.0000 3891.4575 2.3041 34.8889
3955.0000 3893.4084 2.3040 34.8889
3957.0000 3895.3596 2.3035 34.8888
3959.0000 3897.3108 2.3023 34.8886
3961.0000 3899.2617 2.3008 34.8885
3963.0000 3901.2134 2.3002 34.8885
3965.0000 3903.1643 2.3000 34.8885
3967.0000 3905.1155 2.2995 34.8883
3969.0000 3907.0664 2.2987 34.8883
3971.0000 3909.0173 2.2986 34.8883
3973.0000 3910.9690 2.2987 34.8882
3975.0000 3912.9194 2.2989 34.8883
3977.0000 3914.8704 2.2987 34.8882
3979.0000 3916.8215 2.2962 34.8879
3981.0000 3918.7727 2.2942 34.8878
3983.0000 3920.7236 2.2938 34.8878
3985.0000 3922.6746 2.2937 34.8877
3987.0000 3924.6255 2.2935 34.8877
3989.0000 3926.5762 2.2933 34.8877
3991.0000 3928.5271 2.2930 34.8877
3993.0000 3930.4783 2.2930 34.8876
3995.0000 3932.4292 2.2930 34.8876
3997.0000 3934.3796 2.2929 34.8876
3999.0000 3936.3306 2.2929 34.8876
4001.0000 3938.2812 2.2928 34.8875
4003.0000 3940.2322 2.2924 34.8875
4005.0000 3942.1826 2.2911 34.8872
4007.0000 3944.1340 2.2903 34.8872
4009.0000 3946.0845 2.2897 34.8871
4011.0000 3948.0352 2.2890 34.8871
4013.0000 3949.9856 2.2890 34.8871
4015.0000 3951.9365 2.2887 34.8869
4017.0000 3953.8870 2.2868 34.8868
4019.0000 3955.8379 2.2863 34.8868
4021.0000 3957.7886 2.2857 34.8867
4023.0000 3959.7388 2.2850 34.8866
4025.0000 3961.6895 2.2851 34.8866
4027.0000 3963.6404 2.2851 34.8867
4029.0000 3965.5913 2.2852 34.8867
4031.0000 3967.5413 2.2851 34.8866
4033.0000 3969.4922 2.2850 34.8865
4035.0000 3971.4426 2.2850 34.8866
4037.0000 3973.3926 2.2853 34.8865
4039.0000 3975.3435 2.2852 34.8865
4041.0000 3977.2939 2.2849 34.8864
4043.0000 3979.2446 2.2849 34.8865
4045.0000 3981.1943 2.2851 34.8864
4047.0000 3983.1453 2.2853 34.8865
4049.0000 3985.0957 2.2854 34.8864
4051.0000 3987.0461 2.2855 34.8864
4053.0000 3988.9961 2.2837 34.8862
4055.0000 3990.9468 2.2828 34.8861
4057.0000 3992.8970 2.2822 34.8860
4059.0000 3994.8474 2.2811 34.8859
4061.0000 3996.7974 2.2809 34.8858
4063.0000 3998.7483 2.2806 34.8859
4065.0000 4000.6978 2.2799 34.8858
4067.0000 4002.6482 2.2793 34.8857
4069.0000 4004.5986 2.2786 34.8856
4071.0000 4006.5491 2.2783 34.8856
4073.0000 4008.4988 2.2780 34.8856
4075.0000 4010.4492 2.2780 34.8856
4077.0000 4012.3992 2.2775 34.8856
4079.0000 4014.3496 2.2776 34.8855
4081.0000 4016.2996 2.2779 34.8856
4083.0000 4018.2500 2.2778 34.8855
4085.0000 4020.1997 2.2776 34.8855
4087.0000 4022.1497 2.2769 34.8853
4089.0000 4024.0996 2.2762 34.8852
4091.0000 4026.0500 2.2760 34.8853
4093.0000 4027.9998 2.2758 34.8852
4095.0000 4029.9502 2.2748 34.8851
4097.0000 4031.8997 2.2747 34.8851
4099.0000 4033.8499 2.2747 34.8851
4101.0000 4035.7998 2.2747 34.8850
4103.0000 4037.7498 2.2746 34.8850
4105.0000 4039.6997 2.2746 34.8851
4107.0000 4041.6494 2.2744 34.8850
4109.0000 4043.5994 2.2731 34.8847
4111.0000 4045.5493 2.2707 34.8846
4113.0000 4047.4985 2.2693 34.8845
4115.0000 4049.4490 2.2686 34.8843
4117.0000 4051.3987 2.2673 34.8842
4119.0000 4053.3486 2.2662 34.8841
4121.0000 4055.2979 2.2662 34.8841
4123.0000 4057.2483 2.2660 34.8841
4125.0000 4059.1978 2.2659 34.8841
4127.0000 4061.1475 2.2658 34.8841
4129.0000 4063.0974 2.2658 34.8839
4131.0000 4065.0471 2.2654 34.8839
4133.0000 4066.9971 2.2655 34.8840
4135.0000 4068.9463 2.2655 34.8840
4137.0000 4070.8958 2.2651 34.8839
4139.0000 4072.8455 2.2643 34.8838
4141.0000 4074.7949 2.2640 34.8837
4143.0000 4076.7446 2.2636 34.8835
4145.0000 4078.6941 2.2635 34.8837
4147.0000 4080.6433 2.2637 34.8836
4149.0000 4082.5935 2.2635 34.8836
4151.0000 4084.5430 2.2628 34.8835
4153.0000 4086.4927 2.2611 34.8833
4155.0000 4088.4417 2.2580 34.8830
4157.0000 4090.3914 2.2568 34.8829
4159.0000 4092.3408 2.2569 34.8830
4161.0000 4094.2898 2.2568 34.8830
4163.0000 4096.2397 2.2568 34.8829
4165.0000 4098.1895 2.2569 34.8829
4167.0000 4100.1387 2.2572 34.8829
4169.0000 4102.0879 2.2575 34.8829
4171.0000 4104.0366 2.2574 34.8829
4173.0000 4105.9863 2.2575 34.8829
4175.0000 4107.9351 2.2570 34.8827
4177.0000 4109.8848 2.2560 34.8827
4179.0000 4111.8345 2.2555 34.8827
4181.0000 4113.7837 2.2555 34.8826
4183.0000 4115.7329 2.2556 34.8827
4185.0000 4117.6821 2.2555 34.8827
4187.0000 4119.6313 2.2555 34.8826
4189.0000 4121.5801 2.2548 34.8824
4191.0000 4123.5293 2.2547 34.8825
4193.0000 4125.4790 2.2542 34.8824
4195.0000 4127.4282 2.2538 34.8823
4197.0000 4129.3770 2.2540 34.8823
4199.0000 4131.3262 2.2540 34.8823
4201.0000 4133.2754 2.2542 34.8823
4203.0000 4135.2246 2.2541 34.8823
4205.0000 4137.1733 2.2541 34.8822
4207.0000 4139.1226 2.2542 34.8822
4209.0000 4141.0718 2.2539 34.8821
4211.0000 4143.0205 2.2528 34.8820
4213.0000 4144.9697 2.2517 34.8819
4215.0000 4146.9185 2.2511 34.8818
4217.0000 4148.8672 2.2503 34.8817
4219.0000 4150.8164 2.2495 34.8816
4221.0000 4152.7651 2.2485 34.8816
4223.0000 4154.7139 2.2485 34.8816
4225.0000 4156.6631 2.2485 34.8815
4227.0000 4158.6118 2.2489 34.8815
4229.0000 4160.5610 2.2490 34.8816
4231.0000 4162.5093 2.2489 34.8815
4233.0000 4164.4585 2.2484 34.8814
4235.0000 4166.4072 2.2477 34.8814
4237.0000 4168.3560 2.2472 34.8813
4239.0000 4170.3047 2.2469 34.8813
4241.0000 4172.2534 2.2465 34.8812
4243.0000 4174.2026 2.2462 34.8812
4245.0000 4176.1509 2.2462 34.8811
4247.0000 4178.0996 2.2462 34.8811
4249.0000 4180.0483 2.2459 34.8810
4251.0000 4181.9971 2.2454 34.8810
4253.0000 4183.9453 2.2454 34.8811
4255.0000 4185.8940 2.2452 34.8810
4257.0000 4187.8433 2.2451 34.8810
4259.0000 4189.7915 2.2449 34.8809
4261.0000 4191.7402 2.2441 34.8807
4263.0000 4193.6890 2.2417 34.8806
4265.0000 4195.6367 2.2409 34.8805
4267.0000 4197.5859 2.2406 34.8803
4269.0000 4199.5347 2.2401 34.8803
4271.0000 4201.4829 2.2400 34.8804
4273.0000 4203.4312 2.2400 34.8803
4275.0000 4205.3799 2.2396 34.8802
4277.0000 4207.3281 2.2380 34.8801
4279.0000 4209.2764 2.2353 34.8797
4281.0000 4211.2251 2.2338 34.8796
4283.0000 4213.1733 2.2336 34.8796
4285.0000 4215.1216 2.2329 34.8795
4287.0000 4217.0698 2.2318 34.8794
4289.0000 4219.0186 2.2316 34.8794
4291.0000 4220.9668 2.2314 34.8794
4293.0000 4222.9150 2.2311 34.8793
4295.0000 4224.8628 2.2292 34.8792
4297.0000 4226.8115 2.2280 34.8790
4299.0000 4228.7598 2.2278 34.8790
4301.0000 4230.7080 2.2273 34.8788
4303.0000 4232.6562 2.2273 34.8789
4305.0000 4234.6045 2.2273 34.8788
4307.0000 4236.5527 2.2265 34.8788
4309.0000 4238.5010 2.2266 34.8788
4311.0000 4240.4492 2.2266 34.8788
4313.0000 4242.3970 2.2258 34.8787
4315.0000 4244.3452 2.2253 34.8785
4317.0000 4246.2935 2.2249 34.8786
4319.0000 4248.2417 2.2239 34.8784
4321.0000 4250.1895 2.2235 34.8784
4323.0000 4252.1377 2.2240 34.8784
4325.0000 4254.0859 2.2238 34.8783
4327.0000 4256.0332 2.2239 34.8782
4329.0000 4257.9819 2.2236 34.8783
4331.0000 4259.9297 2.2230 34.8781
4333.0000 4261.8779 2.2221 34.8780
4335.0000 4263.8252 2.2205 34.8777
4337.0000 4265.7734 2.2193 34.8775
4339.0000 4267.7217 2.2183 34.8774
4341.0000 4269.6689 2.2174 34.8773
4343.0000 4271.6172 2.2159 34.8772
4345.0000 4273.5649 2.2154 34.8772
4347.0000 4275.5127 2.2153 34.8771
4349.0000 4277.4604 2.2153 34.8771
4351.0000 4279.4087 2.2146 34.8770
4353.0000 4281.3564 2.2134 34.8769
4355.0000 4283.3042 2.2135 34.8769
4357.0000 4285.2515 2.2137 34.8769
4359.0000 4287.1997 2.2140 34.8769
4361.0000 4289.1475 2.2131 34.8767
4363.0000 4291.0947 2.2115 34.8767
4365.0000 4293.0430 2.2114 34.8767
4367.0000 4294.9907 2.2115 34.8766
4369.0000 4296.9385 2.2114 34.8766
4371.0000 4298.8853 2.2114 34.8765
4373.0000 4300.8335 2.2110 34.8766
4375.0000 4302.7808 2.2109 34.8765
4377.0000 4304.7285 2.2108 34.8766
4379.0000 4306.6763 2.2106 34.8765
4381.0000 4308.6235 2.2084 34.8762
4383.0000 4310.5713 2.2064 34.8760
4385.0000 4312.5190 2.2063 34.8760
4387.0000 4314.4668 2.2065 34.8759
4389.0000 4316.4136 2.2066 34.8759
4391.0000 4318.3613 2.2068 34.8759
4393.0000 4320.3091 2.2069 34.8758
4395.0000 4322.2563 2.2072 34.8759
4397.0000 4324.2031 2.2073 34.8758
4399.0000 4326.1509 2.2067 34.8758
4401.0000 4328.0986 2.2069 34.8758
4403.0000 4330.0459 2.2071 34.8758
4405.0000 4331.9927 2.2072 34.8758
4407.0000 4333.9404 2.2071 34.8757
4409.0000 4335.8877 2.2070 34.8757
4411.0000 4337.8354 2.2066 34.8757
4413.0000 4339.7827 2.2063 34.8756
4415.0000 4341.7300 2.2057 34.8755
4417.0000 4343.6768 2.2051 34.8754
4419.0000 4345.6240 2.2051 34.8754
4421.0000 4347.5713 2.2048 34.8754
4423.0000 4349.5186 2.2046 34.8753
4425.0000 4351.4658 2.2041 34.8753
4427.0000 4353.4131 2.2039 34.8752
4429.0000 4355.3604 2.2038 34.8752
4431.0000 4357.3071 2.2036 34.8752
4433.0000 4359.2549 2.2037 34.8753
4435.0000 4361.2012 2.2033 34.8752
4437.0000 4363.1484 2.2032 34.8751
4439.0000 4365.0957 2.2028 34.8750
4441.0000 4367.0430 2.2029 34.8750
4443.0000 4368.9902 2.2026 34.8750
4445.0000 4370.9365 2.2025 34.8749
4447.0000 4372.8838 2.2026 34.8749
4449.0000 4374.8311 2.2017 34.8748
4451.0000 4376.7773 2.2011 34.8747
4453.0000 4378.7246 2.2007 34.8746
4455.0000 4380.6714 2.1997 34.8745
4457.0000 4382.6182 2.1991 34.8745
4459.0000 4384.5649 2.1990 34.8745
4461.0000 4386.5122 2.1993 34.8744
4463.0000 4388.4590 2.1993 34.8744
4465.0000 4390.4058 2.1989 34.8744
4467.0000 4392.3525 2.1988 34.8744
4469.0000 4394.2993 2.1983 34.8742
4471.0000 4396.2466 2.1977 34.8742
4473.0000 4398.1934 2.1974 34.8742
4475.0000 4400.1396 2.1961 34.8740
4477.0000 4402.0869 2.1955 34.8739
4479.0000 4404.0332 2.1955 34.8739
4481.0000 4405.9800 2.1957 34.8739
4483.0000 4407.9268 2.1957 34.8739
4485.0000 4409.8730 2.1953 34.8738
4487.0000 4411.8203 2.1949 34.8738
4489.0000 4413.7671 2.1946 34.8738
4491.0000 4415.7134 2.1946 34.8738
4493.0000 4417.6597 2.1947 34.8739
4495.0000 4419.6064 2.1945 34.8737
4497.0000 4421.5532 2.1945 34.8737
4499.0000 4423.4995 2.1948 34.8737
4501.0000 4425.4463 2.1950 34.8736
4503.0000 4427.3931 2.1952 34.8736
4505.0000 4429.3394 2.1948 34.8736
4507.0000 4431.2856 2.1941 34.8735
4509.0000 4433.2319 2.1938 34.8734
4511.0000 4435.1787 2.1936 34.8734
4513.0000 4437.1250 2.1935 34.8734
4515.0000 4439.0718 2.1928 34.8733
4517.0000 4441.0181 2.1921 34.8732
4519.0000 4442.9648 2.1913 34.8731
4521.0000 4444.9102 2.1911 34.8730
4523.0000 4446.8569 2.1902 34.8729
4525.0000 4448.8037 2.1898 34.8729
4527.0000 4450.7495 2.1898 34.8730
4529.0000 4452.6963 2.1896 34.8729
4531.0000 4454.6426 2.1889 34.8728
4533.0000 4456.5889 2.1883 34.8727
4535.0000 4458.5347 2.1881 34.8726
4537.0000 4460.4810 2.1884 34.8726
4539.0000 4462.4272 2.1882 34.8727
4541.0000 4464.3730 2.1879 34.8726
4543.0000 4466.3198 2.1882 34.8727
4545.0000 4468.2661 2.1877 34.8724
4547.0000 4470.2119 2.1865 34.8724
4549.0000 4472.1582 2.1863 34.8723
4551.0000 4474.1045 2.1866 34.8723
4553.0000 4476.0508 2.1869 34.8724
4555.0000 4477.9966 2.1867 34.8722
4557.0000 4479.9424 2.1862 34.8722
4559.0000 4481.8882 2.1852 34.8720
4561.0000 4483.8340 2.1843 34.8719
4563.0000 4485.7803 2.1836 34.8719
4565.0000 4487.7266 2.1834 34.8719
4567.0000 4489.6729 2.1831 34.8718
4569.0000 4491.6187 2.1833 34.8717
4571.0000 4493.5645 2.1835 34.8717
4573.0000 4495.5107 2.1834 34.8717
4575.0000 4497.4565 2.1836 34.8718
4577.0000 4499.4023 2.1837 34.8718
4579.0000 4501.3486 2.1837 34.8719
4581.0000 4503.2939 2.1838 34.8718
4583.0000 4505.2397 2.1842 34.8717
4585.0000 4507.1855 2.1845 34.8718
4587.0000 4509.1313 2.1848 34.8717
4589.0000 4511.0771 2.1852 34.8717
4591.0000 4513.0229 2.1853 34.8718
4593.0000 4514.9688 2.1856 34.8718
4595.0000 4516.9146 2.1860 34.8718
4597.0000 4518.8604 2.1863 34.8717
4599.0000 4520.8062 2.1864 34.8717
4601.0000 4522.7520 2.1867 34.8717
4603.0000 4524.6973 2.1867 34.8717
4605.0000 4526.6431 2.1865 34.8717
4607.0000 4528.5889 2.1864 34.8716
4609.0000 4530.5347 2.1866 34.8717
4611.0000 4532.4805 2.1866 34.8716
4613.0000 4534.4258 2.1862 34.8715
4615.0000 4536.3711 2.1857 34.8715
4617.0000 4538.3164 2.1856 34.8714
4619.0000 4540.2622 2.1854 34.8714
4621.0000 4542.2075 2.1854 34.8714
4623.0000 4544.1528 2.1857 34.8714
4625.0000 4546.0986 2.1859 34.8714
4627.0000 4548.0444 2.1856 34.8714
4629.0000 4549.9897 2.1852 34.8712
4631.0000 4551.9351 2.1842 34.8711
4633.0000 4553.8804 2.1844 34.8711
4635.0000 4555.8262 2.1847 34.8711
4637.0000 4557.7710 2.1850 34.8712
4639.0000 4559.7168 2.1851 34.8712
4641.0000 4561.6626 2.1852 34.8713
4643.0000 4563.6079 2.1854 34.8711
4645.0000 4565.5527 2.1858 34.8711
4647.0000 4567.4980 2.1850 34.8710
4649.0000 4569.4434 2.1843 34.8709
4651.0000 4571.3887 2.1825 34.8707
4653.0000 4573.3340 2.1796 34.8702
4655.0000 4575.2793 2.1770 34.8702
4657.0000 4577.2246 2.1750 34.8699
4659.0000 4579.1699 2.1722 34.8696
4661.0000 4581.1152 2.1676 34.8692
4663.0000 4583.0601 2.1656 34.8690
4665.0000 4585.0049 2.1645 34.8688
4667.0000 4586.9502 2.1624 34.8685
4669.0000 4588.8955 2.1614 34.8685
4671.0000 4590.8403 2.1606 34.8684
4673.0000 4592.7856 2.1590 34.8683
4675.0000 4594.7310 2.1585 34.8682
4677.0000 4596.6763 2.1580 34.8681
4679.0000 4598.6206 2.1577 34.8681
4681.0000 4600.5659 2.1576 34.8681
4683.0000 4602.5112 2.1577 34.8680
4685.0000 4604.4556 2.1573 34.8680
4687.0000 4606.4004 2.1571 34.8680
4689.0000 4608.3457 2.1567 34.8680
4691.0000 4610.2910 2.1571 34.8679
4693.0000 4612.2354 2.1575 34.8681
4695.0000 4614.1807 2.1577 34.8680
4697.0000 4616.1255 2.1580 34.8680
4699.0000 4618.0698 2.1583 34.8679
4701.0000 4620.0151 2.1586 34.8679
4703.0000 4621.9600 2.1584 34.8679
4705.0000 4623.9048 2.1580 34.8679
4707.0000 4625.8496 2.1581 34.8678
4709.0000 4627.7944 2.1578 34.8677
4711.0000 4629.7393 2.1580 34.8676
4713.0000 4631.6836 2.1584 34.8678
4715.0000 4633.6284 2.1579 34.8677
4717.0000 4635.5732 2.1578 34.8677
4719.0000 4637.5186 2.1572 34.8675
4721.0000 4639.4629 2.1561 34.8674
4723.0000 4641.4077 2.1552 34.8673
4725.0000 4643.3525 2.1562 34.8674
4727.0000 4645.2964 2.1546 34.8672
4729.0000 4647.2417 2.1544 34.8672
4731.0000 4649.1860 2.1541 34.8671
4733.0000 4651.1309 2.1535 34.8671
4735.0000 4653.0752 2.1534 34.8671
4737.0000 4655.0195 2.1533 34.8670
4739.0000 4656.9644 2.1534 34.8670
4741.0000 4658.9082 2.1539 34.8670
4743.0000 4660.8530 2.1538 34.8670
4745.0000 4662.7974 2.1538 34.8669
4747.0000 4664.7417 2.1537 34.8668
4749.0000 4666.6860 2.1532 34.8669
4751.0000 4668.6309 2.1534 34.8669
4753.0000 4670.5757 2.1534 34.8668
4755.0000 4672.5200 2.1531 34.8667
4757.0000 4674.4644 2.1508 34.8664
4759.0000 4676.4092 2.1510 34.8664
4761.0000 4678.3525 2.1510 34.8664
4763.0000 4680.2974 2.1506 34.8663
4765.0000 4682.2417 2.1506 34.8663
4767.0000 4684.1860 2.1494 34.8662
4769.0000 4686.1299 2.1486 34.8660
4771.0000 4688.0742 2.1481 34.8659
4773.0000 4690.0186 2.1475 34.8658
4775.0000 4691.9624 2.1472 34.8658
4777.0000 4693.9072 2.1470 34.8658
4779.0000 4695.8516 2.1463 34.8657
4781.0000 4697.7959 2.1456 34.8655
4783.0000 4699.7397 2.1443 34.8654
4785.0000 4701.6841 2.1441 34.8653
4787.0000 4703.6279 2.1428 34.8651
4789.0000 4705.5718 2.1409 34.8649
4791.0000 4707.5161 2.1403 34.8649
4793.0000 4709.4600 2.1391 34.8647
4795.0000 4711.4043 2.1395 34.8647
4797.0000 4713.3486 2.1398 34.8649
4799.0000 4715.2930 2.1400 34.8647
4801.0000 4717.2363 2.1402 34.8648
4803.0000 4719.1802 2.1406 34.8648
4805.0000 4721.1245 2.1399 34.8646
4807.0000 4723.0684 2.1389 34.8645
4809.0000 4725.0122 2.1387 34.8644
4811.0000 4726.9561 2.1380 34.8643
4813.0000 4728.8999 2.1378 34.8642
4815.0000 4730.8447 2.1380 34.8643
4817.0000 4732.7881 2.1381 34.8643
4819.0000 4734.7319 2.1376 34.8641
4821.0000 4736.6758 2.1372 34.8640
4823.0000 4738.6196 2.1368 34.8639
4825.0000 4740.5630 2.1368 34.8639
4827.0000 4742.5068 2.1370 34.8640
4829.0000 4744.4517 2.1375 34.8640
4831.0000 4746.3945 2.1379 34.8640
4833.0000 4748.3384 2.1382 34.8640
4835.0000 4750.2822 2.1386 34.8640
4837.0000 4752.2256 2.1387 34.8640
4839.0000 4754.1694 2.1387 34.8641
4841.0000 4756.1133 2.1389 34.8640
4843.0000 4758.0576 2.1393 34.8640
4845.0000 4760.0005 2.1377 34.8638
4847.0000 4761.9443 2.1358 34.8636
4849.0000 4763.8882 2.1358 34.8635
4851.0000 4765.8311 2.1360 34.8635
4853.0000 4767.7749 2.1360 34.8635
4855.0000 4769.7183 2.1361 34.8634
4857.0000 4771.6626 2.1362 34.8635
4859.0000 4773.6060 2.1367 34.8636
4861.0000 4775.5493 2.1368 34.8635
4863.0000 4777.4927 2.1370 34.8635
4865.0000 4779.4355 2.1376 34.8635
4867.0000 4781.3794 2.1379 34.8636
4869.0000 4783.3232 2.1382 34.8636
4871.0000 4785.2661 2.1382 34.8635
4873.0000 4787.2095 2.1383 34.8635
4875.0000 4789.1533 2.1385 34.8634
4877.0000 4791.0967 2.1388 34.8635
4879.0000 4793.0400 2.1391 34.8636
4881.0000 4794.9834 2.1390 34.8635
4883.0000 4796.9268 2.1391 34.8635
4885.0000 4798.8696 2.1391 34.8634
4887.0000 4800.8130 2.1376 34.8632
4889.0000 4802.7563 2.1369 34.8631
4891.0000 4804.7002 2.1357 34.8629
4893.0000 4806.6431 2.1354 34.8627
4895.0000 4808.5864 2.1352 34.8629
4897.0000 4810.5298 2.1355 34.8628
4899.0000 4812.4722 2.1350 34.8628
4901.0000 4814.4160 2.1349 34.8627
4903.0000 4816.3589 2.1351 34.8627
4905.0000 4818.3022 2.1359 34.8628
4907.0000 4820.2451 2.1353 34.8627
4909.0000 4822.1880 2.1333 34.8624
4911.0000 4824.1318 2.1324 34.8623
4913.0000 4826.0747 2.1319 34.8622
4915.0000 4828.0176 2.1318 34.8621
4917.0000 4829.9609 2.1312 34.8620
4919.0000 4831.9038 2.1309 34.8621
4921.0000 4833.8467 2.1310 34.8620
4923.0000 4835.7896 2.1310 34.8620
4925.0000 4837.7324 2.1309 34.8619
4927.0000 4839.6753 2.1307 34.8619
4929.0000 4841.6187 2.1305 34.8619
4931.0000 4843.5615 2.1306 34.8619
4933.0000 4845.5039 2.1307 34.8618
4935.0000 4847.4468 2.1307 34.8618
4937.0000 4849.3896 2.1307 34.8617
4939.0000 4851.3330 2.1309 34.8618
4941.0000 4853.2754 2.1312 34.8618
4943.0000 4855.2183 2.1314 34.8618
4945.0000 4857.1611 2.1315 34.8617
4947.0000 4859.1040 2.1316 34.8617
4949.0000 4861.0469 2.1316 34.8617
4951.0000 4862.9897 2.1316 34.8616
4953.0000 4864.9326 2.1318 34.8616
4955.0000 4866.8750 2.1321 34.8615
4957.0000 4868.8179 2.1323 34.8617
4959.0000 4870.7607 2.1322 34.8618
4961.0000 4872.7031 2.1321 34.8616
4963.0000 4874.6465 2.1321 34.8616
4965.0000 4876.5889 2.1320 34.8615
4967.0000 4878.5317 2.1300 34.8613
4969.0000 4880.4736 2.1296 34.8613
4971.0000 4882.4165 2.1290 34.8611
4973.0000 4884.3594 2.1281 34.8610
4975.0000 4886.3013 2.1283 34.8610
4977.0000 4888.2437 2.1285 34.8610
4979.0000 4890.1870 2.1286 34.8609
4981.0000 4892.1294 2.1284 34.8609
4983.0000 4894.0718 2.1283 34.8609
4985.0000 4896.0142 2.1276 34.8608
4987.0000 4897.9570 2.1270 34.8607
4989.0000 4899.8989 2.1271 34.8606
4991.0000 4901.8413 2.1269 34.8607
4993.0000 4903.7842 2.1271 34.8607
4995.0000 4905.7261 2.1272 34.8606
4997.0000 4907.6689 2.1272 34.8606
4999.0000 4909.6108 2.1274 34.8606
5001.0000 4911.5537 2.1276 34.8606
5003.0000 4913.4956 2.1275 34.8606
5005.0000 4915.4375 2.1275 34.8606
5007.0000 4917.3804 2.1274 34.8605
5009.0000 4919.3228 2.1271 34.8605
5011.0000 4921.2646 2.1271 34.8604
5013.0000 4923.2070 2.1270 34.8604
5015.0000 4925.1494 2.1258 34.8602
5017.0000 4927.0913 2.1256 34.8601
5019.0000 4929.0337 2.1253 34.8601
5021.0000 4930.9761 2.1251 34.8601
5023.0000 4932.9180 2.1253 34.8599
5025.0000 4934.8599 2.1253 34.8600
5027.0000 4936.8022 2.1250 34.8600
5029.0000 4938.7446 2.1250 34.8601
5031.0000 4940.6860 2.1249 34.8599
5033.0000 4942.6284 2.1247 34.8599
5035.0000 4944.5708 2.1231 34.8596
5037.0000 4946.5127 2.1224 34.8596
5039.0000 4948.4546 2.1220 34.8595
5041.0000 4950.3970 2.1218 34.8594
5043.0000 4952.3389 2.1210 34.8593
5045.0000 4954.2803 2.1205 34.8592
5047.0000 4956.2227 2.1198 34.8592
5049.0000 4958.1650 2.1193 34.8590
5051.0000 4960.1060 2.1192 34.8590
5053.0000 4962.0483 2.1184 34.8590
5055.0000 4963.9902 2.1187 34.8590
5057.0000 4965.9321 2.1184 34.8588
5059.0000 4967.8740 2.1182 34.8588
5061.0000 4969.8159 2.1184 34.8587
5063.0000 4971.7578 2.1184 34.8587
5065.0000 4973.6997 2.1178 34.8587
5067.0000 4975.6411 2.1179 34.8587
5069.0000 4977.5830 2.1184 34.8588
5071.0000 4979.5249 2.1182 34.8587
5073.0000 4981.4668 2.1185 34.8587
5075.0000 4983.4082 2.1189 34.8587
5077.0000 4985.3501 2.1190 34.8586
5079.0000 4987.2915 2.1180 34.8585
5081.0000 4989.2329 2.1178 34.8584
5083.0000 4991.1753 2.1173 34.8583
5085.0000 4993.1167 2.1168 34.8583
5087.0000 4995.0576 2.1171 34.8583
5089.0000 4997.0005 2.1174 34.8583
5091.0000 4998.9414 2.1175 34.8582
5093.0000 5000.8828 2.1175 34.8582
5095.0000 5002.8247 2.1176 34.8583
5097.0000 5004.7661 2.1177 34.8582
5099.0000 5006.7080 2.1177 34.8582
5101.0000 5008.6489 2.1175 34.8582
5103.0000 5010.5908 2.1178 34.8581
5105.0000 5012.5327 2.1181 34.8581
5107.0000 5014.4736 2.1182 34.8581
5109.0000 5016.4146 2.1183 34.8581
5111.0000 5018.3569 2.1181 34.8580
5113.0000 5020.2974 2.1177 34.8580
5115.0000 5022.2393 2.1178 34.8580
5117.0000 5024.1807 2.1174 34.8579
5119.0000 5026.1221 2.1175 34.8580
5121.0000 5028.0635 2.1177 34.8580
5123.0000 5030.0049 2.1179 34.8579
5125.0000 5031.9458 2.1181 34.8578
5127.0000 5033.8872 2.1183 34.8580
5129.0000 5035.8286 2.1183 34.8579
5131.0000 5037.7700 2.1173 34.8577
5133.0000 5039.7109 2.1171 34.8576
5135.0000 5041.6523 2.1173 34.8576
5137.0000 5043.5938 2.1174 34.8576
5139.0000 5045.5347 2.1173 34.8576
5141.0000 5047.4761 2.1176 34.8575
5143.0000 5049.4170 2.1180 34.8575
5145.0000 5051.3579 2.1181 34.8576
5147.0000 5053.2993 2.1181 34.8576
5149.0000 5055.2402 2.1182 34.8576
5151.0000 5057.1816 2.1182 34.8575
5153.0000 5059.1230 2.1184 34.8575
5155.0000 5061.0630 2.1183 34.8575
5157.0000 5063.0049 2.1186 34.8575
5159.0000 5064.9458 2.1189 34.8575
5161.0000 5066.8867 2.1191 34.8575
5163.0000 5068.8276 2.1192 34.8575
5165.0000 5070.7681 2.1191 34.8575
5167.0000 5072.7100 2.1192 34.8574
5169.0000 5074.6504 2.1193 34.8574
5171.0000 5076.5918 2.1194 34.8573
5173.0000 5078.5327 2.1194 34.8574
5175.0000 5080.4731 2.1196 34.8573
5177.0000 5082.4141 2.1198 34.8573
5179.0000 5084.3550 2.1199 34.8573
5181.0000 5086.2959 2.1200 34.8573
5183.0000 5088.2363 2.1202 34.8572
5185.0000 5090.1777 2.1202 34.8572
5187.0000 5092.1182 2.1203 34.8573
5189.0000 5094.0591 2.1204 34.8572
5191.0000 5096.0000 2.1199 34.8572
5193.0000 5097.9409 2.1201 34.8571
5195.0000 5099.8809 2.1202 34.8571
5197.0000 5101.8218 2.1200 34.8571
5199.0000 5103.7632 2.1199 34.8570
5201.0000 5105.7031 2.1200 34.8570
5203.0000 5107.6440 2.1202 34.8570
5205.0000 5109.5845 2.1202 34.8569
5207.0000 5111.5254 2.1203 34.8570
5209.0000 5113.4653 2.1204 34.8569
5211.0000 5115.4067 2.1204 34.8569
5213.0000 5117.3472 2.1203 34.8569
5215.0000 5119.2881 2.1206 34.8568
5217.0000 5121.2280 2.1207 34.8568
5219.0000 5123.1685 2.1205 34.8567
5221.0000 5125.1094 2.1206 34.8567
5223.0000 5127.0493 2.1206 34.8567
5225.0000 5128.9902 2.1206 34.8567
5227.0000 5130.9307 2.1208 34.8567
5229.0000 5132.8716 2.1209 34.8567
5231.0000 5134.8115 2.1209 34.8567
5233.0000 5136.7520 2.1211 34.8567
5235.0000 5138.6924 2.1211 34.8567
5237.0000 5140.6328 2.1213 34.8568
5239.0000 5142.5728 2.1215 34.8566
5241.0000 5144.5137 2.1217 34.8566
5243.0000 5146.4541 2.1220 34.8566
5245.0000 5148.3940 2.1224 34.8566
5247.0000 5150.3345 2.1226 34.8566
5249.0000 5152.2749 2.1229 34.8567
5251.0000 5154.2148 2.1232 34.8567
5253.0000 5156.1553 2.1233 34.8566
5255.0000 5158.0957 2.1234 34.8566
5257.0000 5160.0352 2.1238 34.8566
5259.0000 5161.9756 2.1239 34.8566
5261.0000 5163.9160 2.1241 34.8566
5263.0000 5165.8564 2.1240 34.8565
5265.0000 5167.7964 2.1242 34.8565
5267.0000 5169.7363 2.1245 34.8566
5269.0000 5171.6772 2.1244 34.8564
5271.0000 5173.6167 2.1245 34.8565
5273.0000 5175.5571 2.1248 34.8564
5275.0000 5177.4971 2.1250 34.8565
5277.0000 5179.4370 2.1252 34.8564
5279.0000 5181.3765 2.1253 34.8564
5281.0000 5183.3169 2.1255 34.8565
5283.0000 5185.2568 2.1257 34.8564
5285.0000 5187.1968 2.1259 34.8564
5287.0000 5189.1367 2.1261 34.8564
5289.0000 5191.0771 2.1265 34.8565
5291.0000 5193.0166 2.1265 34.8565
5293.0000 5194.9565 2.1267 34.8564
5295.0000 5196.8965 2.1269 34.8564
5297.0000 5198.8364 2.1270 34.8564
5299.0000 5200.7759 2.1272 34.8563
5301.0000 5202.7163 2.1272 34.8564
5303.0000 5204.6558 2.1272 34.8563
5305.0000 5206.5962 2.1274 34.8563
5307.0000 5208.5356 2.1277 34.8563
5309.0000 5210.4756 2.1282 34.8563
5311.0000 5212.4155 2.1286 34.8563
5313.0000 5214.3545 2.1287 34.8564
5315.0000 5216.2949 2.1289 34.8564
5317.0000 5218.2344 2.1290 34.8564
5319.0000 5220.1743 2.1292 34.8564
5321.0000 5222.1133 2.1294 34.8562
5323.0000 5224.0532 2.1299 34.8564
5325.0000 5225.9927 2.1302 34.8563
5327.0000 5227.9321 2.1304 34.8563
5329.0000 5229.8726 2.1306 34.8564
5331.0000 5231.8120 2.1310 34.8564
5333.0000 5233.7510 2.1312 34.8563
5335.0000 5235.6909 2.1313 34.8563
5337.0000 5237.6309 2.1317 34.8563
5339.0000 5239.5703 2.1319 34.8564
5341.0000 5241.5098 2.1320 34.8563
5343.0000 5243.4497 2.1320 34.8563
5345.0000 5245.3887 2.1323 34.8563
5347.0000 5247.3281 2.1326 34.8563
5349.0000 5249.2671 2.1329 34.8563
5351.0000 5251.2070 2.1329 34.8563
5353.0000 5253.1465 2.1331 34.8563
5355.0000 5255.0859 2.1333 34.8562
5357.0000 5257.0254 2.1336 34.8563
5359.0000 5258.9648 2.1339 34.8563
5361.0000 5260.9038 2.1342 34.8562
5363.0000 5262.8428 2.1343 34.8562
5365.0000 5264.7827 2.1346 34.8562
5367.0000 5266.7222 2.1350 34.8562
5369.0000 5268.6611 2.1352 34.8562
5371.0000 5270.6006 2.1353 34.8562
5373.0000 5272.5396 2.1355 34.8563
5375.0000 5274.4785 2.1357 34.8563
5377.0000 5276.4180 2.1361 34.8562
5379.0000 5278.3574 2.1363 34.8563
5381.0000 5280.2969 2.1365 34.8562
5383.0000 5282.2354 2.1368 34.8562
5385.0000 5284.1748 2.1370 34.8562
5387.0000 5286.1143 2.1371 34.8562
5389.0000 5288.0532 2.1373 34.8563
5391.0000 5289.9927 2.1375 34.8562
5393.0000 5291.9312 2.1377 34.8562
5395.0000 5293.8701 2.1380 34.8561
5397.0000 5295.8096 2.1381 34.8561
5399.0000 5297.7485 2.1383 34.8561
5401.0000 5299.6880 2.1387 34.8562
5403.0000 5301.6265 2.1388 34.8561
5405.0000 5303.5654 2.1389 34.8562
5407.0000 5305.5049 2.1392 34.8561
5409.0000 5307.4429 2.1394 34.8561
5411.0000 5309.3823 2.1397 34.8561
5413.0000 5311.3213 2.1400 34.8561
5415.0000 5313.2603 2.1402 34.8561
5417.0000 5315.1987 2.1401 34.8561
5419.0000 5317.1377 2.1404 34.8561
5421.0000 5319.0771 2.1408 34.8561
5423.0000 5321.0156 2.1411 34.8562
5425.0000 5322.9546 2.1413 34.8560
5427.0000 5324.8936 2.1415 34.8560
5429.0000 5326.8325 2.1416 34.8561
5431.0000 5328.7710 2.1419 34.8561
5433.0000 5330.7100 2.1421 34.8561
5435.0000 5332.6484 2.1424 34.8561
5437.0000 5334.5869 2.1427 34.8561
5439.0000 5336.5259 2.1430 34.8560
5441.0000 5338.4648 2.1433 34.8561
5443.0000 5340.4033 2.1435 34.8562
5445.0000 5342.3418 2.1437 34.8562
5447.0000 5344.2803 2.1439 34.8561
5449.0000 5346.2192 2.1443 34.8561
5451.0000 5348.1577 2.1445 34.8561
5453.0000 5350.0962 2.1447 34.8561
5455.0000 5352.0352 2.1449 34.8561
5457.0000 5353.9736 2.1453 34.8561
5459.0000 5355.9116 2.1456 34.8561
5461.0000 5357.8506 2.1460 34.8561
5463.0000 5359.7896 2.1462 34.8561
5465.0000 5361.7271 2.1463 34.8561
5467.0000 5363.6660 2.1465 34.8561
5469.0000 5365.6050 2.1468 34.8561
5471.0000 5367.5425 2.1470 34.8560
5473.0000 5369.4814 2.1474 34.8560
5475.0000 5371.4199 2.1477 34.8561
5477.0000 5373.3579 2.1480 34.8561
5479.0000 5375.2964 2.1482 34.8560
5481.0000 5377.2354 2.1483 34.8561
5483.0000 5379.1733 2.1486 34.8561
5485.0000 5381.1113 2.1488 34.8560
5487.0000 5383.0498 2.1492 34.8560
5489.0000 5384.9888 2.1496 34.8561
5491.0000 5386.9268 2.1498 34.8561
5493.0000 5388.8647 2.1501 34.8561
5495.0000 5390.8032 2.1502 34.8560
5497.0000 5392.7412 2.1508 34.8559
5499.0000 5394.6792 2.1510 34.8559
5501.0000 5396.6177 2.1512 34.8560
5503.0000 5398.5562 2.1513 34.8560
5505.0000 5400.4941 2.1516 34.8560
5507.0000 5402.4321 2.1519 34.8561
5509.0000 5404.3706 2.1522 34.8560
5511.0000 5406.3086 2.1524 34.8560
5513.0000 5408.2461 2.1528 34.8560
5515.0000 5410.1851 2.1530 34.8561
5517.0000 5412.1226 2.1533 34.8561
5519.0000 5414.0605 2.1536 34.8561
5521.0000 5415.9990 2.1538 34.8561
5523.0000 5417.9370 2.1540 34.8561
5525.0000 5419.8750 2.1542 34.8561
5527.0000 5421.8125 2.1546 34.8561
5529.0000 5423.7510 2.1548 34.8561
5531.0000 5425.6890 2.1551 34.8561
5533.0000 5427.6265 2.1555 34.8560
5535.0000 5429.5649 2.1557 34.8561
5537.0000 5431.5024 2.1560 34.8561
5539.0000 5433.4404 2.1563 34.8561
5541.0000 5435.3784 2.1564 34.8560
5543.0000 5437.3159 2.1567 34.8561
5545.0000 5439.2544 2.1570 34.8560
5547.0000 5441.1914 2.1572 34.8560
5549.0000 5443.1294 2.1579 34.8559
5551.0000 5445.0679 2.1579 34.8558
5553.0000 5447.0054 2.1583 34.8558
5555.0000 5448.9424 2.1585 34.8560
5557.0000 5450.8809 2.1588 34.8559
5559.0000 5452.8188 2.1589 34.8560
5561.0000 5454.7554 2.1592 34.8558
5563.0000 5456.6934 2.1594 34.8559
5565.0000 5458.6318 2.1597 34.8559
5567.0000 5460.5693 2.1600 34.8559
5569.0000 5462.5063 2.1603 34.8559
5571.0000 5464.4443 2.1606 34.8558
5573.0000 5466.3823 2.1609 34.8559
5575.0000 5468.3193 2.1610 34.8559
5577.0000 5470.2573 2.1612 34.8560
5579.0000 5472.1948 2.1616 34.8560
5581.0000 5474.1328 2.1619 34.8559
5583.0000 5476.0698 2.1621 34.8560
5585.0000 5478.0073 2.1623 34.8561
5587.0000 5479.9448 2.1627 34.8559
5589.0000 5481.8818 2.1630 34.8561
5591.0000 5483.8193 2.1632 34.8559
5593.0000 5485.7573 2.1635 34.8559
5595.0000 5487.6938 2.1637 34.8559
5597.0000 5489.6318 2.1639 34.8561
5599.0000 5491.5693 2.1642 34.8559
5601.0000 5493.5068 2.1646 34.8558
5603.0000 5495.4443 2.1650 34.8558
5605.0000 5497.3813 2.1651 34.8558
