CTD cast

DATE:  31-Dec-2015 08:10:59
latitude:  24.5001
longitude:  -54.4831
  P (db)  z (m)    T (^oC)  S (psu)
1.0000 0.9936 25.3776 37.1211
3.0000 2.9808 25.3785 37.1215
5.0000 4.9680 25.3794 37.1219
7.0000 6.9551 25.3808 37.1223
9.0000 8.9422 25.3835 37.1232
11.0000 10.9293 25.3898 37.1270
13.0000 12.9164 25.3898 37.1266
15.0000 14.9035 25.3912 37.1272
17.0000 16.8906 25.3922 37.1272
19.0000 18.8776 25.3953 37.1274
21.0000 20.8646 25.3994 37.1278
23.0000 22.8516 25.4008 37.1278
25.0000 24.8386 25.3983 37.1277
27.0000 26.8255 25.3988 37.1275
29.0000 28.8125 25.3947 37.1272
31.0000 30.7994 25.3961 37.1272
33.0000 32.7863 25.3976 37.1277
35.0000 34.7732 25.3992 37.1286
37.0000 36.7600 25.3975 37.1282
39.0000 38.7469 25.3990 37.1284
41.0000 40.7337 25.3993 37.1285
43.0000 42.7205 25.4004 37.1286
45.0000 44.7073 25.3990 37.1286
47.0000 46.6941 25.3994 37.1291
49.0000 48.6808 25.4006 37.1288
51.0000 50.6675 25.4016 37.1283
53.0000 52.6542 25.4012 37.1289
55.0000 54.6409 25.4021 37.1287
57.0000 56.6276 25.4034 37.1287
59.0000 58.6142 25.4040 37.1284
61.0000 60.6009 25.4047 37.1286
63.0000 62.5875 25.4065 37.1292
65.0000 64.5741 25.4061 37.1289
67.0000 66.5606 25.3900 37.1305
69.0000 68.5472 25.2637 37.1135
71.0000 70.5337 25.1938 37.1238
73.0000 72.5202 25.1692 37.1217
75.0000 74.5067 25.0140 37.1226
77.0000 76.4932 24.7797 37.1004
79.0000 78.4797 24.4850 37.0678
81.0000 80.4661 24.0736 37.0309
83.0000 82.4525 23.9966 37.0294
85.0000 84.4389 23.9557 37.0244
87.0000 86.4253 23.8726 37.0250
89.0000 88.4117 23.8005 37.0285
91.0000 90.3980 23.7551 37.0344
93.0000 92.3843 23.5690 37.0449
95.0000 94.3706 23.5140 37.0465
97.0000 96.3569 23.4679 37.0538
99.0000 98.3432 23.3499 37.0458
101.0000 100.3294 23.4077 37.0485
103.0000 102.3157 23.3549 37.0404
105.0000 104.3018 23.3065 37.0373
107.0000 106.2880 23.0025 37.0230
109.0000 108.2742 22.9002 37.0271
111.0000 110.2604 22.8524 37.0297
113.0000 112.2465 22.8744 37.0293
115.0000 114.2326 22.7847 37.0377
117.0000 116.2187 22.8557 37.0353
119.0000 118.2048 22.6725 37.0485
121.0000 120.1908 22.4579 37.0448
123.0000 122.1768 22.6095 37.0454
125.0000 124.1629 22.3812 37.0288
127.0000 126.1489 22.2944 37.0562
129.0000 128.1348 22.2028 37.0543
131.0000 130.1208 22.2307 37.0928
133.0000 132.1067 22.2153 37.1281
135.0000 134.0927 22.1858 37.1423
137.0000 136.0786 22.2052 37.1719
139.0000 138.0644 22.2158 37.1931
141.0000 140.0503 22.2197 37.1892
143.0000 142.0361 22.2092 37.2064
145.0000 144.0219 22.1547 37.2052
147.0000 146.0078 22.0979 37.2034
149.0000 147.9935 22.1070 37.2022
151.0000 149.9793 22.0210 37.1958
153.0000 151.9650 21.9934 37.1917
155.0000 153.9508 21.9852 37.1882
157.0000 155.9365 21.8227 37.1587
159.0000 157.9222 21.7467 37.1492
161.0000 159.9078 21.7651 37.1496
163.0000 161.8935 21.6244 37.1285
165.0000 163.8791 21.5754 37.1196
167.0000 165.8647 21.5567 37.1167
169.0000 167.8503 21.4717 37.1010
171.0000 169.8359 21.3903 37.0852
173.0000 171.8214 21.3788 37.0835
175.0000 173.8070 21.2312 37.0567
177.0000 175.7925 21.1621 37.0435
179.0000 177.7780 21.0639 37.0273
181.0000 179.7635 20.9756 37.0116
183.0000 181.7489 20.8601 36.9891
185.0000 183.7344 20.6888 36.9561
187.0000 185.7198 20.4952 36.9213
189.0000 187.7052 20.3837 36.9191
191.0000 189.6906 20.2065 36.8963
193.0000 191.6759 20.1417 36.8864
195.0000 193.6613 20.1147 36.8834
197.0000 195.6466 20.0569 36.8659
199.0000 197.6319 19.8781 36.8390
201.0000 199.6172 19.7912 36.8302
203.0000 201.6024 19.8209 36.8371
205.0000 203.5877 19.8699 36.8395
207.0000 205.5729 19.6985 36.8112
209.0000 207.5581 19.6231 36.7913
211.0000 209.5433 19.5664 36.7717
213.0000 211.5285 19.4605 36.7476
215.0000 213.5136 19.4165 36.7482
217.0000 215.4988 19.4153 36.7552
219.0000 217.4839 19.3931 36.7502
221.0000 219.4690 19.2973 36.7343
223.0000 221.4540 19.2031 36.7221
225.0000 223.4391 19.1835 36.7168
227.0000 225.4241 19.1255 36.7044
229.0000 227.4092 19.1728 36.7133
231.0000 229.3941 19.0311 36.6925
233.0000 231.3791 18.9905 36.6875
235.0000 233.3641 18.9566 36.6794
237.0000 235.3490 19.0050 36.6900
239.0000 237.3339 18.9242 36.6715
241.0000 239.3188 18.7980 36.6572
243.0000 241.3037 18.7828 36.6550
245.0000 243.2886 18.7505 36.6490
247.0000 245.2734 18.7870 36.6554
249.0000 247.2583 18.7251 36.6490
251.0000 249.2431 18.6765 36.6412
253.0000 251.2278 18.6164 36.6339
255.0000 253.2126 18.5696 36.6287
257.0000 255.1974 18.5147 36.6159
259.0000 257.1821 18.3720 36.5792
261.0000 259.1668 18.2620 36.5534
263.0000 261.1515 18.1800 36.5391
265.0000 263.1362 18.1205 36.5328
267.0000 265.1208 18.1093 36.5320
269.0000 267.1054 18.0985 36.5314
271.0000 269.0901 18.0748 36.5312
273.0000 271.0746 18.0852 36.5320
275.0000 273.0593 18.0335 36.5268
277.0000 275.0438 18.0146 36.5246
279.0000 277.0284 18.0036 36.5235
281.0000 279.0128 17.9980 36.5224
283.0000 280.9974 17.9772 36.5201
285.0000 282.9818 17.9698 36.5199
287.0000 284.9663 17.9478 36.5174
289.0000 286.9507 17.9190 36.5150
291.0000 288.9352 17.9070 36.5133
293.0000 290.9196 17.8824 36.5104
295.0000 292.9040 17.8456 36.5059
297.0000 294.8883 17.8345 36.5039
299.0000 296.8727 17.8062 36.4993
301.0000 298.8570 17.7783 36.4959
303.0000 300.8413 17.7608 36.4928
305.0000 302.8256 17.7388 36.4887
307.0000 304.8099 17.7076 36.4849
309.0000 306.7941 17.7138 36.4869
311.0000 308.7784 17.6770 36.4814
313.0000 310.7626 17.6556 36.4798
315.0000 312.7467 17.6446 36.4779
317.0000 314.7309 17.6127 36.4725
319.0000 316.7151 17.5775 36.4654
321.0000 318.6992 17.5293 36.4581
323.0000 320.6833 17.4906 36.4519
325.0000 322.6674 17.4425 36.4438
327.0000 324.6515 17.4054 36.4396
329.0000 326.6356 17.3838 36.4350
331.0000 328.6196 17.3417 36.4254
333.0000 330.6036 17.3222 36.4232
335.0000 332.5876 17.2701 36.4128
337.0000 334.5716 17.2504 36.4110
339.0000 336.5556 17.2449 36.4110
341.0000 338.5396 17.2312 36.4085
343.0000 340.5235 17.2161 36.4047
345.0000 342.5074 17.1790 36.3955
347.0000 344.4913 17.1241 36.3860
349.0000 346.4751 17.1056 36.3836
351.0000 348.4590 17.0872 36.3806
353.0000 350.4428 17.0522 36.3760
355.0000 352.4266 17.0442 36.3755
357.0000 354.4104 17.0373 36.3730
359.0000 356.3942 17.0052 36.3677
361.0000 358.3779 16.9877 36.3630
363.0000 360.3617 16.9280 36.3529
365.0000 362.3454 16.9026 36.3486
367.0000 364.3291 16.8557 36.3456
369.0000 366.3127 16.8489 36.3457
371.0000 368.2964 16.8330 36.3436
373.0000 370.2801 16.8388 36.3434
375.0000 372.2637 16.8058 36.3393
377.0000 374.2473 16.7864 36.3348
379.0000 376.2309 16.7368 36.3270
381.0000 378.2145 16.7509 36.3291
383.0000 380.1980 16.6616 36.3135
385.0000 382.1815 16.6518 36.3126
387.0000 384.1650 16.6435 36.3116
389.0000 386.1485 16.6504 36.3129
391.0000 388.1320 16.6320 36.3096
393.0000 390.1154 16.6237 36.3074
395.0000 392.0989 16.5991 36.3026
397.0000 394.0822 16.5747 36.2983
399.0000 396.0656 16.5562 36.2941
401.0000 398.0490 16.5315 36.2889
403.0000 400.0324 16.5067 36.2850
405.0000 402.0157 16.4936 36.2824
407.0000 403.9990 16.4649 36.2750
409.0000 405.9823 16.3993 36.2625
411.0000 407.9656 16.3945 36.2635
413.0000 409.9489 16.3775 36.2592
415.0000 411.9321 16.3107 36.2495
417.0000 413.9154 16.2895 36.2466
419.0000 415.8985 16.2886 36.2440
421.0000 417.8817 16.1960 36.2292
423.0000 419.8649 16.1463 36.2234
425.0000 421.8480 16.1488 36.2247
427.0000 423.8311 16.1542 36.2243
429.0000 425.8143 16.0986 36.2157
431.0000 427.7973 16.0483 36.2063
433.0000 429.7804 16.0126 36.2004
435.0000 431.7635 15.9484 36.1869
437.0000 433.7465 15.8784 36.1791
439.0000 435.7295 15.8576 36.1755
441.0000 437.7125 15.8193 36.1685
443.0000 439.6955 15.7904 36.1642
445.0000 441.6784 15.7448 36.1556
447.0000 443.6614 15.7019 36.1496
449.0000 445.6443 15.6578 36.1410
451.0000 447.6272 15.6166 36.1355
453.0000 449.6100 15.5973 36.1318
455.0000 451.5929 15.5645 36.1251
457.0000 453.5757 15.4945 36.1125
459.0000 455.5585 15.4234 36.1005
461.0000 457.5414 15.3305 36.0843
463.0000 459.5242 15.2983 36.0805
465.0000 461.5069 15.2891 36.0789
467.0000 463.4897 15.2717 36.0761
469.0000 465.4724 15.2479 36.0724
471.0000 467.4551 15.2010 36.0638
473.0000 469.4378 15.1259 36.0520
475.0000 471.4204 15.0919 36.0472
477.0000 473.4031 15.0669 36.0425
479.0000 475.3858 14.9862 36.0284
481.0000 477.3683 14.9328 36.0211
483.0000 479.3510 14.9120 36.0179
485.0000 481.3335 14.9034 36.0166
487.0000 483.3161 14.9009 36.0169
489.0000 485.2986 14.8963 36.0157
491.0000 487.2811 14.8790 36.0124
493.0000 489.2636 14.8609 36.0092
495.0000 491.2461 14.8160 36.0005
497.0000 493.2286 14.7258 35.9860
499.0000 495.2110 14.6726 35.9798
501.0000 497.1934 14.6543 35.9758
503.0000 499.1758 14.6338 35.9736
505.0000 501.1582 14.6283 35.9724
507.0000 503.1405 14.5933 35.9666
509.0000 505.1229 14.5632 35.9619
511.0000 507.1053 14.4848 35.9480
513.0000 509.0876 14.4135 35.9361
515.0000 511.0698 14.3827 35.9314
517.0000 513.0521 14.3495 35.9267
519.0000 515.0344 14.3324 35.9252
521.0000 517.0165 14.3590 35.9294
523.0000 518.9988 14.3007 35.9213
525.0000 520.9810 14.2844 35.9191
527.0000 522.9632 14.2791 35.9186
529.0000 524.9453 14.2779 35.9183
531.0000 526.9275 14.2920 35.9203
533.0000 528.9096 14.2647 35.9148
535.0000 530.8917 14.2016 35.9065
537.0000 532.8737 14.1832 35.9029
539.0000 534.8558 14.1586 35.8990
541.0000 536.8379 14.1492 35.8980
543.0000 538.8199 14.1439 35.8960
545.0000 540.8019 14.0891 35.8874
547.0000 542.7839 14.0319 35.8778
549.0000 544.7658 13.9619 35.8661
551.0000 546.7478 13.8896 35.8550
553.0000 548.7297 13.8004 35.8428
555.0000 550.7115 13.7009 35.8267
557.0000 552.6935 13.6555 35.8210
559.0000 554.6754 13.6390 35.8186
561.0000 556.6573 13.6771 35.8251
563.0000 558.6390 13.6187 35.8156
565.0000 560.6209 13.5611 35.8057
567.0000 562.6027 13.5003 35.7978
569.0000 564.5844 13.4459 35.7878
571.0000 566.5662 13.3892 35.7814
573.0000 568.5480 13.3667 35.7782
575.0000 570.5297 13.3563 35.7773
577.0000 572.5114 13.3237 35.7722
579.0000 574.4930 13.2657 35.7619
581.0000 576.4747 13.1790 35.7504
583.0000 578.4564 13.1597 35.7481
585.0000 580.4380 13.1468 35.7464
587.0000 582.4197 13.1242 35.7419
589.0000 584.4012 13.0905 35.7389
591.0000 586.3828 13.0840 35.7362
593.0000 588.3643 13.0158 35.7273
595.0000 590.3458 13.0093 35.7259
597.0000 592.3273 12.9795 35.7211
599.0000 594.3088 12.9564 35.7187
601.0000 596.2903 12.9395 35.7153
603.0000 598.2718 12.9048 35.7103
605.0000 600.2532 12.8829 35.7071
607.0000 602.2346 12.8553 35.7034
609.0000 604.2160 12.8390 35.7009
611.0000 606.1974 12.8249 35.6990
613.0000 608.1787 12.8093 35.6963
615.0000 610.1602 12.7827 35.6922
617.0000 612.1415 12.8129 35.6972
619.0000 614.1227 12.7124 35.6780
621.0000 616.1040 12.6367 35.6708
623.0000 618.0853 12.6180 35.6668
625.0000 620.0665 12.5749 35.6601
627.0000 622.0477 12.5825 35.6619
629.0000 624.0289 12.5275 35.6544
631.0000 626.0101 12.4654 35.6437
633.0000 627.9913 12.3685 35.6319
635.0000 629.9724 12.3227 35.6240
637.0000 631.9536 12.2885 35.6197
639.0000 633.9347 12.2526 35.6132
641.0000 635.9158 12.2996 35.6217
643.0000 637.8969 12.1484 35.5979
645.0000 639.8779 12.0592 35.5868
647.0000 641.8589 12.0495 35.5863
649.0000 643.8400 12.0095 35.5786
651.0000 645.8210 11.9277 35.5673
653.0000 647.8019 11.8593 35.5588
655.0000 649.7829 11.8135 35.5521
657.0000 651.7639 11.7560 35.5455
659.0000 653.7448 11.7133 35.5399
661.0000 655.7257 11.6805 35.5349
663.0000 657.7066 11.6533 35.5313
665.0000 659.6874 11.6347 35.5286
667.0000 661.6683 11.6047 35.5244
669.0000 663.6491 11.5859 35.5222
671.0000 665.6299 11.5658 35.5196
673.0000 667.6107 11.5258 35.5140
675.0000 669.5915 11.4632 35.5051
677.0000 671.5723 11.4044 35.4989
679.0000 673.5530 11.4000 35.4984
681.0000 675.5337 11.3826 35.4966
683.0000 677.5144 11.4441 35.5035
685.0000 679.4951 11.3427 35.4909
687.0000 681.4757 11.2976 35.4836
689.0000 683.4564 11.2616 35.4790
691.0000 685.4370 11.2532 35.4779
693.0000 687.4175 11.2363 35.4755
695.0000 689.3982 11.2298 35.4748
697.0000 691.3787 11.1775 35.4653
699.0000 693.3594 11.0915 35.4545
701.0000 695.3398 11.0603 35.4509
703.0000 697.3203 11.0516 35.4497
705.0000 699.3008 11.0326 35.4470
707.0000 701.2812 11.0056 35.4424
709.0000 703.2617 10.9512 35.4322
711.0000 705.2422 11.0071 35.4446
713.0000 707.2226 10.8335 35.4159
715.0000 709.2030 10.6889 35.3986
717.0000 711.1833 10.6245 35.3895
719.0000 713.1637 10.5669 35.3835
721.0000 715.1440 10.5646 35.3846
723.0000 717.1243 10.5341 35.3815
725.0000 719.1047 10.4716 35.3729
727.0000 721.0850 10.4333 35.3685
729.0000 723.0652 10.3972 35.3634
731.0000 725.0455 10.3640 35.3584
733.0000 727.0257 10.3237 35.3525
735.0000 729.0059 10.2925 35.3492
737.0000 730.9861 10.2707 35.3473
739.0000 732.9662 10.2540 35.3451
741.0000 734.9465 10.2376 35.3433
743.0000 736.9265 10.2067 35.3379
745.0000 738.9066 10.1502 35.3288
747.0000 740.8868 10.0535 35.3181
749.0000 742.8668 10.0259 35.3148
751.0000 744.8469 10.0138 35.3141
753.0000 746.8269 10.0084 35.3137
755.0000 748.8068 10.0034 35.3129
757.0000 750.7869 9.9569 35.3061
759.0000 752.7669 9.9275 35.3031
761.0000 754.7469 9.8924 35.2961
763.0000 756.7267 9.8658 35.2953
765.0000 758.7067 9.8325 35.2915
767.0000 760.6866 9.8251 35.2908
769.0000 762.6664 9.8210 35.2902
771.0000 764.6463 9.7790 35.2845
773.0000 766.6262 9.7202 35.2761
775.0000 768.6061 9.6633 35.2689
777.0000 770.5858 9.6713 35.2709
779.0000 772.5656 9.5894 35.2599
781.0000 774.5454 9.5237 35.2547
783.0000 776.5251 9.5083 35.2524
785.0000 778.5049 9.5039 35.2526
787.0000 780.4847 9.4479 35.2430
789.0000 782.4644 9.4012 35.2380
791.0000 784.4440 9.3863 35.2364
793.0000 786.4236 9.3616 35.2328
795.0000 788.4033 9.2976 35.2257
797.0000 790.3829 9.2777 35.2237
799.0000 792.3625 9.3032 35.2269
801.0000 794.3420 9.2389 35.2184
803.0000 796.3217 9.1934 35.2128
805.0000 798.3011 9.1647 35.2105
807.0000 800.2808 9.1538 35.2096
809.0000 802.2603 9.1412 35.2072
811.0000 804.2397 9.1039 35.2029
813.0000 806.2192 9.0878 35.2013
815.0000 808.1987 9.0759 35.1999
817.0000 810.1780 9.0678 35.1986
819.0000 812.1574 9.0687 35.1988
821.0000 814.1369 9.0126 35.1926
823.0000 816.1163 8.9595 35.1869
825.0000 818.0956 8.9365 35.1834
827.0000 820.0750 8.9263 35.1830
829.0000 822.0543 8.8581 35.1723
831.0000 824.0336 8.7716 35.1646
833.0000 826.0128 8.7343 35.1616
835.0000 827.9921 8.7167 35.1613
837.0000 829.9714 8.6952 35.1580
839.0000 831.9506 8.6337 35.1505
841.0000 833.9299 8.5622 35.1461
843.0000 835.9090 8.5441 35.1446
845.0000 837.8881 8.5374 35.1459
847.0000 839.8673 8.5417 35.1482
849.0000 841.8465 8.5100 35.1438
851.0000 843.8257 8.4933 35.1441
853.0000 845.8046 8.4925 35.1443
855.0000 847.7837 8.4833 35.1432
857.0000 849.7628 8.4687 35.1409
859.0000 851.7418 8.4248 35.1363
861.0000 853.7209 8.3792 35.1315
863.0000 855.6999 8.3678 35.1310
865.0000 857.6788 8.3416 35.1272
867.0000 859.6577 8.2957 35.1217
869.0000 861.6368 8.2535 35.1176
871.0000 863.6158 8.2141 35.1131
873.0000 865.5945 8.1766 35.1089
875.0000 867.5735 8.1298 35.1037
877.0000 869.5524 8.0952 35.0994
879.0000 871.5312 8.0978 35.1010
881.0000 873.5100 8.0485 35.0953
883.0000 875.4888 8.0287 35.0935
885.0000 877.4677 7.9939 35.0896
887.0000 879.4464 7.9744 35.0869
889.0000 881.4251 7.9716 35.0879
891.0000 883.4040 7.9529 35.0850
893.0000 885.3825 7.8893 35.0793
895.0000 887.3613 7.8611 35.0759
897.0000 889.3400 7.8327 35.0731
899.0000 891.3187 7.7917 35.0694
901.0000 893.2972 7.7644 35.0672
903.0000 895.2759 7.7876 35.0692
905.0000 897.2545 7.7296 35.0646
907.0000 899.2331 7.7156 35.0637
909.0000 901.2117 7.6957 35.0609
911.0000 903.1902 7.6551 35.0568
913.0000 905.1688 7.6315 35.0563
915.0000 907.1473 7.6325 35.0588
917.0000 909.1257 7.6389 35.0581
919.0000 911.1043 7.5884 35.0539
921.0000 913.0827 7.5683 35.0525
923.0000 915.0611 7.5282 35.0484
925.0000 917.0396 7.4988 35.0460
927.0000 919.0179 7.4989 35.0476
929.0000 920.9963 7.5110 35.0499
931.0000 922.9747 7.5182 35.0566
933.0000 924.9531 7.4943 35.0571
935.0000 926.9313 7.4858 35.0562
937.0000 928.9097 7.4669 35.0541
939.0000 930.8880 7.4191 35.0509
941.0000 932.8662 7.3998 35.0505
943.0000 934.8445 7.3729 35.0479
945.0000 936.8227 7.3592 35.0460
947.0000 938.8009 7.3412 35.0458
949.0000 940.7791 7.3343 35.0458
951.0000 942.7573 7.3018 35.0418
953.0000 944.7354 7.2540 35.0387
955.0000 946.7136 7.2286 35.0372
957.0000 948.6917 7.1879 35.0328
959.0000 950.6697 7.1622 35.0314
961.0000 952.6478 7.1511 35.0303
963.0000 954.6259 7.1225 35.0284
965.0000 956.6039 7.1003 35.0273
967.0000 958.5820 7.0876 35.0268
969.0000 960.5599 7.0791 35.0278
971.0000 962.5380 7.0711 35.0284
973.0000 964.5159 7.0312 35.0241
975.0000 966.4939 6.9843 35.0185
977.0000 968.4719 6.9433 35.0156
979.0000 970.4496 6.9156 35.0168
981.0000 972.4277 6.9264 35.0179
983.0000 974.4055 6.8985 35.0163
985.0000 976.3834 6.8525 35.0144
987.0000 978.3611 6.8112 35.0148
989.0000 980.3391 6.8112 35.0148
991.0000 982.3168 6.8533 35.0157
993.0000 984.2946 6.7528 35.0148
995.0000 986.2724 6.7393 35.0146
997.0000 988.2501 6.7283 35.0142
999.0000 990.2278 6.7357 35.0140
1001.0000 992.2055 6.7131 35.0137
1003.0000 994.1832 6.6984 35.0143
1005.0000 996.1608 6.6790 35.0143
1007.0000 998.1385 6.6581 35.0144
1009.0000 1000.1161 6.6411 35.0150
1011.0000 1002.0938 6.6277 35.0150
1013.0000 1004.0714 6.6129 35.0156
1015.0000 1006.0490 6.5904 35.0165
1017.0000 1008.0264 6.5694 35.0180
1019.0000 1010.0040 6.5621 35.0194
1021.0000 1011.9816 6.5534 35.0207
1023.0000 1013.9591 6.5462 35.0214
1025.0000 1015.9365 6.5500 35.0209
1027.0000 1017.9140 6.5366 35.0215
1029.0000 1019.8915 6.5345 35.0214
1031.0000 1021.8689 6.5310 35.0214
1033.0000 1023.8462 6.5177 35.0236
1035.0000 1025.8237 6.5151 35.0247
1037.0000 1027.8010 6.5111 35.0260
1039.0000 1029.7783 6.4929 35.0261
1041.0000 1031.7556 6.4734 35.0253
1043.0000 1033.7329 6.4418 35.0224
1045.0000 1035.7102 6.4304 35.0218
1047.0000 1037.6875 6.4251 35.0217
1049.0000 1039.6649 6.4226 35.0219
1051.0000 1041.6421 6.4201 35.0241
1053.0000 1043.6193 6.3918 35.0236
1055.0000 1045.5966 6.3578 35.0237
1057.0000 1047.5737 6.3567 35.0240
1059.0000 1049.5508 6.3558 35.0243
1061.0000 1051.5280 6.3492 35.0255
1063.0000 1053.5051 6.3434 35.0270
1065.0000 1055.4823 6.3330 35.0280
1067.0000 1057.4594 6.3297 35.0289
1069.0000 1059.4363 6.3280 35.0288
1071.0000 1061.4133 6.3063 35.0297
1073.0000 1063.3904 6.3004 35.0305
1075.0000 1065.3674 6.2965 35.0323
1077.0000 1067.3445 6.2984 35.0345
1079.0000 1069.3213 6.2988 35.0360
1081.0000 1071.2983 6.2986 35.0366
1083.0000 1073.2754 6.2922 35.0378
1085.0000 1075.2523 6.2753 35.0400
1087.0000 1077.2291 6.2675 35.0422
1089.0000 1079.2061 6.2710 35.0414
1091.0000 1081.1829 6.2640 35.0431
1093.0000 1083.1597 6.2529 35.0430
1095.0000 1085.1366 6.2357 35.0434
1097.0000 1087.1134 6.2198 35.0430
1099.0000 1089.0902 6.2065 35.0410
1101.0000 1091.0668 6.1766 35.0392
1103.0000 1093.0437 6.1662 35.0411
1105.0000 1095.0205 6.1629 35.0423
1107.0000 1096.9971 6.1605 35.0430
1109.0000 1098.9739 6.1601 35.0430
1111.0000 1100.9506 6.1621 35.0447
1113.0000 1102.9271 6.1660 35.0450
1115.0000 1104.9038 6.1713 35.0502
1117.0000 1106.8805 6.1650 35.0532
1119.0000 1108.8571 6.1487 35.0533
1121.0000 1110.8335 6.1449 35.0537
1123.0000 1112.8102 6.1439 35.0523
1125.0000 1114.7866 6.0885 35.0496
1127.0000 1116.7632 6.0805 35.0488
1129.0000 1118.7397 6.0741 35.0490
1131.0000 1120.7163 6.0759 35.0494
1133.0000 1122.6929 6.0583 35.0518
1135.0000 1124.6692 6.0495 35.0559
1137.0000 1126.6456 6.0443 35.0570
1139.0000 1128.6219 6.0402 35.0582
1141.0000 1130.5984 6.0280 35.0597
1143.0000 1132.5748 6.0307 35.0593
1145.0000 1134.5511 6.0173 35.0602
1147.0000 1136.5276 6.0092 35.0605
1149.0000 1138.5038 5.9986 35.0603
1151.0000 1140.4802 5.9871 35.0598
1153.0000 1142.4565 5.9681 35.0590
1155.0000 1144.4326 5.9504 35.0582
1157.0000 1146.4089 5.9564 35.0584
1159.0000 1148.3851 5.9222 35.0563
1161.0000 1150.3615 5.9009 35.0541
1163.0000 1152.3375 5.8515 35.0505
1165.0000 1154.3138 5.8348 35.0494
1167.0000 1156.2899 5.8241 35.0490
1169.0000 1158.2660 5.8664 35.0524
1171.0000 1160.2422 5.8285 35.0496
1173.0000 1162.2183 5.7972 35.0474
1175.0000 1164.1943 5.8012 35.0481
1177.0000 1166.1703 5.8052 35.0487
1179.0000 1168.1464 5.7965 35.0474
1181.0000 1170.1226 5.7788 35.0485
1183.0000 1172.0984 5.7768 35.0484
1185.0000 1174.0745 5.7722 35.0492
1187.0000 1176.0505 5.7538 35.0508
1189.0000 1178.0265 5.7408 35.0512
1191.0000 1180.0023 5.7328 35.0518
1193.0000 1181.9781 5.7224 35.0522
1195.0000 1183.9541 5.7205 35.0524
1197.0000 1185.9298 5.7190 35.0522
1199.0000 1187.9058 5.7161 35.0521
1201.0000 1189.8817 5.7127 35.0524
1203.0000 1191.8575 5.7074 35.0524
1205.0000 1193.8333 5.7013 35.0523
1207.0000 1195.8091 5.6970 35.0522
1209.0000 1197.7849 5.6921 35.0521
1211.0000 1199.7605 5.6828 35.0520
1213.0000 1201.7363 5.6719 35.0523
1215.0000 1203.7120 5.6660 35.0541
1217.0000 1205.6877 5.6548 35.0532
1219.0000 1207.6633 5.6551 35.0535
1221.0000 1209.6389 5.6352 35.0547
1223.0000 1211.6146 5.6221 35.0539
1225.0000 1213.5902 5.6080 35.0538
1227.0000 1215.5658 5.5990 35.0546
1229.0000 1217.5414 5.5906 35.0561
1231.0000 1219.5170 5.5853 35.0572
1233.0000 1221.4926 5.5738 35.0574
1235.0000 1223.4680 5.5607 35.0583
1237.0000 1225.4437 5.5567 35.0589
1239.0000 1227.4191 5.5542 35.0589
1241.0000 1229.3945 5.5522 35.0592
1243.0000 1231.3700 5.5516 35.0593
1245.0000 1233.3453 5.5486 35.0593
1247.0000 1235.3208 5.5255 35.0599
1249.0000 1237.2963 5.5109 35.0606
1251.0000 1239.2716 5.5097 35.0606
1253.0000 1241.2469 5.5031 35.0610
1255.0000 1243.2223 5.4951 35.0606
1257.0000 1245.1976 5.4891 35.0607
1259.0000 1247.1729 5.4974 35.0607
1261.0000 1249.1482 5.4872 35.0604
1263.0000 1251.1234 5.4807 35.0607
1265.0000 1253.0988 5.4653 35.0602
1267.0000 1255.0740 5.4521 35.0603
1269.0000 1257.0491 5.4419 35.0610
1271.0000 1259.0243 5.4383 35.0611
1273.0000 1260.9994 5.4354 35.0613
1275.0000 1262.9745 5.4267 35.0616
1277.0000 1264.9497 5.4221 35.0618
1279.0000 1266.9247 5.4209 35.0618
1281.0000 1268.8998 5.4189 35.0618
1283.0000 1270.8749 5.4108 35.0625
1285.0000 1272.8500 5.4045 35.0639
1287.0000 1274.8250 5.4017 35.0643
1289.0000 1276.8000 5.3958 35.0644
1291.0000 1278.7750 5.3951 35.0644
1293.0000 1280.7500 5.3887 35.0642
1295.0000 1282.7250 5.3758 35.0642
1297.0000 1284.7000 5.3713 35.0641
1299.0000 1286.6749 5.3616 35.0635
1301.0000 1288.6497 5.3503 35.0635
1303.0000 1290.6248 5.3385 35.0629
1305.0000 1292.5996 5.3145 35.0635
1307.0000 1294.5745 5.3064 35.0636
1309.0000 1296.5493 5.3037 35.0638
1311.0000 1298.5243 5.2975 35.0643
1313.0000 1300.4990 5.2863 35.0653
1315.0000 1302.4736 5.2792 35.0665
1317.0000 1304.4485 5.2675 35.0679
1319.0000 1306.4232 5.2610 35.0678
1321.0000 1308.3979 5.2493 35.0672
1323.0000 1310.3726 5.2417 35.0666
1325.0000 1312.3474 5.2343 35.0658
1327.0000 1314.3220 5.2352 35.0661
1329.0000 1316.2966 5.2350 35.0661
1331.0000 1318.2712 5.2335 35.0667
1333.0000 1320.2458 5.2304 35.0677
1335.0000 1322.2205 5.2215 35.0684
1337.0000 1324.1951 5.2188 35.0683
1339.0000 1326.1696 5.2138 35.0685
1341.0000 1328.1440 5.2171 35.0682
1343.0000 1330.1187 5.2051 35.0684
1345.0000 1332.0931 5.1995 35.0685
1347.0000 1334.0676 5.1986 35.0686
1349.0000 1336.0420 5.1986 35.0685
1351.0000 1338.0165 5.1973 35.0684
1353.0000 1339.9910 5.1840 35.0681
1355.0000 1341.9652 5.1748 35.0681
1357.0000 1343.9398 5.1688 35.0677
1359.0000 1345.9142 5.1681 35.0679
1361.0000 1347.8885 5.1654 35.0677
1363.0000 1349.8628 5.1507 35.0673
1365.0000 1351.8372 5.1514 35.0670
1367.0000 1353.8115 5.1371 35.0666
1369.0000 1355.7856 5.1323 35.0665
1371.0000 1357.7600 5.1321 35.0670
1373.0000 1359.7343 5.1331 35.0673
1375.0000 1361.7084 5.1328 35.0673
1377.0000 1363.6825 5.1237 35.0670
1379.0000 1365.6569 5.1173 35.0666
1381.0000 1367.6310 5.1095 35.0662
1383.0000 1369.6051 5.1044 35.0665
1385.0000 1371.5792 5.1018 35.0669
1387.0000 1373.5535 5.1003 35.0671
1389.0000 1375.5276 5.0924 35.0660
1391.0000 1377.5015 5.0883 35.0658
1393.0000 1379.4756 5.0870 35.0665
1395.0000 1381.4496 5.0786 35.0663
1397.0000 1383.4236 5.0763 35.0660
1399.0000 1385.3976 5.0727 35.0660
1401.0000 1387.3716 5.0667 35.0667
1403.0000 1389.3457 5.0682 35.0676
1405.0000 1391.3195 5.0623 35.0671
1407.0000 1393.2935 5.0570 35.0676
1409.0000 1395.2675 5.0508 35.0682
1411.0000 1397.2412 5.0495 35.0680
1413.0000 1399.2151 5.0490 35.0681
1415.0000 1401.1890 5.0443 35.0684
1417.0000 1403.1627 5.0433 35.0686
1419.0000 1405.1366 5.0432 35.0686
1421.0000 1407.1105 5.0421 35.0686
1423.0000 1409.0842 5.0445 35.0685
1425.0000 1411.0580 5.0377 35.0686
1427.0000 1413.0317 5.0343 35.0685
1429.0000 1415.0055 5.0300 35.0685
1431.0000 1416.9791 5.0255 35.0685
1433.0000 1418.9528 5.0201 35.0683
1435.0000 1420.9265 5.0138 35.0680
1437.0000 1422.9001 5.0049 35.0675
1439.0000 1424.8738 5.0017 35.0677
1441.0000 1426.8474 4.9984 35.0675
1443.0000 1428.8209 4.9971 35.0676
1445.0000 1430.7944 4.9970 35.0678
1447.0000 1432.7679 4.9920 35.0676
1449.0000 1434.7417 4.9817 35.0678
1451.0000 1436.7153 4.9792 35.0677
1453.0000 1438.6887 4.9784 35.0678
1455.0000 1440.6621 4.9750 35.0678
1457.0000 1442.6356 4.9655 35.0674
1459.0000 1444.6089 4.9559 35.0672
1461.0000 1446.5824 4.9491 35.0670
1463.0000 1448.5560 4.9357 35.0672
1465.0000 1450.5294 4.9300 35.0671
1467.0000 1452.5026 4.9275 35.0679
1469.0000 1454.4761 4.9253 35.0684
1471.0000 1456.4493 4.9278 35.0679
1473.0000 1458.4225 4.9170 35.0682
1475.0000 1460.3960 4.9133 35.0678
1477.0000 1462.3693 4.8950 35.0674
1479.0000 1464.3424 4.9071 35.0680
1481.0000 1466.3157 4.8885 35.0673
1483.0000 1468.2889 4.8823 35.0674
1485.0000 1470.2622 4.8846 35.0674
1487.0000 1472.2354 4.8748 35.0670
1489.0000 1474.2085 4.8683 35.0669
1491.0000 1476.1816 4.8629 35.0669
1493.0000 1478.1548 4.8597 35.0663
1495.0000 1480.1278 4.8241 35.0648
1497.0000 1482.1011 4.8135 35.0641
1499.0000 1484.0742 4.8058 35.0636
1501.0000 1486.0470 4.8198 35.0644
1503.0000 1488.0201 4.8029 35.0638
1505.0000 1489.9932 4.8032 35.0639
1507.0000 1491.9662 4.8016 35.0637
1509.0000 1493.9392 4.7969 35.0631
1511.0000 1495.9121 4.8010 35.0634
1513.0000 1497.8851 4.7846 35.0624
1515.0000 1499.8579 4.7792 35.0623
1517.0000 1501.8309 4.7602 35.0616
1519.0000 1503.8038 4.7461 35.0614
1521.0000 1505.7766 4.7425 35.0614
1523.0000 1507.7495 4.7407 35.0612
1525.0000 1509.7224 4.7391 35.0613
1527.0000 1511.6953 4.7378 35.0611
1529.0000 1513.6680 4.7328 35.0610
1531.0000 1515.6407 4.7311 35.0610
1533.0000 1517.6135 4.7256 35.0607
1535.0000 1519.5863 4.7222 35.0615
1537.0000 1521.5591 4.7215 35.0617
1539.0000 1523.5317 4.7223 35.0616
1541.0000 1525.5043 4.7169 35.0620
1543.0000 1527.4771 4.7140 35.0621
1545.0000 1529.4498 4.7062 35.0624
1547.0000 1531.4224 4.7035 35.0624
1549.0000 1533.3949 4.6993 35.0623
1551.0000 1535.3677 4.6938 35.0622
1553.0000 1537.3402 4.6973 35.0623
1555.0000 1539.3126 4.6850 35.0620
1557.0000 1541.2852 4.6698 35.0616
1559.0000 1543.2578 4.6612 35.0620
1561.0000 1545.2303 4.6578 35.0623
1563.0000 1547.2026 4.6562 35.0625
1565.0000 1549.1752 4.6478 35.0620
1567.0000 1551.1478 4.6347 35.0616
1569.0000 1553.1201 4.6242 35.0610
1571.0000 1555.0925 4.6127 35.0608
1573.0000 1557.0649 4.6102 35.0610
1575.0000 1559.0374 4.6087 35.0610
1577.0000 1561.0096 4.6081 35.0613
1579.0000 1562.9819 4.6085 35.0613
1581.0000 1564.9542 4.6085 35.0614
1583.0000 1566.9266 4.6089 35.0617
1585.0000 1568.8989 4.6065 35.0614
1587.0000 1570.8712 4.5966 35.0612
1589.0000 1572.8435 4.5882 35.0616
1591.0000 1574.8156 4.5836 35.0613
1593.0000 1576.7878 4.5737 35.0613
1595.0000 1578.7600 4.5690 35.0613
1597.0000 1580.7322 4.5617 35.0612
1599.0000 1582.7043 4.5610 35.0612
1601.0000 1584.6765 4.5613 35.0614
1603.0000 1586.6487 4.5599 35.0612
1605.0000 1588.6207 4.5565 35.0614
1607.0000 1590.5928 4.5587 35.0612
1609.0000 1592.5648 4.5505 35.0610
1611.0000 1594.5369 4.5444 35.0608
1613.0000 1596.5089 4.5246 35.0598
1615.0000 1598.4810 4.5126 35.0596
1617.0000 1600.4529 4.5027 35.0592
1619.0000 1602.4249 4.4969 35.0594
1621.0000 1604.3969 4.5083 35.0592
1623.0000 1606.3689 4.4892 35.0590
1625.0000 1608.3407 4.4828 35.0585
1627.0000 1610.3125 4.4734 35.0582
1629.0000 1612.2844 4.4750 35.0583
1631.0000 1614.2562 4.4671 35.0582
1633.0000 1616.2281 4.4616 35.0578
1635.0000 1618.2000 4.4591 35.0579
1637.0000 1620.1719 4.4528 35.0577
1639.0000 1622.1436 4.4495 35.0577
1641.0000 1624.1154 4.4479 35.0575
1643.0000 1626.0872 4.4475 35.0577
1645.0000 1628.0588 4.4476 35.0575
1647.0000 1630.0304 4.4463 35.0575
1649.0000 1632.0023 4.4378 35.0569
1651.0000 1633.9740 4.4275 35.0567
1653.0000 1635.9454 4.4219 35.0565
1655.0000 1637.9172 4.4151 35.0561
1657.0000 1639.8889 4.4053 35.0558
1659.0000 1641.8602 4.4047 35.0557
1661.0000 1643.8320 4.3964 35.0555
1663.0000 1645.8036 4.3892 35.0552
1665.0000 1647.7751 4.3837 35.0548
1667.0000 1649.7466 4.3778 35.0548
1669.0000 1651.7181 4.3715 35.0542
1671.0000 1653.6896 4.3691 35.0546
1673.0000 1655.6611 4.3746 35.0543
1675.0000 1657.6326 4.3562 35.0538
1677.0000 1659.6041 4.3528 35.0538
1679.0000 1661.5753 4.3499 35.0535
1681.0000 1663.5469 4.3481 35.0535
1683.0000 1665.5183 4.3459 35.0535
1685.0000 1667.4896 4.3400 35.0532
1687.0000 1669.4608 4.3383 35.0532
1689.0000 1671.4324 4.3370 35.0531
1691.0000 1673.4037 4.3357 35.0530
1693.0000 1675.3749 4.3365 35.0530
1695.0000 1677.3462 4.3296 35.0528
1697.0000 1679.3174 4.3291 35.0529
1699.0000 1681.2887 4.3281 35.0528
1701.0000 1683.2599 4.3281 35.0527
1703.0000 1685.2310 4.3246 35.0525
1705.0000 1687.2023 4.3226 35.0524
1707.0000 1689.1732 4.3150 35.0519
1709.0000 1691.1447 4.3047 35.0514
1711.0000 1693.1157 4.3159 35.0520
1713.0000 1695.0869 4.3000 35.0513
1715.0000 1697.0579 4.2958 35.0512
1717.0000 1699.0289 4.2923 35.0510
1719.0000 1701.0001 4.2908 35.0510
1721.0000 1702.9708 4.2890 35.0510
1723.0000 1704.9420 4.2853 35.0506
1725.0000 1706.9131 4.2869 35.0507
1727.0000 1708.8840 4.2773 35.0503
1729.0000 1710.8550 4.2729 35.0500
1731.0000 1712.8259 4.2680 35.0498
1733.0000 1714.7969 4.2656 35.0497
1735.0000 1716.7676 4.2644 35.0497
1737.0000 1718.7385 4.2633 35.0496
1739.0000 1720.7097 4.2615 35.0495
1741.0000 1722.6802 4.2554 35.0492
1743.0000 1724.6511 4.2466 35.0485
1745.0000 1726.6221 4.2412 35.0484
1747.0000 1728.5928 4.2319 35.0477
1749.0000 1730.5635 4.2283 35.0475
1751.0000 1732.5343 4.2220 35.0475
1753.0000 1734.5051 4.2207 35.0474
1755.0000 1736.4757 4.2181 35.0473
1757.0000 1738.4464 4.2131 35.0470
1759.0000 1740.4171 4.2101 35.0469
1761.0000 1742.3878 4.2095 35.0469
1763.0000 1744.3584 4.2058 35.0466
1765.0000 1746.3291 4.1975 35.0461
1767.0000 1748.2998 4.1892 35.0458
1769.0000 1750.2701 4.1842 35.0457
1771.0000 1752.2408 4.1834 35.0457
1773.0000 1754.2115 4.1822 35.0456
1775.0000 1756.1821 4.1819 35.0456
1777.0000 1758.1525 4.1797 35.0455
1779.0000 1760.1229 4.1790 35.0455
1781.0000 1762.0936 4.1774 35.0453
1783.0000 1764.0637 4.1753 35.0452
1785.0000 1766.0344 4.1695 35.0448
1787.0000 1768.0048 4.1671 35.0448
1789.0000 1769.9755 4.1647 35.0446
1791.0000 1771.9456 4.1585 35.0442
1793.0000 1773.9161 4.1519 35.0437
1795.0000 1775.8865 4.1430 35.0432
1797.0000 1777.8566 4.1358 35.0429
1799.0000 1779.8270 4.1343 35.0428
1801.0000 1781.7974 4.1352 35.0429
1803.0000 1783.7675 4.1327 35.0424
1805.0000 1785.7378 4.1149 35.0415
1807.0000 1787.7083 4.1120 35.0416
1809.0000 1789.6783 4.1100 35.0414
1811.0000 1791.6484 4.1062 35.0412
1813.0000 1793.6188 4.0959 35.0404
1815.0000 1795.5891 4.0980 35.0401
1817.0000 1797.5590 4.0863 35.0398
1819.0000 1799.5293 4.0815 35.0397
1821.0000 1801.4994 4.0775 35.0394
1823.0000 1803.4696 4.0726 35.0388
1825.0000 1805.4393 4.0784 35.0395
1827.0000 1807.4097 4.0739 35.0391
1829.0000 1809.3795 4.0637 35.0386
1831.0000 1811.3496 4.0611 35.0383
1833.0000 1813.3196 4.0594 35.0383
1835.0000 1815.2898 4.0636 35.0385
1837.0000 1817.2596 4.0657 35.0383
1839.0000 1819.2296 4.0452 35.0373
1841.0000 1821.1995 4.0363 35.0366
1843.0000 1823.1696 4.0328 35.0366
1845.0000 1825.1393 4.0317 35.0366
1847.0000 1827.1091 4.0313 35.0366
1849.0000 1829.0790 4.0309 35.0366
1851.0000 1831.0491 4.0296 35.0364
1853.0000 1833.0186 4.0291 35.0363
1855.0000 1834.9885 4.0291 35.0363
1857.0000 1836.9584 4.0216 35.0356
1859.0000 1838.9281 4.0116 35.0351
1861.0000 1840.8977 3.9999 35.0345
1863.0000 1842.8676 3.9940 35.0341
1865.0000 1844.8372 3.9972 35.0340
1867.0000 1846.8070 3.9842 35.0334
1869.0000 1848.7769 3.9767 35.0330
1871.0000 1850.7463 3.9745 35.0329
1873.0000 1852.7161 3.9734 35.0328
1875.0000 1854.6854 3.9700 35.0324
1877.0000 1856.6554 3.9644 35.0323
1879.0000 1858.6246 3.9623 35.0320
1881.0000 1860.5944 3.9633 35.0321
1883.0000 1862.5640 3.9580 35.0316
1885.0000 1864.5337 3.9538 35.0315
1887.0000 1866.5029 3.9511 35.0311
1889.0000 1868.4724 3.9456 35.0309
1891.0000 1870.4420 3.9403 35.0305
1893.0000 1872.4114 3.9328 35.0298
1895.0000 1874.3810 3.9272 35.0296
1897.0000 1876.3502 3.9226 35.0293
1899.0000 1878.3197 3.9189 35.0291
1901.0000 1880.2889 3.9166 35.0290
1903.0000 1882.2584 3.9135 35.0286
1905.0000 1884.2277 3.9080 35.0282
1907.0000 1886.1970 3.9027 35.0279
1909.0000 1888.1664 3.8996 35.0277
1911.0000 1890.1357 3.9003 35.0278
1913.0000 1892.1051 3.8984 35.0274
1915.0000 1894.0742 3.8900 35.0271
1917.0000 1896.0435 3.8837 35.0263
1919.0000 1898.0127 3.8765 35.0261
1921.0000 1899.9818 3.8753 35.0259
1923.0000 1901.9513 3.8799 35.0262
1925.0000 1903.9203 3.8694 35.0255
1927.0000 1905.8894 3.8652 35.0253
1929.0000 1907.8584 3.8631 35.0251
1931.0000 1909.8276 3.8582 35.0244
1933.0000 1911.7969 3.8530 35.0246
1935.0000 1913.7657 3.8487 35.0241
1937.0000 1915.7350 3.8474 35.0239
1939.0000 1917.7039 3.8453 35.0238
1941.0000 1919.6729 3.8435 35.0236
1943.0000 1921.6420 3.8400 35.0234
1945.0000 1923.6110 3.8419 35.0235
1947.0000 1925.5801 3.8381 35.0230
1949.0000 1927.5487 3.8327 35.0229
1951.0000 1929.5179 3.8322 35.0230
1953.0000 1931.4869 3.8314 35.0227
1955.0000 1933.4554 3.8309 35.0227
1957.0000 1935.4244 3.8306 35.0227
1959.0000 1937.3933 3.8282 35.0225
1961.0000 1939.3623 3.8266 35.0225
1963.0000 1941.3309 3.8237 35.0220
1965.0000 1943.2998 3.8195 35.0219
1967.0000 1945.2687 3.8213 35.0218
1969.0000 1947.2374 3.8151 35.0214
1971.0000 1949.2061 3.8092 35.0209
1973.0000 1951.1749 3.8101 35.0210
1975.0000 1953.1436 3.8030 35.0206
1977.0000 1955.1122 3.7997 35.0203
1979.0000 1957.0811 3.7957 35.0200
1981.0000 1959.0497 3.7921 35.0197
1983.0000 1961.0181 3.7870 35.0193
1985.0000 1962.9869 3.7737 35.0181
1987.0000 1964.9556 3.7648 35.0177
1989.0000 1966.9242 3.7637 35.0176
1991.0000 1968.8926 3.7634 35.0176
1993.0000 1970.8612 3.7686 35.0179
1995.0000 1972.8298 3.7641 35.0174
1997.0000 1974.7983 3.7589 35.0173
1999.0000 1976.7667 3.7564 35.0172
2001.0000 1978.7354 3.7546 35.0169
2003.0000 1980.7037 3.7516 35.0166
2005.0000 1982.6720 3.7415 35.0158
2007.0000 1984.6406 3.7381 35.0156
2009.0000 1986.6088 3.7342 35.0153
2011.0000 1988.5773 3.7331 35.0153
2013.0000 1990.5457 3.7309 35.0150
2015.0000 1992.5140 3.7182 35.0139
2017.0000 1994.4823 3.7060 35.0128
2019.0000 1996.4507 3.6997 35.0126
2021.0000 1998.4191 3.6947 35.0122
2023.0000 2000.3873 3.6932 35.0121
2025.0000 2002.3556 3.6817 35.0111
2027.0000 2004.3237 3.6708 35.0104
2029.0000 2006.2920 3.6629 35.0096
2031.0000 2008.2601 3.6582 35.0095
2033.0000 2010.2284 3.6540 35.0092
2035.0000 2012.1965 3.6505 35.0089
2037.0000 2014.1648 3.6489 35.0090
2039.0000 2016.1328 3.6469 35.0088
2041.0000 2018.1008 3.6435 35.0085
2043.0000 2020.0690 3.6425 35.0086
2045.0000 2022.0370 3.6412 35.0083
2047.0000 2024.0050 3.6336 35.0076
2049.0000 2025.9733 3.6287 35.0075
2051.0000 2027.9414 3.6276 35.0073
2053.0000 2029.9092 3.6250 35.0070
2055.0000 2031.8772 3.6250 35.0070
2057.0000 2033.8452 3.6205 35.0068
2059.0000 2035.8130 3.6207 35.0068
2061.0000 2037.7810 3.6211 35.0068
2063.0000 2039.7490 3.6163 35.0062
2065.0000 2041.7168 3.6111 35.0059
2067.0000 2043.6846 3.6097 35.0058
2069.0000 2045.6526 3.6066 35.0055
2071.0000 2047.6206 3.6072 35.0055
2073.0000 2049.5881 3.6034 35.0053
2075.0000 2051.5559 3.6002 35.0050
2077.0000 2053.5239 3.5965 35.0048
2079.0000 2055.4915 3.5942 35.0046
2081.0000 2057.4595 3.5923 35.0044
2083.0000 2059.4272 3.5903 35.0042
2085.0000 2061.3950 3.5865 35.0039
2087.0000 2063.3625 3.5808 35.0034
2089.0000 2065.3301 3.5724 35.0027
2091.0000 2067.2979 3.5692 35.0025
2093.0000 2069.2654 3.5668 35.0023
2095.0000 2071.2332 3.5660 35.0023
2097.0000 2073.2007 3.5639 35.0022
2099.0000 2075.1685 3.5624 35.0020
2101.0000 2077.1357 3.5594 35.0018
2103.0000 2079.1035 3.5575 35.0017
2105.0000 2081.0710 3.5568 35.0016
2107.0000 2083.0383 3.5561 35.0015
2109.0000 2085.0059 3.5489 35.0008
2111.0000 2086.9734 3.5459 35.0007
2113.0000 2088.9409 3.5463 35.0006
2115.0000 2090.9082 3.5459 35.0006
2117.0000 2092.8757 3.5423 35.0003
2119.0000 2094.8433 3.5371 35.0000
2121.0000 2096.8103 3.5392 35.0000
2123.0000 2098.7778 3.5373 34.9995
2125.0000 2100.7454 3.5314 34.9995
2127.0000 2102.7124 3.5309 34.9994
2129.0000 2104.6802 3.5270 34.9989
2131.0000 2106.6472 3.5224 34.9987
2133.0000 2108.6145 3.5274 34.9989
2135.0000 2110.5818 3.5182 34.9983
2137.0000 2112.5491 3.5159 34.9982
2139.0000 2114.5161 3.5084 34.9971
2141.0000 2116.4832 3.4985 34.9971
2143.0000 2118.4507 3.4977 34.9967
2145.0000 2120.4177 3.4900 34.9961
2147.0000 2122.3853 3.4877 34.9959
2149.0000 2124.3518 3.4871 34.9959
2151.0000 2126.3191 3.4862 34.9958
2153.0000 2128.2864 3.4799 34.9952
2155.0000 2130.2534 3.4758 34.9947
2157.0000 2132.2205 3.4701 34.9945
2159.0000 2134.1875 3.4675 34.9942
2161.0000 2136.1545 3.4637 34.9939
2163.0000 2138.1213 3.4620 34.9938
2165.0000 2140.0886 3.4612 34.9937
2167.0000 2142.0557 3.4583 34.9934
2169.0000 2144.0222 3.4550 34.9932
2171.0000 2145.9893 3.4482 34.9926
2173.0000 2147.9563 3.4450 34.9924
2175.0000 2149.9233 3.4418 34.9920
2177.0000 2151.8901 3.4369 34.9919
2179.0000 2153.8569 3.4367 34.9917
2181.0000 2155.8237 3.4371 34.9919
2183.0000 2157.7905 3.4369 34.9918
2185.0000 2159.7576 3.4356 34.9916
2187.0000 2161.7241 3.4319 34.9913
2189.0000 2163.6909 3.4288 34.9911
2191.0000 2165.6575 3.4279 34.9911
2193.0000 2167.6245 3.4280 34.9910
2195.0000 2169.5911 3.4270 34.9908
2197.0000 2171.5576 3.4222 34.9905
2199.0000 2173.5247 3.4185 34.9901
2201.0000 2175.4915 3.4128 34.9897
2203.0000 2177.4578 3.4069 34.9891
2205.0000 2179.4246 3.4013 34.9885
2207.0000 2181.3911 3.3954 34.9882
2209.0000 2183.3577 3.3909 34.9879
2211.0000 2185.3242 3.3897 34.9877
2213.0000 2187.2908 3.3887 34.9877
2215.0000 2189.2573 3.3864 34.9875
2217.0000 2191.2236 3.3852 34.9875
2219.0000 2193.1902 3.3834 34.9872
2221.0000 2195.1570 3.3813 34.9871
2223.0000 2197.1235 3.3699 34.9860
2225.0000 2199.0898 3.3723 34.9865
2227.0000 2201.0564 3.3695 34.9858
2229.0000 2203.0225 3.3638 34.9857
2231.0000 2204.9888 3.3631 34.9857
2233.0000 2206.9553 3.3626 34.9857
2235.0000 2208.9216 3.3620 34.9855
2237.0000 2210.8882 3.3634 34.9856
2239.0000 2212.8542 3.3558 34.9846
2241.0000 2214.8208 3.3434 34.9840
2243.0000 2216.7871 3.3424 34.9839
2245.0000 2218.7532 3.3419 34.9838
2247.0000 2220.7195 3.3425 34.9839
2249.0000 2222.6858 3.3424 34.9840
2251.0000 2224.6521 3.3420 34.9839
2253.0000 2226.6182 3.3427 34.9838
2255.0000 2228.5842 3.3421 34.9839
2257.0000 2230.5505 3.3421 34.9840
2259.0000 2232.5164 3.3405 34.9837
2261.0000 2234.4827 3.3347 34.9833
2263.0000 2236.4487 3.3344 34.9832
2265.0000 2238.4146 3.3396 34.9833
2267.0000 2240.3809 3.3272 34.9825
2269.0000 2242.3472 3.3208 34.9819
2271.0000 2244.3132 3.3149 34.9813
2273.0000 2246.2791 3.3104 34.9812
2275.0000 2248.2449 3.3102 34.9811
2277.0000 2250.2112 3.3055 34.9807
2279.0000 2252.1770 3.3019 34.9804
2281.0000 2254.1426 3.2978 34.9801
2283.0000 2256.1089 3.2964 34.9800
2285.0000 2258.0747 3.2942 34.9798
2287.0000 2260.0405 3.2927 34.9798
2289.0000 2262.0066 3.2913 34.9796
2291.0000 2263.9724 3.2909 34.9796
2293.0000 2265.9380 3.2876 34.9793
2295.0000 2267.9041 3.2849 34.9792
2297.0000 2269.8699 3.2833 34.9789
2299.0000 2271.8357 3.2810 34.9787
2301.0000 2273.8013 3.2785 34.9785
2303.0000 2275.7673 3.2767 34.9785
2305.0000 2277.7329 3.2755 34.9783
2307.0000 2279.6982 3.2754 34.9782
2309.0000 2281.6641 3.2779 34.9782
2311.0000 2283.6299 3.2640 34.9773
2313.0000 2285.5955 3.2611 34.9772
2315.0000 2287.5610 3.2586 34.9767
2317.0000 2289.5266 3.2547 34.9765
2319.0000 2291.4924 3.2505 34.9760
2321.0000 2293.4578 3.2470 34.9759
2323.0000 2295.4236 3.2442 34.9756
2325.0000 2297.3889 3.2388 34.9751
2327.0000 2299.3545 3.2341 34.9748
2329.0000 2301.3201 3.2288 34.9744
2331.0000 2303.2856 3.2262 34.9742
2333.0000 2305.2512 3.2254 34.9742
2335.0000 2307.2166 3.2258 34.9740
2337.0000 2309.1819 3.2167 34.9734
2339.0000 2311.1475 3.2141 34.9733
2341.0000 2313.1128 3.2130 34.9732
2343.0000 2315.0781 3.2123 34.9731
2345.0000 2317.0435 3.2118 34.9731
2347.0000 2319.0088 3.2096 34.9728
2349.0000 2320.9741 3.2096 34.9729
2351.0000 2322.9392 3.2091 34.9729
2353.0000 2324.9048 3.2095 34.9728
2355.0000 2326.8699 3.2088 34.9727
2357.0000 2328.8352 3.2071 34.9728
2359.0000 2330.8003 3.2073 34.9727
2361.0000 2332.7656 3.2074 34.9726
2363.0000 2334.7307 3.2056 34.9725
2365.0000 2336.6960 3.2076 34.9726
2367.0000 2338.6614 3.2018 34.9720
2369.0000 2340.6262 3.1898 34.9708
2371.0000 2342.5913 3.1818 34.9704
2373.0000 2344.5566 3.1791 34.9701
2375.0000 2346.5217 3.1894 34.9710
2377.0000 2348.4868 3.1843 34.9702
2379.0000 2350.4519 3.1779 34.9702
2381.0000 2352.4170 3.1770 34.9700
2383.0000 2354.3818 3.1759 34.9699
2385.0000 2356.3469 3.1739 34.9698
2387.0000 2358.3120 3.1736 34.9698
2389.0000 2360.2769 3.1716 34.9696
2391.0000 2362.2419 3.1698 34.9694
2393.0000 2364.2068 3.1671 34.9691
2395.0000 2366.1719 3.1645 34.9689
2397.0000 2368.1365 3.1643 34.9691
2399.0000 2370.1016 3.1642 34.9689
2401.0000 2372.0664 3.1631 34.9688
2403.0000 2374.0310 3.1626 34.9687
2405.0000 2375.9958 3.1594 34.9684
2407.0000 2377.9607 3.1552 34.9681
2409.0000 2379.9255 3.1531 34.9680
2411.0000 2381.8901 3.1509 34.9678
2413.0000 2383.8550 3.1500 34.9677
2415.0000 2385.8198 3.1483 34.9675
2417.0000 2387.7844 3.1494 34.9676
2419.0000 2389.7495 3.1423 34.9668
2421.0000 2391.7141 3.1358 34.9664
2423.0000 2393.6787 3.1347 34.9663
2425.0000 2395.6433 3.1337 34.9663
2427.0000 2397.6079 3.1325 34.9662
2429.0000 2399.5728 3.1293 34.9659
2431.0000 2401.5371 3.1281 34.9659
2433.0000 2403.5017 3.1273 34.9657
2435.0000 2405.4663 3.1276 34.9658
2437.0000 2407.4309 3.1259 34.9657
2439.0000 2409.3953 3.1236 34.9655
2441.0000 2411.3596 3.1192 34.9650
2443.0000 2413.3245 3.1150 34.9647
2445.0000 2415.2886 3.1141 34.9647
2447.0000 2417.2529 3.1119 34.9642
2449.0000 2419.2178 3.1066 34.9642
2451.0000 2421.1819 3.1048 34.9638
2453.0000 2423.1462 3.1056 34.9637
2455.0000 2425.1108 3.1014 34.9636
2457.0000 2427.0754 3.1008 34.9637
2459.0000 2429.0393 3.1003 34.9635
2461.0000 2431.0039 3.0998 34.9634
2463.0000 2432.9683 3.0980 34.9633
2465.0000 2434.9324 3.0946 34.9630
2467.0000 2436.8965 3.0934 34.9629
2469.0000 2438.8611 3.0941 34.9627
2471.0000 2440.8252 3.0862 34.9621
2473.0000 2442.7893 3.0771 34.9615
2475.0000 2444.7534 3.0727 34.9615
2477.0000 2446.7178 3.0742 34.9613
2479.0000 2448.6816 3.0714 34.9611
2481.0000 2450.6460 3.0700 34.9610
2483.0000 2452.6104 3.0677 34.9608
2485.0000 2454.5745 3.0699 34.9609
2487.0000 2456.5383 3.0625 34.9603
2489.0000 2458.5024 3.0591 34.9601
2491.0000 2460.4666 3.0560 34.9598
2493.0000 2462.4304 3.0544 34.9597
2495.0000 2464.3945 3.0538 34.9596
2497.0000 2466.3584 3.0518 34.9596
2499.0000 2468.3225 3.0499 34.9595
2501.0000 2470.2864 3.0485 34.9592
2503.0000 2472.2505 3.0477 34.9591
2505.0000 2474.2146 3.0465 34.9591
2507.0000 2476.1782 3.0464 34.9592
2509.0000 2478.1421 3.0457 34.9590
2511.0000 2480.1060 3.0455 34.9590
2513.0000 2482.0701 3.0450 34.9589
2515.0000 2484.0337 3.0427 34.9588
2517.0000 2485.9973 3.0419 34.9586
2519.0000 2487.9612 3.0418 34.9587
2521.0000 2489.9250 3.0417 34.9586
2523.0000 2491.8889 3.0418 34.9586
2525.0000 2493.8525 3.0401 34.9584
2527.0000 2495.8162 3.0377 34.9582
2529.0000 2497.7800 3.0364 34.9582
2531.0000 2499.7437 3.0360 34.9580
2533.0000 2501.7075 3.0355 34.9581
2535.0000 2503.6711 3.0338 34.9579
2537.0000 2505.6348 3.0319 34.9576
2539.0000 2507.5984 3.0297 34.9575
2541.0000 2509.5618 3.0284 34.9574
2543.0000 2511.5254 3.0269 34.9573
2545.0000 2513.4890 3.0296 34.9574
2547.0000 2515.4526 3.0270 34.9573
2549.0000 2517.4163 3.0270 34.9573
2551.0000 2519.3799 3.0268 34.9572
2553.0000 2521.3433 3.0262 34.9571
2555.0000 2523.3066 3.0259 34.9571
2557.0000 2525.2700 3.0268 34.9570
2559.0000 2527.2334 3.0248 34.9570
2561.0000 2529.1970 3.0236 34.9569
2563.0000 2531.1604 3.0207 34.9566
2565.0000 2533.1238 3.0181 34.9564
2567.0000 2535.0872 3.0169 34.9563
2569.0000 2537.0503 3.0144 34.9561
2571.0000 2539.0137 3.0141 34.9561
2573.0000 2540.9771 3.0142 34.9561
2575.0000 2542.9407 3.0147 34.9561
2577.0000 2544.9036 3.0142 34.9560
2579.0000 2546.8669 3.0128 34.9559
2581.0000 2548.8303 3.0099 34.9556
2583.0000 2550.7932 3.0071 34.9554
2585.0000 2552.7568 3.0051 34.9552
2587.0000 2554.7200 3.0045 34.9552
2589.0000 2556.6829 3.0046 34.9552
2591.0000 2558.6460 3.0047 34.9552
2593.0000 2560.6094 3.0046 34.9552
2595.0000 2562.5725 3.0049 34.9552
2597.0000 2564.5356 3.0049 34.9552
2599.0000 2566.4985 3.0037 34.9550
2601.0000 2568.4619 3.0025 34.9549
2603.0000 2570.4246 3.0014 34.9549
2605.0000 2572.3875 3.0013 34.9548
2607.0000 2574.3508 3.0011 34.9548
2609.0000 2576.3140 3.0011 34.9548
2611.0000 2578.2766 3.0010 34.9548
2613.0000 2580.2395 2.9997 34.9545
2615.0000 2582.2029 2.9933 34.9540
2617.0000 2584.1655 2.9903 34.9538
2619.0000 2586.1284 2.9887 34.9537
2621.0000 2588.0913 2.9914 34.9538
2623.0000 2590.0542 2.9913 34.9537
2625.0000 2592.0171 2.9862 34.9536
2627.0000 2593.9800 2.9866 34.9535
2629.0000 2595.9429 2.9865 34.9535
2631.0000 2597.9055 2.9884 34.9535
2633.0000 2599.8682 2.9870 34.9534
2635.0000 2601.8313 2.9851 34.9533
2637.0000 2603.7939 2.9844 34.9531
2639.0000 2605.7566 2.9793 34.9527
2641.0000 2607.7190 2.9742 34.9524
2643.0000 2609.6821 2.9733 34.9523
2645.0000 2611.6445 2.9732 34.9522
2647.0000 2613.6074 2.9724 34.9521
2649.0000 2615.5698 2.9706 34.9520
2651.0000 2617.5327 2.9685 34.9519
2653.0000 2619.4951 2.9656 34.9516
2655.0000 2621.4578 2.9625 34.9513
2657.0000 2623.4204 2.9607 34.9512
2659.0000 2625.3828 2.9595 34.9511
2661.0000 2627.3455 2.9589 34.9511
2663.0000 2629.3079 2.9568 34.9508
2665.0000 2631.2703 2.9549 34.9508
2667.0000 2633.2329 2.9562 34.9509
2669.0000 2635.1953 2.9525 34.9506
2671.0000 2637.1577 2.9523 34.9506
2673.0000 2639.1201 2.9524 34.9506
2675.0000 2641.0825 2.9512 34.9505
2677.0000 2643.0452 2.9503 34.9504
2679.0000 2645.0073 2.9501 34.9504
2681.0000 2646.9697 2.9496 34.9503
2683.0000 2648.9321 2.9484 34.9501
2685.0000 2650.8945 2.9420 34.9495
2687.0000 2652.8564 2.9392 34.9492
2689.0000 2654.8191 2.9388 34.9493
2691.0000 2656.7812 2.9373 34.9493
2693.0000 2658.7432 2.9363 34.9492
2695.0000 2660.7056 2.9361 34.9492
2697.0000 2662.6680 2.9361 34.9490
2699.0000 2664.6304 2.9363 34.9490
2701.0000 2666.5923 2.9339 34.9488
2703.0000 2668.5544 2.9315 34.9486
2705.0000 2670.5166 2.9316 34.9486
2707.0000 2672.4785 2.9301 34.9485
2709.0000 2674.4407 2.9273 34.9482
2711.0000 2676.4031 2.9233 34.9480
2713.0000 2678.3647 2.9227 34.9479
2715.0000 2680.3269 2.9224 34.9479
2717.0000 2682.2893 2.9220 34.9479
2719.0000 2684.2512 2.9215 34.9478
2721.0000 2686.2129 2.9200 34.9477
2723.0000 2688.1748 2.9194 34.9478
2725.0000 2690.1372 2.9192 34.9476
2727.0000 2692.0989 2.9183 34.9475
2729.0000 2694.0608 2.9190 34.9475
2731.0000 2696.0229 2.9158 34.9472
2733.0000 2697.9849 2.9132 34.9470
2735.0000 2699.9463 2.9119 34.9469
2737.0000 2701.9084 2.9099 34.9467
2739.0000 2703.8704 2.9124 34.9469
2741.0000 2705.8318 2.9093 34.9464
2743.0000 2707.7939 2.9049 34.9463
2745.0000 2709.7556 2.9037 34.9461
2747.0000 2711.7175 2.9027 34.9460
2749.0000 2713.6792 2.9028 34.9462
2751.0000 2715.6409 2.9033 34.9462
2753.0000 2717.6025 2.9030 34.9462
2755.0000 2719.5642 2.9029 34.9460
2757.0000 2721.5259 2.9036 34.9460
2759.0000 2723.4875 2.9022 34.9460
2761.0000 2725.4495 2.9009 34.9459
2763.0000 2727.4109 2.9000 34.9459
2765.0000 2729.3723 2.8997 34.9458
2767.0000 2731.3342 2.8979 34.9456
2769.0000 2733.2957 2.9000 34.9456
2771.0000 2735.2571 2.8964 34.9455
2773.0000 2737.2188 2.8949 34.9453
2775.0000 2739.1802 2.8944 34.9453
2777.0000 2741.1416 2.8940 34.9453
2779.0000 2743.1033 2.8941 34.9452
2781.0000 2745.0647 2.8941 34.9453
2783.0000 2747.0259 2.8943 34.9452
2785.0000 2748.9875 2.8944 34.9453
2787.0000 2750.9490 2.8941 34.9452
2789.0000 2752.9104 2.8913 34.9450
2791.0000 2754.8716 2.8915 34.9449
2793.0000 2756.8330 2.8906 34.9447
2795.0000 2758.7944 2.8840 34.9443
2797.0000 2760.7556 2.8822 34.9441
2799.0000 2762.7168 2.8794 34.9439
2801.0000 2764.6785 2.8779 34.9437
2803.0000 2766.6394 2.8761 34.9435
2805.0000 2768.6008 2.8750 34.9435
2807.0000 2770.5620 2.8719 34.9432
2809.0000 2772.5234 2.8709 34.9432
2811.0000 2774.4844 2.8703 34.9431
2813.0000 2776.4456 2.8723 34.9431
2815.0000 2778.4067 2.8701 34.9430
2817.0000 2780.3679 2.8695 34.9431
2819.0000 2782.3289 2.8695 34.9432
2821.0000 2784.2903 2.8694 34.9431
2823.0000 2786.2512 2.8693 34.9429
2825.0000 2788.2122 2.8685 34.9428
2827.0000 2790.1733 2.8650 34.9426
2829.0000 2792.1343 2.8636 34.9424
2831.0000 2794.0955 2.8648 34.9424
2833.0000 2796.0564 2.8630 34.9424
2835.0000 2798.0173 2.8628 34.9424
2837.0000 2799.9785 2.8618 34.9423
2839.0000 2801.9392 2.8611 34.9422
2841.0000 2803.9004 2.8627 34.9422
2843.0000 2805.8613 2.8610 34.9422
2845.0000 2807.8220 2.8603 34.9421
2847.0000 2809.7830 2.8583 34.9419
2849.0000 2811.7437 2.8567 34.9417
2851.0000 2813.7046 2.8535 34.9415
2853.0000 2815.6653 2.8515 34.9413
2855.0000 2817.6265 2.8502 34.9412
2857.0000 2819.5872 2.8489 34.9410
2859.0000 2821.5476 2.8479 34.9410
2861.0000 2823.5088 2.8471 34.9409
2863.0000 2825.4692 2.8459 34.9408
2865.0000 2827.4299 2.8410 34.9404
2867.0000 2829.3906 2.8431 34.9406
2869.0000 2831.3516 2.8367 34.9398
2871.0000 2833.3123 2.8337 34.9398
2873.0000 2835.2727 2.8334 34.9399
2875.0000 2837.2334 2.8317 34.9396
2877.0000 2839.1941 2.8303 34.9395
2879.0000 2841.1543 2.8294 34.9394
2881.0000 2843.1150 2.8283 34.9393
2883.0000 2845.0757 2.8250 34.9391
2885.0000 2847.0361 2.8249 34.9391
2887.0000 2848.9968 2.8222 34.9388
2889.0000 2850.9573 2.8204 34.9388
2891.0000 2852.9180 2.8199 34.9386
2893.0000 2854.8779 2.8156 34.9382
2895.0000 2856.8384 2.8148 34.9382
2897.0000 2858.7991 2.8181 34.9384
2899.0000 2860.7595 2.8152 34.9383
2901.0000 2862.7197 2.8150 34.9383
2903.0000 2864.6802 2.8146 34.9382
2905.0000 2866.6406 2.8142 34.9381
2907.0000 2868.6008 2.8137 34.9381
2909.0000 2870.5613 2.8133 34.9380
2911.0000 2872.5217 2.8134 34.9380
2913.0000 2874.4819 2.8131 34.9380
2915.0000 2876.4421 2.8128 34.9380
2917.0000 2878.4026 2.8117 34.9378
2919.0000 2880.3625 2.8100 34.9377
2921.0000 2882.3228 2.8085 34.9375
2923.0000 2884.2832 2.8095 34.9375
2925.0000 2886.2437 2.8047 34.9372
2927.0000 2888.2034 2.8041 34.9372
2929.0000 2890.1636 2.8029 34.9370
2931.0000 2892.1235 2.8002 34.9368
2933.0000 2894.0842 2.7996 34.9367
2935.0000 2896.0439 2.7998 34.9367
2937.0000 2898.0042 2.8003 34.9367
2939.0000 2899.9641 2.7990 34.9367
2941.0000 2901.9241 2.7994 34.9368
2943.0000 2903.8840 2.7993 34.9367
2945.0000 2905.8442 2.7994 34.9367
2947.0000 2907.8042 2.7996 34.9367
2949.0000 2909.7642 2.7998 34.9367
2951.0000 2911.7239 2.8000 34.9366
2953.0000 2913.6843 2.7990 34.9365
2955.0000 2915.6438 2.7971 34.9364
2957.0000 2917.6038 2.7972 34.9363
2959.0000 2919.5637 2.7972 34.9364
2961.0000 2921.5237 2.7971 34.9363
2963.0000 2923.4834 2.7968 34.9362
2965.0000 2925.4434 2.7961 34.9363
2967.0000 2927.4031 2.7950 34.9361
2969.0000 2929.3628 2.7934 34.9359
2971.0000 2931.3225 2.7928 34.9358
2973.0000 2933.2825 2.7908 34.9356
2975.0000 2935.2419 2.7864 34.9351
2977.0000 2937.2019 2.7809 34.9348
2979.0000 2939.1614 2.7783 34.9347
2981.0000 2941.1213 2.7768 34.9346
2983.0000 2943.0806 2.7761 34.9345
2985.0000 2945.0405 2.7756 34.9344
2987.0000 2947.0002 2.7759 34.9345
2989.0000 2948.9597 2.7746 34.9343
2991.0000 2950.9194 2.7747 34.9343
2993.0000 2952.8789 2.7753 34.9344
2995.0000 2954.8389 2.7733 34.9341
2997.0000 2956.7979 2.7684 34.9339
2999.0000 2958.7578 2.7672 34.9338
3001.0000 2960.7173 2.7713 34.9339
3003.0000 2962.6765 2.7675 34.9337
3005.0000 2964.6360 2.7629 34.9333
3007.0000 2966.5957 2.7614 34.9331
3009.0000 2968.5552 2.7601 34.9330
3011.0000 2970.5144 2.7599 34.9331
3013.0000 2972.4741 2.7597 34.9331
3015.0000 2974.4333 2.7595 34.9330
3017.0000 2976.3926 2.7592 34.9329
3019.0000 2978.3518 2.7603 34.9329
3021.0000 2980.3115 2.7602 34.9329
3023.0000 2982.2710 2.7570 34.9327
3025.0000 2984.2297 2.7534 34.9324
3027.0000 2986.1892 2.7525 34.9324
3029.0000 2988.1484 2.7501 34.9321
3031.0000 2990.1077 2.7466 34.9318
3033.0000 2992.0669 2.7505 34.9320
3035.0000 2994.0261 2.7381 34.9312
3037.0000 2995.9854 2.7367 34.9311
3039.0000 2997.9443 2.7358 34.9309
3041.0000 2999.9038 2.7348 34.9308
3043.0000 3001.8628 2.7365 34.9309
3045.0000 3003.8220 2.7342 34.9307
3047.0000 3005.7812 2.7306 34.9304
3049.0000 3007.7402 2.7288 34.9304
3051.0000 3009.6990 2.7270 34.9302
3053.0000 3011.6582 2.7248 34.9301
3055.0000 3013.6172 2.7252 34.9300
3057.0000 3015.5764 2.7231 34.9299
3059.0000 3017.5352 2.7200 34.9296
3061.0000 3019.4944 2.7173 34.9294
3063.0000 3021.4534 2.7163 34.9293
3065.0000 3023.4121 2.7155 34.9293
3067.0000 3025.3711 2.7145 34.9292
3069.0000 3027.3301 2.7129 34.9291
3071.0000 3029.2893 2.7118 34.9289
3073.0000 3031.2478 2.7111 34.9289
3075.0000 3033.2068 2.7095 34.9287
3077.0000 3035.1658 2.7072 34.9285
3079.0000 3037.1243 2.7057 34.9284
3081.0000 3039.0833 2.7052 34.9284
3083.0000 3041.0422 2.7044 34.9284
3085.0000 3043.0007 2.7030 34.9281
3087.0000 3044.9595 2.7025 34.9281
3089.0000 3046.9182 2.7035 34.9280
3091.0000 3048.8772 2.6965 34.9274
3093.0000 3050.8357 2.6944 34.9274
3095.0000 3052.7942 2.6946 34.9275
3097.0000 3054.7529 2.6938 34.9273
3099.0000 3056.7119 2.6926 34.9272
3101.0000 3058.6702 2.6921 34.9270
3103.0000 3060.6289 2.6880 34.9268
3105.0000 3062.5876 2.6837 34.9264
3107.0000 3064.5459 2.6794 34.9262
3109.0000 3066.5046 2.6785 34.9260
3111.0000 3068.4634 2.6756 34.9258
3113.0000 3070.4214 2.6756 34.9259
3115.0000 3072.3804 2.6756 34.9259
3117.0000 3074.3386 2.6764 34.9258
3119.0000 3076.2971 2.6700 34.9254
3121.0000 3078.2556 2.6677 34.9251
3123.0000 3080.2139 2.6663 34.9251
3125.0000 3082.1724 2.6655 34.9250
3127.0000 3084.1309 2.6654 34.9249
3129.0000 3086.0891 2.6649 34.9249
3131.0000 3088.0476 2.6648 34.9249
3133.0000 3090.0061 2.6648 34.9250
3135.0000 3091.9641 2.6651 34.9249
3137.0000 3093.9226 2.6653 34.9250
3139.0000 3095.8809 2.6654 34.9249
3141.0000 3097.8394 2.6646 34.9248
3143.0000 3099.7974 2.6643 34.9247
3145.0000 3101.7559 2.6639 34.9247
3147.0000 3103.7141 2.6625 34.9245
3149.0000 3105.6721 2.6608 34.9245
3151.0000 3107.6304 2.6614 34.9243
3153.0000 3109.5889 2.6599 34.9242
3155.0000 3111.5464 2.6556 34.9238
3157.0000 3113.5049 2.6545 34.9239
3159.0000 3115.4629 2.6571 34.9239
3161.0000 3117.4209 2.6559 34.9238
3163.0000 3119.3792 2.6515 34.9236
3165.0000 3121.3372 2.6506 34.9236
3167.0000 3123.2952 2.6506 34.9235
3169.0000 3125.2529 2.6528 34.9236
3171.0000 3127.2112 2.6549 34.9236
3173.0000 3129.1694 2.6494 34.9234
3175.0000 3131.1270 2.6482 34.9232
3177.0000 3133.0852 2.6447 34.9229
3179.0000 3135.0432 2.6430 34.9229
3181.0000 3137.0010 2.6423 34.9226
3183.0000 3138.9587 2.6422 34.9227
3185.0000 3140.9170 2.6418 34.9227
3187.0000 3142.8750 2.6420 34.9228
3189.0000 3144.8323 2.6416 34.9227
3191.0000 3146.7903 2.6394 34.9224
3193.0000 3148.7483 2.6384 34.9223
3195.0000 3150.7061 2.6365 34.9221
3197.0000 3152.6638 2.6366 34.9223
3199.0000 3154.6216 2.6368 34.9222
3201.0000 3156.5796 2.6353 34.9221
3203.0000 3158.5369 2.6363 34.9220
3205.0000 3160.4949 2.6347 34.9220
3207.0000 3162.4526 2.6348 34.9220
3209.0000 3164.4106 2.6349 34.9219
3211.0000 3166.3677 2.6349 34.9220
3213.0000 3168.3254 2.6362 34.9219
3215.0000 3170.2832 2.6355 34.9219
3217.0000 3172.2407 2.6327 34.9217
3219.0000 3174.1982 2.6311 34.9216
3221.0000 3176.1560 2.6294 34.9214
3223.0000 3178.1138 2.6272 34.9213
3225.0000 3180.0710 2.6246 34.9210
3227.0000 3182.0283 2.6231 34.9208
3229.0000 3183.9861 2.6198 34.9206
3231.0000 3185.9436 2.6184 34.9206
3233.0000 3187.9011 2.6159 34.9203
3235.0000 3189.8584 2.6140 34.9201
3237.0000 3191.8157 2.6131 34.9201
3239.0000 3193.7732 2.6123 34.9199
3241.0000 3195.7307 2.6100 34.9198
3243.0000 3197.6880 2.6091 34.9197
3245.0000 3199.6453 2.6073 34.9196
3247.0000 3201.6028 2.6059 34.9195
3249.0000 3203.5603 2.6044 34.9194
3251.0000 3205.5171 2.6029 34.9191
3253.0000 3207.4746 2.6003 34.9190
3255.0000 3209.4321 2.5998 34.9189
3257.0000 3211.3894 2.6003 34.9190
3259.0000 3213.3464 2.5996 34.9189
3261.0000 3215.3035 2.5983 34.9188
3263.0000 3217.2610 2.5987 34.9189
3265.0000 3219.2178 2.5991 34.9189
3267.0000 3221.1753 2.5997 34.9189
3269.0000 3223.1326 2.5986 34.9188
3271.0000 3225.0896 2.5982 34.9187
3273.0000 3227.0464 2.5974 34.9186
3275.0000 3229.0039 2.5962 34.9185
3277.0000 3230.9609 2.5953 34.9184
3279.0000 3232.9180 2.5943 34.9183
3281.0000 3234.8750 2.5927 34.9182
3283.0000 3236.8320 2.5922 34.9181
3285.0000 3238.7891 2.5922 34.9182
3287.0000 3240.7458 2.5926 34.9181
3289.0000 3242.7031 2.5927 34.9180
3291.0000 3244.6599 2.5912 34.9180
3293.0000 3246.6167 2.5902 34.9179
3295.0000 3248.5737 2.5902 34.9180
3297.0000 3250.5308 2.5900 34.9178
3299.0000 3252.4875 2.5915 34.9178
3301.0000 3254.4443 2.5876 34.9176
3303.0000 3256.4014 2.5814 34.9169
3305.0000 3258.3584 2.5742 34.9165
3307.0000 3260.3149 2.5732 34.9164
3309.0000 3262.2720 2.5722 34.9163
3311.0000 3264.2288 2.5759 34.9164
3313.0000 3266.1853 2.5704 34.9162
3315.0000 3268.1418 2.5692 34.9162
3317.0000 3270.0989 2.5691 34.9162
3319.0000 3272.0557 2.5689 34.9160
3321.0000 3274.0122 2.5691 34.9160
3323.0000 3275.9690 2.5692 34.9161
3325.0000 3277.9255 2.5685 34.9161
3327.0000 3279.8821 2.5671 34.9158
3329.0000 3281.8389 2.5656 34.9157
3331.0000 3283.7957 2.5656 34.9158
3333.0000 3285.7522 2.5648 34.9155
3335.0000 3287.7087 2.5659 34.9156
3337.0000 3289.6650 2.5641 34.9153
3339.0000 3291.6218 2.5616 34.9153
3341.0000 3293.5781 2.5599 34.9152
3343.0000 3295.5347 2.5595 34.9152
3345.0000 3297.4915 2.5594 34.9151
3347.0000 3299.4480 2.5592 34.9151
3349.0000 3301.4043 2.5590 34.9151
3351.0000 3303.3606 2.5595 34.9150
3353.0000 3305.3171 2.5600 34.9151
3355.0000 3307.2732 2.5602 34.9151
3357.0000 3309.2297 2.5603 34.9152
3359.0000 3311.1863 2.5602 34.9151
3361.0000 3313.1428 2.5599 34.9150
3363.0000 3315.0989 2.5589 34.9148
3365.0000 3317.0554 2.5573 34.9148
3367.0000 3319.0115 2.5567 34.9148
3369.0000 3320.9675 2.5559 34.9146
3371.0000 3322.9241 2.5548 34.9145
3373.0000 3324.8804 2.5540 34.9145
3375.0000 3326.8364 2.5535 34.9144
3377.0000 3328.7927 2.5527 34.9143
3379.0000 3330.7490 2.5532 34.9142
3381.0000 3332.7053 2.5510 34.9142
3383.0000 3334.6611 2.5504 34.9141
3385.0000 3336.6174 2.5494 34.9139
3387.0000 3338.5735 2.5499 34.9139
3389.0000 3340.5293 2.5494 34.9140
3391.0000 3342.4856 2.5488 34.9139
3393.0000 3344.4417 2.5484 34.9138
3395.0000 3346.3979 2.5482 34.9138
3397.0000 3348.3540 2.5478 34.9138
3399.0000 3350.3098 2.5470 34.9137
3401.0000 3352.2661 2.5474 34.9136
3403.0000 3354.2217 2.5465 34.9138
3405.0000 3356.1775 2.5463 34.9136
3407.0000 3358.1338 2.5458 34.9135
3409.0000 3360.0896 2.5424 34.9133
3411.0000 3362.0452 2.5450 34.9132
3413.0000 3364.0015 2.5394 34.9129
3415.0000 3365.9575 2.5347 34.9125
3417.0000 3367.9128 2.5337 34.9125
3419.0000 3369.8691 2.5317 34.9123
3421.0000 3371.8252 2.5311 34.9122
3423.0000 3373.7810 2.5311 34.9122
3425.0000 3375.7366 2.5310 34.9122
3427.0000 3377.6924 2.5312 34.9123
3429.0000 3379.6479 2.5313 34.9122
3431.0000 3381.6033 2.5315 34.9122
3433.0000 3383.5593 2.5315 34.9122
3435.0000 3385.5151 2.5310 34.9121
3437.0000 3387.4707 2.5289 34.9119
3439.0000 3389.4265 2.5277 34.9119
3441.0000 3391.3821 2.5273 34.9119
3443.0000 3393.3379 2.5270 34.9118
3445.0000 3395.2935 2.5268 34.9117
3447.0000 3397.2488 2.5266 34.9117
3449.0000 3399.2046 2.5269 34.9118
3451.0000 3401.1602 2.5274 34.9117
3453.0000 3403.1157 2.5277 34.9118
3455.0000 3405.0715 2.5279 34.9118
3457.0000 3407.0271 2.5253 34.9113
3459.0000 3408.9822 2.5219 34.9112
3461.0000 3410.9380 2.5191 34.9109
3463.0000 3412.8933 2.5164 34.9107
3465.0000 3414.8486 2.5151 34.9106
3467.0000 3416.8040 2.5106 34.9102
3469.0000 3418.7595 2.5086 34.9101
3471.0000 3420.7148 2.5082 34.9100
3473.0000 3422.6699 2.5074 34.9099
3475.0000 3424.6255 2.5064 34.9099
3477.0000 3426.5808 2.5064 34.9099
3479.0000 3428.5361 2.5062 34.9099
3481.0000 3430.4915 2.5054 34.9098
3483.0000 3432.4470 2.5051 34.9097
3485.0000 3434.4021 2.5040 34.9095
3487.0000 3436.3572 2.5027 34.9095
3489.0000 3438.3125 2.5029 34.9095
3491.0000 3440.2676 2.5032 34.9095
3493.0000 3442.2227 2.5030 34.9096
3495.0000 3444.1782 2.5027 34.9094
3497.0000 3446.1333 2.5009 34.9093
3499.0000 3448.0884 2.4996 34.9091
3501.0000 3450.0432 2.4991 34.9091
3503.0000 3451.9988 2.4982 34.9089
3505.0000 3453.9539 2.4958 34.9087
3507.0000 3455.9084 2.4936 34.9086
3509.0000 3457.8640 2.4913 34.9083
3511.0000 3459.8191 2.4876 34.9080
3513.0000 3461.7737 2.4817 34.9075
3515.0000 3463.7288 2.4783 34.9072
3517.0000 3465.6838 2.4771 34.9073
3519.0000 3467.6387 2.4764 34.9072
3521.0000 3469.5940 2.4755 34.9071
3523.0000 3471.5488 2.4744 34.9071
3525.0000 3473.5034 2.4739 34.9070
3527.0000 3475.4583 2.4699 34.9066
3529.0000 3477.4133 2.4688 34.9065
3531.0000 3479.3684 2.4675 34.9064
3533.0000 3481.3232 2.4673 34.9064
3535.0000 3483.2781 2.4671 34.9064
3537.0000 3485.2327 2.4658 34.9062
3539.0000 3487.1877 2.4651 34.9061
3541.0000 3489.1423 2.4629 34.9060
3543.0000 3491.0969 2.4604 34.9058
3545.0000 3493.0520 2.4598 34.9057
3547.0000 3495.0071 2.4598 34.9056
3549.0000 3496.9612 2.4597 34.9056
3551.0000 3498.9163 2.4587 34.9055
3553.0000 3500.8708 2.4567 34.9054
3555.0000 3502.8252 2.4561 34.9052
3557.0000 3504.7803 2.4550 34.9053
3559.0000 3506.7349 2.4550 34.9053
3561.0000 3508.6892 2.4547 34.9052
3563.0000 3510.6438 2.4536 34.9051
3565.0000 3512.5984 2.4518 34.9049
3567.0000 3514.5530 2.4498 34.9048
3569.0000 3516.5073 2.4491 34.9047
3571.0000 3518.4619 2.4482 34.9047
3573.0000 3520.4165 2.4462 34.9044
3575.0000 3522.3708 2.4461 34.9044
3577.0000 3524.3254 2.4443 34.9043
3579.0000 3526.2800 2.4444 34.9044
3581.0000 3528.2341 2.4441 34.9043
3583.0000 3530.1885 2.4437 34.9041
3585.0000 3532.1431 2.4426 34.9040
3587.0000 3534.0977 2.4410 34.9039
3589.0000 3536.0520 2.4376 34.9036
3591.0000 3538.0061 2.4369 34.9036
3593.0000 3539.9607 2.4365 34.9035
3595.0000 3541.9150 2.4366 34.9035
3597.0000 3543.8691 2.4363 34.9034
3599.0000 3545.8235 2.4362 34.9034
3601.0000 3547.7776 2.4356 34.9034
3603.0000 3549.7319 2.4335 34.9032
3605.0000 3551.6860 2.4306 34.9029
3607.0000 3553.6401 2.4279 34.9026
3609.0000 3555.5945 2.4262 34.9025
3611.0000 3557.5486 2.4257 34.9025
3613.0000 3559.5029 2.4251 34.9025
3615.0000 3561.4570 2.4250 34.9023
3617.0000 3563.4109 2.4251 34.9022
3619.0000 3565.3652 2.4227 34.9022
3621.0000 3567.3193 2.4205 34.9019
3623.0000 3569.2734 2.4188 34.9018
3625.0000 3571.2273 2.4172 34.9016
3627.0000 3573.1816 2.4166 34.9015
3629.0000 3575.1353 2.4159 34.9015
3631.0000 3577.0896 2.4156 34.9013
3633.0000 3579.0435 2.4165 34.9014
3635.0000 3580.9976 2.4147 34.9014
3637.0000 3582.9514 2.4141 34.9014
3639.0000 3584.9053 2.4136 34.9012
3641.0000 3586.8594 2.4119 34.9009
3643.0000 3588.8132 2.4094 34.9007
3645.0000 3590.7666 2.4091 34.9007
3647.0000 3592.7207 2.4097 34.9006
3649.0000 3594.6750 2.4094 34.9008
3651.0000 3596.6284 2.4096 34.9007
3653.0000 3598.5823 2.4083 34.9006
3655.0000 3600.5359 2.4069 34.9005
3657.0000 3602.4902 2.4060 34.9003
3659.0000 3604.4436 2.4074 34.9003
3661.0000 3606.3975 2.4046 34.9001
3663.0000 3608.3511 2.4017 34.8999
3665.0000 3610.3044 2.4017 34.9000
3667.0000 3612.2583 2.4018 34.9000
3669.0000 3614.2122 2.4020 34.9000
3671.0000 3616.1658 2.4019 34.9000
3673.0000 3618.1194 2.4020 34.8997
3675.0000 3620.0730 2.4019 34.8998
3677.0000 3622.0269 2.4015 34.8998
3679.0000 3623.9802 2.4010 34.8998
3681.0000 3625.9336 2.4010 34.8997
3683.0000 3627.8875 2.4013 34.8998
3685.0000 3629.8408 2.4011 34.8996
3687.0000 3631.7942 2.4011 34.8996
3689.0000 3633.7476 2.3999 34.8995
3691.0000 3635.7017 2.3991 34.8994
3693.0000 3637.6548 2.3988 34.8993
3695.0000 3639.6082 2.3987 34.8993
3697.0000 3641.5618 2.3988 34.8993
3699.0000 3643.5149 2.3989 34.8993
3701.0000 3645.4683 2.3987 34.8992
3703.0000 3647.4221 2.3988 34.8992
3705.0000 3649.3755 2.3989 34.8993
3707.0000 3651.3284 2.3991 34.8993
3709.0000 3653.2817 2.3993 34.8992
3711.0000 3655.2351 2.3993 34.8992
3713.0000 3657.1880 2.3991 34.8993
3715.0000 3659.1418 2.3985 34.8991
3717.0000 3661.0952 2.3973 34.8990
3719.0000 3663.0481 2.3977 34.8989
3721.0000 3665.0012 2.3980 34.8991
3723.0000 3666.9546 2.3981 34.8991
3725.0000 3668.9080 2.3982 34.8989
3727.0000 3670.8608 2.3975 34.8988
3729.0000 3672.8142 2.3975 34.8989
3731.0000 3674.7671 2.3944 34.8986
3733.0000 3676.7205 2.3927 34.8985
3735.0000 3678.6736 2.3924 34.8984
3737.0000 3680.6265 2.3940 34.8984
3739.0000 3682.5798 2.3912 34.8983
3741.0000 3684.5325 2.3913 34.8984
3743.0000 3686.4854 2.3916 34.8984
3745.0000 3688.4387 2.3915 34.8983
3747.0000 3690.3921 2.3901 34.8983
3749.0000 3692.3447 2.3912 34.8981
3751.0000 3694.2976 2.3894 34.8980
3753.0000 3696.2505 2.3876 34.8981
3755.0000 3698.2036 2.3875 34.8981
3757.0000 3700.1565 2.3871 34.8979
3759.0000 3702.1094 2.3871 34.8980
3761.0000 3704.0620 2.3864 34.8978
3763.0000 3706.0149 2.3891 34.8979
3765.0000 3707.9678 2.3844 34.8976
3767.0000 3709.9209 2.3827 34.8975
3769.0000 3711.8733 2.3812 34.8974
3771.0000 3713.8259 2.3801 34.8973
3773.0000 3715.7793 2.3791 34.8972
3775.0000 3717.7314 2.3840 34.8974
3777.0000 3719.6843 2.3791 34.8970
3779.0000 3721.6370 2.3786 34.8971
3781.0000 3723.5901 2.3764 34.8969
3783.0000 3725.5425 2.3738 34.8966
3785.0000 3727.4954 2.3725 34.8966
3787.0000 3729.4478 2.3721 34.8965
3789.0000 3731.4004 2.3713 34.8963
3791.0000 3733.3530 2.3710 34.8964
3793.0000 3735.3059 2.3711 34.8964
3795.0000 3737.2583 2.3712 34.8964
3797.0000 3739.2109 2.3714 34.8964
3799.0000 3741.1636 2.3716 34.8964
3801.0000 3743.1160 2.3718 34.8965
3803.0000 3745.0681 2.3715 34.8964
3805.0000 3747.0210 2.3710 34.8964
3807.0000 3748.9736 2.3717 34.8962
3809.0000 3750.9260 2.3684 34.8960
3811.0000 3752.8779 2.3663 34.8959
3813.0000 3754.8308 2.3646 34.8957
3815.0000 3756.7832 2.3638 34.8957
3817.0000 3758.7351 2.3634 34.8956
3819.0000 3760.6875 2.3625 34.8954
3821.0000 3762.6406 2.3604 34.8952
3823.0000 3764.5923 2.3601 34.8952
3825.0000 3766.5447 2.3605 34.8952
3827.0000 3768.4973 2.3594 34.8950
3829.0000 3770.4497 2.3577 34.8950
3831.0000 3772.4016 2.3562 34.8948
3833.0000 3774.3538 2.3560 34.8947
3835.0000 3776.3062 2.3560 34.8947
3837.0000 3778.2583 2.3553 34.8946
3839.0000 3780.2104 2.3530 34.8944
3841.0000 3782.1628 2.3524 34.8944
3843.0000 3784.1150 2.3519 34.8943
3845.0000 3786.0669 2.3511 34.8942
3847.0000 3788.0188 2.3500 34.8941
3849.0000 3789.9714 2.3478 34.8939
3851.0000 3791.9231 2.3461 34.8937
3853.0000 3793.8752 2.3452 34.8936
3855.0000 3795.8276 2.3453 34.8937
3857.0000 3797.7798 2.3449 34.8936
3859.0000 3799.7317 2.3437 34.8934
3861.0000 3801.6836 2.3438 34.8933
3863.0000 3803.6357 2.3423 34.8933
3865.0000 3805.5874 2.3428 34.8934
3867.0000 3807.5396 2.3429 34.8933
3869.0000 3809.4917 2.3422 34.8933
3871.0000 3811.4434 2.3430 34.8932
3873.0000 3813.3950 2.3427 34.8931
3875.0000 3815.3472 2.3398 34.8929
3877.0000 3817.2993 2.3385 34.8928
3879.0000 3819.2507 2.3387 34.8929
3881.0000 3821.2026 2.3380 34.8928
3883.0000 3823.1545 2.3370 34.8927
3885.0000 3825.1064 2.3380 34.8926
3887.0000 3827.0583 2.3365 34.8926
3889.0000 3829.0100 2.3358 34.8925
3891.0000 3830.9617 2.3343 34.8924
3893.0000 3832.9133 2.3326 34.8921
3895.0000 3834.8650 2.3332 34.8921
3897.0000 3836.8167 2.3310 34.8920
3899.0000 3838.7686 2.3308 34.8920
3901.0000 3840.7202 2.3306 34.8919
3903.0000 3842.6719 2.3305 34.8919
3905.0000 3844.6235 2.3313 34.8919
3907.0000 3846.5747 2.3298 34.8918
3909.0000 3848.5264 2.3295 34.8918
3911.0000 3850.4785 2.3292 34.8918
3913.0000 3852.4294 2.3285 34.8917
3915.0000 3854.3816 2.3281 34.8916
3917.0000 3856.3328 2.3270 34.8915
3919.0000 3858.2844 2.3261 34.8914
3921.0000 3860.2358 2.3263 34.8914
3923.0000 3862.1875 2.3264 34.8914
3925.0000 3864.1387 2.3261 34.8914
3927.0000 3866.0901 2.3245 34.8912
3929.0000 3868.0417 2.3234 34.8911
3931.0000 3869.9929 2.3217 34.8910
3933.0000 3871.9446 2.3187 34.8906
3935.0000 3873.8955 2.3176 34.8906
3937.0000 3875.8472 2.3170 34.8904
3939.0000 3877.7986 2.3158 34.8904
3941.0000 3879.7495 2.3154 34.8903
3943.0000 3881.7012 2.3151 34.8902
3945.0000 3883.6523 2.3129 34.8900
3947.0000 3885.6038 2.3117 34.8898
3949.0000 3887.5549 2.3124 34.8898
3951.0000 3889.5061 2.3093 34.8896
3953.0000 3891.4575 2.3086 34.8896
3955.0000 3893.4084 2.3078 34.8896
3957.0000 3895.3596 2.3072 34.8895
3959.0000 3897.3108 2.3080 34.8894
3961.0000 3899.2617 2.3071 34.8893
3963.0000 3901.2134 2.3073 34.8894
3965.0000 3903.1643 2.3071 34.8895
3967.0000 3905.1155 2.3062 34.8893
3969.0000 3907.0664 2.3040 34.8891
3971.0000 3909.0173 2.3052 34.8891
3973.0000 3910.9690 2.3023 34.8888
3975.0000 3912.9194 2.3006 34.8889
3977.0000 3914.8704 2.3007 34.8888
3979.0000 3916.8215 2.3007 34.8888
3981.0000 3918.7727 2.3024 34.8888
3983.0000 3920.7236 2.3018 34.8889
3985.0000 3922.6746 2.3011 34.8889
3987.0000 3924.6255 2.3010 34.8888
3989.0000 3926.5762 2.3009 34.8887
3991.0000 3928.5271 2.3018 34.8886
3993.0000 3930.4783 2.2957 34.8882
3995.0000 3932.4292 2.2939 34.8881
3997.0000 3934.3796 2.2929 34.8880
3999.0000 3936.3306 2.2922 34.8879
4001.0000 3938.2812 2.2914 34.8878
4003.0000 3940.2322 2.2912 34.8878
4005.0000 3942.1826 2.2910 34.8878
4007.0000 3944.1340 2.2909 34.8878
4009.0000 3946.0845 2.2905 34.8878
4011.0000 3948.0352 2.2905 34.8877
4013.0000 3949.9856 2.2890 34.8876
4015.0000 3951.9365 2.2887 34.8876
4017.0000 3953.8870 2.2888 34.8876
4019.0000 3955.8379 2.2887 34.8875
4021.0000 3957.7886 2.2877 34.8874
4023.0000 3959.7388 2.2871 34.8874
4025.0000 3961.6895 2.2868 34.8873
4027.0000 3963.6404 2.2865 34.8872
4029.0000 3965.5913 2.2858 34.8873
4031.0000 3967.5413 2.2856 34.8871
4033.0000 3969.4922 2.2854 34.8871
4035.0000 3971.4426 2.2850 34.8870
4037.0000 3973.3926 2.2847 34.8870
4039.0000 3975.3435 2.2841 34.8869
4041.0000 3977.2939 2.2838 34.8869
4043.0000 3979.2446 2.2833 34.8868
4045.0000 3981.1943 2.2830 34.8868
4047.0000 3983.1453 2.2818 34.8866
4049.0000 3985.0957 2.2813 34.8865
4051.0000 3987.0461 2.2807 34.8865
4053.0000 3988.9961 2.2795 34.8863
4055.0000 3990.9468 2.2789 34.8863
4057.0000 3992.8970 2.2789 34.8864
4059.0000 3994.8474 2.2789 34.8864
4061.0000 3996.7974 2.2781 34.8862
4063.0000 3998.7483 2.2786 34.8861
4065.0000 4000.6978 2.2757 34.8861
4067.0000 4002.6482 2.2749 34.8859
4069.0000 4004.5986 2.2743 34.8859
4071.0000 4006.5491 2.2757 34.8859
4073.0000 4008.4988 2.2741 34.8858
4075.0000 4010.4492 2.2729 34.8857
4077.0000 4012.3992 2.2716 34.8857
4079.0000 4014.3496 2.2711 34.8856
4081.0000 4016.2996 2.2709 34.8855
4083.0000 4018.2500 2.2703 34.8854
4085.0000 4020.1997 2.2696 34.8854
4087.0000 4022.1497 2.2695 34.8854
4089.0000 4024.0996 2.2698 34.8855
4091.0000 4026.0500 2.2692 34.8853
4093.0000 4027.9998 2.2689 34.8854
4095.0000 4029.9502 2.2680 34.8851
4097.0000 4031.8997 2.2665 34.8850
4099.0000 4033.8499 2.2662 34.8850
4101.0000 4035.7998 2.2664 34.8851
4103.0000 4037.7498 2.2659 34.8850
4105.0000 4039.6997 2.2651 34.8849
4107.0000 4041.6494 2.2636 34.8848
4109.0000 4043.5994 2.2624 34.8845
4111.0000 4045.5493 2.2617 34.8845
4113.0000 4047.4985 2.2606 34.8844
4115.0000 4049.4490 2.2601 34.8844
4117.0000 4051.3987 2.2588 34.8843
4119.0000 4053.3486 2.2573 34.8842
4121.0000 4055.2979 2.2562 34.8840
4123.0000 4057.2483 2.2582 34.8840
4125.0000 4059.1978 2.2563 34.8840
4127.0000 4061.1475 2.2563 34.8840
4129.0000 4063.0974 2.2549 34.8838
4131.0000 4065.0471 2.2521 34.8836
4133.0000 4066.9971 2.2508 34.8835
4135.0000 4068.9463 2.2502 34.8834
4137.0000 4070.8958 2.2501 34.8834
4139.0000 4072.8455 2.2504 34.8834
4141.0000 4074.7949 2.2504 34.8835
4143.0000 4076.7446 2.2504 34.8834
4145.0000 4078.6941 2.2499 34.8833
4147.0000 4080.6433 2.2474 34.8830
4149.0000 4082.5935 2.2464 34.8830
4151.0000 4084.5430 2.2455 34.8829
4153.0000 4086.4927 2.2453 34.8829
4155.0000 4088.4417 2.2457 34.8829
4157.0000 4090.3914 2.2456 34.8829
4159.0000 4092.3408 2.2455 34.8830
4161.0000 4094.2898 2.2444 34.8828
4163.0000 4096.2397 2.2435 34.8826
4165.0000 4098.1895 2.2430 34.8827
4167.0000 4100.1387 2.2426 34.8827
4169.0000 4102.0879 2.2422 34.8827
4171.0000 4104.0366 2.2417 34.8826
4173.0000 4105.9863 2.2428 34.8825
4175.0000 4107.9351 2.2387 34.8823
4177.0000 4109.8848 2.2381 34.8823
4179.0000 4111.8345 2.2380 34.8822
4181.0000 4113.7837 2.2377 34.8822
4183.0000 4115.7329 2.2376 34.8823
4185.0000 4117.6821 2.2365 34.8822
4187.0000 4119.6313 2.2360 34.8820
4189.0000 4121.5801 2.2352 34.8820
4191.0000 4123.5293 2.2340 34.8820
4193.0000 4125.4790 2.2332 34.8819
4195.0000 4127.4282 2.2332 34.8820
4197.0000 4129.3770 2.2331 34.8819
4199.0000 4131.3262 2.2330 34.8817
4201.0000 4133.2754 2.2321 34.8818
4203.0000 4135.2246 2.2313 34.8817
4205.0000 4137.1733 2.2306 34.8816
4207.0000 4139.1226 2.2298 34.8814
4209.0000 4141.0718 2.2292 34.8814
4211.0000 4143.0205 2.2290 34.8813
4213.0000 4144.9697 2.2289 34.8814
4215.0000 4146.9185 2.2293 34.8815
4217.0000 4148.8672 2.2293 34.8815
4219.0000 4150.8164 2.2288 34.8813
4221.0000 4152.7651 2.2293 34.8812
4223.0000 4154.7139 2.2280 34.8810
4225.0000 4156.6631 2.2273 34.8809
4227.0000 4158.6118 2.2270 34.8808
4229.0000 4160.5610 2.2263 34.8806
4231.0000 4162.5093 2.2254 34.8806
4233.0000 4164.4585 2.2249 34.8806
4235.0000 4166.4072 2.2247 34.8806
4237.0000 4168.3560 2.2245 34.8806
4239.0000 4170.3047 2.2245 34.8806
4241.0000 4172.2534 2.2244 34.8805
4243.0000 4174.2026 2.2242 34.8804
4245.0000 4176.1509 2.2240 34.8804
4247.0000 4178.0996 2.2234 34.8804
4249.0000 4180.0483 2.2233 34.8804
4251.0000 4181.9971 2.2231 34.8803
4253.0000 4183.9453 2.2219 34.8801
4255.0000 4185.8940 2.2219 34.8800
4257.0000 4187.8433 2.2207 34.8799
4259.0000 4189.7915 2.2200 34.8798
4261.0000 4191.7402 2.2184 34.8796
4263.0000 4193.6890 2.2168 34.8795
4265.0000 4195.6367 2.2157 34.8793
4267.0000 4197.5859 2.2148 34.8791
4269.0000 4199.5347 2.2149 34.8791
4271.0000 4201.4829 2.2143 34.8790
4273.0000 4203.4312 2.2130 34.8788
4275.0000 4205.3799 2.2122 34.8787
4277.0000 4207.3281 2.2123 34.8788
4279.0000 4209.2764 2.2121 34.8787
4281.0000 4211.2251 2.2120 34.8788
4283.0000 4213.1733 2.2119 34.8787
4285.0000 4215.1216 2.2119 34.8786
4287.0000 4217.0698 2.2119 34.8787
4289.0000 4219.0186 2.2116 34.8786
4291.0000 4220.9668 2.2109 34.8786
4293.0000 4222.9150 2.2102 34.8787
4295.0000 4224.8628 2.2101 34.8786
4297.0000 4226.8115 2.2096 34.8787
4299.0000 4228.7598 2.2097 34.8785
4301.0000 4230.7080 2.2090 34.8786
4303.0000 4232.6562 2.2086 34.8787
4305.0000 4234.6045 2.2084 34.8787
4307.0000 4236.5527 2.2078 34.8786
4309.0000 4238.5010 2.2072 34.8784
4311.0000 4240.4492 2.2067 34.8784
4313.0000 4242.3970 2.2067 34.8784
4315.0000 4244.3452 2.2063 34.8783
4317.0000 4246.2935 2.2051 34.8781
4319.0000 4248.2417 2.2047 34.8780
4321.0000 4250.1895 2.2045 34.8779
4323.0000 4252.1377 2.2037 34.8777
4325.0000 4254.0859 2.2019 34.8777
4327.0000 4256.0332 2.2021 34.8777
4329.0000 4257.9819 2.2008 34.8775
4331.0000 4259.9297 2.1993 34.8774
4333.0000 4261.8779 2.1991 34.8773
4335.0000 4263.8252 2.1992 34.8774
4337.0000 4265.7734 2.1994 34.8774
4339.0000 4267.7217 2.1993 34.8773
4341.0000 4269.6689 2.1995 34.8773
4343.0000 4271.6172 2.1991 34.8772
4345.0000 4273.5649 2.1987 34.8771
4347.0000 4275.5127 2.1987 34.8771
4349.0000 4277.4604 2.1987 34.8770
4351.0000 4279.4087 2.1986 34.8771
4353.0000 4281.3564 2.1986 34.8770
4355.0000 4283.3042 2.1982 34.8768
4357.0000 4285.2515 2.1981 34.8769
4359.0000 4287.1997 2.1977 34.8768
4361.0000 4289.1475 2.1973 34.8768
4363.0000 4291.0947 2.1973 34.8767
4365.0000 4293.0430 2.1971 34.8766
4367.0000 4294.9907 2.1965 34.8766
4369.0000 4296.9385 2.1961 34.8765
4371.0000 4298.8853 2.1957 34.8764
4373.0000 4300.8335 2.1954 34.8763
4375.0000 4302.7808 2.1948 34.8763
4377.0000 4304.7285 2.1948 34.8762
4379.0000 4306.6763 2.1952 34.8762
4381.0000 4308.6235 2.1952 34.8763
4383.0000 4310.5713 2.1949 34.8762
4385.0000 4312.5190 2.1948 34.8762
4387.0000 4314.4668 2.1943 34.8761
4389.0000 4316.4136 2.1942 34.8761
4391.0000 4318.3613 2.1941 34.8761
4393.0000 4320.3091 2.1937 34.8759
4395.0000 4322.2563 2.1933 34.8759
4397.0000 4324.2031 2.1930 34.8758
4399.0000 4326.1509 2.1927 34.8758
4401.0000 4328.0986 2.1924 34.8758
4403.0000 4330.0459 2.1929 34.8756
4405.0000 4331.9927 2.1921 34.8756
4407.0000 4333.9404 2.1908 34.8755
4409.0000 4335.8877 2.1900 34.8754
4411.0000 4337.8354 2.1907 34.8753
4413.0000 4339.7827 2.1897 34.8753
4415.0000 4341.7300 2.1895 34.8752
4417.0000 4343.6768 2.1893 34.8753
4419.0000 4345.6240 2.1883 34.8750
4421.0000 4347.5713 2.1859 34.8748
4423.0000 4349.5186 2.1836 34.8746
4425.0000 4351.4658 2.1826 34.8744
4427.0000 4353.4131 2.1820 34.8744
4429.0000 4355.3604 2.1807 34.8742
4431.0000 4357.3071 2.1805 34.8743
4433.0000 4359.2549 2.1804 34.8742
4435.0000 4361.2012 2.1803 34.8742
4437.0000 4363.1484 2.1791 34.8740
4439.0000 4365.0957 2.1775 34.8739
4441.0000 4367.0430 2.1774 34.8738
4443.0000 4368.9902 2.1772 34.8737
4445.0000 4370.9365 2.1753 34.8734
4447.0000 4372.8838 2.1753 34.8736
4449.0000 4374.8311 2.1755 34.8736
4451.0000 4376.7773 2.1755 34.8736
4453.0000 4378.7246 2.1754 34.8735
4455.0000 4380.6714 2.1754 34.8735
4457.0000 4382.6182 2.1751 34.8736
4459.0000 4384.5649 2.1733 34.8733
4461.0000 4386.5122 2.1730 34.8732
4463.0000 4388.4590 2.1717 34.8731
4465.0000 4390.4058 2.1705 34.8730
4467.0000 4392.3525 2.1705 34.8730
4469.0000 4394.2993 2.1705 34.8730
4471.0000 4396.2466 2.1707 34.8730
4473.0000 4398.1934 2.1709 34.8730
4475.0000 4400.1396 2.1710 34.8730
4477.0000 4402.0869 2.1706 34.8729
4479.0000 4404.0332 2.1700 34.8728
4481.0000 4405.9800 2.1699 34.8728
4483.0000 4407.9268 2.1700 34.8729
4485.0000 4409.8730 2.1705 34.8728
4487.0000 4411.8203 2.1706 34.8728
4489.0000 4413.7671 2.1703 34.8727
4491.0000 4415.7134 2.1708 34.8727
4493.0000 4417.6597 2.1695 34.8725
4495.0000 4419.6064 2.1689 34.8725
4497.0000 4421.5532 2.1687 34.8724
4499.0000 4423.4995 2.1683 34.8723
4501.0000 4425.4463 2.1663 34.8722
4503.0000 4427.3931 2.1649 34.8720
4505.0000 4429.3394 2.1637 34.8720
4507.0000 4431.2856 2.1637 34.8720
4509.0000 4433.2319 2.1637 34.8720
4511.0000 4435.1787 2.1635 34.8720
4513.0000 4437.1250 2.1637 34.8718
4515.0000 4439.0718 2.1637 34.8717
4517.0000 4441.0181 2.1637 34.8718
4519.0000 4442.9648 2.1638 34.8719
4521.0000 4444.9102 2.1634 34.8718
4523.0000 4446.8569 2.1625 34.8716
4525.0000 4448.8037 2.1611 34.8714
4527.0000 4450.7495 2.1590 34.8711
4529.0000 4452.6963 2.1563 34.8708
4531.0000 4454.6426 2.1548 34.8705
4533.0000 4456.5889 2.1489 34.8698
4535.0000 4458.5347 2.1439 34.8693
4537.0000 4460.4810 2.1414 34.8690
4539.0000 4462.4272 2.1404 34.8689
4541.0000 4464.3730 2.1388 34.8685
4543.0000 4466.3198 2.1377 34.8686
4545.0000 4468.2661 2.1354 34.8680
4547.0000 4470.2119 2.1290 34.8673
4549.0000 4472.1582 2.1258 34.8668
4551.0000 4474.1045 2.1238 34.8667
4553.0000 4476.0508 2.1235 34.8667
4555.0000 4477.9966 2.1202 34.8661
4557.0000 4479.9424 2.1192 34.8661
4559.0000 4481.8882 2.1193 34.8661
4561.0000 4483.8340 2.1190 34.8660
4563.0000 4485.7803 2.1189 34.8660
4565.0000 4487.7266 2.1191 34.8660
4567.0000 4489.6729 2.1189 34.8660
4569.0000 4491.6187 2.1191 34.8660
4571.0000 4493.5645 2.1193 34.8660
4573.0000 4495.5107 2.1197 34.8660
4575.0000 4497.4565 2.1198 34.8660
4577.0000 4499.4023 2.1196 34.8661
4579.0000 4501.3486 2.1199 34.8660
4581.0000 4503.2939 2.1202 34.8660
4583.0000 4505.2397 2.1205 34.8659
4585.0000 4507.1855 2.1208 34.8660
4587.0000 4509.1313 2.1212 34.8660
4589.0000 4511.0771 2.1217 34.8660
4591.0000 4513.0229 2.1223 34.8660
4593.0000 4514.9688 2.1225 34.8660
4595.0000 4516.9146 2.1227 34.8659
4597.0000 4518.8604 2.1229 34.8660
4599.0000 4520.8062 2.1232 34.8660
4601.0000 4522.7520 2.1231 34.8659
4603.0000 4524.6973 2.1235 34.8660
4605.0000 4526.6431 2.1238 34.8659
4607.0000 4528.5889 2.1239 34.8660
4609.0000 4530.5347 2.1239 34.8659
4611.0000 4532.4805 2.1237 34.8659
4613.0000 4534.4258 2.1233 34.8657
4615.0000 4536.3711 2.1221 34.8656
4617.0000 4538.3164 2.1211 34.8655
4619.0000 4540.2622 2.1201 34.8652
4621.0000 4542.2075 2.1182 34.8650
4623.0000 4544.1528 2.1157 34.8646
4625.0000 4546.0986 2.1140 34.8646
4627.0000 4548.0444 2.1142 34.8645
4629.0000 4549.9897 2.1139 34.8644
4631.0000 4551.9351 2.1125 34.8642
4633.0000 4553.8804 2.1112 34.8641
4635.0000 4555.8262 2.1081 34.8638
4637.0000 4557.7710 2.1074 34.8636
4639.0000 4559.7168 2.1063 34.8636
4641.0000 4561.6626 2.1062 34.8635
4643.0000 4563.6079 2.1051 34.8633
4645.0000 4565.5527 2.1031 34.8631
4647.0000 4567.4980 2.1020 34.8630
4649.0000 4569.4434 2.1017 34.8630
4651.0000 4571.3887 2.1015 34.8628
4653.0000 4573.3340 2.1012 34.8628
4655.0000 4575.2793 2.1026 34.8628
4657.0000 4577.2246 2.1010 34.8627
4659.0000 4579.1699 2.1008 34.8627
4661.0000 4581.1152 2.1006 34.8628
4663.0000 4583.0601 2.1002 34.8626
4665.0000 4585.0049 2.1011 34.8625
4667.0000 4586.9502 2.0992 34.8624
4669.0000 4588.8955 2.0980 34.8623
4671.0000 4590.8403 2.0981 34.8622
4673.0000 4592.7856 2.0969 34.8620
4675.0000 4594.7310 2.0965 34.8619
4677.0000 4596.6763 2.0962 34.8619
4679.0000 4598.6206 2.0952 34.8617
4681.0000 4600.5659 2.0953 34.8617
4683.0000 4602.5112 2.0953 34.8617
4685.0000 4604.4556 2.0953 34.8617
4687.0000 4606.4004 2.0951 34.8616
4689.0000 4608.3457 2.0953 34.8617
4691.0000 4610.2910 2.0954 34.8616
4693.0000 4612.2354 2.0950 34.8616
4695.0000 4614.1807 2.0949 34.8615
4697.0000 4616.1255 2.0949 34.8614
4699.0000 4618.0698 2.0950 34.8615
4701.0000 4620.0151 2.0950 34.8614
4703.0000 4621.9600 2.0943 34.8614
4705.0000 4623.9048 2.0939 34.8612
4707.0000 4625.8496 2.0928 34.8611
4709.0000 4627.7944 2.0922 34.8610
4711.0000 4629.7393 2.0918 34.8610
4713.0000 4631.6836 2.0922 34.8610
4715.0000 4633.6284 2.0925 34.8610
4717.0000 4635.5732 2.0927 34.8610
4719.0000 4637.5186 2.0924 34.8609
4721.0000 4639.4629 2.0924 34.8608
4723.0000 4641.4077 2.0928 34.8609
4725.0000 4643.3525 2.0937 34.8610
4727.0000 4645.2964 2.0936 34.8610
4729.0000 4647.2417 2.0937 34.8609
4731.0000 4649.1860 2.0940 34.8609
4733.0000 4651.1309 2.0936 34.8608
4735.0000 4653.0752 2.0933 34.8608
4737.0000 4655.0195 2.0934 34.8607
4739.0000 4656.9644 2.0936 34.8607
4741.0000 4658.9082 2.0938 34.8608
4743.0000 4660.8530 2.0941 34.8608
4745.0000 4662.7974 2.0944 34.8608
4747.0000 4664.7417 2.0947 34.8608
4749.0000 4666.6860 2.0950 34.8606
4751.0000 4668.6309 2.0957 34.8609
4753.0000 4670.5757 2.0964 34.8609
4755.0000 4672.5200 2.0967 34.8609
4757.0000 4674.4644 2.0962 34.8607
4759.0000 4676.4092 2.0957 34.8608
4761.0000 4678.3525 2.0964 34.8606
4763.0000 4680.2974 2.0963 34.8607
4765.0000 4682.2417 2.0964 34.8607
4767.0000 4684.1860 2.0949 34.8605
4769.0000 4686.1299 2.0951 34.8605
4771.0000 4688.0742 2.0955 34.8607
4773.0000 4690.0186 2.0956 34.8606
4775.0000 4691.9624 2.0958 34.8605
4777.0000 4693.9072 2.0963 34.8606
4779.0000 4695.8516 2.0966 34.8606
4781.0000 4697.7959 2.0970 34.8607
4783.0000 4699.7397 2.0974 34.8607
4785.0000 4701.6841 2.0975 34.8606
4787.0000 4703.6279 2.0976 34.8606
4789.0000 4705.5718 2.0977 34.8605
4791.0000 4707.5161 2.0981 34.8607
4793.0000 4709.4600 2.0985 34.8607
4795.0000 4711.4043 2.0988 34.8608
4797.0000 4713.3486 2.0991 34.8606
4799.0000 4715.2930 2.0993 34.8606
4801.0000 4717.2363 2.0999 34.8607
4803.0000 4719.1802 2.1001 34.8605
4805.0000 4721.1245 2.1009 34.8608
4807.0000 4723.0684 2.1005 34.8606
4809.0000 4725.0122 2.0993 34.8606
4811.0000 4726.9561 2.0986 34.8605
4813.0000 4728.8999 2.0984 34.8602
4815.0000 4730.8447 2.0980 34.8602
4817.0000 4732.7881 2.0982 34.8603
4819.0000 4734.7319 2.0982 34.8602
4821.0000 4736.6758 2.0985 34.8603
4823.0000 4738.6196 2.0987 34.8603
4825.0000 4740.5630 2.0986 34.8603
4827.0000 4742.5068 2.0988 34.8603
4829.0000 4744.4517 2.0982 34.8601
4831.0000 4746.3945 2.0979 34.8601
4833.0000 4748.3384 2.0981 34.8600
4835.0000 4750.2822 2.0983 34.8600
4837.0000 4752.2256 2.0984 34.8601
4839.0000 4754.1694 2.0983 34.8601
4841.0000 4756.1133 2.0979 34.8599
4843.0000 4758.0576 2.0968 34.8598
4845.0000 4760.0005 2.0978 34.8597
4847.0000 4761.9443 2.0970 34.8598
4849.0000 4763.8882 2.0971 34.8597
4851.0000 4765.8311 2.0964 34.8598
4853.0000 4767.7749 2.0963 34.8595
4855.0000 4769.7183 2.0956 34.8595
4857.0000 4771.6626 2.0967 34.8594
4859.0000 4773.6060 2.0959 34.8595
4861.0000 4775.5493 2.0961 34.8595
4863.0000 4777.4927 2.0966 34.8595
4865.0000 4779.4355 2.0966 34.8593
4867.0000 4781.3794 2.0962 34.8591
4869.0000 4783.3232 2.0912 34.8587
4871.0000 4785.2661 2.0879 34.8583
4873.0000 4787.2095 2.0872 34.8583
4875.0000 4789.1533 2.0861 34.8581
4877.0000 4791.0967 2.0876 34.8581
4879.0000 4793.0400 2.0857 34.8580
4881.0000 4794.9834 2.0854 34.8581
4883.0000 4796.9268 2.0854 34.8580
4885.0000 4798.8696 2.0847 34.8579
4887.0000 4800.8130 2.0842 34.8578
4889.0000 4802.7563 2.0834 34.8576
4891.0000 4804.7002 2.0832 34.8577
4893.0000 4806.6431 2.0830 34.8576
4895.0000 4808.5864 2.0822 34.8575
4897.0000 4810.5298 2.0807 34.8573
4899.0000 4812.4722 2.0801 34.8573
4901.0000 4814.4160 2.0806 34.8572
4903.0000 4816.3589 2.0804 34.8572
4905.0000 4818.3022 2.0805 34.8572
4907.0000 4820.2451 2.0796 34.8570
4909.0000 4822.1880 2.0789 34.8571
4911.0000 4824.1318 2.0785 34.8569
4913.0000 4826.0747 2.0776 34.8569
4915.0000 4828.0176 2.0775 34.8568
4917.0000 4829.9609 2.0773 34.8567
4919.0000 4831.9038 2.0766 34.8566
4921.0000 4833.8467 2.0765 34.8567
4923.0000 4835.7896 2.0764 34.8566
4925.0000 4837.7324 2.0764 34.8566
4927.0000 4839.6753 2.0762 34.8565
4929.0000 4841.6187 2.0759 34.8565
4931.0000 4843.5615 2.0757 34.8564
4933.0000 4845.5039 2.0752 34.8563
4935.0000 4847.4468 2.0755 34.8563
4937.0000 4849.3896 2.0757 34.8564
4939.0000 4851.3330 2.0755 34.8562
4941.0000 4853.2754 2.0752 34.8562
4943.0000 4855.2183 2.0753 34.8562
4945.0000 4857.1611 2.0746 34.8560
4947.0000 4859.1040 2.0748 34.8560
4949.0000 4861.0469 2.0747 34.8561
4951.0000 4862.9897 2.0742 34.8560
4953.0000 4864.9326 2.0702 34.8554
4955.0000 4866.8750 2.0699 34.8554
4957.0000 4868.8179 2.0698 34.8553
4959.0000 4870.7607 2.0691 34.8553
4961.0000 4872.7031 2.0687 34.8553
4963.0000 4874.6465 2.0681 34.8550
4965.0000 4876.5889 2.0680 34.8551
4967.0000 4878.5317 2.0682 34.8552
4969.0000 4880.4736 2.0680 34.8550
4971.0000 4882.4165 2.0683 34.8550
4973.0000 4884.3594 2.0683 34.8549
4975.0000 4886.3013 2.0665 34.8547
4977.0000 4888.2437 2.0651 34.8546
4979.0000 4890.1870 2.0649 34.8546
4981.0000 4892.1294 2.0646 34.8544
4983.0000 4894.0718 2.0644 34.8545
4985.0000 4896.0142 2.0645 34.8543
4987.0000 4897.9570 2.0659 34.8546
4989.0000 4899.8989 2.0656 34.8545
4991.0000 4901.8413 2.0653 34.8544
4993.0000 4903.7842 2.0642 34.8543
4995.0000 4905.7261 2.0644 34.8542
4997.0000 4907.6689 2.0652 34.8542
4999.0000 4909.6108 2.0651 34.8543
5001.0000 4911.5537 2.0649 34.8542
5003.0000 4913.4956 2.0646 34.8542
5005.0000 4915.4375 2.0639 34.8540
5007.0000 4917.3804 2.0639 34.8540
5009.0000 4919.3228 2.0632 34.8538
5011.0000 4921.2646 2.0636 34.8539
5013.0000 4923.2070 2.0637 34.8540
5015.0000 4925.1494 2.0640 34.8539
5017.0000 4927.0913 2.0640 34.8540
5019.0000 4929.0337 2.0641 34.8539
5021.0000 4930.9761 2.0642 34.8539
5023.0000 4932.9180 2.0647 34.8539
5025.0000 4934.8599 2.0650 34.8538
5027.0000 4936.8022 2.0655 34.8539
5029.0000 4938.7446 2.0657 34.8539
5031.0000 4940.6860 2.0657 34.8539
5033.0000 4942.6284 2.0656 34.8537
5035.0000 4944.5708 2.0659 34.8538
5037.0000 4946.5127 2.0657 34.8538
5039.0000 4948.4546 2.0661 34.8538
5041.0000 4950.3970 2.0664 34.8538
5043.0000 4952.3389 2.0665 34.8538
5045.0000 4954.2803 2.0665 34.8536
5047.0000 4956.2227 2.0668 34.8537
5049.0000 4958.1650 2.0666 34.8537
5051.0000 4960.1060 2.0660 34.8535
5053.0000 4962.0483 2.0649 34.8534
5055.0000 4963.9902 2.0641 34.8533
5057.0000 4965.9321 2.0635 34.8532
5059.0000 4967.8740 2.0621 34.8530
5061.0000 4969.8159 2.0614 34.8529
5063.0000 4971.7578 2.0594 34.8527
5065.0000 4973.6997 2.0574 34.8523
5067.0000 4975.6411 2.0553 34.8521
5069.0000 4977.5830 2.0538 34.8519
5071.0000 4979.5249 2.0521 34.8516
5073.0000 4981.4668 2.0519 34.8516
5075.0000 4983.4082 2.0523 34.8517
5077.0000 4985.3501 2.0525 34.8517
5079.0000 4987.2915 2.0527 34.8517
5081.0000 4989.2329 2.0529 34.8516
5083.0000 4991.1753 2.0528 34.8515
5085.0000 4993.1167 2.0526 34.8516
5087.0000 4995.0576 2.0528 34.8515
5089.0000 4997.0005 2.0526 34.8515
5091.0000 4998.9414 2.0519 34.8513
5093.0000 5000.8828 2.0489 34.8510
5095.0000 5002.8247 2.0471 34.8508
5097.0000 5004.7661 2.0470 34.8507
5099.0000 5006.7080 2.0468 34.8507
5101.0000 5008.6489 2.0471 34.8507
5103.0000 5010.5908 2.0471 34.8507
5105.0000 5012.5327 2.0473 34.8509
5107.0000 5014.4736 2.0470 34.8506
5109.0000 5016.4146 2.0479 34.8505
5111.0000 5018.3569 2.0471 34.8505
5113.0000 5020.2974 2.0464 34.8504
5115.0000 5022.2393 2.0458 34.8504
5117.0000 5024.1807 2.0446 34.8503
5119.0000 5026.1221 2.0461 34.8503
5121.0000 5028.0635 2.0453 34.8500
5123.0000 5030.0049 2.0431 34.8500
5125.0000 5031.9458 2.0431 34.8499
5127.0000 5033.8872 2.0426 34.8498
5129.0000 5035.8286 2.0422 34.8498
5131.0000 5037.7700 2.0422 34.8497
5133.0000 5039.7109 2.0420 34.8497
5135.0000 5041.6523 2.0421 34.8497
5137.0000 5043.5938 2.0397 34.8495
5139.0000 5045.5347 2.0395 34.8494
5141.0000 5047.4761 2.0385 34.8492
5143.0000 5049.4170 2.0376 34.8491
5145.0000 5051.3579 2.0376 34.8490
5147.0000 5053.2993 2.0377 34.8490
5149.0000 5055.2402 2.0376 34.8490
5151.0000 5057.1816 2.0377 34.8490
5153.0000 5059.1230 2.0377 34.8490
5155.0000 5061.0630 2.0370 34.8489
5157.0000 5063.0049 2.0372 34.8489
5159.0000 5064.9458 2.0375 34.8488
5161.0000 5066.8867 2.0371 34.8488
5163.0000 5068.8276 2.0374 34.8489
5165.0000 5070.7681 2.0379 34.8488
5167.0000 5072.7100 2.0383 34.8488
5169.0000 5074.6504 2.0387 34.8489
5171.0000 5076.5918 2.0388 34.8489
5173.0000 5078.5327 2.0389 34.8488
5175.0000 5080.4731 2.0391 34.8489
5177.0000 5082.4141 2.0390 34.8488
5179.0000 5084.3550 2.0388 34.8489
5181.0000 5086.2959 2.0391 34.8488
5183.0000 5088.2363 2.0391 34.8487
5185.0000 5090.1777 2.0393 34.8486
5187.0000 5092.1182 2.0398 34.8487
5189.0000 5094.0591 2.0400 34.8488
5191.0000 5096.0000 2.0397 34.8487
5193.0000 5097.9409 2.0396 34.8487
5195.0000 5099.8809 2.0397 34.8486
5197.0000 5101.8218 2.0400 34.8486
5199.0000 5103.7632 2.0401 34.8486
5201.0000 5105.7031 2.0401 34.8486
5203.0000 5107.6440 2.0403 34.8486
5205.0000 5109.5845 2.0407 34.8485
5207.0000 5111.5254 2.0407 34.8485
5209.0000 5113.4653 2.0409 34.8486
5211.0000 5115.4067 2.0412 34.8485
5213.0000 5117.3472 2.0414 34.8485
5215.0000 5119.2881 2.0416 34.8485
5217.0000 5121.2280 2.0416 34.8484
5219.0000 5123.1685 2.0413 34.8484
5221.0000 5125.1094 2.0415 34.8484
5223.0000 5127.0493 2.0417 34.8484
5225.0000 5128.9902 2.0417 34.8484
5227.0000 5130.9307 2.0409 34.8482
5229.0000 5132.8716 2.0407 34.8482
5231.0000 5134.8115 2.0412 34.8483
5233.0000 5136.7520 2.0407 34.8482
5235.0000 5138.6924 2.0406 34.8481
5237.0000 5140.6328 2.0402 34.8481
5239.0000 5142.5728 2.0401 34.8479
5241.0000 5144.5137 2.0402 34.8480
5243.0000 5146.4541 2.0402 34.8480
5245.0000 5148.3940 2.0406 34.8480
5247.0000 5150.3345 2.0408 34.8480
5249.0000 5152.2749 2.0408 34.8480
5251.0000 5154.2148 2.0408 34.8478
5253.0000 5156.1553 2.0412 34.8478
5255.0000 5158.0957 2.0413 34.8479
5257.0000 5160.0352 2.0414 34.8479
5259.0000 5161.9756 2.0417 34.8479
5261.0000 5163.9160 2.0419 34.8479
5263.0000 5165.8564 2.0418 34.8479
5265.0000 5167.7964 2.0421 34.8478
5267.0000 5169.7363 2.0424 34.8479
5269.0000 5171.6772 2.0430 34.8479
5271.0000 5173.6167 2.0432 34.8480
5273.0000 5175.5571 2.0432 34.8478
5275.0000 5177.4971 2.0435 34.8477
5277.0000 5179.4370 2.0436 34.8477
5279.0000 5181.3765 2.0438 34.8479
5281.0000 5183.3169 2.0434 34.8477
5283.0000 5185.2568 2.0434 34.8477
5285.0000 5187.1968 2.0435 34.8477
5287.0000 5189.1367 2.0438 34.8477
5289.0000 5191.0771 2.0442 34.8478
5291.0000 5193.0166 2.0444 34.8478
5293.0000 5194.9565 2.0447 34.8478
5295.0000 5196.8965 2.0448 34.8476
5297.0000 5198.8364 2.0450 34.8476
5299.0000 5200.7759 2.0454 34.8477
5301.0000 5202.7163 2.0457 34.8478
5303.0000 5204.6558 2.0459 34.8477
5305.0000 5206.5962 2.0460 34.8477
5307.0000 5208.5356 2.0455 34.8475
5309.0000 5210.4756 2.0459 34.8476
5311.0000 5212.4155 2.0462 34.8477
5313.0000 5214.3545 2.0464 34.8476
5315.0000 5216.2949 2.0463 34.8476
5317.0000 5218.2344 2.0462 34.8475
5319.0000 5220.1743 2.0462 34.8474
5321.0000 5222.1133 2.0462 34.8475
5323.0000 5224.0532 2.0459 34.8475
5325.0000 5225.9927 2.0458 34.8474
5327.0000 5227.9321 2.0453 34.8472
5329.0000 5229.8726 2.0454 34.8472
5331.0000 5231.8120 2.0452 34.8472
5333.0000 5233.7510 2.0450 34.8471
5335.0000 5235.6909 2.0445 34.8470
5337.0000 5237.6309 2.0442 34.8471
5339.0000 5239.5703 2.0442 34.8470
5341.0000 5241.5098 2.0445 34.8470
5343.0000 5243.4497 2.0441 34.8469
5345.0000 5245.3887 2.0469 34.8469
