CTD cast

DATE:  25-Dec-2015 09:06:00
latitude:  24.5000
longitude:  -66.2176
  P (db)  z (m)    T (^oC)  S (psu)
3.0000 2.9808 26.8498 36.6233
5.0000 4.9680 26.8507 36.6216
7.0000 6.9551 26.8509 36.6234
9.0000 8.9422 26.8508 36.6234
11.0000 10.9293 26.8507 36.6234
13.0000 12.9164 26.8522 36.6234
15.0000 14.9035 26.8526 36.6235
17.0000 16.8906 26.8509 36.6236
19.0000 18.8776 26.8505 36.6238
21.0000 20.8646 26.8510 36.6237
23.0000 22.8516 26.8515 36.6237
25.0000 24.8386 26.8511 36.6238
27.0000 26.8255 26.8511 36.6237
29.0000 28.8125 26.8508 36.6238
31.0000 30.7994 26.8532 36.6238
33.0000 32.7863 26.8562 36.6236
35.0000 34.7732 26.8562 36.6236
37.0000 36.7600 26.8564 36.6236
39.0000 38.7469 26.8564 36.6237
41.0000 40.7337 26.8554 36.6238
43.0000 42.7205 26.8556 36.6239
45.0000 44.7073 26.8556 36.6239
47.0000 46.6941 26.8565 36.6240
49.0000 48.6808 26.8574 36.6238
51.0000 50.6675 26.8589 36.6237
53.0000 52.6542 26.8581 36.6239
55.0000 54.6409 26.8589 36.6238
57.0000 56.6276 26.8613 36.6237
59.0000 58.6142 26.8631 36.6232
61.0000 60.6009 26.8630 36.6233
63.0000 62.5875 26.8638 36.6234
65.0000 64.5741 26.8651 36.6235
67.0000 66.5606 26.8665 36.6235
69.0000 68.5472 26.8651 36.6237
71.0000 70.5337 26.8666 36.6236
73.0000 72.5202 26.8672 36.6235
75.0000 74.5067 26.8670 36.6236
77.0000 76.4932 26.8604 36.6221
79.0000 78.4797 26.8573 36.6213
81.0000 80.4661 26.8576 36.6212
83.0000 82.4525 26.8597 36.6211
85.0000 84.4389 26.8590 36.6209
87.0000 86.4253 26.8460 36.6189
89.0000 88.4117 26.7991 36.6091
91.0000 90.3980 26.6749 36.6085
93.0000 92.3843 26.3472 36.6141
95.0000 94.3706 26.1952 36.6303
97.0000 96.3569 25.9989 36.6229
99.0000 98.3432 25.9217 36.6252
101.0000 100.3294 25.7364 36.6223
103.0000 102.3157 25.6917 36.6194
105.0000 104.3018 25.6101 36.6178
107.0000 106.2880 25.5388 36.6246
109.0000 108.2742 25.5521 36.6255
111.0000 110.2604 25.4840 36.6333
113.0000 112.2465 25.4279 36.6484
115.0000 114.2326 25.4396 36.6454
117.0000 116.2187 25.3533 36.6556
119.0000 118.2048 25.0066 36.6945
121.0000 120.1908 24.8884 36.7117
123.0000 122.1768 24.7211 36.7315
125.0000 124.1629 24.5924 36.7438
127.0000 126.1489 24.4286 36.7350
129.0000 128.1348 24.2526 36.7368
131.0000 130.1208 24.1794 36.7296
133.0000 132.1067 23.8754 36.7325
135.0000 134.0927 23.9578 36.7360
137.0000 136.0786 23.7866 36.7379
139.0000 138.0644 23.7551 36.7441
141.0000 140.0503 23.6689 36.7401
143.0000 142.0361 23.3440 36.7531
145.0000 144.0219 23.3060 36.7535
147.0000 146.0078 23.2292 36.7452
149.0000 147.9935 22.9723 36.7354
151.0000 149.9793 22.9800 36.7341
153.0000 151.9650 22.7530 36.7440
155.0000 153.9508 22.7154 36.7567
157.0000 155.9365 22.6198 36.7934
159.0000 157.9222 22.5014 36.8125
161.0000 159.9078 22.4786 36.8029
163.0000 161.8935 22.2760 36.8093
165.0000 163.8791 22.2380 36.8058
167.0000 165.8647 22.2293 36.8077
169.0000 167.8503 22.0246 36.8064
171.0000 169.8359 22.0352 36.8065
173.0000 171.8214 21.8886 36.8040
175.0000 173.8070 21.7784 36.7909
177.0000 175.7925 21.6850 36.7726
179.0000 177.7780 21.7342 36.7817
181.0000 179.7635 21.6380 36.7665
183.0000 181.7489 21.5592 36.7738
185.0000 183.7344 21.5981 36.7779
187.0000 185.7198 21.4778 36.7814
189.0000 187.7052 21.3801 36.7690
191.0000 189.6906 21.2260 36.7505
193.0000 191.6759 21.1829 36.7478
195.0000 193.6613 21.2108 36.7473
197.0000 195.6466 20.8538 36.6872
199.0000 197.6319 20.7643 36.6779
201.0000 199.6172 20.6987 36.6741
203.0000 201.6024 20.7178 36.6764
205.0000 203.5877 20.5191 36.6604
207.0000 205.5729 20.4479 36.6584
209.0000 207.5581 20.4762 36.6607
211.0000 209.5433 20.4078 36.6563
213.0000 211.5285 20.2948 36.6525
215.0000 213.5136 20.3247 36.6554
217.0000 215.4988 20.2991 36.6687
219.0000 217.4839 20.5497 36.7901
221.0000 219.4690 20.5800 36.7973
223.0000 221.4540 20.5126 36.7959
225.0000 223.4391 20.3760 36.7763
227.0000 225.4241 20.2177 36.7436
229.0000 227.4092 20.2567 36.7516
231.0000 229.3941 20.1443 36.7208
233.0000 231.3791 19.9613 36.6954
235.0000 233.3641 20.0315 36.7110
237.0000 235.3490 19.9170 36.6968
239.0000 237.3339 19.9463 36.7409
241.0000 239.3188 19.9210 36.7435
243.0000 241.3037 19.9123 36.7369
245.0000 243.2886 19.8798 36.7349
247.0000 245.2734 19.8021 36.7314
249.0000 247.2583 19.8079 36.7306
251.0000 249.2431 19.7085 36.7202
253.0000 251.2278 19.6993 36.7202
255.0000 253.2126 19.6543 36.7158
257.0000 255.1974 19.5990 36.7101
259.0000 257.1821 19.5854 36.7103
261.0000 259.1668 19.4620 36.6876
263.0000 261.1515 19.3808 36.6722
265.0000 263.1362 19.3371 36.6664
267.0000 265.1208 19.3010 36.6648
269.0000 267.1054 19.3156 36.6661
271.0000 269.0901 19.2233 36.6620
273.0000 271.0746 19.2100 36.6611
275.0000 273.0593 19.2391 36.6629
277.0000 275.0438 19.1675 36.6537
279.0000 277.0284 19.0850 36.6441
281.0000 279.0128 19.0471 36.6384
283.0000 280.9974 19.1231 36.6494
285.0000 282.9818 18.9780 36.6253
287.0000 284.9663 18.9473 36.6258
289.0000 286.9507 18.9673 36.6275
291.0000 288.9352 18.9135 36.6253
293.0000 290.9196 18.8745 36.6172
295.0000 292.9040 18.8557 36.6149
297.0000 294.8883 18.8748 36.6267
299.0000 296.8727 18.8622 36.6271
301.0000 298.8570 18.8082 36.6225
303.0000 300.8413 18.7887 36.6249
305.0000 302.8256 18.7884 36.6262
307.0000 304.8099 18.7920 36.6252
309.0000 306.7941 18.7528 36.6215
311.0000 308.7784 18.7197 36.6177
313.0000 310.7626 18.7026 36.6168
315.0000 312.7467 18.6797 36.6142
317.0000 314.7309 18.6597 36.6189
319.0000 316.7151 18.6515 36.6208
321.0000 318.6992 18.6465 36.6211
323.0000 320.6833 18.6233 36.6197
325.0000 322.6674 18.6085 36.6193
327.0000 324.6515 18.5898 36.6166
329.0000 326.6356 18.5703 36.6143
331.0000 328.6196 18.5331 36.6098
333.0000 330.6036 18.4887 36.6048
335.0000 332.5876 18.4610 36.6013
337.0000 334.5716 18.4285 36.5961
339.0000 336.5556 18.4103 36.5939
341.0000 338.5396 18.3817 36.5905
343.0000 340.5235 18.3492 36.5876
345.0000 342.5074 18.3572 36.5861
347.0000 344.4913 18.3225 36.5835
349.0000 346.4751 18.3096 36.5815
351.0000 348.4590 18.2853 36.5778
353.0000 350.4428 18.2372 36.5708
355.0000 352.4266 18.2093 36.5675
357.0000 354.4104 18.1912 36.5652
359.0000 356.3942 18.1735 36.5633
361.0000 358.3779 18.1593 36.5630
363.0000 360.3617 18.1390 36.5601
365.0000 362.3454 18.1164 36.5570
367.0000 364.3291 18.1257 36.5588
369.0000 366.3127 18.0817 36.5511
371.0000 368.2964 18.0437 36.5465
373.0000 370.2801 18.0250 36.5435
375.0000 372.2637 17.9987 36.5389
377.0000 374.2473 17.9693 36.5336
379.0000 376.2309 17.9332 36.5285
381.0000 378.2145 17.8928 36.5218
383.0000 380.1980 17.8498 36.5146
385.0000 382.1815 17.8204 36.5102
387.0000 384.1650 17.8006 36.5064
389.0000 386.1485 17.7709 36.5011
391.0000 388.1320 17.7444 36.4972
393.0000 390.1154 17.7199 36.4928
395.0000 392.0989 17.6792 36.4851
397.0000 394.0822 17.6459 36.4794
399.0000 396.0656 17.6173 36.4736
401.0000 398.0490 17.6015 36.4711
403.0000 400.0324 17.5834 36.4680
405.0000 402.0157 17.5647 36.4652
407.0000 403.9990 17.5451 36.4622
409.0000 405.9823 17.5450 36.4623
411.0000 407.9656 17.5405 36.4608
413.0000 409.9489 17.5114 36.4557
415.0000 411.9321 17.4852 36.4500
417.0000 413.9154 17.4574 36.4454
419.0000 415.8985 17.4282 36.4400
421.0000 417.8817 17.4176 36.4378
423.0000 419.8649 17.3864 36.4330
425.0000 421.8480 17.3661 36.4286
427.0000 423.8311 17.3333 36.4227
429.0000 425.8143 17.3096 36.4177
431.0000 427.7973 17.3045 36.4183
433.0000 429.7804 17.2430 36.4062
435.0000 431.7635 17.2225 36.4032
437.0000 433.7465 17.1889 36.3963
439.0000 435.7295 17.1489 36.3886
441.0000 437.7125 17.1251 36.3851
443.0000 439.6955 17.1386 36.3876
445.0000 441.6784 17.1251 36.3840
447.0000 443.6614 17.0778 36.3745
449.0000 445.6443 17.0430 36.3681
451.0000 447.6272 17.0059 36.3618
453.0000 449.6100 17.0476 36.3690
455.0000 451.5929 16.9622 36.3514
457.0000 453.5757 16.9063 36.3430
459.0000 455.5585 16.8676 36.3364
461.0000 457.5414 16.8472 36.3332
463.0000 459.5242 16.8550 36.3352
465.0000 461.5069 16.8435 36.3328
467.0000 463.4897 16.7903 36.3237
469.0000 465.4724 16.7374 36.3139
471.0000 467.4551 16.6741 36.3034
473.0000 469.4378 16.6945 36.3099
475.0000 471.4204 16.6379 36.2953
477.0000 473.4031 16.5548 36.2824
479.0000 475.3858 16.5236 36.2786
481.0000 477.3683 16.4940 36.2725
483.0000 479.3510 16.4613 36.2683
485.0000 481.3335 16.5134 36.2762
487.0000 483.3161 16.4166 36.2577
489.0000 485.2986 16.3494 36.2457
491.0000 487.2811 16.3170 36.2404
493.0000 489.2636 16.3460 36.2477
495.0000 491.2461 16.3606 36.2493
497.0000 493.2286 16.2365 36.2256
499.0000 495.2110 16.1516 36.2111
501.0000 497.1934 16.0978 36.2021
503.0000 499.1758 16.0582 36.1944
505.0000 501.1582 16.1579 36.2145
507.0000 503.1405 16.0243 36.1859
509.0000 505.1229 15.8855 36.1648
511.0000 507.1053 15.8432 36.1579
513.0000 509.0876 15.8007 36.1501
515.0000 511.0698 15.8974 36.1693
517.0000 513.0521 15.7998 36.1452
519.0000 515.0344 15.6780 36.1297
521.0000 517.0165 15.6382 36.1239
523.0000 518.9988 15.6234 36.1204
525.0000 520.9810 15.6726 36.1304
527.0000 522.9632 15.6539 36.1229
529.0000 524.9453 15.4789 36.0954
531.0000 526.9275 15.4489 36.0888
533.0000 528.9096 15.3800 36.0766
535.0000 530.8917 15.2919 36.0594
537.0000 532.8737 15.4173 36.0857
539.0000 534.8558 15.1766 36.0432
541.0000 536.8379 15.1170 36.0315
543.0000 538.8199 15.0911 36.0275
545.0000 540.8019 15.0791 36.0277
547.0000 542.7839 15.1449 36.0366
549.0000 544.7658 15.0203 36.0171
551.0000 546.7478 14.9854 36.0098
553.0000 548.7297 14.9199 35.9987
555.0000 550.7115 14.9506 36.0061
557.0000 552.6935 14.8725 35.9908
559.0000 554.6754 14.8310 35.9852
561.0000 556.6573 14.8178 35.9826
563.0000 558.6390 14.8029 35.9804
565.0000 560.6209 14.7681 35.9730
567.0000 562.6027 14.6891 35.9613
569.0000 564.5844 14.6717 35.9596
571.0000 566.5662 14.6312 35.9533
573.0000 568.5480 14.6012 35.9478
575.0000 570.5297 14.5624 35.9397
577.0000 572.5114 14.5046 35.9294
579.0000 574.4930 14.4629 35.9239
581.0000 576.4747 14.4623 35.9245
583.0000 578.4564 14.3863 35.9125
585.0000 580.4380 14.3495 35.9069
587.0000 582.4197 14.3189 35.9027
589.0000 584.4012 14.2937 35.8979
591.0000 586.3828 14.2529 35.8902
593.0000 588.3643 14.2390 35.8885
595.0000 590.3458 14.1675 35.8751
597.0000 592.3273 14.1232 35.8693
599.0000 594.3088 14.0389 35.8535
601.0000 596.2903 14.0397 35.8548
603.0000 598.2718 13.9135 35.8348
605.0000 600.2532 13.8840 35.8303
607.0000 602.2346 13.8653 35.8281
609.0000 604.2160 13.8538 35.8263
611.0000 606.1974 13.8239 35.8214
613.0000 608.1787 13.7883 35.8150
615.0000 610.1602 13.7165 35.8043
617.0000 612.1415 13.6559 35.7950
619.0000 614.1227 13.6064 35.7877
621.0000 616.1040 13.5874 35.7847
623.0000 618.0853 13.5906 35.7856
625.0000 620.0665 13.5428 35.7751
627.0000 622.0477 13.4046 35.7553
629.0000 624.0289 13.4152 35.7577
631.0000 626.0101 13.4054 35.7551
633.0000 627.9913 13.3122 35.7409
635.0000 629.9724 13.2639 35.7326
637.0000 631.9536 13.1654 35.7175
639.0000 633.9347 13.1270 35.7123
641.0000 635.9158 13.0913 35.7069
643.0000 637.8969 13.0727 35.7045
645.0000 639.8779 13.0456 35.6993
647.0000 641.8589 12.9991 35.6934
649.0000 643.8400 12.9719 35.6895
651.0000 645.8210 12.9625 35.6882
653.0000 647.8019 12.9663 35.6887
655.0000 649.7829 12.9069 35.6797
657.0000 651.7639 12.8661 35.6729
659.0000 653.7448 12.8182 35.6641
661.0000 655.7257 12.8462 35.6720
663.0000 657.7066 12.7265 35.6486
665.0000 659.6874 12.6197 35.6360
667.0000 661.6683 12.5861 35.6308
669.0000 663.6491 12.6208 35.6371
671.0000 665.6299 12.5104 35.6183
673.0000 667.6107 12.4529 35.6105
675.0000 669.5915 12.4483 35.6097
677.0000 671.5723 12.3652 35.5985
679.0000 673.5530 12.3464 35.5965
681.0000 675.5337 12.3214 35.5916
683.0000 677.5144 12.2765 35.5847
685.0000 679.4951 12.2383 35.5802
687.0000 681.4757 12.2070 35.5756
689.0000 683.4564 12.1544 35.5668
691.0000 685.4370 12.0661 35.5528
693.0000 687.4175 11.9528 35.5352
695.0000 689.3982 11.8691 35.5249
697.0000 691.3787 11.9311 35.5368
699.0000 693.3594 11.8058 35.5120
701.0000 695.3398 11.7297 35.5069
703.0000 697.3203 11.7048 35.5041
705.0000 699.3008 11.7294 35.5080
707.0000 701.2812 11.6812 35.4975
709.0000 703.2617 11.5745 35.4843
711.0000 705.2422 11.4838 35.4716
713.0000 707.2226 11.4661 35.4693
715.0000 709.2030 11.4880 35.4718
717.0000 711.1833 11.3726 35.4562
719.0000 713.1637 11.3082 35.4479
721.0000 715.1440 11.2702 35.4418
723.0000 717.1243 11.1914 35.4314
725.0000 719.1047 11.1585 35.4284
727.0000 721.0850 11.1426 35.4257
729.0000 723.0652 11.0883 35.4189
731.0000 725.0455 11.0684 35.4159
733.0000 727.0257 10.9976 35.4047
735.0000 729.0059 10.9159 35.3957
737.0000 730.9861 10.8793 35.3896
739.0000 732.9662 10.8225 35.3813
741.0000 734.9465 10.8490 35.3861
743.0000 736.9265 10.7469 35.3713
745.0000 738.9066 10.6534 35.3605
747.0000 740.8868 10.6285 35.3565
749.0000 742.8668 10.5959 35.3527
751.0000 744.8469 10.5274 35.3432
753.0000 746.8269 10.4774 35.3376
755.0000 748.8068 10.4338 35.3313
757.0000 750.7869 10.3538 35.3229
759.0000 752.7669 10.3314 35.3209
761.0000 754.7469 10.3378 35.3191
763.0000 756.7267 10.2425 35.3087
765.0000 758.7067 10.2027 35.3045
767.0000 760.6866 10.1590 35.2984
769.0000 762.6664 10.1072 35.2927
771.0000 764.6463 10.0166 35.2820
773.0000 766.6262 10.0673 35.2902
775.0000 768.6061 9.9410 35.2728
777.0000 770.5858 9.8178 35.2577
779.0000 772.5656 9.7838 35.2537
781.0000 774.5454 9.8355 35.2623
783.0000 776.5251 9.8570 35.2607
785.0000 778.5049 9.7694 35.2528
787.0000 780.4847 9.7071 35.2436
789.0000 782.4644 9.6243 35.2352
791.0000 784.4440 9.5867 35.2323
793.0000 786.4236 9.6178 35.2357
795.0000 788.4033 9.5639 35.2303
797.0000 790.3829 9.5346 35.2264
799.0000 792.3625 9.5004 35.2234
801.0000 794.3420 9.5065 35.2228
803.0000 796.3217 9.4261 35.2139
805.0000 798.3011 9.3773 35.2092
807.0000 800.2808 9.3357 35.2056
809.0000 802.2603 9.3036 35.2021
811.0000 804.2397 9.2821 35.2002
813.0000 806.2192 9.2659 35.1979
815.0000 808.1987 9.2119 35.1922
817.0000 810.1780 9.1860 35.1883
819.0000 812.1574 9.1733 35.1867
821.0000 814.1369 9.1338 35.1801
823.0000 816.1163 9.1012 35.1787
825.0000 818.0956 9.0889 35.1776
827.0000 820.0750 9.0815 35.1762
829.0000 822.0543 9.0163 35.1690
831.0000 824.0336 8.9414 35.1616
833.0000 826.0128 8.8651 35.1538
835.0000 827.9921 8.8601 35.1541
837.0000 829.9714 8.7644 35.1454
839.0000 831.9506 8.7335 35.1422
841.0000 833.9299 8.7039 35.1410
843.0000 835.9090 8.7118 35.1401
845.0000 837.8881 8.6068 35.1318
847.0000 839.8673 8.5708 35.1289
849.0000 841.8465 8.5456 35.1267
851.0000 843.8257 8.5127 35.1237
853.0000 845.8046 8.4756 35.1216
855.0000 847.7837 8.4556 35.1204
857.0000 849.7628 8.4526 35.1208
859.0000 851.7418 8.4316 35.1186
861.0000 853.7209 8.3845 35.1151
863.0000 855.6999 8.4046 35.1177
865.0000 857.6788 8.3792 35.1137
867.0000 859.6577 8.2777 35.1037
869.0000 861.6368 8.2510 35.1014
871.0000 863.6158 8.2405 35.1006
873.0000 865.5945 8.2443 35.1061
875.0000 867.5735 8.2584 35.1070
877.0000 869.5524 8.2252 35.1066
879.0000 871.5312 8.1877 35.1049
881.0000 873.5100 8.1734 35.1048
883.0000 875.4888 8.1578 35.1033
885.0000 877.4677 8.1705 35.1054
887.0000 879.4464 8.1620 35.1026
889.0000 881.4251 8.0701 35.0989
891.0000 883.4040 8.0328 35.1004
893.0000 885.3825 8.0120 35.0996
895.0000 887.3613 8.0137 35.1007
897.0000 889.3400 7.9867 35.0987
899.0000 891.3187 7.9207 35.0977
901.0000 893.2972 7.8966 35.0962
903.0000 895.2759 7.8367 35.0925
905.0000 897.2545 7.7999 35.0913
907.0000 899.2331 7.8077 35.0915
909.0000 901.2117 7.7382 35.0879
911.0000 903.1902 7.7039 35.0855
913.0000 905.1688 7.6716 35.0855
915.0000 907.1473 7.6638 35.0873
917.0000 909.1257 7.6371 35.0858
919.0000 911.1043 7.6106 35.0840
921.0000 913.0827 7.5793 35.0833
923.0000 915.0611 7.5680 35.0840
925.0000 917.0396 7.5292 35.0791
927.0000 919.0179 7.4781 35.0739
929.0000 920.9963 7.4583 35.0741
931.0000 922.9747 7.4467 35.0737
933.0000 924.9531 7.4361 35.0734
935.0000 926.9313 7.4214 35.0727
937.0000 928.9097 7.4122 35.0724
939.0000 930.8880 7.4035 35.0724
941.0000 932.8662 7.3949 35.0725
943.0000 934.8445 7.3974 35.0725
945.0000 936.8227 7.3516 35.0722
947.0000 938.8009 7.3439 35.0725
949.0000 940.7791 7.3374 35.0723
951.0000 942.7573 7.3326 35.0720
953.0000 944.7354 7.3072 35.0697
955.0000 946.7136 7.2624 35.0668
957.0000 948.6917 7.2461 35.0667
959.0000 950.6697 7.2324 35.0677
961.0000 952.6478 7.2205 35.0694
963.0000 954.6259 7.1862 35.0683
965.0000 956.6039 7.2007 35.0686
967.0000 958.5820 7.1330 35.0663
969.0000 960.5599 7.0772 35.0648
971.0000 962.5380 7.0619 35.0649
973.0000 964.5159 7.0272 35.0641
975.0000 966.4939 7.0027 35.0627
977.0000 968.4719 7.0129 35.0633
979.0000 970.4496 6.9628 35.0622
981.0000 972.4277 6.9313 35.0626
983.0000 974.4055 6.9172 35.0625
985.0000 976.3834 6.9179 35.0624
987.0000 978.3611 6.9094 35.0614
989.0000 980.3391 6.8816 35.0654
991.0000 982.3168 6.8764 35.0669
993.0000 984.2946 6.8596 35.0667
995.0000 986.2724 6.8643 35.0661
997.0000 988.2501 6.8348 35.0634
999.0000 990.2278 6.7858 35.0598
1001.0000 992.2055 6.7543 35.0572
1003.0000 994.1832 6.7226 35.0554
1005.0000 996.1608 6.7006 35.0558
1007.0000 998.1385 6.6828 35.0599
1009.0000 1000.1161 6.6661 35.0604
1011.0000 1002.0938 6.6589 35.0606
1013.0000 1004.0714 6.6465 35.0606
1015.0000 1006.0490 6.6257 35.0612
1017.0000 1008.0264 6.6097 35.0626
1019.0000 1010.0040 6.5861 35.0637
1021.0000 1011.9816 6.5658 35.0645
1023.0000 1013.9591 6.5577 35.0650
1025.0000 1015.9365 6.5572 35.0655
1027.0000 1017.9140 6.5462 35.0659
1029.0000 1019.8915 6.5337 35.0672
1031.0000 1021.8689 6.5236 35.0679
1033.0000 1023.8462 6.5152 35.0688
1035.0000 1025.8237 6.4966 35.0702
1037.0000 1027.8010 6.4821 35.0707
1039.0000 1029.7783 6.4727 35.0704
1041.0000 1031.7556 6.4677 35.0708
1043.0000 1033.7329 6.4573 35.0710
1045.0000 1035.7102 6.4295 35.0719
1047.0000 1037.6875 6.4059 35.0725
1049.0000 1039.6649 6.4153 35.0709
1051.0000 1041.6421 6.3647 35.0720
1053.0000 1043.6193 6.3414 35.0717
1055.0000 1045.5966 6.3198 35.0718
1057.0000 1047.5737 6.3385 35.0726
1059.0000 1049.5508 6.2982 35.0716
1061.0000 1051.5280 6.2709 35.0721
1063.0000 1053.5051 6.2620 35.0722
1065.0000 1055.4823 6.2510 35.0718
1067.0000 1057.4594 6.2558 35.0720
1069.0000 1059.4363 6.2364 35.0719
1071.0000 1061.4133 6.2151 35.0709
1073.0000 1063.3904 6.1992 35.0703
1075.0000 1065.3674 6.1676 35.0674
1077.0000 1067.3445 6.1205 35.0655
1079.0000 1069.3213 6.0959 35.0643
1081.0000 1071.2983 6.0688 35.0639
1083.0000 1073.2754 6.0451 35.0619
1085.0000 1075.2523 6.0300 35.0631
1087.0000 1077.2291 6.0447 35.0682
1089.0000 1079.2061 6.0476 35.0661
1091.0000 1081.1829 6.0306 35.0700
1093.0000 1083.1597 6.0237 35.0709
1095.0000 1085.1366 6.0182 35.0708
1097.0000 1087.1134 6.0057 35.0707
1099.0000 1089.0902 6.0058 35.0709
1101.0000 1091.0668 5.9727 35.0679
1103.0000 1093.0437 5.9276 35.0666
1105.0000 1095.0205 5.9102 35.0652
1107.0000 1096.9971 5.9013 35.0652
1109.0000 1098.9739 5.8957 35.0648
1111.0000 1100.9506 5.8820 35.0639
1113.0000 1102.9271 5.8690 35.0637
1115.0000 1104.9038 5.8509 35.0632
1117.0000 1106.8805 5.8293 35.0629
1119.0000 1108.8571 5.8150 35.0619
1121.0000 1110.8335 5.8078 35.0625
1123.0000 1112.8102 5.8002 35.0611
1125.0000 1114.7866 5.7666 35.0602
1127.0000 1116.7632 5.7566 35.0594
1129.0000 1118.7397 5.7352 35.0588
1131.0000 1120.7163 5.7139 35.0575
1133.0000 1122.6929 5.6991 35.0576
1135.0000 1124.6692 5.6920 35.0559
1137.0000 1126.6456 5.6502 35.0547
1139.0000 1128.6219 5.6378 35.0539
1141.0000 1130.5984 5.6133 35.0510
1143.0000 1132.5748 5.5917 35.0504
1145.0000 1134.5511 5.5897 35.0517
1147.0000 1136.5276 5.5872 35.0528
1149.0000 1138.5038 5.5826 35.0539
1151.0000 1140.4802 5.5608 35.0522
1153.0000 1142.4565 5.5476 35.0516
1155.0000 1144.4326 5.5402 35.0512
1157.0000 1146.4089 5.5292 35.0505
1159.0000 1148.3851 5.5123 35.0495
1161.0000 1150.3615 5.5004 35.0503
1163.0000 1152.3375 5.4898 35.0504
1165.0000 1154.3138 5.4858 35.0519
1167.0000 1156.2899 5.4688 35.0526
1169.0000 1158.2660 5.4555 35.0530
1171.0000 1160.2422 5.4496 35.0528
1173.0000 1162.2183 5.4451 35.0524
1175.0000 1164.1943 5.4423 35.0526
1177.0000 1166.1703 5.4339 35.0515
1179.0000 1168.1464 5.4069 35.0517
1181.0000 1170.1226 5.3964 35.0510
1183.0000 1172.0984 5.4015 35.0513
1185.0000 1174.0745 5.3848 35.0511
1187.0000 1176.0505 5.3883 35.0550
1189.0000 1178.0265 5.3901 35.0563
1191.0000 1180.0023 5.3825 35.0557
1193.0000 1181.9781 5.3669 35.0549
1195.0000 1183.9541 5.3768 35.0557
1197.0000 1185.9298 5.3778 35.0594
1199.0000 1187.9058 5.3734 35.0589
1201.0000 1189.8817 5.3675 35.0587
1203.0000 1191.8575 5.3629 35.0593
1205.0000 1193.8333 5.3673 35.0618
1207.0000 1195.8091 5.3591 35.0627
1209.0000 1197.7849 5.3565 35.0632
1211.0000 1199.7605 5.3363 35.0616
1213.0000 1201.7363 5.3330 35.0633
1215.0000 1203.7120 5.3310 35.0644
1217.0000 1205.6877 5.3220 35.0632
1219.0000 1207.6633 5.3169 35.0633
1221.0000 1209.6389 5.3167 35.0634
1223.0000 1211.6146 5.3178 35.0640
1225.0000 1213.5902 5.3044 35.0632
1227.0000 1215.5658 5.2963 35.0628
1229.0000 1217.5414 5.2755 35.0599
1231.0000 1219.5170 5.2739 35.0603
1233.0000 1221.4926 5.2599 35.0599
1235.0000 1223.4680 5.2418 35.0588
1237.0000 1225.4437 5.2339 35.0580
1239.0000 1227.4191 5.2176 35.0579
1241.0000 1229.3945 5.2175 35.0591
1243.0000 1231.3700 5.2145 35.0588
1245.0000 1233.3453 5.2065 35.0580
1247.0000 1235.3208 5.1924 35.0573
1249.0000 1237.2963 5.1714 35.0559
1251.0000 1239.2716 5.1651 35.0556
1253.0000 1241.2469 5.1577 35.0553
1255.0000 1243.2223 5.1502 35.0548
1257.0000 1245.1976 5.1420 35.0540
1259.0000 1247.1729 5.1320 35.0531
1261.0000 1249.1482 5.1260 35.0529
1263.0000 1251.1234 5.1183 35.0523
1265.0000 1253.0988 5.1060 35.0519
1267.0000 1255.0740 5.0996 35.0520
1269.0000 1257.0491 5.0975 35.0534
1271.0000 1259.0243 5.0847 35.0526
1273.0000 1260.9994 5.0922 35.0527
1275.0000 1262.9745 5.0748 35.0520
1277.0000 1264.9497 5.0578 35.0512
1279.0000 1266.9247 5.0488 35.0502
1281.0000 1268.8998 5.0428 35.0495
1283.0000 1270.8749 5.0301 35.0489
1285.0000 1272.8500 5.0183 35.0480
1287.0000 1274.8250 5.0116 35.0479
1289.0000 1276.8000 5.0057 35.0475
1291.0000 1278.7750 5.0007 35.0474
1293.0000 1280.7500 4.9967 35.0475
1295.0000 1282.7250 4.9914 35.0482
1297.0000 1284.7000 4.9888 35.0489
1299.0000 1286.6749 4.9897 35.0491
1301.0000 1288.6497 4.9859 35.0493
1303.0000 1290.6248 4.9759 35.0496
1305.0000 1292.5996 4.9716 35.0493
1307.0000 1294.5745 4.9724 35.0494
1309.0000 1296.5493 4.9657 35.0489
1311.0000 1298.5243 4.9608 35.0494
1313.0000 1300.4990 4.9590 35.0498
1315.0000 1302.4736 4.9532 35.0498
1317.0000 1304.4485 4.9450 35.0493
1319.0000 1306.4232 4.9331 35.0486
1321.0000 1308.3979 4.9268 35.0480
1323.0000 1310.3726 4.9231 35.0483
1325.0000 1312.3474 4.9145 35.0480
1327.0000 1314.3220 4.9093 35.0477
1329.0000 1316.2966 4.8930 35.0465
1331.0000 1318.2712 4.8854 35.0461
1333.0000 1320.2458 4.8676 35.0446
1335.0000 1322.2205 4.8596 35.0441
1337.0000 1324.1951 4.8520 35.0435
1339.0000 1326.1696 4.8516 35.0434
1341.0000 1328.1440 4.8338 35.0411
1343.0000 1330.1187 4.8066 35.0394
1345.0000 1332.0931 4.7968 35.0396
1347.0000 1334.0676 4.7883 35.0388
1349.0000 1336.0420 4.7744 35.0378
1351.0000 1338.0165 4.7667 35.0374
1353.0000 1339.9910 4.7625 35.0371
1355.0000 1341.9652 4.7522 35.0369
1357.0000 1343.9398 4.7501 35.0376
1359.0000 1345.9142 4.7481 35.0377
1361.0000 1347.8885 4.7412 35.0373
1363.0000 1349.8628 4.7368 35.0377
1365.0000 1351.8372 4.7473 35.0407
1367.0000 1353.8115 4.7474 35.0400
1369.0000 1355.7856 4.7442 35.0404
1371.0000 1357.7600 4.7369 35.0416
1373.0000 1359.7343 4.7278 35.0408
1375.0000 1361.7084 4.7213 35.0406
1377.0000 1363.6825 4.7142 35.0401
1379.0000 1365.6569 4.7182 35.0399
1381.0000 1367.6310 4.7005 35.0395
1383.0000 1369.6051 4.6946 35.0386
1385.0000 1371.5792 4.6857 35.0377
1387.0000 1373.5535 4.6902 35.0380
1389.0000 1375.5276 4.6593 35.0340
1391.0000 1377.5015 4.6424 35.0330
1393.0000 1379.4756 4.6380 35.0329
1395.0000 1381.4496 4.6450 35.0332
1397.0000 1383.4236 4.6233 35.0315
1399.0000 1385.3976 4.6117 35.0309
1401.0000 1387.3716 4.6070 35.0302
1403.0000 1389.3457 4.6109 35.0312
1405.0000 1391.3195 4.5917 35.0281
1407.0000 1393.2935 4.5749 35.0267
1409.0000 1395.2675 4.5551 35.0249
1411.0000 1397.2412 4.5422 35.0235
1413.0000 1399.2151 4.5443 35.0242
1415.0000 1401.1890 4.5505 35.0245
1417.0000 1403.1627 4.5246 35.0230
1419.0000 1405.1366 4.5181 35.0230
1421.0000 1407.1105 4.5164 35.0228
1423.0000 1409.0842 4.5139 35.0227
1425.0000 1411.0580 4.5101 35.0226
1427.0000 1413.0317 4.5075 35.0226
1429.0000 1415.0055 4.5063 35.0226
1431.0000 1416.9791 4.5043 35.0223
1433.0000 1418.9528 4.4976 35.0219
1435.0000 1420.9265 4.4929 35.0216
1437.0000 1422.9001 4.4907 35.0216
1439.0000 1424.8738 4.4864 35.0214
1441.0000 1426.8474 4.4818 35.0210
1443.0000 1428.8209 4.4730 35.0199
1445.0000 1430.7944 4.4729 35.0204
1447.0000 1432.7679 4.4677 35.0193
1449.0000 1434.7417 4.4543 35.0186
1451.0000 1436.7153 4.4499 35.0187
1453.0000 1438.6887 4.4476 35.0188
1455.0000 1440.6621 4.4559 35.0190
1457.0000 1442.6356 4.4431 35.0188
1459.0000 1444.6089 4.4381 35.0187
1461.0000 1446.5824 4.4358 35.0185
1463.0000 1448.5560 4.4315 35.0179
1465.0000 1450.5294 4.4372 35.0182
1467.0000 1452.5026 4.4265 35.0175
1469.0000 1454.4761 4.4195 35.0171
1471.0000 1456.4493 4.4179 35.0172
1473.0000 1458.4225 4.4157 35.0169
1475.0000 1460.3960 4.4119 35.0169
1477.0000 1462.3693 4.4172 35.0170
1479.0000 1464.3424 4.4000 35.0168
1481.0000 1466.3157 4.3908 35.0159
1483.0000 1468.2889 4.3855 35.0156
1485.0000 1470.2622 4.3839 35.0155
1487.0000 1472.2354 4.3975 35.0164
1489.0000 1474.2085 4.3850 35.0154
1491.0000 1476.1816 4.3808 35.0153
1493.0000 1478.1548 4.3765 35.0149
1495.0000 1480.1278 4.3670 35.0144
1497.0000 1482.1011 4.3737 35.0149
1499.0000 1484.0742 4.3589 35.0137
1501.0000 1486.0470 4.3485 35.0136
1503.0000 1488.0201 4.3417 35.0133
1505.0000 1489.9932 4.3377 35.0131
1507.0000 1491.9662 4.3339 35.0127
1509.0000 1493.9392 4.3350 35.0129
1511.0000 1495.9121 4.3279 35.0121
1513.0000 1497.8851 4.3189 35.0120
1515.0000 1499.8579 4.3166 35.0117
1517.0000 1501.8309 4.3130 35.0117
1519.0000 1503.8038 4.3206 35.0122
1521.0000 1505.7766 4.3176 35.0120
1523.0000 1507.7495 4.3042 35.0120
1525.0000 1509.7224 4.3019 35.0120
1527.0000 1511.6953 4.3008 35.0120
1529.0000 1513.6680 4.3061 35.0121
1531.0000 1515.6407 4.3037 35.0124
1533.0000 1517.6135 4.2956 35.0130
1535.0000 1519.5863 4.2877 35.0129
1537.0000 1521.5591 4.2843 35.0126
1539.0000 1523.5317 4.2767 35.0118
1541.0000 1525.5043 4.2801 35.0120
1543.0000 1527.4771 4.2719 35.0118
1545.0000 1529.4498 4.2719 35.0119
1547.0000 1531.4224 4.2720 35.0120
1549.0000 1533.3949 4.2678 35.0117
1551.0000 1535.3677 4.2650 35.0118
1553.0000 1537.3402 4.2620 35.0125
1555.0000 1539.3126 4.2633 35.0133
1557.0000 1541.2852 4.2581 35.0130
1559.0000 1543.2578 4.2598 35.0133
1561.0000 1545.2303 4.2587 35.0143
1563.0000 1547.2026 4.2527 35.0135
1565.0000 1549.1752 4.2495 35.0127
1567.0000 1551.1478 4.2270 35.0106
1569.0000 1553.1201 4.2210 35.0099
1571.0000 1555.0925 4.2205 35.0102
1573.0000 1557.0649 4.2221 35.0113
1575.0000 1559.0374 4.2208 35.0113
1577.0000 1561.0096 4.2188 35.0112
1579.0000 1562.9819 4.2213 35.0115
1581.0000 1564.9542 4.2342 35.0153
1583.0000 1566.9266 4.2362 35.0158
1585.0000 1568.8989 4.2320 35.0150
1587.0000 1570.8712 4.2255 35.0143
1589.0000 1572.8435 4.2238 35.0142
1591.0000 1574.8156 4.2282 35.0142
1593.0000 1576.7878 4.2073 35.0118
1595.0000 1578.7600 4.1949 35.0105
1597.0000 1580.7322 4.1900 35.0100
1599.0000 1582.7043 4.1835 35.0090
1601.0000 1584.6765 4.1955 35.0106
1603.0000 1586.6487 4.1677 35.0061
1605.0000 1588.6207 4.1538 35.0056
1607.0000 1590.5928 4.1515 35.0053
1609.0000 1592.5648 4.1455 35.0042
1611.0000 1594.5369 4.1526 35.0052
1613.0000 1596.5089 4.1369 35.0035
1615.0000 1598.4810 4.1318 35.0033
1617.0000 1600.4529 4.1333 35.0043
1619.0000 1602.4249 4.1345 35.0048
1621.0000 1604.3969 4.1356 35.0059
1623.0000 1606.3689 4.1375 35.0070
1625.0000 1608.3407 4.1378 35.0075
1627.0000 1610.3125 4.1367 35.0075
1629.0000 1612.2844 4.1306 35.0071
1631.0000 1614.2562 4.1319 35.0067
1633.0000 1616.2281 4.1238 35.0064
1635.0000 1618.2000 4.1181 35.0057
1637.0000 1620.1719 4.1100 35.0050
1639.0000 1622.1436 4.1014 35.0042
1641.0000 1624.1154 4.1005 35.0044
1643.0000 1626.0872 4.0985 35.0048
1645.0000 1628.0588 4.0935 35.0045
1647.0000 1630.0304 4.0904 35.0045
1649.0000 1632.0023 4.0888 35.0042
1651.0000 1633.9740 4.0885 35.0041
1653.0000 1635.9454 4.0808 35.0036
1655.0000 1637.9172 4.0786 35.0032
1657.0000 1639.8889 4.0753 35.0030
1659.0000 1641.8602 4.0730 35.0025
1661.0000 1643.8320 4.0676 35.0022
1663.0000 1645.8036 4.0608 35.0014
1665.0000 1647.7751 4.0459 34.9999
1667.0000 1649.7466 4.0356 34.9990
1669.0000 1651.7181 4.0325 34.9988
1671.0000 1653.6896 4.0289 34.9985
1673.0000 1655.6611 4.0247 34.9982
1675.0000 1657.6326 4.0241 34.9984
1677.0000 1659.6041 4.0210 34.9982
1679.0000 1661.5753 4.0163 34.9978
1681.0000 1663.5469 4.0163 34.9976
1683.0000 1665.5183 4.0042 34.9965
1685.0000 1667.4896 3.9914 34.9951
1687.0000 1669.4608 3.9847 34.9947
1689.0000 1671.4324 3.9817 34.9943
1691.0000 1673.4037 3.9719 34.9932
1693.0000 1675.3749 3.9611 34.9925
1695.0000 1677.3462 3.9589 34.9925
1697.0000 1679.3174 3.9574 34.9925
1699.0000 1681.2887 3.9566 34.9924
1701.0000 1683.2599 3.9546 34.9922
1703.0000 1685.2310 3.9529 34.9922
1705.0000 1687.2023 3.9515 34.9921
1707.0000 1689.1732 3.9481 34.9918
1709.0000 1691.1447 3.9450 34.9916
1711.0000 1693.1157 3.9455 34.9915
1713.0000 1695.0869 3.9408 34.9910
1715.0000 1697.0579 3.9382 34.9911
1717.0000 1699.0289 3.9369 34.9909
1719.0000 1701.0001 3.9336 34.9907
1721.0000 1702.9708 3.9386 34.9910
1723.0000 1704.9420 3.9357 34.9906
1725.0000 1706.9131 3.9275 34.9902
1727.0000 1708.8840 3.9225 34.9900
1729.0000 1710.8550 3.9180 34.9896
1731.0000 1712.8259 3.9147 34.9893
1733.0000 1714.7969 3.9154 34.9894
1735.0000 1716.7676 3.9057 34.9888
1737.0000 1718.7385 3.8994 34.9882
1739.0000 1720.7097 3.8924 34.9875
1741.0000 1722.6802 3.8914 34.9875
1743.0000 1724.6511 3.8849 34.9869
1745.0000 1726.6221 3.8810 34.9865
1747.0000 1728.5928 3.8802 34.9865
1749.0000 1730.5635 3.8792 34.9865
1751.0000 1732.5343 3.8736 34.9861
1753.0000 1734.5051 3.8731 34.9860
1755.0000 1736.4757 3.8730 34.9861
1757.0000 1738.4464 3.8692 34.9856
1759.0000 1740.4171 3.8665 34.9859
1761.0000 1742.3878 3.8671 34.9864
1763.0000 1744.3584 3.8623 34.9860
1765.0000 1746.3291 3.8561 34.9856
1767.0000 1748.2998 3.8514 34.9853
1769.0000 1750.2701 3.8472 34.9850
1771.0000 1752.2408 3.8426 34.9847
1773.0000 1754.2115 3.8399 34.9845
1775.0000 1756.1821 3.8353 34.9841
1777.0000 1758.1525 3.8301 34.9837
1779.0000 1760.1229 3.8278 34.9839
1781.0000 1762.0936 3.8262 34.9843
1783.0000 1764.0637 3.8223 34.9840
1785.0000 1766.0344 3.8163 34.9835
1787.0000 1768.0048 3.8132 34.9834
1789.0000 1769.9755 3.8106 34.9833
1791.0000 1771.9456 3.8067 34.9828
1793.0000 1773.9161 3.8001 34.9820
1795.0000 1775.8865 3.7963 34.9819
1797.0000 1777.8566 3.8000 34.9832
1799.0000 1779.8270 3.8009 34.9834
1801.0000 1781.7974 3.8003 34.9833
1803.0000 1783.7675 3.7993 34.9834
1805.0000 1785.7378 3.7975 34.9835
1807.0000 1787.7083 3.7972 34.9832
1809.0000 1789.6783 3.7906 34.9826
1811.0000 1791.6484 3.7891 34.9826
1813.0000 1793.6188 3.7878 34.9823
1815.0000 1795.5891 3.7850 34.9822
1817.0000 1797.5590 3.7852 34.9821
1819.0000 1799.5293 3.7772 34.9817
1821.0000 1801.4994 3.7764 34.9819
1823.0000 1803.4696 3.7746 34.9817
1825.0000 1805.4393 3.7714 34.9815
1827.0000 1807.4097 3.7674 34.9812
1829.0000 1809.3795 3.7709 34.9812
1831.0000 1811.3496 3.7647 34.9813
1833.0000 1813.3196 3.7609 34.9815
1835.0000 1815.2898 3.7583 34.9813
1837.0000 1817.2596 3.7595 34.9812
1839.0000 1819.2296 3.7603 34.9811
1841.0000 1821.1995 3.7535 34.9811
1843.0000 1823.1696 3.7522 34.9812
1845.0000 1825.1393 3.7509 34.9812
1847.0000 1827.1091 3.7507 34.9811
1849.0000 1829.0790 3.7474 34.9810
1851.0000 1831.0491 3.7449 34.9810
1853.0000 1833.0186 3.7410 34.9808
1855.0000 1834.9885 3.7388 34.9808
1857.0000 1836.9584 3.7390 34.9808
1859.0000 1838.9281 3.7380 34.9807
1861.0000 1840.8977 3.7387 34.9806
1863.0000 1842.8676 3.7343 34.9805
1865.0000 1844.8372 3.7313 34.9807
1867.0000 1846.8070 3.7311 34.9807
1869.0000 1848.7769 3.7308 34.9806
1871.0000 1850.7463 3.7250 34.9799
1873.0000 1852.7161 3.7207 34.9797
1875.0000 1854.6854 3.7189 34.9796
1877.0000 1856.6554 3.7148 34.9796
1879.0000 1858.6246 3.7099 34.9795
1881.0000 1860.5944 3.7076 34.9792
1883.0000 1862.5640 3.7047 34.9791
1885.0000 1864.5337 3.7019 34.9790
1887.0000 1866.5029 3.6962 34.9786
1889.0000 1868.4724 3.6919 34.9785
1891.0000 1870.4420 3.6913 34.9786
1893.0000 1872.4114 3.6900 34.9788
1895.0000 1874.3810 3.6894 34.9788
1897.0000 1876.3502 3.6896 34.9789
1899.0000 1878.3197 3.6875 34.9791
1901.0000 1880.2889 3.6852 34.9790
1903.0000 1882.2584 3.6858 34.9789
1905.0000 1884.2277 3.6824 34.9786
1907.0000 1886.1970 3.6797 34.9787
1909.0000 1888.1664 3.6791 34.9787
1911.0000 1890.1357 3.6778 34.9785
1913.0000 1892.1051 3.6755 34.9784
1915.0000 1894.0742 3.6746 34.9786
1917.0000 1896.0435 3.6741 34.9785
1919.0000 1898.0127 3.6733 34.9784
1921.0000 1899.9818 3.6680 34.9781
1923.0000 1901.9513 3.6654 34.9780
1925.0000 1903.9203 3.6624 34.9780
1927.0000 1905.8894 3.6619 34.9779
1929.0000 1907.8584 3.6583 34.9776
1931.0000 1909.8276 3.6542 34.9777
1933.0000 1911.7969 3.6564 34.9776
1935.0000 1913.7657 3.6523 34.9776
1937.0000 1915.7350 3.6501 34.9776
1939.0000 1917.7039 3.6499 34.9775
1941.0000 1919.6729 3.6498 34.9775
1943.0000 1921.6420 3.6487 34.9774
1945.0000 1923.6110 3.6452 34.9774
1947.0000 1925.5801 3.6413 34.9771
1949.0000 1927.5487 3.6354 34.9769
1951.0000 1929.5179 3.6343 34.9770
1953.0000 1931.4869 3.6369 34.9770
1955.0000 1933.4554 3.6332 34.9768
1957.0000 1935.4244 3.6258 34.9766
1959.0000 1937.3933 3.6254 34.9770
1961.0000 1939.3623 3.6281 34.9775
1963.0000 1941.3309 3.6270 34.9773
1965.0000 1943.2998 3.6295 34.9780
1967.0000 1945.2687 3.6405 34.9810
1969.0000 1947.2374 3.6262 34.9785
1971.0000 1949.2061 3.6158 34.9776
1973.0000 1951.1749 3.6150 34.9778
1975.0000 1953.1436 3.6108 34.9779
1977.0000 1955.1122 3.6010 34.9765
1979.0000 1957.0811 3.5974 34.9763
1981.0000 1959.0497 3.5967 34.9762
1983.0000 1961.0181 3.5942 34.9761
1985.0000 1962.9869 3.5904 34.9761
1987.0000 1964.9556 3.5941 34.9761
1989.0000 1966.9242 3.5868 34.9758
1991.0000 1968.8926 3.5817 34.9760
1993.0000 1970.8612 3.5808 34.9760
1995.0000 1972.8298 3.5802 34.9759
1997.0000 1974.7983 3.5815 34.9758
1999.0000 1976.7667 3.5815 34.9758
2001.0000 1978.7354 3.5754 34.9756
2003.0000 1980.7037 3.5680 34.9751
2005.0000 1982.6720 3.5651 34.9749
2007.0000 1984.6406 3.5631 34.9747
2009.0000 1986.6088 3.5608 34.9746
2011.0000 1988.5773 3.5588 34.9746
2013.0000 1990.5457 3.5579 34.9745
2015.0000 1992.5140 3.5556 34.9744
2017.0000 1994.4823 3.5549 34.9744
2019.0000 1996.4507 3.5535 34.9741
2021.0000 1998.4191 3.5503 34.9742
2023.0000 2000.3873 3.5490 34.9742
2025.0000 2002.3556 3.5470 34.9739
2027.0000 2004.3237 3.5463 34.9740
2029.0000 2006.2920 3.5419 34.9741
2031.0000 2008.2601 3.5421 34.9745
2033.0000 2010.2284 3.5419 34.9746
2035.0000 2012.1965 3.5399 34.9746
2037.0000 2014.1648 3.5415 34.9743
2039.0000 2016.1328 3.5317 34.9738
2041.0000 2018.1008 3.5282 34.9739
2043.0000 2020.0690 3.5277 34.9739
2045.0000 2022.0370 3.5276 34.9741
2047.0000 2024.0050 3.5297 34.9739
2049.0000 2025.9733 3.5282 34.9740
2051.0000 2027.9414 3.5223 34.9741
2053.0000 2029.9092 3.5191 34.9746
2055.0000 2031.8772 3.5172 34.9748
2057.0000 2033.8452 3.5212 34.9744
2059.0000 2035.8130 3.5176 34.9742
2061.0000 2037.7810 3.5084 34.9745
2063.0000 2039.7490 3.5062 34.9744
2065.0000 2041.7168 3.5039 34.9744
2067.0000 2043.6846 3.5061 34.9744
2069.0000 2045.6526 3.5026 34.9744
2071.0000 2047.6206 3.4977 34.9748
2073.0000 2049.5881 3.4971 34.9747
2075.0000 2051.5559 3.4963 34.9746
2077.0000 2053.5239 3.4963 34.9745
2079.0000 2055.4915 3.4942 34.9745
2081.0000 2057.4595 3.4914 34.9745
2083.0000 2059.4272 3.4908 34.9745
2085.0000 2061.3950 3.4913 34.9748
2087.0000 2063.3625 3.4916 34.9746
2089.0000 2065.3301 3.4871 34.9741
2091.0000 2067.2979 3.4758 34.9731
2093.0000 2069.2654 3.4676 34.9727
2095.0000 2071.2332 3.4656 34.9724
2097.0000 2073.2007 3.4642 34.9726
2099.0000 2075.1685 3.4634 34.9726
2101.0000 2077.1357 3.4629 34.9726
2103.0000 2079.1035 3.4619 34.9726
2105.0000 2081.0710 3.4613 34.9726
2107.0000 2083.0383 3.4605 34.9729
2109.0000 2085.0059 3.4601 34.9727
2111.0000 2086.9734 3.4596 34.9731
2113.0000 2088.9409 3.4607 34.9733
2115.0000 2090.9082 3.4608 34.9738
2117.0000 2092.8757 3.4596 34.9738
2119.0000 2094.8433 3.4571 34.9738
2121.0000 2096.8103 3.4554 34.9737
2123.0000 2098.7778 3.4523 34.9733
2125.0000 2100.7454 3.4470 34.9730
2127.0000 2102.7124 3.4488 34.9731
2129.0000 2104.6802 3.4422 34.9727
2131.0000 2106.6472 3.4382 34.9729
2133.0000 2108.6145 3.4323 34.9724
2135.0000 2110.5818 3.4343 34.9724
2137.0000 2112.5491 3.4283 34.9724
2139.0000 2114.5161 3.4279 34.9723
2141.0000 2116.4832 3.4276 34.9722
2143.0000 2118.4507 3.4271 34.9722
2145.0000 2120.4177 3.4249 34.9722
2147.0000 2122.3853 3.4228 34.9725
2149.0000 2124.3518 3.4198 34.9723
2151.0000 2126.3191 3.4215 34.9732
2153.0000 2128.2864 3.4231 34.9730
2155.0000 2130.2534 3.4348 34.9771
2157.0000 2132.2205 3.4419 34.9788
2159.0000 2134.1875 3.4425 34.9790
2161.0000 2136.1545 3.4429 34.9789
2163.0000 2138.1213 3.4375 34.9778
2165.0000 2140.0886 3.4233 34.9757
2167.0000 2142.0557 3.4214 34.9758
2169.0000 2144.0222 3.4210 34.9757
2171.0000 2145.9893 3.4207 34.9758
2173.0000 2147.9563 3.4231 34.9759
2175.0000 2149.9233 3.4213 34.9763
2177.0000 2151.8901 3.4212 34.9769
2179.0000 2153.8569 3.4209 34.9767
2181.0000 2155.8237 3.4215 34.9765
2183.0000 2157.7905 3.4207 34.9767
2185.0000 2159.7576 3.4214 34.9769
2187.0000 2161.7241 3.4210 34.9767
2189.0000 2163.6909 3.4170 34.9763
2191.0000 2165.6575 3.4179 34.9763
2193.0000 2167.6245 3.4148 34.9759
2195.0000 2169.5911 3.4095 34.9755
2197.0000 2171.5576 3.4067 34.9751
2199.0000 2173.5247 3.4072 34.9754
2201.0000 2175.4915 3.4129 34.9771
2203.0000 2177.4578 3.4127 34.9772
2205.0000 2179.4246 3.4040 34.9761
2207.0000 2181.3911 3.3963 34.9752
2209.0000 2183.3577 3.3918 34.9749
2211.0000 2185.3242 3.3907 34.9751
2213.0000 2187.2908 3.3934 34.9751
2215.0000 2189.2573 3.3908 34.9753
2217.0000 2191.2236 3.3887 34.9751
2219.0000 2193.1902 3.3865 34.9751
2221.0000 2195.1570 3.3842 34.9750
2223.0000 2197.1235 3.3844 34.9751
2225.0000 2199.0898 3.3739 34.9733
2227.0000 2201.0564 3.3726 34.9738
2229.0000 2203.0225 3.3742 34.9739
2231.0000 2204.9888 3.3739 34.9745
2233.0000 2206.9553 3.3748 34.9754
2235.0000 2208.9216 3.3758 34.9758
2237.0000 2210.8882 3.3778 34.9764
2239.0000 2212.8542 3.3787 34.9763
2241.0000 2214.8208 3.3782 34.9763
2243.0000 2216.7871 3.3796 34.9773
2245.0000 2218.7532 3.3849 34.9784
2247.0000 2220.7195 3.3815 34.9777
2249.0000 2222.6858 3.3740 34.9770
2251.0000 2224.6521 3.3723 34.9769
2253.0000 2226.6182 3.3737 34.9769
2255.0000 2228.5842 3.3671 34.9765
2257.0000 2230.5505 3.3620 34.9756
2259.0000 2232.5164 3.3524 34.9749
2261.0000 2234.4827 3.3510 34.9746
2263.0000 2236.4487 3.3594 34.9754
2265.0000 2238.4146 3.3512 34.9745
2267.0000 2240.3809 3.3447 34.9734
2269.0000 2242.3472 3.3286 34.9713
2271.0000 2244.3132 3.3224 34.9707
2273.0000 2246.2791 3.3354 34.9724
2275.0000 2248.2449 3.3297 34.9720
2277.0000 2250.2112 3.3274 34.9727
2279.0000 2252.1770 3.3230 34.9723
2281.0000 2254.1426 3.3200 34.9716
2283.0000 2256.1089 3.3233 34.9729
2285.0000 2258.0747 3.3272 34.9728
2287.0000 2260.0405 3.3230 34.9732
2289.0000 2262.0066 3.3202 34.9732
2291.0000 2263.9724 3.3172 34.9724
2293.0000 2265.9380 3.3108 34.9719
2295.0000 2267.9041 3.3141 34.9723
2297.0000 2269.8699 3.3137 34.9722
2299.0000 2271.8357 3.3104 34.9722
2301.0000 2273.8013 3.3100 34.9720
2303.0000 2275.7673 3.3081 34.9718
2305.0000 2277.7329 3.3067 34.9717
2307.0000 2279.6982 3.3043 34.9713
2309.0000 2281.6641 3.3018 34.9710
2311.0000 2283.6299 3.3024 34.9717
2313.0000 2285.5955 3.3041 34.9719
2315.0000 2287.5610 3.3049 34.9723
2317.0000 2289.5266 3.3049 34.9721
2319.0000 2291.4924 3.3051 34.9722
2321.0000 2293.4578 3.3041 34.9721
2323.0000 2295.4236 3.2942 34.9711
2325.0000 2297.3889 3.2943 34.9714
2327.0000 2299.3545 3.2966 34.9719
2329.0000 2301.3201 3.2963 34.9723
2331.0000 2303.2856 3.2939 34.9722
2333.0000 2305.2512 3.2920 34.9720
2335.0000 2307.2166 3.2892 34.9714
2337.0000 2309.1819 3.2833 34.9713
2339.0000 2311.1475 3.2836 34.9716
2341.0000 2313.1128 3.2813 34.9716
2343.0000 2315.0781 3.2794 34.9715
2345.0000 2317.0435 3.2811 34.9714
2347.0000 2319.0088 3.2728 34.9706
2349.0000 2320.9741 3.2706 34.9704
2351.0000 2322.9392 3.2715 34.9710
2353.0000 2324.9048 3.2721 34.9707
2355.0000 2326.8699 3.2694 34.9708
2357.0000 2328.8352 3.2642 34.9702
2359.0000 2330.8003 3.2636 34.9702
2361.0000 2332.7656 3.2599 34.9698
2363.0000 2334.7307 3.2588 34.9699
2365.0000 2336.6960 3.2574 34.9700
2367.0000 2338.6614 3.2557 34.9698
2369.0000 2340.6262 3.2522 34.9695
2371.0000 2342.5913 3.2517 34.9694
2373.0000 2344.5566 3.2520 34.9693
2375.0000 2346.5217 3.2465 34.9690
2377.0000 2348.4868 3.2433 34.9688
2379.0000 2350.4519 3.2415 34.9687
2381.0000 2352.4170 3.2398 34.9688
2383.0000 2354.3818 3.2421 34.9690
2385.0000 2356.3469 3.2408 34.9695
2387.0000 2358.3120 3.2398 34.9696
2389.0000 2360.2769 3.2390 34.9696
2391.0000 2362.2419 3.2370 34.9694
2393.0000 2364.2068 3.2322 34.9694
2395.0000 2366.1719 3.2280 34.9693
2397.0000 2368.1365 3.2261 34.9693
2399.0000 2370.1016 3.2248 34.9691
2401.0000 2372.0664 3.2237 34.9691
2403.0000 2374.0310 3.2223 34.9690
2405.0000 2375.9958 3.2216 34.9689
2407.0000 2377.9607 3.2212 34.9689
2409.0000 2379.9255 3.2199 34.9687
2411.0000 2381.8901 3.2139 34.9682
2413.0000 2383.8550 3.2114 34.9681
2415.0000 2385.8198 3.2104 34.9679
2417.0000 2387.7844 3.2089 34.9677
2419.0000 2389.7495 3.2098 34.9676
2421.0000 2391.7141 3.2060 34.9675
2423.0000 2393.6787 3.2041 34.9673
2425.0000 2395.6433 3.2030 34.9673
2427.0000 2397.6079 3.2038 34.9672
2429.0000 2399.5728 3.2024 34.9673
2431.0000 2401.5371 3.2016 34.9671
2433.0000 2403.5017 3.1956 34.9665
2435.0000 2405.4663 3.1947 34.9664
2437.0000 2407.4309 3.1949 34.9664
2439.0000 2409.3953 3.1940 34.9664
2441.0000 2411.3596 3.1914 34.9661
2443.0000 2413.3245 3.1889 34.9660
2445.0000 2415.2886 3.1882 34.9661
2447.0000 2417.2529 3.1865 34.9661
2449.0000 2419.2178 3.1843 34.9660
2451.0000 2421.1819 3.1849 34.9658
2453.0000 2423.1462 3.1817 34.9660
2455.0000 2425.1108 3.1817 34.9660
2457.0000 2427.0754 3.1812 34.9661
2459.0000 2429.0393 3.1802 34.9660
2461.0000 2431.0039 3.1795 34.9659
2463.0000 2432.9683 3.1777 34.9657
2465.0000 2434.9324 3.1748 34.9656
2467.0000 2436.8965 3.1739 34.9656
2469.0000 2438.8611 3.1727 34.9654
2471.0000 2440.8252 3.1705 34.9651
2473.0000 2442.7893 3.1681 34.9650
2475.0000 2444.7534 3.1678 34.9649
2477.0000 2446.7178 3.1649 34.9649
2479.0000 2448.6816 3.1635 34.9648
2481.0000 2450.6460 3.1632 34.9648
2483.0000 2452.6104 3.1637 34.9646
2485.0000 2454.5745 3.1616 34.9646
2487.0000 2456.5383 3.1586 34.9644
2489.0000 2458.5024 3.1536 34.9639
2491.0000 2460.4666 3.1523 34.9639
2493.0000 2462.4304 3.1512 34.9638
2495.0000 2464.3945 3.1497 34.9637
2497.0000 2466.3584 3.1480 34.9636
2499.0000 2468.3225 3.1471 34.9636
2501.0000 2470.2864 3.1456 34.9635
2503.0000 2472.2505 3.1436 34.9632
2505.0000 2474.2146 3.1428 34.9633
2507.0000 2476.1782 3.1411 34.9631
2509.0000 2478.1421 3.1400 34.9631
2511.0000 2480.1060 3.1368 34.9626
2513.0000 2482.0701 3.1330 34.9624
2515.0000 2484.0337 3.1350 34.9625
2517.0000 2485.9973 3.1289 34.9619
2519.0000 2487.9612 3.1247 34.9619
2521.0000 2489.9250 3.1231 34.9617
2523.0000 2491.8889 3.1181 34.9612
2525.0000 2493.8525 3.1224 34.9614
2527.0000 2495.8162 3.1142 34.9609
2529.0000 2497.7800 3.1107 34.9607
2531.0000 2499.7437 3.1085 34.9604
2533.0000 2501.7075 3.1037 34.9600
2535.0000 2503.6711 3.1031 34.9599
2537.0000 2505.6348 3.0991 34.9594
2539.0000 2507.5984 3.0957 34.9593
2541.0000 2509.5618 3.0926 34.9592
2543.0000 2511.5254 3.0915 34.9594
2545.0000 2513.4890 3.0912 34.9596
2547.0000 2515.4526 3.0891 34.9593
2549.0000 2517.4163 3.0872 34.9591
2551.0000 2519.3799 3.0869 34.9591
2553.0000 2521.3433 3.0861 34.9589
2555.0000 2523.3066 3.0849 34.9588
2557.0000 2525.2700 3.0833 34.9586
2559.0000 2527.2334 3.0807 34.9583
2561.0000 2529.1970 3.0767 34.9580
2563.0000 2531.1604 3.0737 34.9577
2565.0000 2533.1238 3.0699 34.9574
2567.0000 2535.0872 3.0665 34.9572
2569.0000 2537.0503 3.0647 34.9572
2571.0000 2539.0137 3.0577 34.9564
2573.0000 2540.9771 3.0533 34.9563
2575.0000 2542.9407 3.0531 34.9563
2577.0000 2544.9036 3.0537 34.9561
2579.0000 2546.8669 3.0489 34.9559
2581.0000 2548.8303 3.0472 34.9557
2583.0000 2550.7932 3.0462 34.9556
2585.0000 2552.7568 3.0453 34.9556
2587.0000 2554.7200 3.0446 34.9555
2589.0000 2556.6829 3.0440 34.9555
2591.0000 2558.6460 3.0434 34.9554
2593.0000 2560.6094 3.0403 34.9550
2595.0000 2562.5725 3.0388 34.9548
2597.0000 2564.5356 3.0334 34.9545
2599.0000 2566.4985 3.0335 34.9547
2601.0000 2568.4619 3.0334 34.9546
2603.0000 2570.4246 3.0336 34.9546
2605.0000 2572.3875 3.0333 34.9545
2607.0000 2574.3508 3.0332 34.9545
2609.0000 2576.3140 3.0320 34.9543
2611.0000 2578.2766 3.0300 34.9541
2613.0000 2580.2395 3.0285 34.9540
2615.0000 2582.2029 3.0282 34.9540
2617.0000 2584.1655 3.0273 34.9539
2619.0000 2586.1284 3.0253 34.9538
2621.0000 2588.0913 3.0234 34.9535
2623.0000 2590.0542 3.0200 34.9534
2625.0000 2592.0171 3.0184 34.9532
2627.0000 2593.9800 3.0164 34.9529
2629.0000 2595.9429 3.0149 34.9529
2631.0000 2597.9055 3.0136 34.9528
2633.0000 2599.8682 3.0126 34.9525
2635.0000 2601.8313 3.0082 34.9523
2637.0000 2603.7939 3.0050 34.9521
2639.0000 2605.7566 3.0025 34.9518
2641.0000 2607.7190 3.0035 34.9520
2643.0000 2609.6821 3.0022 34.9516
2645.0000 2611.6445 3.0000 34.9517
2647.0000 2613.6074 2.9989 34.9515
2649.0000 2615.5698 2.9966 34.9513
2651.0000 2617.5327 2.9952 34.9510
2653.0000 2619.4951 2.9939 34.9510
2655.0000 2621.4578 2.9924 34.9509
2657.0000 2623.4204 2.9916 34.9509
2659.0000 2625.3828 2.9915 34.9508
2661.0000 2627.3455 2.9908 34.9508
2663.0000 2629.3079 2.9894 34.9507
2665.0000 2631.2703 2.9882 34.9505
2667.0000 2633.2329 2.9866 34.9504
2669.0000 2635.1953 2.9845 34.9503
2671.0000 2637.1577 2.9826 34.9500
2673.0000 2639.1201 2.9798 34.9497
2675.0000 2641.0825 2.9784 34.9496
2677.0000 2643.0452 2.9783 34.9495
2679.0000 2645.0073 2.9782 34.9496
2681.0000 2646.9697 2.9781 34.9494
2683.0000 2648.9321 2.9778 34.9492
2685.0000 2650.8945 2.9684 34.9478
2687.0000 2652.8564 2.9617 34.9471
2689.0000 2654.8191 2.9611 34.9470
2691.0000 2656.7812 2.9609 34.9471
2693.0000 2658.7432 2.9622 34.9471
2695.0000 2660.7056 2.9601 34.9468
2697.0000 2662.6680 2.9581 34.9470
2699.0000 2664.6304 2.9594 34.9473
2701.0000 2666.5923 2.9601 34.9477
2703.0000 2668.5544 2.9604 34.9474
2705.0000 2670.5166 2.9594 34.9480
2707.0000 2672.4785 2.9592 34.9480
2709.0000 2674.4407 2.9591 34.9480
2711.0000 2676.4031 2.9581 34.9478
2713.0000 2678.3647 2.9576 34.9477
2715.0000 2680.3269 2.9561 34.9477
2717.0000 2682.2893 2.9549 34.9475
2719.0000 2684.2512 2.9532 34.9473
2721.0000 2686.2129 2.9526 34.9474
2723.0000 2688.1748 2.9521 34.9474
2725.0000 2690.1372 2.9513 34.9472
2727.0000 2692.0989 2.9493 34.9467
2729.0000 2694.0608 2.9449 34.9461
2731.0000 2696.0229 2.9414 34.9458
2733.0000 2697.9849 2.9406 34.9456
2735.0000 2699.9463 2.9365 34.9453
2737.0000 2701.9084 2.9349 34.9452
2739.0000 2703.8704 2.9341 34.9452
2741.0000 2705.8318 2.9333 34.9451
2743.0000 2707.7939 2.9307 34.9447
2745.0000 2709.7556 2.9280 34.9444
2747.0000 2711.7175 2.9266 34.9440
2749.0000 2713.6792 2.9236 34.9436
2751.0000 2715.6409 2.9111 34.9420
2753.0000 2717.6025 2.9051 34.9411
2755.0000 2719.5642 2.9083 34.9415
2757.0000 2721.5259 2.9059 34.9412
2759.0000 2723.4875 2.9074 34.9422
2761.0000 2725.4495 2.9104 34.9429
2763.0000 2727.4109 2.9118 34.9433
2765.0000 2729.3723 2.9108 34.9428
2767.0000 2731.3342 2.9070 34.9429
2769.0000 2733.2957 2.9039 34.9428
2771.0000 2735.2571 2.9025 34.9428
2773.0000 2737.2188 2.9024 34.9428
2775.0000 2739.1802 2.9025 34.9427
2777.0000 2741.1416 2.9025 34.9428
2779.0000 2743.1033 2.9028 34.9429
2781.0000 2745.0647 2.9032 34.9430
2783.0000 2747.0259 2.9037 34.9431
2785.0000 2748.9875 2.9024 34.9430
2787.0000 2750.9490 2.9023 34.9431
2789.0000 2752.9104 2.9020 34.9430
2791.0000 2754.8716 2.8995 34.9429
2793.0000 2756.8330 2.8965 34.9426
2795.0000 2758.7944 2.8931 34.9423
2797.0000 2760.7556 2.8953 34.9423
2799.0000 2762.7168 2.8886 34.9418
2801.0000 2764.6785 2.8874 34.9417
2803.0000 2766.6394 2.8852 34.9414
2805.0000 2768.6008 2.8850 34.9416
2807.0000 2770.5620 2.8848 34.9416
2809.0000 2772.5234 2.8829 34.9415
2811.0000 2774.4844 2.8829 34.9416
2813.0000 2776.4456 2.8832 34.9415
2815.0000 2778.4067 2.8823 34.9415
2817.0000 2780.3679 2.8804 34.9413
2819.0000 2782.3289 2.8788 34.9411
2821.0000 2784.2903 2.8774 34.9409
2823.0000 2786.2512 2.8763 34.9410
2825.0000 2788.2122 2.8750 34.9408
2827.0000 2790.1733 2.8736 34.9407
2829.0000 2792.1343 2.8701 34.9403
2831.0000 2794.0955 2.8690 34.9402
2833.0000 2796.0564 2.8664 34.9400
2835.0000 2798.0173 2.8636 34.9399
2837.0000 2799.9785 2.8630 34.9398
2839.0000 2801.9392 2.8626 34.9398
2841.0000 2803.9004 2.8614 34.9397
2843.0000 2805.8613 2.8589 34.9395
2845.0000 2807.8220 2.8570 34.9394
2847.0000 2809.7830 2.8567 34.9394
2849.0000 2811.7437 2.8558 34.9394
2851.0000 2813.7046 2.8544 34.9392
2853.0000 2815.6653 2.8528 34.9391
2855.0000 2817.6265 2.8483 34.9387
2857.0000 2819.5872 2.8505 34.9387
2859.0000 2821.5476 2.8474 34.9388
2861.0000 2823.5088 2.8466 34.9386
2863.0000 2825.4692 2.8442 34.9385
2865.0000 2827.4299 2.8419 34.9382
2867.0000 2829.3906 2.8405 34.9381
2869.0000 2831.3516 2.8400 34.9382
2871.0000 2833.3123 2.8406 34.9383
2873.0000 2835.2727 2.8403 34.9382
2875.0000 2837.2334 2.8392 34.9380
2877.0000 2839.1941 2.8393 34.9379
2879.0000 2841.1543 2.8345 34.9377
2881.0000 2843.1150 2.8332 34.9376
2883.0000 2845.0757 2.8322 34.9375
2885.0000 2847.0361 2.8311 34.9374
2887.0000 2848.9968 2.8298 34.9373
2889.0000 2850.9573 2.8273 34.9371
2891.0000 2852.9180 2.8256 34.9370
2893.0000 2854.8779 2.8250 34.9370
2895.0000 2856.8384 2.8250 34.9371
2897.0000 2858.7991 2.8242 34.9370
2899.0000 2860.7595 2.8227 34.9368
2901.0000 2862.7197 2.8223 34.9368
2903.0000 2864.6802 2.8214 34.9367
2905.0000 2866.6406 2.8196 34.9365
2907.0000 2868.6008 2.8170 34.9364
2909.0000 2870.5613 2.8157 34.9362
2911.0000 2872.5217 2.8131 34.9360
2913.0000 2874.4819 2.8119 34.9359
2915.0000 2876.4421 2.8110 34.9359
2917.0000 2878.4026 2.8105 34.9357
2919.0000 2880.3625 2.8079 34.9356
2921.0000 2882.3228 2.8057 34.9356
2923.0000 2884.2832 2.8044 34.9354
2925.0000 2886.2437 2.8012 34.9351
2927.0000 2888.2034 2.8045 34.9353
2929.0000 2890.1636 2.7979 34.9348
2931.0000 2892.1235 2.7967 34.9349
2933.0000 2894.0842 2.7958 34.9347
2935.0000 2896.0439 2.7935 34.9345
2937.0000 2898.0042 2.7927 34.9344
2939.0000 2899.9641 2.7915 34.9343
2941.0000 2901.9241 2.7896 34.9342
2943.0000 2903.8840 2.7894 34.9343
2945.0000 2905.8442 2.7884 34.9342
2947.0000 2907.8042 2.7863 34.9339
2949.0000 2909.7642 2.7828 34.9335
2951.0000 2911.7239 2.7814 34.9335
2953.0000 2913.6843 2.7804 34.9335
2955.0000 2915.6438 2.7799 34.9335
2957.0000 2917.6038 2.7790 34.9334
2959.0000 2919.5637 2.7779 34.9332
2961.0000 2921.5237 2.7762 34.9332
2963.0000 2923.4834 2.7750 34.9332
2965.0000 2925.4434 2.7733 34.9331
2967.0000 2927.4031 2.7692 34.9328
2969.0000 2929.3628 2.7678 34.9327
2971.0000 2931.3225 2.7677 34.9328
2973.0000 2933.2825 2.7669 34.9327
2975.0000 2935.2419 2.7656 34.9326
2977.0000 2937.2019 2.7653 34.9325
2979.0000 2939.1614 2.7650 34.9325
2981.0000 2941.1213 2.7632 34.9323
2983.0000 2943.0806 2.7621 34.9322
2985.0000 2945.0405 2.7617 34.9322
2987.0000 2947.0002 2.7606 34.9321
2989.0000 2948.9597 2.7600 34.9319
2991.0000 2950.9194 2.7595 34.9321
2993.0000 2952.8789 2.7603 34.9319
2995.0000 2954.8389 2.7584 34.9319
2997.0000 2956.7979 2.7580 34.9319
2999.0000 2958.7578 2.7558 34.9316
3001.0000 2960.7173 2.7544 34.9315
3003.0000 2962.6765 2.7544 34.9315
3005.0000 2964.6360 2.7540 34.9314
3007.0000 2966.5957 2.7541 34.9315
3009.0000 2968.5552 2.7544 34.9314
3011.0000 2970.5144 2.7528 34.9313
3013.0000 2972.4741 2.7509 34.9309
3015.0000 2974.4333 2.7460 34.9308
3017.0000 2976.3926 2.7448 34.9307
3019.0000 2978.3518 2.7439 34.9306
3021.0000 2980.3115 2.7429 34.9306
3023.0000 2982.2710 2.7425 34.9305
3025.0000 2984.2297 2.7427 34.9304
3027.0000 2986.1892 2.7418 34.9305
3029.0000 2988.1484 2.7409 34.9302
3031.0000 2990.1077 2.7407 34.9303
3033.0000 2992.0669 2.7411 34.9302
3035.0000 2994.0261 2.7394 34.9301
3037.0000 2995.9854 2.7365 34.9299
3039.0000 2997.9443 2.7344 34.9298
3041.0000 2999.9038 2.7329 34.9295
3043.0000 3001.8628 2.7321 34.9295
3045.0000 3003.8220 2.7299 34.9290
3047.0000 3005.7812 2.7263 34.9288
3049.0000 3007.7402 2.7244 34.9287
3051.0000 3009.6990 2.7233 34.9284
3053.0000 3011.6582 2.7231 34.9284
3055.0000 3013.6172 2.7232 34.9284
3057.0000 3015.5764 2.7218 34.9283
3059.0000 3017.5352 2.7169 34.9276
3061.0000 3019.4944 2.7131 34.9274
3063.0000 3021.4534 2.7123 34.9273
3065.0000 3023.4121 2.7120 34.9273
3067.0000 3025.3711 2.7096 34.9273
3069.0000 3027.3301 2.7090 34.9273
3071.0000 3029.2893 2.7079 34.9271
3073.0000 3031.2478 2.7054 34.9269
3075.0000 3033.2068 2.7049 34.9270
3077.0000 3035.1658 2.7047 34.9269
3079.0000 3037.1243 2.7048 34.9269
3081.0000 3039.0833 2.7045 34.9268
3083.0000 3041.0422 2.6997 34.9263
3085.0000 3043.0007 2.6965 34.9261
3087.0000 3044.9595 2.6954 34.9259
3089.0000 3046.9182 2.6942 34.9259
3091.0000 3048.8772 2.6935 34.9259
3093.0000 3050.8357 2.6925 34.9260
3095.0000 3052.7942 2.6920 34.9259
3097.0000 3054.7529 2.6920 34.9259
3099.0000 3056.7119 2.6916 34.9259
3101.0000 3058.6702 2.6914 34.9259
3103.0000 3060.6289 2.6905 34.9258
3105.0000 3062.5876 2.6901 34.9259
3107.0000 3064.5459 2.6873 34.9255
3109.0000 3066.5046 2.6836 34.9253
3111.0000 3068.4634 2.6833 34.9253
3113.0000 3070.4214 2.6830 34.9253
3115.0000 3072.3804 2.6824 34.9251
3117.0000 3074.3386 2.6790 34.9249
3119.0000 3076.2971 2.6761 34.9246
3121.0000 3078.2556 2.6726 34.9242
3123.0000 3080.2139 2.6702 34.9239
3125.0000 3082.1724 2.6683 34.9239
3127.0000 3084.1309 2.6674 34.9240
3129.0000 3086.0891 2.6669 34.9239
3131.0000 3088.0476 2.6674 34.9242
3133.0000 3090.0061 2.6691 34.9247
3135.0000 3091.9641 2.6675 34.9246
3137.0000 3093.9226 2.6669 34.9245
3139.0000 3095.8809 2.6659 34.9245
3141.0000 3097.8394 2.6656 34.9245
3143.0000 3099.7974 2.6641 34.9242
3145.0000 3101.7559 2.6622 34.9240
3147.0000 3103.7141 2.6633 34.9240
3149.0000 3105.6721 2.6615 34.9239
3151.0000 3107.6304 2.6609 34.9239
3153.0000 3109.5889 2.6603 34.9238
3155.0000 3111.5464 2.6595 34.9236
3157.0000 3113.5049 2.6601 34.9236
3159.0000 3115.4629 2.6588 34.9235
3161.0000 3117.4209 2.6582 34.9236
3163.0000 3119.3792 2.6582 34.9236
3165.0000 3121.3372 2.6572 34.9235
3167.0000 3123.2952 2.6574 34.9234
3169.0000 3125.2529 2.6554 34.9232
3171.0000 3127.2112 2.6515 34.9227
3173.0000 3129.1694 2.6488 34.9224
3175.0000 3131.1270 2.6468 34.9223
3177.0000 3133.0852 2.6451 34.9222
3179.0000 3135.0432 2.6445 34.9222
3181.0000 3137.0010 2.6434 34.9222
3183.0000 3138.9587 2.6425 34.9223
3185.0000 3140.9170 2.6428 34.9223
3187.0000 3142.8750 2.6428 34.9223
3189.0000 3144.8323 2.6420 34.9223
3191.0000 3146.7903 2.6386 34.9221
3193.0000 3148.7483 2.6374 34.9221
3195.0000 3150.7061 2.6370 34.9220
3197.0000 3152.6638 2.6368 34.9220
3199.0000 3154.6216 2.6368 34.9220
3201.0000 3156.5796 2.6350 34.9219
3203.0000 3158.5369 2.6336 34.9217
3205.0000 3160.4949 2.6327 34.9218
3207.0000 3162.4526 2.6301 34.9216
3209.0000 3164.4106 2.6299 34.9214
3211.0000 3166.3677 2.6273 34.9213
3213.0000 3168.3254 2.6262 34.9212
3215.0000 3170.2832 2.6251 34.9212
3217.0000 3172.2407 2.6247 34.9211
3219.0000 3174.1982 2.6245 34.9211
3221.0000 3176.1560 2.6242 34.9211
3223.0000 3178.1138 2.6238 34.9211
3225.0000 3180.0710 2.6213 34.9208
3227.0000 3182.0283 2.6198 34.9208
3229.0000 3183.9861 2.6199 34.9207
3231.0000 3185.9436 2.6198 34.9207
3233.0000 3187.9011 2.6194 34.9207
3235.0000 3189.8584 2.6181 34.9205
3237.0000 3191.8157 2.6170 34.9205
3239.0000 3193.7732 2.6159 34.9203
3241.0000 3195.7307 2.6144 34.9203
3243.0000 3197.6880 2.6127 34.9201
3245.0000 3199.6453 2.6114 34.9200
3247.0000 3201.6028 2.6113 34.9201
3249.0000 3203.5603 2.6114 34.9201
3251.0000 3205.5171 2.6114 34.9201
3253.0000 3207.4746 2.6112 34.9200
3255.0000 3209.4321 2.6113 34.9199
3257.0000 3211.3894 2.6097 34.9199
3259.0000 3213.3464 2.6084 34.9198
3261.0000 3215.3035 2.6074 34.9196
3263.0000 3217.2610 2.6069 34.9196
3265.0000 3219.2178 2.6055 34.9195
3267.0000 3221.1753 2.6037 34.9193
3269.0000 3223.1326 2.6027 34.9192
3271.0000 3225.0896 2.6011 34.9191
3273.0000 3227.0464 2.6009 34.9191
3275.0000 3229.0039 2.6013 34.9191
3277.0000 3230.9609 2.6001 34.9191
3279.0000 3232.9180 2.5998 34.9190
3281.0000 3234.8750 2.5988 34.9190
3283.0000 3236.8320 2.5978 34.9189
3285.0000 3238.7891 2.5965 34.9187
3287.0000 3240.7458 2.5970 34.9187
3289.0000 3242.7031 2.5943 34.9186
3291.0000 3244.6599 2.5935 34.9186
3293.0000 3246.6167 2.5923 34.9184
3295.0000 3248.5737 2.5918 34.9183
3297.0000 3250.5308 2.5906 34.9183
3299.0000 3252.4875 2.5889 34.9181
3301.0000 3254.4443 2.5874 34.9181
3303.0000 3256.4014 2.5865 34.9180
3305.0000 3258.3584 2.5859 34.9180
3307.0000 3260.3149 2.5864 34.9178
3309.0000 3262.2720 2.5855 34.9179
3311.0000 3264.2288 2.5854 34.9179
3313.0000 3266.1853 2.5853 34.9179
3315.0000 3268.1418 2.5851 34.9179
3317.0000 3270.0989 2.5853 34.9177
3319.0000 3272.0557 2.5803 34.9173
3321.0000 3274.0122 2.5766 34.9172
3323.0000 3275.9690 2.5752 34.9170
3325.0000 3277.9255 2.5748 34.9170
3327.0000 3279.8821 2.5743 34.9170
3329.0000 3281.8389 2.5739 34.9170
3331.0000 3283.7957 2.5728 34.9168
3333.0000 3285.7522 2.5724 34.9168
3335.0000 3287.7087 2.5709 34.9167
3337.0000 3289.6650 2.5696 34.9166
3339.0000 3291.6218 2.5687 34.9166
3341.0000 3293.5781 2.5680 34.9166
3343.0000 3295.5347 2.5668 34.9163
3345.0000 3297.4915 2.5628 34.9161
3347.0000 3299.4480 2.5615 34.9161
3349.0000 3301.4043 2.5612 34.9159
3351.0000 3303.3606 2.5581 34.9157
3353.0000 3305.3171 2.5577 34.9158
3355.0000 3307.2732 2.5572 34.9157
3357.0000 3309.2297 2.5548 34.9156
3359.0000 3311.1863 2.5538 34.9154
3361.0000 3313.1428 2.5536 34.9154
3363.0000 3315.0989 2.5526 34.9154
3365.0000 3317.0554 2.5519 34.9153
3367.0000 3319.0115 2.5520 34.9153
3369.0000 3320.9675 2.5518 34.9153
3371.0000 3322.9241 2.5518 34.9152
3373.0000 3324.8804 2.5517 34.9152
3375.0000 3326.8364 2.5495 34.9150
3377.0000 3328.7927 2.5478 34.9150
3379.0000 3330.7490 2.5477 34.9148
3381.0000 3332.7053 2.5476 34.9148
3383.0000 3334.6611 2.5474 34.9149
3385.0000 3336.6174 2.5472 34.9148
3387.0000 3338.5735 2.5462 34.9148
3389.0000 3340.5293 2.5443 34.9146
3391.0000 3342.4856 2.5446 34.9145
3393.0000 3344.4417 2.5436 34.9145
3395.0000 3346.3979 2.5429 34.9145
3397.0000 3348.3540 2.5428 34.9145
3399.0000 3350.3098 2.5425 34.9145
3401.0000 3352.2661 2.5411 34.9143
3403.0000 3354.2217 2.5413 34.9143
3405.0000 3356.1775 2.5414 34.9143
3407.0000 3358.1338 2.5400 34.9142
3409.0000 3360.0896 2.5333 34.9136
3411.0000 3362.0452 2.5285 34.9133
3413.0000 3364.0015 2.5267 34.9133
3415.0000 3365.9575 2.5238 34.9130
3417.0000 3367.9128 2.5215 34.9128
3419.0000 3369.8691 2.5188 34.9127
3421.0000 3371.8252 2.5167 34.9126
3423.0000 3373.7810 2.5153 34.9125
3425.0000 3375.7366 2.5138 34.9124
3427.0000 3377.6924 2.5132 34.9123
3429.0000 3379.6479 2.5131 34.9124
3431.0000 3381.6033 2.5121 34.9122
3433.0000 3383.5593 2.5111 34.9123
3435.0000 3385.5151 2.5091 34.9120
3437.0000 3387.4707 2.5063 34.9119
3439.0000 3389.4265 2.5068 34.9118
3441.0000 3391.3821 2.5021 34.9116
3443.0000 3393.3379 2.4994 34.9114
3445.0000 3395.2935 2.4989 34.9113
3447.0000 3397.2488 2.4999 34.9113
3449.0000 3399.2046 2.4987 34.9114
3451.0000 3401.1602 2.4982 34.9113
3453.0000 3403.1157 2.4975 34.9113
3455.0000 3405.0715 2.4972 34.9112
3457.0000 3407.0271 2.4975 34.9111
3459.0000 3408.9822 2.4965 34.9112
3461.0000 3410.9380 2.4954 34.9110
3463.0000 3412.8933 2.4944 34.9110
3465.0000 3414.8486 2.4924 34.9108
3467.0000 3416.8040 2.4875 34.9103
3469.0000 3418.7595 2.4864 34.9103
3471.0000 3420.7148 2.4859 34.9103
3473.0000 3422.6699 2.4856 34.9103
3475.0000 3424.6255 2.4846 34.9102
3477.0000 3426.5808 2.4832 34.9101
3479.0000 3428.5361 2.4840 34.9100
3481.0000 3430.4915 2.4786 34.9096
3483.0000 3432.4470 2.4769 34.9097
3485.0000 3434.4021 2.4764 34.9096
3487.0000 3436.3572 2.4762 34.9095
3489.0000 3438.3125 2.4757 34.9096
3491.0000 3440.2676 2.4759 34.9095
3493.0000 3442.2227 2.4761 34.9095
3495.0000 3444.1782 2.4764 34.9096
3497.0000 3446.1333 2.4765 34.9096
3499.0000 3448.0884 2.4766 34.9096
3501.0000 3450.0432 2.4767 34.9095
3503.0000 3451.9988 2.4769 34.9095
3505.0000 3453.9539 2.4770 34.9096
3507.0000 3455.9084 2.4767 34.9095
3509.0000 3457.8640 2.4765 34.9095
3511.0000 3459.8191 2.4763 34.9094
3513.0000 3461.7737 2.4759 34.9094
3515.0000 3463.7288 2.4758 34.9094
3517.0000 3465.6838 2.4760 34.9094
3519.0000 3467.6387 2.4762 34.9094
3521.0000 3469.5940 2.4765 34.9094
3523.0000 3471.5488 2.4763 34.9093
3525.0000 3473.5034 2.4752 34.9093
3527.0000 3475.4583 2.4734 34.9091
3529.0000 3477.4133 2.4717 34.9090
3531.0000 3479.3684 2.4691 34.9087
3533.0000 3481.3232 2.4641 34.9084
3535.0000 3483.2781 2.4620 34.9084
3537.0000 3485.2327 2.4614 34.9083
3539.0000 3487.1877 2.4609 34.9081
3541.0000 3489.1423 2.4603 34.9081
3543.0000 3491.0969 2.4594 34.9081
3545.0000 3493.0520 2.4588 34.9080
3547.0000 3495.0071 2.4585 34.9079
3549.0000 3496.9612 2.4584 34.9079
3551.0000 3498.9163 2.4575 34.9080
3553.0000 3500.8708 2.4575 34.9079
3555.0000 3502.8252 2.4573 34.9078
3557.0000 3504.7803 2.4571 34.9078
3559.0000 3506.7349 2.4569 34.9079
3561.0000 3508.6892 2.4569 34.9079
3563.0000 3510.6438 2.4565 34.9076
3565.0000 3512.5984 2.4561 34.9076
3567.0000 3514.5530 2.4548 34.9076
3569.0000 3516.5073 2.4530 34.9075
3571.0000 3518.4619 2.4516 34.9073
3573.0000 3520.4165 2.4494 34.9072
3575.0000 3522.3708 2.4503 34.9071
3577.0000 3524.3254 2.4486 34.9071
3579.0000 3526.2800 2.4486 34.9071
3581.0000 3528.2341 2.4483 34.9071
3583.0000 3530.1885 2.4472 34.9070
3585.0000 3532.1431 2.4467 34.9070
3587.0000 3534.0977 2.4467 34.9070
3589.0000 3536.0520 2.4462 34.9068
3591.0000 3538.0061 2.4457 34.9070
3593.0000 3539.9607 2.4453 34.9069
3595.0000 3541.9150 2.4452 34.9067
3597.0000 3543.8691 2.4450 34.9068
3599.0000 3545.8235 2.4449 34.9067
3601.0000 3547.7776 2.4448 34.9067
3603.0000 3549.7319 2.4448 34.9068
3605.0000 3551.6860 2.4445 34.9067
3607.0000 3553.6401 2.4437 34.9067
3609.0000 3555.5945 2.4433 34.9066
3611.0000 3557.5486 2.4430 34.9066
3613.0000 3559.5029 2.4424 34.9065
3615.0000 3561.4570 2.4415 34.9065
3617.0000 3563.4109 2.4414 34.9063
3619.0000 3565.3652 2.4393 34.9063
3621.0000 3567.3193 2.4389 34.9062
3623.0000 3569.2734 2.4376 34.9061
3625.0000 3571.2273 2.4367 34.9061
3627.0000 3573.1816 2.4363 34.9059
3629.0000 3575.1353 2.4374 34.9060
3631.0000 3577.0896 2.4355 34.9059
3633.0000 3579.0435 2.4334 34.9059
3635.0000 3580.9976 2.4319 34.9057
3637.0000 3582.9514 2.4316 34.9057
3639.0000 3584.9053 2.4311 34.9056
3641.0000 3586.8594 2.4313 34.9055
3643.0000 3588.8132 2.4294 34.9054
3645.0000 3590.7666 2.4271 34.9053
3647.0000 3592.7207 2.4271 34.9053
3649.0000 3594.6750 2.4269 34.9053
3651.0000 3596.6284 2.4269 34.9052
3653.0000 3598.5823 2.4266 34.9052
3655.0000 3600.5359 2.4264 34.9052
3657.0000 3602.4902 2.4259 34.9052
3659.0000 3604.4436 2.4247 34.9052
3661.0000 3606.3975 2.4241 34.9050
3663.0000 3608.3511 2.4239 34.9050
3665.0000 3610.3044 2.4238 34.9050
3667.0000 3612.2583 2.4237 34.9050
3669.0000 3614.2122 2.4238 34.9050
3671.0000 3616.1658 2.4233 34.9049
3673.0000 3618.1194 2.4230 34.9049
3675.0000 3620.0730 2.4225 34.9048
3677.0000 3622.0269 2.4219 34.9047
3679.0000 3623.9802 2.4217 34.9048
3681.0000 3625.9336 2.4217 34.9047
3683.0000 3627.8875 2.4210 34.9048
3685.0000 3629.8408 2.4208 34.9047
3687.0000 3631.7942 2.4205 34.9046
3689.0000 3633.7476 2.4204 34.9047
3691.0000 3635.7017 2.4207 34.9047
3693.0000 3637.6548 2.4208 34.9046
3695.0000 3639.6082 2.4207 34.9046
3697.0000 3641.5618 2.4206 34.9047
3699.0000 3643.5149 2.4206 34.9046
3701.0000 3645.4683 2.4205 34.9044
3703.0000 3647.4221 2.4194 34.9044
3705.0000 3649.3755 2.4176 34.9044
3707.0000 3651.3284 2.4177 34.9043
3709.0000 3653.2817 2.4173 34.9043
3711.0000 3655.2351 2.4173 34.9043
3713.0000 3657.1880 2.4170 34.9043
3715.0000 3659.1418 2.4160 34.9042
3717.0000 3661.0952 2.4148 34.9041
3719.0000 3663.0481 2.4130 34.9039
3721.0000 3665.0012 2.4132 34.9038
3723.0000 3666.9546 2.4132 34.9039
3725.0000 3668.9080 2.4134 34.9040
3727.0000 3670.8608 2.4122 34.9038
3729.0000 3672.8142 2.4117 34.9038
3731.0000 3674.7671 2.4117 34.9038
3733.0000 3676.7205 2.4119 34.9038
3735.0000 3678.6736 2.4122 34.9038
3737.0000 3680.6265 2.4123 34.9038
3739.0000 3682.5798 2.4113 34.9038
3741.0000 3684.5325 2.4100 34.9036
3743.0000 3686.4854 2.4108 34.9035
3745.0000 3688.4387 2.4095 34.9035
3747.0000 3690.3921 2.4093 34.9035
3749.0000 3692.3447 2.4087 34.9035
3751.0000 3694.2976 2.4084 34.9034
3753.0000 3696.2505 2.4077 34.9034
3755.0000 3698.2036 2.4089 34.9033
3757.0000 3700.1565 2.4078 34.9032
3759.0000 3702.1094 2.4069 34.9033
3761.0000 3704.0620 2.4064 34.9032
3763.0000 3706.0149 2.4060 34.9032
3765.0000 3707.9678 2.4066 34.9031
3767.0000 3709.9209 2.4063 34.9031
3769.0000 3711.8733 2.4055 34.9031
3771.0000 3713.8259 2.4049 34.9031
3773.0000 3715.7793 2.4036 34.9030
3775.0000 3717.7314 2.4030 34.9029
3777.0000 3719.6843 2.4026 34.9030
3779.0000 3721.6370 2.4018 34.9029
3781.0000 3723.5901 2.3999 34.9027
3783.0000 3725.5425 2.3982 34.9024
3785.0000 3727.4954 2.3971 34.9025
3787.0000 3729.4478 2.3968 34.9024
3789.0000 3731.4004 2.3973 34.9023
3791.0000 3733.3530 2.3962 34.9023
3793.0000 3735.3059 2.3947 34.9022
3795.0000 3737.2583 2.3949 34.9022
3797.0000 3739.2109 2.3933 34.9021
3799.0000 3741.1636 2.3924 34.9021
3801.0000 3743.1160 2.3908 34.9019
3803.0000 3745.0681 2.3884 34.9018
3805.0000 3747.0210 2.3877 34.9018
3807.0000 3748.9736 2.3874 34.9018
3809.0000 3750.9260 2.3865 34.9016
3811.0000 3752.8779 2.3847 34.9015
3813.0000 3754.8308 2.3847 34.9015
3815.0000 3756.7832 2.3849 34.9015
3817.0000 3758.7351 2.3845 34.9015
3819.0000 3760.6875 2.3830 34.9014
3821.0000 3762.6406 2.3818 34.9013
3823.0000 3764.5923 2.3818 34.9012
3825.0000 3766.5447 2.3821 34.9013
3827.0000 3768.4973 2.3823 34.9013
3829.0000 3770.4497 2.3820 34.9012
3831.0000 3772.4016 2.3815 34.9012
3833.0000 3774.3538 2.3815 34.9011
3835.0000 3776.3062 2.3787 34.9009
3837.0000 3778.2583 2.3762 34.9007
3839.0000 3780.2104 2.3739 34.9006
3841.0000 3782.1628 2.3731 34.9006
3843.0000 3784.1150 2.3740 34.9006
3845.0000 3786.0669 2.3725 34.9004
3847.0000 3788.0188 2.3714 34.9005
3849.0000 3789.9714 2.3709 34.9004
3851.0000 3791.9231 2.3708 34.9003
3853.0000 3793.8752 2.3707 34.9004
3855.0000 3795.8276 2.3701 34.9003
3857.0000 3797.7798 2.3688 34.9002
3859.0000 3799.7317 2.3684 34.9002
3861.0000 3801.6836 2.3685 34.9002
3863.0000 3803.6357 2.3680 34.9000
3865.0000 3805.5874 2.3651 34.8999
3867.0000 3807.5396 2.3630 34.8998
3869.0000 3809.4917 2.3627 34.8998
3871.0000 3811.4434 2.3612 34.8996
3873.0000 3813.3950 2.3604 34.8995
3875.0000 3815.3472 2.3603 34.8995
3877.0000 3817.2993 2.3601 34.8996
3879.0000 3819.2507 2.3597 34.8994
3881.0000 3821.2026 2.3595 34.8993
3883.0000 3823.1545 2.3591 34.8994
3885.0000 3825.1064 2.3588 34.8993
3887.0000 3827.0583 2.3589 34.8994
3889.0000 3829.0100 2.3588 34.8994
3891.0000 3830.9617 2.3586 34.8994
3893.0000 3832.9133 2.3578 34.8992
3895.0000 3834.8650 2.3569 34.8992
3897.0000 3836.8167 2.3563 34.8991
3899.0000 3838.7686 2.3539 34.8990
3901.0000 3840.7202 2.3530 34.8989
3903.0000 3842.6719 2.3526 34.8989
3905.0000 3844.6235 2.3512 34.8988
3907.0000 3846.5747 2.3508 34.8988
3909.0000 3848.5264 2.3509 34.8986
3911.0000 3850.4785 2.3511 34.8987
3913.0000 3852.4294 2.3511 34.8987
3915.0000 3854.3816 2.3507 34.8987
3917.0000 3856.3328 2.3507 34.8986
3919.0000 3858.2844 2.3508 34.8986
3921.0000 3860.2358 2.3499 34.8985
3923.0000 3862.1875 2.3490 34.8984
3925.0000 3864.1387 2.3485 34.8984
3927.0000 3866.0901 2.3484 34.8983
3929.0000 3868.0417 2.3470 34.8982
3931.0000 3869.9929 2.3466 34.8982
3933.0000 3871.9446 2.3461 34.8982
3935.0000 3873.8955 2.3458 34.8981
3937.0000 3875.8472 2.3457 34.8981
3939.0000 3877.7986 2.3452 34.8981
3941.0000 3879.7495 2.3451 34.8981
3943.0000 3881.7012 2.3449 34.8980
3945.0000 3883.6523 2.3444 34.8980
3947.0000 3885.6038 2.3442 34.8979
3949.0000 3887.5549 2.3443 34.8978
3951.0000 3889.5061 2.3435 34.8979
3953.0000 3891.4575 2.3432 34.8978
3955.0000 3893.4084 2.3413 34.8976
3957.0000 3895.3596 2.3405 34.8976
3959.0000 3897.3108 2.3416 34.8975
3961.0000 3899.2617 2.3405 34.8976
3963.0000 3901.2134 2.3403 34.8975
3965.0000 3903.1643 2.3392 34.8975
3967.0000 3905.1155 2.3389 34.8974
3969.0000 3907.0664 2.3391 34.8973
3971.0000 3909.0173 2.3384 34.8972
3973.0000 3910.9690 2.3379 34.8973
3975.0000 3912.9194 2.3378 34.8973
3977.0000 3914.8704 2.3381 34.8973
3979.0000 3916.8215 2.3380 34.8973
3981.0000 3918.7727 2.3377 34.8972
3983.0000 3920.7236 2.3381 34.8971
3985.0000 3922.6746 2.3381 34.8972
3987.0000 3924.6255 2.3378 34.8971
3989.0000 3926.5762 2.3359 34.8970
3991.0000 3928.5271 2.3341 34.8968
3993.0000 3930.4783 2.3319 34.8966
3995.0000 3932.4292 2.3315 34.8966
3997.0000 3934.3796 2.3309 34.8965
3999.0000 3936.3306 2.3288 34.8965
4001.0000 3938.2812 2.3285 34.8964
4003.0000 3940.2322 2.3282 34.8964
4005.0000 3942.1826 2.3282 34.8964
4007.0000 3944.1340 2.3285 34.8964
4009.0000 3946.0845 2.3287 34.8965
4011.0000 3948.0352 2.3281 34.8964
4013.0000 3949.9856 2.3271 34.8961
4015.0000 3951.9365 2.3278 34.8961
4017.0000 3953.8870 2.3272 34.8962
4019.0000 3955.8379 2.3275 34.8963
4021.0000 3957.7886 2.3275 34.8963
4023.0000 3959.7388 2.3271 34.8962
4025.0000 3961.6895 2.3268 34.8961
4027.0000 3963.6404 2.3270 34.8961
4029.0000 3965.5913 2.3272 34.8961
4031.0000 3967.5413 2.3267 34.8960
4033.0000 3969.4922 2.3263 34.8961
4035.0000 3971.4426 2.3266 34.8961
4037.0000 3973.3926 2.3269 34.8961
4039.0000 3975.3435 2.3269 34.8960
4041.0000 3977.2939 2.3272 34.8960
4043.0000 3979.2446 2.3272 34.8960
4045.0000 3981.1943 2.3260 34.8959
4047.0000 3983.1453 2.3255 34.8959
4049.0000 3985.0957 2.3255 34.8958
4051.0000 3987.0461 2.3250 34.8958
4053.0000 3988.9961 2.3243 34.8957
4055.0000 3990.9468 2.3246 34.8958
4057.0000 3992.8970 2.3247 34.8958
4059.0000 3994.8474 2.3246 34.8958
4061.0000 3996.7974 2.3250 34.8956
4063.0000 3998.7483 2.3250 34.8957
4065.0000 4000.6978 2.3249 34.8957
4067.0000 4002.6482 2.3244 34.8956
4069.0000 4004.5986 2.3243 34.8956
4071.0000 4006.5491 2.3245 34.8956
4073.0000 4008.4988 2.3245 34.8956
4075.0000 4010.4492 2.3246 34.8956
4077.0000 4012.3992 2.3243 34.8956
4079.0000 4014.3496 2.3242 34.8955
4081.0000 4016.2996 2.3244 34.8954
4083.0000 4018.2500 2.3236 34.8954
4085.0000 4020.1997 2.3226 34.8954
4087.0000 4022.1497 2.3226 34.8953
4089.0000 4024.0996 2.3227 34.8953
4091.0000 4026.0500 2.3229 34.8953
4093.0000 4027.9998 2.3227 34.8954
4095.0000 4029.9502 2.3227 34.8954
4097.0000 4031.8997 2.3228 34.8953
4099.0000 4033.8499 2.3226 34.8953
4101.0000 4035.7998 2.3224 34.8952
4103.0000 4037.7498 2.3224 34.8952
4105.0000 4039.6997 2.3226 34.8951
4107.0000 4041.6494 2.3224 34.8952
4109.0000 4043.5994 2.3223 34.8952
4111.0000 4045.5493 2.3219 34.8951
4113.0000 4047.4985 2.3211 34.8950
4115.0000 4049.4490 2.3202 34.8949
4117.0000 4051.3987 2.3200 34.8950
4119.0000 4053.3486 2.3196 34.8948
4121.0000 4055.2979 2.3190 34.8948
4123.0000 4057.2483 2.3186 34.8947
4125.0000 4059.1978 2.3184 34.8947
4127.0000 4061.1475 2.3182 34.8947
4129.0000 4063.0974 2.3181 34.8948
4131.0000 4065.0471 2.3174 34.8947
4133.0000 4066.9971 2.3172 34.8946
4135.0000 4068.9463 2.3172 34.8946
4137.0000 4070.8958 2.3170 34.8946
4139.0000 4072.8455 2.3170 34.8945
4141.0000 4074.7949 2.3173 34.8945
4143.0000 4076.7446 2.3172 34.8945
4145.0000 4078.6941 2.3173 34.8945
4147.0000 4080.6433 2.3169 34.8945
4149.0000 4082.5935 2.3166 34.8945
4151.0000 4084.5430 2.3173 34.8943
4153.0000 4086.4927 2.3163 34.8943
4155.0000 4088.4417 2.3160 34.8943
4157.0000 4090.3914 2.3160 34.8944
4159.0000 4092.3408 2.3161 34.8942
4161.0000 4094.2898 2.3160 34.8943
4163.0000 4096.2397 2.3164 34.8941
4165.0000 4098.1895 2.3152 34.8942
4167.0000 4100.1387 2.3147 34.8942
4169.0000 4102.0879 2.3146 34.8942
4171.0000 4104.0366 2.3139 34.8940
4173.0000 4105.9863 2.3128 34.8939
4175.0000 4107.9351 2.3123 34.8938
4177.0000 4109.8848 2.3122 34.8938
4179.0000 4111.8345 2.3121 34.8939
4181.0000 4113.7837 2.3123 34.8939
4183.0000 4115.7329 2.3122 34.8938
4185.0000 4117.6821 2.3123 34.8938
4187.0000 4119.6313 2.3124 34.8937
4189.0000 4121.5801 2.3111 34.8938
4191.0000 4123.5293 2.3106 34.8936
4193.0000 4125.4790 2.3099 34.8936
4195.0000 4127.4282 2.3093 34.8935
4197.0000 4129.3770 2.3100 34.8935
4199.0000 4131.3262 2.3101 34.8935
4201.0000 4133.2754 2.3098 34.8935
4203.0000 4135.2246 2.3095 34.8935
4205.0000 4137.1733 2.3085 34.8933
4207.0000 4139.1226 2.3075 34.8933
4209.0000 4141.0718 2.3068 34.8932
4211.0000 4143.0205 2.3061 34.8931
4213.0000 4144.9697 2.3049 34.8930
4215.0000 4146.9185 2.3050 34.8931
4217.0000 4148.8672 2.3051 34.8930
4219.0000 4150.8164 2.3051 34.8930
4221.0000 4152.7651 2.3049 34.8929
4223.0000 4154.7139 2.3049 34.8929
4225.0000 4156.6631 2.3049 34.8930
4227.0000 4158.6118 2.3047 34.8930
4229.0000 4160.5610 2.3041 34.8927
4231.0000 4162.5093 2.3036 34.8928
4233.0000 4164.4585 2.3042 34.8926
4235.0000 4166.4072 2.3031 34.8927
4237.0000 4168.3560 2.3029 34.8927
4239.0000 4170.3047 2.3026 34.8927
4241.0000 4172.2534 2.3017 34.8925
4243.0000 4174.2026 2.3016 34.8925
4245.0000 4176.1509 2.3013 34.8924
4247.0000 4178.0996 2.3014 34.8925
4249.0000 4180.0483 2.3016 34.8926
4251.0000 4181.9971 2.3018 34.8925
4253.0000 4183.9453 2.3016 34.8925
4255.0000 4185.8940 2.3018 34.8924
4257.0000 4187.8433 2.3019 34.8925
4259.0000 4189.7915 2.3022 34.8925
4261.0000 4191.7402 2.3022 34.8924
4263.0000 4193.6890 2.3022 34.8923
4265.0000 4195.6367 2.3025 34.8924
4267.0000 4197.5859 2.3027 34.8924
4269.0000 4199.5347 2.3023 34.8924
4271.0000 4201.4829 2.3017 34.8923
4273.0000 4203.4312 2.3018 34.8923
4275.0000 4205.3799 2.3016 34.8923
4277.0000 4207.3281 2.3015 34.8921
4279.0000 4209.2764 2.3016 34.8922
4281.0000 4211.2251 2.3017 34.8922
4283.0000 4213.1733 2.3018 34.8922
4285.0000 4215.1216 2.3002 34.8921
4287.0000 4217.0698 2.3001 34.8919
4289.0000 4219.0186 2.3000 34.8920
4291.0000 4220.9668 2.3003 34.8920
4293.0000 4222.9150 2.3001 34.8919
4295.0000 4224.8628 2.2994 34.8919
4297.0000 4226.8115 2.2982 34.8917
4299.0000 4228.7598 2.2977 34.8917
4301.0000 4230.7080 2.2971 34.8916
4303.0000 4232.6562 2.2959 34.8915
4305.0000 4234.6045 2.2954 34.8914
4307.0000 4236.5527 2.2953 34.8914
4309.0000 4238.5010 2.2944 34.8913
4311.0000 4240.4492 2.2940 34.8913
4313.0000 4242.3970 2.2940 34.8913
4315.0000 4244.3452 2.2939 34.8912
4317.0000 4246.2935 2.2938 34.8912
4319.0000 4248.2417 2.2939 34.8912
4321.0000 4250.1895 2.2943 34.8913
4323.0000 4252.1377 2.2948 34.8912
4325.0000 4254.0859 2.2948 34.8912
4327.0000 4256.0332 2.2950 34.8912
4329.0000 4257.9819 2.2953 34.8912
4331.0000 4259.9297 2.2953 34.8911
4333.0000 4261.8779 2.2954 34.8911
4335.0000 4263.8252 2.2947 34.8911
4337.0000 4265.7734 2.2943 34.8911
4339.0000 4267.7217 2.2940 34.8910
4341.0000 4269.6689 2.2936 34.8909
4343.0000 4271.6172 2.2931 34.8909
4345.0000 4273.5649 2.2925 34.8907
4347.0000 4275.5127 2.2921 34.8907
4349.0000 4277.4604 2.2917 34.8907
4351.0000 4279.4087 2.2913 34.8906
4353.0000 4281.3564 2.2916 34.8905
4355.0000 4283.3042 2.2916 34.8905
4357.0000 4285.2515 2.2915 34.8906
4359.0000 4287.1997 2.2915 34.8906
4361.0000 4289.1475 2.2918 34.8906
4363.0000 4291.0947 2.2918 34.8906
4365.0000 4293.0430 2.2919 34.8905
4367.0000 4294.9907 2.2923 34.8906
4369.0000 4296.9385 2.2922 34.8905
4371.0000 4298.8853 2.2913 34.8903
4373.0000 4300.8335 2.2903 34.8903
4375.0000 4302.7808 2.2889 34.8902
4377.0000 4304.7285 2.2890 34.8901
4379.0000 4306.6763 2.2885 34.8901
4381.0000 4308.6235 2.2884 34.8901
4383.0000 4310.5713 2.2883 34.8899
4385.0000 4312.5190 2.2883 34.8900
4387.0000 4314.4668 2.2884 34.8900
4389.0000 4316.4136 2.2882 34.8900
4391.0000 4318.3613 2.2885 34.8900
4393.0000 4320.3091 2.2879 34.8899
4395.0000 4322.2563 2.2872 34.8897
4397.0000 4324.2031 2.2869 34.8897
4399.0000 4326.1509 2.2862 34.8897
4401.0000 4328.0986 2.2842 34.8894
4403.0000 4330.0459 2.2838 34.8893
4405.0000 4331.9927 2.2836 34.8893
4407.0000 4333.9404 2.2839 34.8892
4409.0000 4335.8877 2.2842 34.8893
4411.0000 4337.8354 2.2840 34.8893
4413.0000 4339.7827 2.2840 34.8891
4415.0000 4341.7300 2.2837 34.8893
4417.0000 4343.6768 2.2832 34.8892
4419.0000 4345.6240 2.2825 34.8890
4421.0000 4347.5713 2.2821 34.8890
4423.0000 4349.5186 2.2816 34.8890
4425.0000 4351.4658 2.2811 34.8888
4427.0000 4353.4131 2.2808 34.8889
4429.0000 4355.3604 2.2800 34.8888
4431.0000 4357.3071 2.2801 34.8887
4433.0000 4359.2549 2.2796 34.8886
4435.0000 4361.2012 2.2790 34.8885
4437.0000 4363.1484 2.2785 34.8884
4439.0000 4365.0957 2.2784 34.8885
4441.0000 4367.0430 2.2771 34.8883
4443.0000 4368.9902 2.2760 34.8882
4445.0000 4370.9365 2.2754 34.8880
4447.0000 4372.8838 2.2756 34.8882
4449.0000 4374.8311 2.2760 34.8882
4451.0000 4376.7773 2.2764 34.8881
4453.0000 4378.7246 2.2765 34.8882
4455.0000 4380.6714 2.2766 34.8880
4457.0000 4382.6182 2.2766 34.8880
4459.0000 4384.5649 2.2767 34.8881
4461.0000 4386.5122 2.2769 34.8881
4463.0000 4388.4590 2.2768 34.8881
4465.0000 4390.4058 2.2754 34.8878
4467.0000 4392.3525 2.2753 34.8879
4469.0000 4394.2993 2.2754 34.8879
4471.0000 4396.2466 2.2757 34.8880
4473.0000 4398.1934 2.2756 34.8879
4475.0000 4400.1396 2.2754 34.8877
4477.0000 4402.0869 2.2744 34.8876
4479.0000 4404.0332 2.2747 34.8876
4481.0000 4405.9800 2.2747 34.8877
4483.0000 4407.9268 2.2746 34.8876
4485.0000 4409.8730 2.2742 34.8875
4487.0000 4411.8203 2.2735 34.8874
4489.0000 4413.7671 2.2735 34.8874
4491.0000 4415.7134 2.2732 34.8873
4493.0000 4417.6597 2.2736 34.8874
4495.0000 4419.6064 2.2740 34.8873
4497.0000 4421.5532 2.2736 34.8873
4499.0000 4423.4995 2.2737 34.8873
4501.0000 4425.4463 2.2740 34.8874
4503.0000 4427.3931 2.2740 34.8874
4505.0000 4429.3394 2.2738 34.8873
4507.0000 4431.2856 2.2738 34.8872
4509.0000 4433.2319 2.2734 34.8871
4511.0000 4435.1787 2.2727 34.8871
4513.0000 4437.1250 2.2718 34.8871
4515.0000 4439.0718 2.2717 34.8869
4517.0000 4441.0181 2.2704 34.8867
4519.0000 4442.9648 2.2697 34.8867
4521.0000 4444.9102 2.2697 34.8866
4523.0000 4446.8569 2.2694 34.8866
4525.0000 4448.8037 2.2695 34.8865
4527.0000 4450.7495 2.2692 34.8865
4529.0000 4452.6963 2.2690 34.8865
4531.0000 4454.6426 2.2683 34.8864
4533.0000 4456.5889 2.2679 34.8864
4535.0000 4458.5347 2.2672 34.8862
4537.0000 4460.4810 2.2670 34.8862
4539.0000 4462.4272 2.2668 34.8861
4541.0000 4464.3730 2.2664 34.8861
4543.0000 4466.3198 2.2665 34.8860
4545.0000 4468.2661 2.2663 34.8860
4547.0000 4470.2119 2.2658 34.8861
4549.0000 4472.1582 2.2659 34.8859
4551.0000 4474.1045 2.2662 34.8860
4553.0000 4476.0508 2.2667 34.8860
4555.0000 4477.9966 2.2669 34.8861
4557.0000 4479.9424 2.2672 34.8860
4559.0000 4481.8882 2.2671 34.8861
4561.0000 4483.8340 2.2675 34.8859
4563.0000 4485.7803 2.2674 34.8859
4565.0000 4487.7266 2.2677 34.8859
4567.0000 4489.6729 2.2678 34.8859
4569.0000 4491.6187 2.2680 34.8859
4571.0000 4493.5645 2.2681 34.8858
4573.0000 4495.5107 2.2684 34.8858
4575.0000 4497.4565 2.2687 34.8860
4577.0000 4499.4023 2.2689 34.8859
4579.0000 4501.3486 2.2688 34.8858
4581.0000 4503.2939 2.2687 34.8857
4583.0000 4505.2397 2.2668 34.8856
4585.0000 4507.1855 2.2665 34.8855
4587.0000 4509.1313 2.2656 34.8854
4589.0000 4511.0771 2.2647 34.8854
4591.0000 4513.0229 2.2641 34.8853
4593.0000 4514.9688 2.2634 34.8852
4595.0000 4516.9146 2.2636 34.8852
4597.0000 4518.8604 2.2638 34.8852
4599.0000 4520.8062 2.2641 34.8853
4601.0000 4522.7520 2.2644 34.8852
4603.0000 4524.6973 2.2642 34.8852
4605.0000 4526.6431 2.2644 34.8852
4607.0000 4528.5889 2.2644 34.8851
4609.0000 4530.5347 2.2641 34.8851
4611.0000 4532.4805 2.2641 34.8849
4613.0000 4534.4258 2.2641 34.8850
4615.0000 4536.3711 2.2640 34.8849
4617.0000 4538.3164 2.2639 34.8849
4619.0000 4540.2622 2.2640 34.8850
4621.0000 4542.2075 2.2640 34.8849
4623.0000 4544.1528 2.2645 34.8848
4625.0000 4546.0986 2.2647 34.8849
4627.0000 4548.0444 2.2647 34.8849
4629.0000 4549.9897 2.2648 34.8849
4631.0000 4551.9351 2.2647 34.8849
4633.0000 4553.8804 2.2652 34.8847
4635.0000 4555.8262 2.2630 34.8846
4637.0000 4557.7710 2.2621 34.8845
4639.0000 4559.7168 2.2623 34.8845
4641.0000 4561.6626 2.2625 34.8844
4643.0000 4563.6079 2.2628 34.8844
4645.0000 4565.5527 2.2635 34.8844
4647.0000 4567.4980 2.2630 34.8844
4649.0000 4569.4434 2.2629 34.8844
4651.0000 4571.3887 2.2629 34.8844
4653.0000 4573.3340 2.2629 34.8844
4655.0000 4575.2793 2.2630 34.8842
4657.0000 4577.2246 2.2632 34.8843
4659.0000 4579.1699 2.2634 34.8843
4661.0000 4581.1152 2.2633 34.8843
4663.0000 4583.0601 2.2626 34.8842
4665.0000 4585.0049 2.2623 34.8840
4667.0000 4586.9502 2.2625 34.8841
4669.0000 4588.8955 2.2623 34.8841
4671.0000 4590.8403 2.2622 34.8839
4673.0000 4592.7856 2.2619 34.8839
4675.0000 4594.7310 2.2618 34.8839
4677.0000 4596.6763 2.2608 34.8837
4679.0000 4598.6206 2.2597 34.8836
4681.0000 4600.5659 2.2581 34.8834
4683.0000 4602.5112 2.2572 34.8834
4685.0000 4604.4556 2.2554 34.8830
4687.0000 4606.4004 2.2547 34.8829
4689.0000 4608.3457 2.2541 34.8829
4691.0000 4610.2910 2.2531 34.8827
4693.0000 4612.2354 2.2529 34.8827
4695.0000 4614.1807 2.2527 34.8827
4697.0000 4616.1255 2.2529 34.8827
4699.0000 4618.0698 2.2533 34.8826
4701.0000 4620.0151 2.2534 34.8826
4703.0000 4621.9600 2.2531 34.8827
4705.0000 4623.9048 2.2515 34.8824
4707.0000 4625.8496 2.2511 34.8822
4709.0000 4627.7944 2.2485 34.8819
4711.0000 4629.7393 2.2473 34.8818
4713.0000 4631.6836 2.2467 34.8818
4715.0000 4633.6284 2.2461 34.8817
4717.0000 4635.5732 2.2456 34.8816
4719.0000 4637.5186 2.2452 34.8815
4721.0000 4639.4629 2.2448 34.8815
4723.0000 4641.4077 2.2455 34.8815
4725.0000 4643.3525 2.2449 34.8814
4727.0000 4645.2964 2.2439 34.8813
4729.0000 4647.2417 2.2437 34.8812
4731.0000 4649.1860 2.2435 34.8812
4733.0000 4651.1309 2.2422 34.8810
4735.0000 4653.0752 2.2405 34.8808
4737.0000 4655.0195 2.2403 34.8808
4739.0000 4656.9644 2.2401 34.8807
4741.0000 4658.9082 2.2381 34.8804
4743.0000 4660.8530 2.2360 34.8801
4745.0000 4662.7974 2.2349 34.8799
4747.0000 4664.7417 2.2337 34.8798
4749.0000 4666.6860 2.2337 34.8798
4751.0000 4668.6309 2.2327 34.8797
4753.0000 4670.5757 2.2326 34.8797
4755.0000 4672.5200 2.2306 34.8792
4757.0000 4674.4644 2.2275 34.8790
4759.0000 4676.4092 2.2267 34.8789
4761.0000 4678.3525 2.2269 34.8788
4763.0000 4680.2974 2.2264 34.8788
4765.0000 4682.2417 2.2257 34.8787
4767.0000 4684.1860 2.2257 34.8786
4769.0000 4686.1299 2.2260 34.8787
4771.0000 4688.0742 2.2258 34.8786
4773.0000 4690.0186 2.2247 34.8785
4775.0000 4691.9624 2.2244 34.8784
4777.0000 4693.9072 2.2248 34.8783
4779.0000 4695.8516 2.2209 34.8779
4781.0000 4697.7959 2.2200 34.8777
4783.0000 4699.7397 2.2176 34.8775
4785.0000 4701.6841 2.2179 34.8774
4787.0000 4703.6279 2.2172 34.8773
4789.0000 4705.5718 2.2137 34.8769
4791.0000 4707.5161 2.2138 34.8769
4793.0000 4709.4600 2.2139 34.8769
4795.0000 4711.4043 2.2138 34.8768
4797.0000 4713.3486 2.2145 34.8768
4799.0000 4715.2930 2.2139 34.8768
4801.0000 4717.2363 2.2132 34.8768
4803.0000 4719.1802 2.2120 34.8766
4805.0000 4721.1245 2.2109 34.8764
4807.0000 4723.0684 2.2102 34.8763
4809.0000 4725.0122 2.2086 34.8760
4811.0000 4726.9561 2.2086 34.8760
4813.0000 4728.8999 2.2090 34.8760
4815.0000 4730.8447 2.2093 34.8761
4817.0000 4732.7881 2.2092 34.8760
4819.0000 4734.7319 2.2092 34.8759
4821.0000 4736.6758 2.2094 34.8761
4823.0000 4738.6196 2.2098 34.8760
4825.0000 4740.5630 2.2100 34.8760
4827.0000 4742.5068 2.2101 34.8760
4829.0000 4744.4517 2.2096 34.8759
4831.0000 4746.3945 2.2089 34.8758
4833.0000 4748.3384 2.2055 34.8753
4835.0000 4750.2822 2.2045 34.8752
4837.0000 4752.2256 2.2009 34.8746
4839.0000 4754.1694 2.1990 34.8745
4841.0000 4756.1133 2.1982 34.8743
4843.0000 4758.0576 2.1964 34.8741
4845.0000 4760.0005 2.1960 34.8741
4847.0000 4761.9443 2.1961 34.8741
4849.0000 4763.8882 2.1956 34.8739
4851.0000 4765.8311 2.1941 34.8738
4853.0000 4767.7749 2.1929 34.8736
4855.0000 4769.7183 2.1912 34.8734
4857.0000 4771.6626 2.1910 34.8733
4859.0000 4773.6060 2.1898 34.8731
4861.0000 4775.5493 2.1899 34.8732
4863.0000 4777.4927 2.1899 34.8732
4865.0000 4779.4355 2.1899 34.8731
4867.0000 4781.3794 2.1846 34.8723
4869.0000 4783.3232 2.1798 34.8718
4871.0000 4785.2661 2.1782 34.8715
4873.0000 4787.2095 2.1757 34.8712
4875.0000 4789.1533 2.1747 34.8711
4877.0000 4791.0967 2.1744 34.8711
4879.0000 4793.0400 2.1744 34.8710
4881.0000 4794.9834 2.1735 34.8710
4883.0000 4796.9268 2.1738 34.8710
4885.0000 4798.8696 2.1736 34.8709
4887.0000 4800.8130 2.1745 34.8709
4889.0000 4802.7563 2.1749 34.8710
4891.0000 4804.7002 2.1755 34.8710
4893.0000 4806.6431 2.1753 34.8711
4895.0000 4808.5864 2.1751 34.8710
4897.0000 4810.5298 2.1752 34.8710
4899.0000 4812.4722 2.1754 34.8708
4901.0000 4814.4160 2.1758 34.8709
4903.0000 4816.3589 2.1763 34.8710
4905.0000 4818.3022 2.1760 34.8709
4907.0000 4820.2451 2.1748 34.8707
4909.0000 4822.1880 2.1752 34.8706
4911.0000 4824.1318 2.1748 34.8705
4913.0000 4826.0747 2.1748 34.8706
4915.0000 4828.0176 2.1751 34.8707
4917.0000 4829.9609 2.1745 34.8705
4919.0000 4831.9038 2.1737 34.8704
4921.0000 4833.8467 2.1739 34.8704
4923.0000 4835.7896 2.1740 34.8703
4925.0000 4837.7324 2.1716 34.8700
4927.0000 4839.6753 2.1693 34.8697
4929.0000 4841.6187 2.1683 34.8697
4931.0000 4843.5615 2.1661 34.8692
4933.0000 4845.5039 2.1672 34.8693
4935.0000 4847.4468 2.1617 34.8686
4937.0000 4849.3896 2.1588 34.8683
4939.0000 4851.3330 2.1546 34.8676
4941.0000 4853.2754 2.1531 34.8675
4943.0000 4855.2183 2.1533 34.8675
4945.0000 4857.1611 2.1558 34.8675
4947.0000 4859.1040 2.1506 34.8671
4949.0000 4861.0469 2.1478 34.8669
4951.0000 4862.9897 2.1471 34.8667
4953.0000 4864.9326 2.1468 34.8667
4955.0000 4866.8750 2.1495 34.8667
4957.0000 4868.8179 2.1460 34.8664
4959.0000 4870.7607 2.1457 34.8664
4961.0000 4872.7031 2.1450 34.8664
4963.0000 4874.6465 2.1459 34.8662
4965.0000 4876.5889 2.1448 34.8662
4967.0000 4878.5317 2.1441 34.8661
4969.0000 4880.4736 2.1436 34.8661
4971.0000 4882.4165 2.1440 34.8660
4973.0000 4884.3594 2.1435 34.8660
4975.0000 4886.3013 2.1443 34.8658
4977.0000 4888.2437 2.1437 34.8660
4979.0000 4890.1870 2.1438 34.8659
4981.0000 4892.1294 2.1436 34.8660
4983.0000 4894.0718 2.1434 34.8658
4985.0000 4896.0142 2.1417 34.8656
4987.0000 4897.9570 2.1409 34.8653
4989.0000 4899.8989 2.1383 34.8650
4991.0000 4901.8413 2.1384 34.8650
4993.0000 4903.7842 2.1386 34.8650
4995.0000 4905.7261 2.1387 34.8650
4997.0000 4907.6689 2.1379 34.8648
4999.0000 4909.6108 2.1367 34.8647
5001.0000 4911.5537 2.1357 34.8646
5003.0000 4913.4956 2.1353 34.8645
5005.0000 4915.4375 2.1336 34.8642
5007.0000 4917.3804 2.1332 34.8642
5009.0000 4919.3228 2.1339 34.8641
5011.0000 4921.2646 2.1321 34.8640
5013.0000 4923.2070 2.1303 34.8636
5015.0000 4925.1494 2.1299 34.8636
5017.0000 4927.0913 2.1299 34.8635
5019.0000 4929.0337 2.1309 34.8636
5021.0000 4930.9761 2.1295 34.8635
5023.0000 4932.9180 2.1300 34.8634
5025.0000 4934.8599 2.1286 34.8632
5027.0000 4936.8022 2.1261 34.8630
5029.0000 4938.7446 2.1248 34.8627
5031.0000 4940.6860 2.1247 34.8626
5033.0000 4942.6284 2.1214 34.8624
5035.0000 4944.5708 2.1215 34.8623
5037.0000 4946.5127 2.1206 34.8621
5039.0000 4948.4546 2.1174 34.8617
5041.0000 4950.3970 2.1177 34.8617
5043.0000 4952.3389 2.1161 34.8615
5045.0000 4954.2803 2.1156 34.8614
5047.0000 4956.2227 2.1150 34.8613
5049.0000 4958.1650 2.1150 34.8613
5051.0000 4960.1060 2.1175 34.8614
5053.0000 4962.0483 2.1170 34.8612
5055.0000 4963.9902 2.1149 34.8611
5057.0000 4965.9321 2.1153 34.8610
5059.0000 4967.8740 2.1148 34.8610
5061.0000 4969.8159 2.1142 34.8609
5063.0000 4971.7578 2.1138 34.8609
5065.0000 4973.6997 2.1151 34.8609
5067.0000 4975.6411 2.1129 34.8606
5069.0000 4977.5830 2.1118 34.8607
5071.0000 4979.5249 2.1136 34.8606
5073.0000 4981.4668 2.1123 34.8604
5075.0000 4983.4082 2.1099 34.8602
5077.0000 4985.3501 2.1089 34.8601
5079.0000 4987.2915 2.1086 34.8599
5081.0000 4989.2329 2.1079 34.8599
5083.0000 4991.1753 2.1081 34.8599
5085.0000 4993.1167 2.1070 34.8597
5087.0000 4995.0576 2.1052 34.8595
5089.0000 4997.0005 2.1065 34.8596
5091.0000 4998.9414 2.1060 34.8593
5093.0000 5000.8828 2.1073 34.8597
5095.0000 5002.8247 2.1076 34.8597
5097.0000 5004.7661 2.1070 34.8595
5099.0000 5006.7080 2.1062 34.8594
5101.0000 5008.6489 2.1043 34.8591
5103.0000 5010.5908 2.1034 34.8588
5105.0000 5012.5327 2.1022 34.8588
5107.0000 5014.4736 2.1018 34.8587
5109.0000 5016.4146 2.1029 34.8588
5111.0000 5018.3569 2.1017 34.8587
5113.0000 5020.2974 2.1018 34.8587
5115.0000 5022.2393 2.1020 34.8586
5117.0000 5024.1807 2.1015 34.8586
5119.0000 5026.1221 2.1016 34.8585
5121.0000 5028.0635 2.1018 34.8586
5123.0000 5030.0049 2.1020 34.8586
5125.0000 5031.9458 2.1016 34.8585
5127.0000 5033.8872 2.1007 34.8583
5129.0000 5035.8286 2.1011 34.8583
5131.0000 5037.7700 2.1018 34.8585
5133.0000 5039.7109 2.1026 34.8585
5135.0000 5041.6523 2.1032 34.8583
5137.0000 5043.5938 2.1030 34.8582
5139.0000 5045.5347 2.1033 34.8584
5141.0000 5047.4761 2.1035 34.8583
5143.0000 5049.4170 2.1034 34.8583
5145.0000 5051.3579 2.1037 34.8583
5147.0000 5053.2993 2.1030 34.8582
5149.0000 5055.2402 2.1035 34.8581
5151.0000 5057.1816 2.1033 34.8582
5153.0000 5059.1230 2.1034 34.8581
5155.0000 5061.0630 2.1034 34.8581
5157.0000 5063.0049 2.1037 34.8581
5159.0000 5064.9458 2.1041 34.8581
5161.0000 5066.8867 2.1040 34.8581
5163.0000 5068.8276 2.1038 34.8580
5165.0000 5070.7681 2.1031 34.8579
5167.0000 5072.7100 2.1005 34.8575
5169.0000 5074.6504 2.0988 34.8573
5171.0000 5076.5918 2.0990 34.8574
5173.0000 5078.5327 2.0993 34.8573
5175.0000 5080.4731 2.0999 34.8575
5177.0000 5082.4141 2.0998 34.8574
5179.0000 5084.3550 2.0995 34.8572
5181.0000 5086.2959 2.0999 34.8572
5183.0000 5088.2363 2.1000 34.8572
5185.0000 5090.1777 2.0973 34.8568
5187.0000 5092.1182 2.0963 34.8566
