CTD cast

DATE:  07-Jan-2016 08:59:00
latitude:  24.5022
longitude:  -38.6992
  P (db)  z (m)    T (^oC)  S (psu)
1.0000 0.9936 23.6635 37.3921
3.0000 2.9808 23.6637 37.3920
5.0000 4.9680 23.6640 37.3920
7.0000 6.9551 23.6649 37.3919
9.0000 8.9422 23.6660 37.3919
11.0000 10.9293 23.6659 37.3919
13.0000 12.9164 23.6653 37.3909
15.0000 14.9035 23.6656 37.3912
17.0000 16.8906 23.6657 37.3906
19.0000 18.8776 23.6661 37.3905
21.0000 20.8646 23.6669 37.3908
23.0000 22.8516 23.6637 37.3908
25.0000 24.8386 23.6691 37.3908
27.0000 26.8255 23.6686 37.3910
29.0000 28.8125 23.6681 37.3911
31.0000 30.7994 23.6684 37.3911
33.0000 32.7863 23.6670 37.3913
35.0000 34.7732 23.6671 37.3912
37.0000 36.7600 23.6679 37.3913
39.0000 38.7469 23.6684 37.3915
41.0000 40.7337 23.6686 37.3915
43.0000 42.7205 23.6708 37.3914
45.0000 44.7073 23.6718 37.3910
47.0000 46.6941 23.6739 37.3913
49.0000 48.6808 23.6744 37.3914
51.0000 50.6675 23.6718 37.3917
53.0000 52.6542 23.6726 37.3916
55.0000 54.6409 23.6740 37.3916
57.0000 56.6276 23.6761 37.3917
59.0000 58.6142 23.6777 37.3923
61.0000 60.6009 23.6784 37.3924
63.0000 62.5875 23.6786 37.3922
65.0000 64.5741 23.6775 37.3918
67.0000 66.5606 23.6761 37.3916
69.0000 68.5472 23.6766 37.3917
71.0000 70.5337 23.6765 37.3918
73.0000 72.5202 23.6760 37.3914
75.0000 74.5067 23.6788 37.3919
77.0000 76.4932 23.6758 37.3906
79.0000 78.4797 23.6731 37.3899
81.0000 80.4661 23.6765 37.3907
83.0000 82.4525 23.6775 37.3910
85.0000 84.4389 23.6788 37.3908
87.0000 86.4253 23.6324 37.3757
89.0000 88.4117 23.6347 37.3780
91.0000 90.3980 23.6391 37.3790
93.0000 92.3843 23.6446 37.3802
95.0000 94.3706 23.5002 37.3319
97.0000 96.3569 23.2332 37.2659
99.0000 98.3432 23.1313 37.2470
101.0000 100.3294 23.1250 37.2535
103.0000 102.3156 23.1291 37.2597
105.0000 104.3018 23.2711 37.2898
107.0000 106.2880 23.1199 37.2647
109.0000 108.2742 23.1072 37.2618
111.0000 110.2604 22.8401 37.2011
113.0000 112.2465 22.5693 37.1434
115.0000 114.2326 22.5433 37.1492
117.0000 116.2187 22.3606 37.1187
119.0000 118.2047 22.0054 37.0725
121.0000 120.1908 21.7742 37.0530
123.0000 122.1768 21.7374 37.0494
125.0000 124.1628 21.6845 37.0432
127.0000 126.1488 21.6345 37.0423
129.0000 128.1348 21.6952 37.0474
131.0000 130.1208 21.5496 37.0465
133.0000 132.1067 21.4591 37.0602
135.0000 134.0926 21.5037 37.0563
137.0000 136.0785 21.3859 37.0796
139.0000 138.0644 21.3626 37.0833
141.0000 140.0503 21.3613 37.0863
143.0000 142.0361 21.3106 37.0811
145.0000 144.0219 21.2503 37.0743
147.0000 146.0077 21.1549 37.0608
149.0000 147.9935 20.9721 37.0368
151.0000 149.9793 20.9496 37.0359
153.0000 151.9650 20.9265 37.0393
155.0000 153.9508 20.8700 37.0392
157.0000 155.9365 20.8345 37.0411
159.0000 157.9221 20.7509 37.0309
161.0000 159.9078 20.7193 37.0379
163.0000 161.8935 20.6798 37.0249
165.0000 163.8791 20.5936 37.0107
167.0000 165.8647 20.5263 36.9974
169.0000 167.8503 20.4443 36.9762
171.0000 169.8359 20.3885 36.9674
173.0000 171.8214 20.3491 36.9671
175.0000 173.8069 20.3415 36.9696
177.0000 175.7924 20.3335 36.9732
179.0000 177.7780 20.3289 36.9763
181.0000 179.7634 20.3055 36.9783
183.0000 181.7489 20.2902 36.9786
185.0000 183.7343 20.2407 36.9636
187.0000 185.7198 20.1585 36.9401
189.0000 187.7052 20.1470 36.9451
191.0000 189.6905 20.1088 36.9404
193.0000 191.6759 19.9770 36.9168
195.0000 193.6613 19.8790 36.9058
197.0000 195.6466 19.8071 36.8909
199.0000 197.6319 19.7567 36.8766
201.0000 199.6172 19.7080 36.8711
203.0000 201.6024 19.7236 36.8756
205.0000 203.5877 19.7104 36.8825
207.0000 205.5729 19.7702 36.9120
209.0000 207.5581 19.8231 36.9417
211.0000 209.5433 19.7973 36.9420
213.0000 211.5285 19.7509 36.9312
215.0000 213.5136 19.6883 36.9166
217.0000 215.4987 19.6376 36.9094
219.0000 217.4838 19.6202 36.9063
221.0000 219.4690 19.6028 36.9033
223.0000 221.4540 19.5367 36.8916
225.0000 223.4391 19.4770 36.8851
227.0000 225.4241 19.4464 36.8799
229.0000 227.4091 19.4078 36.8727
231.0000 229.3941 19.3790 36.8678
233.0000 231.3791 19.3711 36.8671
235.0000 233.3641 19.3539 36.8616
237.0000 235.3490 19.2112 36.8254
239.0000 237.3339 19.1672 36.8225
241.0000 239.3188 19.1256 36.8102
243.0000 241.3037 19.0104 36.7816
245.0000 243.2886 18.9046 36.7570
247.0000 245.2734 18.8181 36.7384
249.0000 247.2583 18.7659 36.7290
251.0000 249.2431 18.7168 36.7178
253.0000 251.2278 18.6519 36.7010
255.0000 253.2126 18.5302 36.6722
257.0000 255.1973 18.5105 36.6681
259.0000 257.1821 18.5195 36.6712
261.0000 259.1668 18.4642 36.6549
263.0000 261.1515 18.3377 36.6270
265.0000 263.1362 18.2995 36.6216
267.0000 265.1208 18.2874 36.6205
269.0000 267.1054 18.2451 36.6124
271.0000 269.0901 18.2162 36.6067
273.0000 271.0746 18.1994 36.6034
275.0000 273.0592 18.1615 36.5932
277.0000 275.0438 18.1326 36.5869
279.0000 277.0284 18.1103 36.5809
281.0000 279.0128 18.0625 36.5695
283.0000 280.9973 18.0001 36.5569
285.0000 282.9818 17.9393 36.5416
287.0000 284.9663 17.8644 36.5272
289.0000 286.9507 17.8438 36.5263
291.0000 288.9352 17.8054 36.5125
293.0000 290.9196 17.7401 36.5054
295.0000 292.9039 17.6975 36.4967
297.0000 294.8883 17.7157 36.5001
299.0000 296.8727 17.6295 36.4888
301.0000 298.8570 17.5965 36.4864
303.0000 300.8412 17.5895 36.4857
305.0000 302.8256 17.5559 36.4786
307.0000 304.8098 17.4943 36.4678
309.0000 306.7941 17.4092 36.4508
311.0000 308.7783 17.3531 36.4384
313.0000 310.7626 17.3198 36.4320
315.0000 312.7467 17.2778 36.4241
317.0000 314.7309 17.2273 36.4133
319.0000 316.7151 17.1470 36.4047
321.0000 318.6992 17.1172 36.4007
323.0000 320.6833 17.0850 36.3957
325.0000 322.6674 17.0196 36.3854
327.0000 324.6515 16.9770 36.3801
329.0000 326.6356 16.9665 36.3784
331.0000 328.6196 16.9279 36.3718
333.0000 330.6036 16.8869 36.3646
335.0000 332.5876 16.8813 36.3634
337.0000 334.5716 16.8378 36.3544
339.0000 336.5556 16.7940 36.3483
341.0000 338.5395 16.7924 36.3479
343.0000 340.5234 16.7723 36.3431
345.0000 342.5073 16.7403 36.3372
347.0000 344.4912 16.7007 36.3295
349.0000 346.4751 16.6639 36.3229
351.0000 348.4590 16.6381 36.3178
353.0000 350.4428 16.6143 36.3137
355.0000 352.4266 16.5886 36.3081
357.0000 354.4104 16.5485 36.3011
359.0000 356.3941 16.5009 36.2924
361.0000 358.3779 16.4773 36.2884
363.0000 360.3617 16.4571 36.2841
365.0000 362.3454 16.4253 36.2781
367.0000 364.3291 16.4041 36.2747
369.0000 366.3127 16.3786 36.2695
371.0000 368.2964 16.3427 36.2630
373.0000 370.2800 16.3240 36.2596
375.0000 372.2636 16.2876 36.2509
377.0000 374.2473 16.2054 36.2382
379.0000 376.2309 16.1699 36.2323
381.0000 378.2144 16.1474 36.2271
383.0000 380.1979 16.0521 36.2096
385.0000 382.1815 16.0126 36.2063
387.0000 384.1650 15.9885 36.1990
389.0000 386.1485 15.9175 36.1866
391.0000 388.1319 15.8850 36.1801
393.0000 390.1154 15.8341 36.1714
395.0000 392.0988 15.7859 36.1643
397.0000 394.0822 15.7731 36.1627
399.0000 396.0656 15.7391 36.1546
401.0000 398.0490 15.6126 36.1352
403.0000 400.0324 15.5656 36.1292
405.0000 402.0157 15.5283 36.1248
407.0000 403.9990 15.4968 36.1211
409.0000 405.9823 15.4628 36.1154
411.0000 407.9655 15.4412 36.1118
413.0000 409.9489 15.4160 36.1074
415.0000 411.9321 15.3742 36.1012
417.0000 413.9153 15.3499 36.0986
419.0000 415.8985 15.3296 36.0955
421.0000 417.8817 15.3109 36.0928
423.0000 419.8648 15.2747 36.0850
425.0000 421.8480 15.1779 36.0707
427.0000 423.8311 15.1055 36.0609
429.0000 425.8142 15.1010 36.0607
431.0000 427.7973 15.0980 36.0601
433.0000 429.7804 15.0933 36.0594
435.0000 431.7634 15.0875 36.0585
437.0000 433.7465 15.0734 36.0557
439.0000 435.7295 15.0466 36.0508
441.0000 437.7124 15.0005 36.0429
443.0000 439.6954 14.9622 36.0375
445.0000 441.6784 14.9234 36.0309
447.0000 443.6613 14.9001 36.0273
449.0000 445.6443 14.8864 36.0246
451.0000 447.6271 14.8227 36.0146
453.0000 449.6100 14.7655 36.0057
455.0000 451.5929 14.7201 35.9982
457.0000 453.5757 14.6879 35.9917
459.0000 455.5585 14.6275 35.9817
461.0000 457.5413 14.5940 35.9779
463.0000 459.5241 14.5726 35.9746
465.0000 461.5069 14.5278 35.9663
467.0000 463.4896 14.4402 35.9520
469.0000 465.4723 14.4024 35.9470
471.0000 467.4551 14.3579 35.9387
473.0000 469.4377 14.3632 35.9424
475.0000 471.4204 14.2925 35.9305
477.0000 473.4030 14.2765 35.9296
479.0000 475.3857 14.2471 35.9240
481.0000 477.3683 14.2411 35.9244
483.0000 479.3509 14.2052 35.9170
485.0000 481.3335 14.1258 35.9070
487.0000 483.3160 14.1041 35.9040
489.0000 485.2986 14.1170 35.9064
491.0000 487.2811 14.0793 35.9001
493.0000 489.2635 14.0469 35.8958
495.0000 491.2461 14.0102 35.8893
497.0000 493.2285 13.9636 35.8825
499.0000 495.2110 13.8640 35.8663
501.0000 497.1933 13.7552 35.8530
503.0000 499.1758 13.7341 35.8511
505.0000 501.1582 13.7229 35.8505
507.0000 503.1405 13.7113 35.8494
509.0000 505.1228 13.6744 35.8443
511.0000 507.1052 13.6397 35.8401
513.0000 509.0876 13.6160 35.8381
515.0000 511.0698 13.5949 35.8343
517.0000 513.0521 13.5605 35.8285
519.0000 515.0344 13.5387 35.8261
521.0000 517.0165 13.5242 35.8234
523.0000 518.9987 13.4781 35.8168
525.0000 520.9810 13.4324 35.8103
527.0000 522.9631 13.4024 35.8067
529.0000 524.9453 13.3710 35.8020
531.0000 526.9274 13.3495 35.7995
533.0000 528.9095 13.3362 35.7976
535.0000 530.8916 13.3299 35.7969
537.0000 532.8737 13.3076 35.7933
539.0000 534.8558 13.3083 35.7938
541.0000 536.8378 13.2513 35.7837
543.0000 538.8198 13.1979 35.7779
545.0000 540.8019 13.1827 35.7758
547.0000 542.7838 13.1685 35.7736
549.0000 544.7657 13.1607 35.7728
551.0000 546.7477 13.1582 35.7723
553.0000 548.7297 13.1435 35.7705
555.0000 550.7115 13.1313 35.7687
557.0000 552.6935 13.1084 35.7657
559.0000 554.6754 13.0386 35.7538
561.0000 556.6572 12.9745 35.7428
563.0000 558.6390 12.9367 35.7415
565.0000 560.6208 12.8939 35.7361
567.0000 562.6027 12.8910 35.7358
569.0000 564.5844 12.8293 35.7260
571.0000 566.5662 12.7622 35.7194
573.0000 568.5479 12.7266 35.7146
575.0000 570.5296 12.6624 35.7059
577.0000 572.5114 12.6244 35.7018
579.0000 574.4930 12.6189 35.7016
581.0000 576.4746 12.6080 35.7004
583.0000 578.4563 12.5832 35.6970
585.0000 580.4379 12.5633 35.6945
587.0000 582.4196 12.5111 35.6874
589.0000 584.4012 12.4679 35.6820
591.0000 586.3827 12.4291 35.6763
593.0000 588.3643 12.3803 35.6692
595.0000 590.3458 12.2882 35.6572
597.0000 592.3272 12.2211 35.6499
599.0000 594.3088 12.1949 35.6469
601.0000 596.2903 12.1756 35.6447
603.0000 598.2717 12.1437 35.6411
605.0000 600.2531 12.0596 35.6278
607.0000 602.2346 11.9648 35.6187
609.0000 604.2159 11.9675 35.6201
611.0000 606.1973 11.9707 35.6187
613.0000 608.1786 11.9296 35.6148
615.0000 610.1601 11.9190 35.6126
617.0000 612.1414 11.8914 35.6100
619.0000 614.1226 11.8907 35.6089
621.0000 616.1039 11.8422 35.6038
623.0000 618.0852 11.8261 35.6015
625.0000 620.0664 11.7714 35.5935
627.0000 622.0477 11.6937 35.5857
629.0000 624.0289 11.6827 35.5843
631.0000 626.0101 11.6764 35.5837
633.0000 627.9912 11.6658 35.5823
635.0000 629.9724 11.6506 35.5806
637.0000 631.9536 11.6365 35.5790
639.0000 633.9346 11.6225 35.5774
641.0000 635.9158 11.6119 35.5758
643.0000 637.8968 11.5544 35.5676
645.0000 639.8778 11.4755 35.5594
647.0000 641.8589 11.4586 35.5577
649.0000 643.8399 11.4418 35.5560
651.0000 645.8209 11.4128 35.5523
653.0000 647.8019 11.3736 35.5465
655.0000 649.7828 11.3303 35.5427
657.0000 651.7638 11.2602 35.5338
659.0000 653.7447 11.2431 35.5323
661.0000 655.7256 11.2351 35.5317
663.0000 657.7065 11.2216 35.5301
665.0000 659.6874 11.2035 35.5284
667.0000 661.6682 11.1983 35.5280
669.0000 663.6490 11.1942 35.5276
671.0000 665.6299 11.1857 35.5266
673.0000 667.6106 11.1789 35.5256
675.0000 669.5914 11.1624 35.5239
677.0000 671.5722 11.1356 35.5201
679.0000 673.5529 11.1074 35.5173
681.0000 675.5336 11.0350 35.5081
683.0000 677.5143 10.9698 35.5012
685.0000 679.4951 10.9366 35.4979
687.0000 681.4756 10.8953 35.4925
689.0000 683.4564 10.8750 35.4919
691.0000 685.4370 10.8473 35.4893
693.0000 687.4174 10.8316 35.4874
695.0000 689.3981 10.7901 35.4824
697.0000 691.3787 10.7343 35.4763
699.0000 693.3593 10.7019 35.4739
701.0000 695.3397 10.6877 35.4722
703.0000 697.3203 10.6760 35.4710
705.0000 699.3007 10.6754 35.4708
707.0000 701.2812 10.6566 35.4683
709.0000 703.2617 10.6277 35.4656
711.0000 705.2421 10.6153 35.4637
713.0000 707.2225 10.5973 35.4619
715.0000 709.2029 10.5679 35.4576
717.0000 711.1833 10.5169 35.4524
719.0000 713.1636 10.4592 35.4441
721.0000 715.1440 10.3681 35.4365
723.0000 717.1243 10.3410 35.4329
725.0000 719.1046 10.3047 35.4294
727.0000 721.0848 10.2661 35.4245
729.0000 723.0651 10.2203 35.4198
731.0000 725.0453 10.2008 35.4181
733.0000 727.0256 10.1836 35.4163
735.0000 729.0058 10.1570 35.4136
737.0000 730.9860 10.1367 35.4121
739.0000 732.9662 10.1288 35.4115
741.0000 734.9464 10.1056 35.4090
743.0000 736.9264 10.0687 35.4059
745.0000 738.9066 10.0482 35.4038
747.0000 740.8867 10.0194 35.4016
749.0000 742.8667 9.9955 35.3984
751.0000 744.8468 9.9653 35.3953
753.0000 746.8268 9.9166 35.3891
755.0000 748.8068 9.8553 35.3832
757.0000 750.7868 9.8338 35.3821
759.0000 752.7668 9.8030 35.3782
761.0000 754.7468 9.7812 35.3764
763.0000 756.7267 9.7642 35.3748
765.0000 758.7067 9.7429 35.3726
767.0000 760.6866 9.7168 35.3699
769.0000 762.6664 9.6971 35.3683
771.0000 764.6462 9.6910 35.3677
773.0000 766.6262 9.6873 35.3673
775.0000 768.6060 9.6738 35.3656
777.0000 770.5858 9.6382 35.3618
779.0000 772.5656 9.6189 35.3599
781.0000 774.5453 9.5619 35.3531
783.0000 776.5250 9.5415 35.3519
785.0000 778.5048 9.5299 35.3507
787.0000 780.4846 9.5057 35.3470
789.0000 782.4642 9.4392 35.3407
791.0000 784.4439 9.3978 35.3379
793.0000 786.4236 9.3691 35.3339
795.0000 788.4033 9.3119 35.3278
797.0000 790.3828 9.2691 35.3244
799.0000 792.3624 9.2613 35.3238
801.0000 794.3420 9.2386 35.3214
803.0000 796.3216 9.2016 35.3176
805.0000 798.3011 9.1830 35.3164
807.0000 800.2806 9.1506 35.3104
809.0000 802.2603 9.0607 35.3036
811.0000 804.2396 9.0094 35.2996
813.0000 806.2191 8.9872 35.2968
815.0000 808.1985 8.9624 35.2956
817.0000 810.1780 8.9415 35.2933
819.0000 812.1573 8.9282 35.2919
821.0000 814.1368 8.8947 35.2878
823.0000 816.1161 8.8494 35.2837
825.0000 818.0955 8.8150 35.2795
827.0000 820.0750 8.7673 35.2755
829.0000 822.0542 8.7406 35.2733
831.0000 824.0335 8.7299 35.2726
833.0000 826.0128 8.7149 35.2708
835.0000 827.9921 8.6771 35.2669
837.0000 829.9713 8.6472 35.2641
839.0000 831.9505 8.6215 35.2621
841.0000 833.9297 8.6182 35.2628
843.0000 835.9089 8.6112 35.2615
845.0000 837.8881 8.6000 35.2604
847.0000 839.8672 8.5918 35.2590
849.0000 841.8464 8.5600 35.2560
851.0000 843.8256 8.5172 35.2505
853.0000 845.8046 8.4781 35.2469
855.0000 847.7836 8.4334 35.2423
857.0000 849.7627 8.4195 35.2422
859.0000 851.7417 8.4070 35.2402
861.0000 853.7208 8.3495 35.2336
863.0000 855.6998 8.3066 35.2309
865.0000 857.6788 8.2737 35.2276
867.0000 859.6577 8.2559 35.2265
869.0000 861.6367 8.2344 35.2240
871.0000 863.6157 8.2143 35.2213
873.0000 865.5944 8.1889 35.2194
875.0000 867.5734 8.1900 35.2189
877.0000 869.5522 8.1205 35.2117
879.0000 871.5311 8.0945 35.2091
881.0000 873.5099 8.0812 35.2098
883.0000 875.4888 8.0684 35.2071
885.0000 877.4676 8.0034 35.2025
887.0000 879.4463 7.9964 35.2018
889.0000 881.4250 7.9961 35.2019
891.0000 883.4039 7.9733 35.1989
893.0000 885.3824 7.9460 35.1963
895.0000 887.3612 7.8992 35.1896
897.0000 889.3400 7.8639 35.1861
899.0000 891.3186 7.8494 35.1839
901.0000 893.2972 7.8280 35.1807
903.0000 895.2758 7.7728 35.1753
905.0000 897.2545 7.7603 35.1751
907.0000 899.2330 7.7549 35.1751
909.0000 901.2115 7.7450 35.1747
911.0000 903.1901 7.7303 35.1735
913.0000 905.1688 7.7114 35.1712
915.0000 907.1472 7.6912 35.1693
917.0000 909.1257 7.6840 35.1687
919.0000 911.1042 7.6718 35.1673
921.0000 913.0826 7.6448 35.1636
923.0000 915.0610 7.5965 35.1592
925.0000 917.0396 7.5810 35.1567
927.0000 919.0179 7.5706 35.1558
929.0000 920.9962 7.5646 35.1550
931.0000 922.9747 7.5519 35.1535
933.0000 924.9530 7.5271 35.1513
935.0000 926.9312 7.4918 35.1477
937.0000 928.9095 7.4571 35.1446
939.0000 930.8879 7.4468 35.1437
941.0000 932.8661 7.4355 35.1427
943.0000 934.8444 7.4248 35.1422
945.0000 936.8226 7.3703 35.1369
947.0000 938.8008 7.3474 35.1358
949.0000 940.7790 7.3336 35.1347
951.0000 942.7572 7.2948 35.1311
953.0000 944.7354 7.2548 35.1284
955.0000 946.7134 7.2383 35.1271
957.0000 948.6916 7.2142 35.1244
959.0000 950.6696 7.1840 35.1231
961.0000 952.6478 7.1684 35.1217
963.0000 954.6258 7.1434 35.1196
965.0000 956.6038 7.1173 35.1176
967.0000 958.5819 7.0941 35.1163
969.0000 960.5599 7.0845 35.1155
971.0000 962.5379 7.0685 35.1146
973.0000 964.5158 7.0535 35.1133
975.0000 966.4938 7.0315 35.1112
977.0000 968.4717 7.0179 35.1102
979.0000 970.4496 6.9889 35.1080
981.0000 972.4276 6.9573 35.1051
983.0000 974.4054 6.9172 35.1028
985.0000 976.3833 6.9061 35.1025
987.0000 978.3610 6.9005 35.1025
989.0000 980.3389 6.8942 35.1020
991.0000 982.3167 6.8793 35.1010
993.0000 984.2945 6.8672 35.1001
995.0000 986.2723 6.8645 35.1001
997.0000 988.2500 6.8616 35.0998
999.0000 990.2277 6.8599 35.0998
1001.0000 992.2054 6.8553 35.0992
1003.0000 994.1832 6.8291 35.0968
1005.0000 996.1608 6.7847 35.0944
1007.0000 998.1384 6.7707 35.0923
1009.0000 1000.1161 6.7467 35.0908
1011.0000 1002.0937 6.7185 35.0893
1013.0000 1004.0713 6.6973 35.0889
1015.0000 1006.0489 6.6857 35.0885
1017.0000 1008.0263 6.6700 35.0880
1019.0000 1010.0039 6.6552 35.0871
1021.0000 1011.9815 6.6430 35.0868
1023.0000 1013.9590 6.6306 35.0862
1025.0000 1015.9364 6.6129 35.0863
1027.0000 1017.9139 6.6016 35.0870
1029.0000 1019.8914 6.5932 35.0866
1031.0000 1021.8688 6.5828 35.0862
1033.0000 1023.8461 6.5719 35.0857
1035.0000 1025.8236 6.5622 35.0851
1037.0000 1027.8010 6.5526 35.0843
1039.0000 1029.7783 6.5556 35.0845
1041.0000 1031.7556 6.5330 35.0836
1043.0000 1033.7329 6.5147 35.0832
1045.0000 1035.7102 6.5040 35.0829
1047.0000 1037.6875 6.5081 35.0829
1049.0000 1039.6648 6.4859 35.0821
1051.0000 1041.6421 6.4757 35.0817
1053.0000 1043.6191 6.4725 35.0815
1055.0000 1045.5964 6.4664 35.0810
1057.0000 1047.5736 6.4569 35.0806
1059.0000 1049.5507 6.4502 35.0803
1061.0000 1051.5278 6.4467 35.0803
1063.0000 1053.5050 6.4465 35.0799
1065.0000 1055.4822 6.4350 35.0797
1067.0000 1057.4592 6.4276 35.0793
1069.0000 1059.4362 6.4028 35.0783
1071.0000 1061.4133 6.3741 35.0781
1073.0000 1063.3903 6.3597 35.0781
1075.0000 1065.3673 6.3361 35.0775
1077.0000 1067.3445 6.2998 35.0783
1079.0000 1069.3212 6.2920 35.0782
1081.0000 1071.2982 6.2849 35.0783
1083.0000 1073.2753 6.2815 35.0782
1085.0000 1075.2522 6.2765 35.0782
1087.0000 1077.2290 6.2759 35.0784
1089.0000 1079.2059 6.2759 35.0784
1091.0000 1081.1827 6.2750 35.0784
1093.0000 1083.1595 6.2750 35.0784
1095.0000 1085.1365 6.2707 35.0784
1097.0000 1087.1133 6.2662 35.0783
1099.0000 1089.0901 6.2624 35.0781
1101.0000 1091.0667 6.2519 35.0777
1103.0000 1093.0436 6.2465 35.0778
1105.0000 1095.0204 6.2425 35.0776
1107.0000 1096.9969 6.2274 35.0771
1109.0000 1098.9738 6.2223 35.0770
1111.0000 1100.9504 6.2089 35.0770
1113.0000 1102.9270 6.1992 35.0773
1115.0000 1104.9037 6.1889 35.0788
1117.0000 1106.8804 6.1731 35.0785
1119.0000 1108.8569 6.1469 35.0767
1121.0000 1110.8335 6.1373 35.0773
1123.0000 1112.8101 6.1299 35.0771
1125.0000 1114.7866 6.1273 35.0769
1127.0000 1116.7632 6.1188 35.0768
1129.0000 1118.7396 6.1107 35.0771
1131.0000 1120.7162 6.1059 35.0775
1133.0000 1122.6927 6.1011 35.0787
1135.0000 1124.6691 6.0964 35.0786
1137.0000 1126.6455 6.0903 35.0793
1139.0000 1128.6218 6.0840 35.0813
1141.0000 1130.5983 6.0749 35.0811
1143.0000 1132.5747 6.0685 35.0807
1145.0000 1134.5510 6.0603 35.0804
1147.0000 1136.5275 6.0619 35.0805
1149.0000 1138.5037 6.0482 35.0790
1151.0000 1140.4801 6.0387 35.0794
1153.0000 1142.4564 6.0374 35.0810
1155.0000 1144.4325 6.0349 35.0828
1157.0000 1146.4088 6.0269 35.0828
1159.0000 1148.3850 6.0176 35.0823
1161.0000 1150.3613 6.0022 35.0816
1163.0000 1152.3374 5.9892 35.0807
1165.0000 1154.3137 5.9804 35.0804
1167.0000 1156.2898 5.9716 35.0814
1169.0000 1158.2659 5.9642 35.0833
1171.0000 1160.2421 5.9525 35.0838
1173.0000 1162.2181 5.9461 35.0843
1175.0000 1164.1942 5.9504 35.0841
1177.0000 1166.1702 5.9335 35.0843
1179.0000 1168.1462 5.9210 35.0836
1181.0000 1170.1224 5.9160 35.0834
1183.0000 1172.0983 5.9101 35.0835
1185.0000 1174.0743 5.9086 35.0837
1187.0000 1176.0504 5.9061 35.0837
1189.0000 1178.0264 5.8955 35.0835
1191.0000 1180.0022 5.8939 35.0836
1193.0000 1181.9780 5.8859 35.0837
1195.0000 1183.9540 5.8552 35.0852
1197.0000 1185.9297 5.8593 35.0854
1199.0000 1187.9056 5.8424 35.0858
1201.0000 1189.8816 5.8336 35.0863
1203.0000 1191.8574 5.8311 35.0866
1205.0000 1193.8331 5.8276 35.0868
1207.0000 1195.8090 5.8247 35.0869
1209.0000 1197.7848 5.8218 35.0868
1211.0000 1199.7604 5.8193 35.0868
1213.0000 1201.7362 5.8180 35.0868
1215.0000 1203.7119 5.8115 35.0866
1217.0000 1205.6876 5.8119 35.0866
1219.0000 1207.6632 5.7795 35.0858
1221.0000 1209.6388 5.7620 35.0864
1223.0000 1211.6145 5.7707 35.0865
1225.0000 1213.5901 5.7624 35.0863
1227.0000 1215.5657 5.7493 35.0863
1229.0000 1217.5413 5.7442 35.0861
1231.0000 1219.5168 5.7380 35.0861
1233.0000 1221.4924 5.7329 35.0863
1235.0000 1223.4679 5.7291 35.0865
1237.0000 1225.4436 5.7187 35.0868
1239.0000 1227.4189 5.7110 35.0872
1241.0000 1229.3944 5.7049 35.0876
1243.0000 1231.3699 5.6973 35.0880
1245.0000 1233.3452 5.6919 35.0884
1247.0000 1235.3207 5.6896 35.0886
1249.0000 1237.2961 5.6875 35.0892
1251.0000 1239.2715 5.6836 35.0897
1253.0000 1241.2468 5.6793 35.0899
1255.0000 1243.2222 5.6747 35.0899
1257.0000 1245.1975 5.6736 35.0899
1259.0000 1247.1727 5.6594 35.0904
1261.0000 1249.1481 5.6477 35.0903
1263.0000 1251.1233 5.6344 35.0909
1265.0000 1253.0986 5.6263 35.0911
1267.0000 1255.0739 5.6176 35.0911
1269.0000 1257.0490 5.6139 35.0911
1271.0000 1259.0242 5.6124 35.0911
1273.0000 1260.9993 5.5986 35.0914
1275.0000 1262.9744 5.5875 35.0926
1277.0000 1264.9496 5.5803 35.0927
1279.0000 1266.9246 5.5760 35.0929
1281.0000 1268.8997 5.5732 35.0929
1283.0000 1270.8748 5.5651 35.0928
1285.0000 1272.8499 5.5587 35.0929
1287.0000 1274.8248 5.5518 35.0929
1289.0000 1276.7999 5.5409 35.0931
1291.0000 1278.7749 5.5335 35.0932
1293.0000 1280.7499 5.5387 35.0931
1295.0000 1282.7249 5.5193 35.0932
1297.0000 1284.6998 5.5124 35.0934
1299.0000 1286.6748 5.5143 35.0933
1301.0000 1288.6495 5.5116 35.0934
1303.0000 1290.6246 5.5082 35.0936
1305.0000 1292.5995 5.5056 35.0935
1307.0000 1294.5743 5.5054 35.0935
1309.0000 1296.5492 5.4988 35.0936
1311.0000 1298.5240 5.4916 35.0939
1313.0000 1300.4989 5.4878 35.0939
1315.0000 1302.4735 5.4830 35.0939
1317.0000 1304.4484 5.4609 35.0935
1319.0000 1306.4231 5.4415 35.0930
1321.0000 1308.3978 5.4281 35.0926
1323.0000 1310.3724 5.4250 35.0923
1325.0000 1312.3473 5.4152 35.0919
1327.0000 1314.3219 5.4058 35.0918
1329.0000 1316.2965 5.3962 35.0915
1331.0000 1318.2711 5.3912 35.0912
1333.0000 1320.2457 5.3865 35.0913
1335.0000 1322.2203 5.3823 35.0909
1337.0000 1324.1948 5.3771 35.0911
1339.0000 1326.1694 5.3707 35.0910
1341.0000 1328.1439 5.3649 35.0921
1343.0000 1330.1185 5.3591 35.0923
1345.0000 1332.0930 5.3537 35.0923
1347.0000 1334.0675 5.3483 35.0927
1349.0000 1336.0419 5.3470 35.0930
1351.0000 1338.0164 5.3448 35.0931
1353.0000 1339.9908 5.3427 35.0930
1355.0000 1341.9651 5.3421 35.0930
1357.0000 1343.9396 5.3422 35.0930
1359.0000 1345.9141 5.3415 35.0931
1361.0000 1347.8884 5.3399 35.0934
1363.0000 1349.8627 5.3360 35.0936
1365.0000 1351.8370 5.3252 35.0940
1367.0000 1353.8114 5.3130 35.0938
1369.0000 1355.7855 5.2979 35.0931
1371.0000 1357.7599 5.2872 35.0922
1373.0000 1359.7341 5.2827 35.0920
1375.0000 1361.7083 5.2753 35.0920
1377.0000 1363.6824 5.2792 35.0922
1379.0000 1365.6566 5.2670 35.0925
1381.0000 1367.6309 5.2642 35.0934
1383.0000 1369.6050 5.2640 35.0934
1385.0000 1371.5791 5.2633 35.0937
1387.0000 1373.5532 5.2630 35.0938
1389.0000 1375.5275 5.2618 35.0939
1391.0000 1377.5013 5.2609 35.0942
1393.0000 1379.4755 5.2543 35.0943
1395.0000 1381.4495 5.2487 35.0942
1397.0000 1383.4233 5.2391 35.0946
1399.0000 1385.3975 5.2368 35.0962
1401.0000 1387.3715 5.2336 35.0964
1403.0000 1389.3456 5.2171 35.0945
1405.0000 1391.3193 5.2048 35.0937
1407.0000 1393.2933 5.1966 35.0928
1409.0000 1395.2673 5.1858 35.0922
1411.0000 1397.2411 5.1807 35.0923
1413.0000 1399.2150 5.1853 35.0924
1415.0000 1401.1888 5.1790 35.0924
1417.0000 1403.1626 5.1757 35.0924
1419.0000 1405.1365 5.1745 35.0924
1421.0000 1407.1104 5.1744 35.0925
1423.0000 1409.0841 5.1715 35.0925
1425.0000 1411.0579 5.1678 35.0939
1427.0000 1413.0316 5.1598 35.0929
1429.0000 1415.0054 5.1586 35.0931
1431.0000 1416.9789 5.1424 35.0946
1433.0000 1418.9525 5.1405 35.0949
1435.0000 1420.9264 5.1344 35.0947
1437.0000 1422.9000 5.1246 35.0945
1439.0000 1424.8737 5.1220 35.0945
1441.0000 1426.8473 5.1212 35.0946
1443.0000 1428.8208 5.1198 35.0947
1445.0000 1430.7943 5.1139 35.0952
1447.0000 1432.7678 5.1090 35.0955
1449.0000 1434.7416 5.1050 35.0955
1451.0000 1436.7151 5.1049 35.0955
1453.0000 1438.6885 5.0998 35.0948
1455.0000 1440.6620 5.0884 35.0948
1457.0000 1442.6355 5.0883 35.0951
1459.0000 1444.6088 5.0877 35.0953
1461.0000 1446.5822 5.0871 35.0955
1463.0000 1448.5558 5.0876 35.0956
1465.0000 1450.5293 5.0875 35.0956
1467.0000 1452.5024 5.0885 35.0957
1469.0000 1454.4758 5.0658 35.0942
1471.0000 1456.4492 5.0618 35.0956
1473.0000 1458.4224 5.0595 35.0958
1475.0000 1460.3959 5.0570 35.0959
1477.0000 1462.3691 5.0546 35.0960
1479.0000 1464.3423 5.0516 35.0958
1481.0000 1466.3156 5.0441 35.0952
1483.0000 1468.2888 5.0351 35.0951
1485.0000 1470.2621 5.0340 35.0951
1487.0000 1472.2351 5.0342 35.0955
1489.0000 1474.2084 5.0343 35.0959
1491.0000 1476.1815 5.0320 35.0957
1493.0000 1478.1545 5.0309 35.0958
1495.0000 1480.1277 5.0281 35.0957
1497.0000 1482.1010 5.0254 35.0957
1499.0000 1484.0740 5.0248 35.0955
1501.0000 1486.0469 5.0237 35.0954
1503.0000 1488.0200 5.0231 35.0955
1505.0000 1489.9930 5.0213 35.0953
1507.0000 1491.9659 5.0138 35.0945
1509.0000 1493.9390 5.0018 35.0939
1511.0000 1495.9120 5.0020 35.0934
1513.0000 1497.8849 4.9954 35.0932
1515.0000 1499.8578 4.9945 35.0932
1517.0000 1501.8308 4.9942 35.0934
1519.0000 1503.8037 4.9939 35.0936
1521.0000 1505.7765 4.9940 35.0939
1523.0000 1507.7494 4.9931 35.0943
1525.0000 1509.7223 4.9872 35.0939
1527.0000 1511.6952 4.9792 35.0943
1529.0000 1513.6678 4.9766 35.0941
1531.0000 1515.6406 4.9732 35.0940
1533.0000 1517.6134 4.9633 35.0936
1535.0000 1519.5861 4.9544 35.0928
1537.0000 1521.5590 4.9464 35.0919
1539.0000 1523.5316 4.9443 35.0918
1541.0000 1525.5042 4.9439 35.0919
1543.0000 1527.4769 4.9433 35.0920
1545.0000 1529.4497 4.9422 35.0920
1547.0000 1531.4222 4.9411 35.0924
1549.0000 1533.3947 4.9454 35.0939
1551.0000 1535.3674 4.9447 35.0939
1553.0000 1537.3401 4.9423 35.0934
1555.0000 1539.3125 4.9356 35.0929
1557.0000 1541.2850 4.9247 35.0914
1559.0000 1543.2577 4.9196 35.0913
1561.0000 1545.2302 4.9187 35.0916
1563.0000 1547.2025 4.9191 35.0919
1565.0000 1549.1750 4.9132 35.0916
1567.0000 1551.1476 4.9102 35.0917
1569.0000 1553.1200 4.9071 35.0915
1571.0000 1555.0924 4.9001 35.0917
1573.0000 1557.0647 4.8898 35.0919
1575.0000 1559.0372 4.8802 35.0922
1577.0000 1561.0094 4.8791 35.0923
1579.0000 1562.9818 4.8765 35.0923
1581.0000 1564.9541 4.8751 35.0921
1583.0000 1566.9264 4.8722 35.0925
1585.0000 1568.8987 4.8718 35.0929
1587.0000 1570.8710 4.8716 35.0932
1589.0000 1572.8434 4.8716 35.0931
1591.0000 1574.8154 4.8676 35.0933
1593.0000 1576.7877 4.8653 35.0932
1595.0000 1578.7599 4.8637 35.0931
1597.0000 1580.7321 4.8613 35.0928
1599.0000 1582.7042 4.8515 35.0919
1601.0000 1584.6764 4.8400 35.0909
1603.0000 1586.6484 4.8355 35.0909
1605.0000 1588.6206 4.8226 35.0899
1607.0000 1590.5927 4.8180 35.0904
1609.0000 1592.5647 4.8112 35.0904
1611.0000 1594.5367 4.7958 35.0892
1613.0000 1596.5088 4.7831 35.0883
1615.0000 1598.4807 4.7774 35.0879
1617.0000 1600.4528 4.7717 35.0877
1619.0000 1602.4247 4.7704 35.0878
1621.0000 1604.3967 4.7698 35.0880
1623.0000 1606.3688 4.7679 35.0878
1625.0000 1608.3405 4.7550 35.0872
1627.0000 1610.3124 4.7454 35.0869
1629.0000 1612.2843 4.7389 35.0862
1631.0000 1614.2561 4.7315 35.0868
1633.0000 1616.2280 4.7210 35.0864
1635.0000 1618.1997 4.7096 35.0855
1637.0000 1620.1718 4.7085 35.0856
1639.0000 1622.1434 4.7085 35.0857
1641.0000 1624.1151 4.7085 35.0858
1643.0000 1626.0870 4.7082 35.0859
1645.0000 1628.0586 4.7072 35.0859
1647.0000 1630.0303 4.7049 35.0857
1649.0000 1632.0022 4.7014 35.0850
1651.0000 1633.9738 4.6800 35.0823
1653.0000 1635.9453 4.6571 35.0805
1655.0000 1637.9171 4.6575 35.0825
1657.0000 1639.8887 4.6598 35.0848
1659.0000 1641.8601 4.6558 35.0851
1661.0000 1643.8319 4.6514 35.0854
1663.0000 1645.8035 4.6503 35.0856
1665.0000 1647.7748 4.6442 35.0850
1667.0000 1649.7465 4.6357 35.0844
1669.0000 1651.7180 4.6333 35.0842
1671.0000 1653.6895 4.6289 35.0843
1673.0000 1655.6609 4.6269 35.0843
1675.0000 1657.6323 4.6189 35.0832
1677.0000 1659.6039 4.6064 35.0813
1679.0000 1661.5752 4.5983 35.0810
1681.0000 1663.5466 4.5819 35.0805
1683.0000 1665.5181 4.5805 35.0804
1685.0000 1667.4895 4.5724 35.0801
1687.0000 1669.4606 4.5767 35.0803
1689.0000 1671.4321 4.5646 35.0804
1691.0000 1673.4036 4.5612 35.0801
1693.0000 1675.3746 4.5561 35.0800
1695.0000 1677.3461 4.5487 35.0794
1697.0000 1679.3171 4.5413 35.0788
1699.0000 1681.2885 4.5365 35.0789
1701.0000 1683.2596 4.5346 35.0783
1703.0000 1685.2308 4.5212 35.0778
1705.0000 1687.2021 4.5149 35.0774
1707.0000 1689.1731 4.5095 35.0773
1709.0000 1691.1444 4.5092 35.0768
1711.0000 1693.1156 4.4983 35.0766
1713.0000 1695.0867 4.4982 35.0764
1715.0000 1697.0576 4.4935 35.0759
1717.0000 1699.0288 4.4887 35.0757
1719.0000 1700.9999 4.4852 35.0754
1721.0000 1702.9707 4.4784 35.0749
1723.0000 1704.9418 4.4712 35.0746
1725.0000 1706.9130 4.4642 35.0739
1727.0000 1708.8839 4.4608 35.0737
1729.0000 1710.8549 4.4581 35.0735
1731.0000 1712.8258 4.4551 35.0735
1733.0000 1714.7968 4.4526 35.0729
1735.0000 1716.7675 4.4352 35.0716
1737.0000 1718.7384 4.4218 35.0705
1739.0000 1720.7095 4.4186 35.0703
1741.0000 1722.6801 4.4143 35.0699
1743.0000 1724.6510 4.4048 35.0695
1745.0000 1726.6219 4.3996 35.0690
1747.0000 1728.5927 4.3922 35.0686
1749.0000 1730.5634 4.3895 35.0686
1751.0000 1732.5341 4.3887 35.0685
1753.0000 1734.5050 4.3876 35.0685
1755.0000 1736.4756 4.3862 35.0685
1757.0000 1738.4463 4.3836 35.0682
1759.0000 1740.4170 4.3815 35.0681
1761.0000 1742.3877 4.3737 35.0672
1763.0000 1744.3583 4.3625 35.0667
1765.0000 1746.3290 4.3533 35.0658
1767.0000 1748.2997 4.3469 35.0653
1769.0000 1750.2700 4.3406 35.0649
1771.0000 1752.2407 4.3317 35.0643
1773.0000 1754.2114 4.3287 35.0643
1775.0000 1756.1819 4.3267 35.0642
1777.0000 1758.1522 4.3247 35.0641
1779.0000 1760.1228 4.3203 35.0638
1781.0000 1762.0935 4.3139 35.0632
1783.0000 1764.0636 4.3026 35.0624
1785.0000 1766.0343 4.2938 35.0621
1787.0000 1768.0046 4.2948 35.0618
1789.0000 1769.9753 4.2795 35.0605
1791.0000 1771.9454 4.2640 35.0595
1793.0000 1773.9159 4.2520 35.0586
1795.0000 1775.8862 4.2534 35.0590
1797.0000 1777.8563 4.2267 35.0565
1799.0000 1779.8269 4.2152 35.0559
1801.0000 1781.7971 4.2128 35.0560
1803.0000 1783.7673 4.2123 35.0561
1805.0000 1785.7375 4.2117 35.0560
1807.0000 1787.7081 4.2080 35.0558
1809.0000 1789.6782 4.2073 35.0559
1811.0000 1791.6483 4.2064 35.0559
1813.0000 1793.6185 4.2056 35.0558
1815.0000 1795.5889 4.2036 35.0557
1817.0000 1797.5588 4.1979 35.0550
1819.0000 1799.5291 4.1909 35.0545
1821.0000 1801.4991 4.1866 35.0541
1823.0000 1803.4695 4.1789 35.0533
1825.0000 1805.4392 4.1777 35.0532
1827.0000 1807.4094 4.1732 35.0524
1829.0000 1809.3794 4.1688 35.0520
1831.0000 1811.3495 4.1678 35.0520
1833.0000 1813.3193 4.1660 35.0517
1835.0000 1815.2897 4.1627 35.0514
1837.0000 1817.2595 4.1562 35.0508
1839.0000 1819.2294 4.1543 35.0509
1841.0000 1821.1993 4.1504 35.0502
1843.0000 1823.1694 4.1465 35.0499
1845.0000 1825.1390 4.1463 35.0500
1847.0000 1827.1090 4.1455 35.0499
1849.0000 1829.0789 4.1402 35.0492
1851.0000 1831.0490 4.1342 35.0487
1853.0000 1833.0184 4.1307 35.0483
1855.0000 1834.9883 4.1269 35.0480
1857.0000 1836.9581 4.1207 35.0475
1859.0000 1838.9279 4.1164 35.0471
1861.0000 1840.8976 4.1143 35.0469
1863.0000 1842.8674 4.1141 35.0469
1865.0000 1844.8369 4.1139 35.0469
1867.0000 1846.8068 4.1113 35.0466
1869.0000 1848.7766 4.1089 35.0464
1871.0000 1850.7461 4.1064 35.0464
1873.0000 1852.7158 4.0997 35.0460
1875.0000 1854.6853 4.0879 35.0448
1877.0000 1856.6552 4.0767 35.0441
1879.0000 1858.6245 4.0695 35.0436
1881.0000 1860.5941 4.0641 35.0432
1883.0000 1862.5638 4.0626 35.0431
1885.0000 1864.5334 4.0647 35.0431
1887.0000 1866.5027 4.0465 35.0418
1889.0000 1868.4722 4.0427 35.0416
1891.0000 1870.4419 4.0390 35.0413
1893.0000 1872.4111 4.0365 35.0414
1895.0000 1874.3809 4.0353 35.0410
1897.0000 1876.3501 4.0314 35.0412
1899.0000 1878.3196 4.0311 35.0412
1901.0000 1880.2888 4.0321 35.0410
1903.0000 1882.2583 4.0303 35.0411
1905.0000 1884.2275 4.0291 35.0411
1907.0000 1886.1968 4.0262 35.0406
1909.0000 1888.1663 4.0190 35.0398
1911.0000 1890.1355 4.0163 35.0398
1913.0000 1892.1050 4.0141 35.0396
1915.0000 1894.0740 4.0117 35.0396
1917.0000 1896.0433 4.0092 35.0394
1919.0000 1898.0126 4.0084 35.0394
1921.0000 1899.9816 4.0057 35.0393
1923.0000 1901.9510 3.9994 35.0391
1925.0000 1903.9200 3.9973 35.0390
1927.0000 1905.8892 3.9959 35.0389
1929.0000 1907.8582 3.9935 35.0387
1931.0000 1909.8275 3.9886 35.0385
1933.0000 1911.7968 3.9860 35.0384
1935.0000 1913.7656 3.9841 35.0383
1937.0000 1915.7349 3.9833 35.0384
1939.0000 1917.7036 3.9824 35.0384
1941.0000 1919.6727 3.9816 35.0384
1943.0000 1921.6417 3.9814 35.0384
1945.0000 1923.6108 3.9813 35.0385
1947.0000 1925.5798 3.9812 35.0386
1949.0000 1927.5485 3.9764 35.0381
1951.0000 1929.5177 3.9719 35.0378
1953.0000 1931.4868 3.9608 35.0365
1955.0000 1933.4552 3.9427 35.0356
1957.0000 1935.4243 3.9405 35.0355
1959.0000 1937.3931 3.9385 35.0353
1961.0000 1939.3622 3.9378 35.0353
1963.0000 1941.3308 3.9363 35.0352
1965.0000 1943.2996 3.9328 35.0350
1967.0000 1945.2684 3.9314 35.0349
1969.0000 1947.2373 3.9328 35.0349
1971.0000 1949.2059 3.9306 35.0348
1973.0000 1951.1748 3.9275 35.0346
1975.0000 1953.1434 3.9272 35.0344
1977.0000 1955.1121 3.9194 35.0341
1979.0000 1957.0808 3.9188 35.0340
1981.0000 1959.0494 3.9186 35.0338
1983.0000 1961.0179 3.9168 35.0337
1985.0000 1962.9867 3.9157 35.0337
1987.0000 1964.9553 3.9157 35.0336
1989.0000 1966.9240 3.9153 35.0336
1991.0000 1968.8925 3.9154 35.0336
1993.0000 1970.8611 3.9145 35.0334
1995.0000 1972.8297 3.9099 35.0329
1997.0000 1974.7981 3.9056 35.0326
1999.0000 1976.7665 3.8989 35.0321
2001.0000 1978.7351 3.8947 35.0318
2003.0000 1980.7036 3.8895 35.0314
2005.0000 1982.6718 3.8864 35.0311
2007.0000 1984.6404 3.8810 35.0307
2009.0000 1986.6086 3.8754 35.0302
2011.0000 1988.5770 3.8709 35.0299
2013.0000 1990.5454 3.8634 35.0292
2015.0000 1992.5139 3.8590 35.0289
2017.0000 1994.4821 3.8576 35.0288
2019.0000 1996.4506 3.8562 35.0287
2021.0000 1998.4189 3.8495 35.0282
2023.0000 2000.3871 3.8469 35.0279
2025.0000 2002.3553 3.8408 35.0273
2027.0000 2004.3236 3.8335 35.0267
2029.0000 2006.2917 3.8304 35.0265
2031.0000 2008.2600 3.8277 35.0262
2033.0000 2010.2281 3.8248 35.0260
2035.0000 2012.1964 3.8210 35.0256
2037.0000 2014.1646 3.8178 35.0254
2039.0000 2016.1326 3.8142 35.0249
2041.0000 2018.1006 3.8042 35.0241
2043.0000 2020.0688 3.7951 35.0234
2045.0000 2022.0369 3.7914 35.0231
2047.0000 2024.0049 3.7886 35.0229
2049.0000 2025.9730 3.7884 35.0229
2051.0000 2027.9413 3.7884 35.0229
2053.0000 2029.9091 3.7863 35.0228
2055.0000 2031.8771 3.7814 35.0222
2057.0000 2033.8451 3.7725 35.0214
2059.0000 2035.8129 3.7677 35.0211
2061.0000 2037.7809 3.7655 35.0209
2063.0000 2039.7488 3.7638 35.0207
2065.0000 2041.7167 3.7588 35.0202
2067.0000 2043.6844 3.7530 35.0199
2069.0000 2045.6525 3.7556 35.0199
2071.0000 2047.6204 3.7459 35.0193
2073.0000 2049.5879 3.7453 35.0193
2075.0000 2051.5559 3.7445 35.0191
2077.0000 2053.5237 3.7440 35.0192
2079.0000 2055.4915 3.7438 35.0192
2081.0000 2057.4592 3.7429 35.0189
2083.0000 2059.4270 3.7365 35.0185
2085.0000 2061.3948 3.7361 35.0185
2087.0000 2063.3623 3.7351 35.0183
2089.0000 2065.3298 3.7325 35.0181
2091.0000 2067.2976 3.7252 35.0174
2093.0000 2069.2654 3.7196 35.0169
2095.0000 2071.2329 3.7142 35.0164
2097.0000 2073.2004 3.7117 35.0163
2099.0000 2075.1682 3.7110 35.0163
2101.0000 2077.1355 3.7097 35.0162
2103.0000 2079.1033 3.7065 35.0158
2105.0000 2081.0708 3.7042 35.0157
2107.0000 2083.0381 3.6990 35.0153
2109.0000 2085.0056 3.6989 35.0154
2111.0000 2086.9734 3.6965 35.0150
2113.0000 2088.9407 3.6971 35.0150
2115.0000 2090.9080 3.6945 35.0149
2117.0000 2092.8757 3.6939 35.0149
2119.0000 2094.8430 3.6921 35.0147
2121.0000 2096.8101 3.6922 35.0147
2123.0000 2098.7778 3.6900 35.0143
2125.0000 2100.7451 3.6828 35.0138
2127.0000 2102.7122 3.6763 35.0133
2129.0000 2104.6799 3.6732 35.0131
2131.0000 2106.6470 3.6759 35.0132
2133.0000 2108.6145 3.6707 35.0130
2135.0000 2110.5815 3.6677 35.0126
2137.0000 2112.5488 3.6615 35.0121
2139.0000 2114.5159 3.6561 35.0117
2141.0000 2116.4832 3.6557 35.0116
2143.0000 2118.4504 3.6561 35.0117
2145.0000 2120.4175 3.6533 35.0115
2147.0000 2122.3850 3.6487 35.0111
2149.0000 2124.3518 3.6454 35.0108
2151.0000 2126.3188 3.6417 35.0104
2153.0000 2128.2861 3.6385 35.0102
2155.0000 2130.2532 3.6365 35.0102
2157.0000 2132.2202 3.6310 35.0098
2159.0000 2134.1873 3.6330 35.0098
2161.0000 2136.1545 3.6291 35.0093
2163.0000 2138.1211 3.6239 35.0091
2165.0000 2140.0884 3.6219 35.0090
2167.0000 2142.0554 3.6210 35.0088
2169.0000 2144.0220 3.6206 35.0089
2171.0000 2145.9890 3.6211 35.0088
2173.0000 2147.9561 3.6186 35.0088
2175.0000 2149.9231 3.6179 35.0087
2177.0000 2151.8899 3.6175 35.0086
2179.0000 2153.8567 3.6155 35.0085
2181.0000 2155.8235 3.6117 35.0081
2183.0000 2157.7903 3.6089 35.0078
2185.0000 2159.7573 3.5999 35.0069
2187.0000 2161.7239 3.5954 35.0067
2189.0000 2163.6907 3.5926 35.0065
2191.0000 2165.6572 3.5913 35.0064
2193.0000 2167.6243 3.5896 35.0063
2195.0000 2169.5911 3.5900 35.0062
2197.0000 2171.5576 3.5795 35.0053
2199.0000 2173.5244 3.5752 35.0052
2201.0000 2175.4912 3.5743 35.0051
2203.0000 2177.4575 3.5738 35.0050
2205.0000 2179.4243 3.5693 35.0044
2207.0000 2181.3909 3.5567 35.0036
2209.0000 2183.3574 3.5527 35.0033
2211.0000 2185.3240 3.5501 35.0031
2213.0000 2187.2905 3.5452 35.0025
2215.0000 2189.2571 3.5367 35.0019
2217.0000 2191.2234 3.5299 35.0013
2219.0000 2193.1899 3.5257 35.0012
2221.0000 2195.1567 3.5282 35.0012
2223.0000 2197.1233 3.5234 35.0009
2225.0000 2199.0896 3.5128 34.9999
2227.0000 2201.0562 3.5072 34.9996
2229.0000 2203.0222 3.5042 34.9995
2231.0000 2204.9885 3.5049 34.9996
2233.0000 2206.9551 3.4964 34.9989
2235.0000 2208.9214 3.4943 34.9989
2237.0000 2210.8879 3.4933 34.9989
2239.0000 2212.8540 3.4932 34.9989
2241.0000 2214.8206 3.4937 34.9987
2243.0000 2216.7869 3.4916 34.9987
2245.0000 2218.7529 3.4881 34.9983
2247.0000 2220.7192 3.4852 34.9980
2249.0000 2222.6855 3.4840 34.9981
2251.0000 2224.6519 3.4840 34.9980
2253.0000 2226.6179 3.4837 34.9982
2255.0000 2228.5840 3.4834 34.9980
2257.0000 2230.5503 3.4827 34.9979
2259.0000 2232.5164 3.4832 34.9979
2261.0000 2234.4824 3.4822 34.9979
2263.0000 2236.4485 3.4765 34.9972
2265.0000 2238.4143 3.4734 34.9971
2267.0000 2240.3806 3.4724 34.9971
2269.0000 2242.3469 3.4687 34.9966
2271.0000 2244.3130 3.4626 34.9963
2273.0000 2246.2788 3.4609 34.9961
2275.0000 2248.2449 3.4594 34.9960
2277.0000 2250.2109 3.4578 34.9959
2279.0000 2252.1768 3.4564 34.9957
2281.0000 2254.1426 3.4531 34.9953
2283.0000 2256.1086 3.4396 34.9942
2285.0000 2258.0745 3.4363 34.9939
2287.0000 2260.0403 3.4337 34.9936
2289.0000 2262.0063 3.4315 34.9934
2291.0000 2263.9722 3.4302 34.9935
2293.0000 2265.9380 3.4290 34.9933
2295.0000 2267.9038 3.4244 34.9927
2297.0000 2269.8696 3.4188 34.9924
2299.0000 2271.8354 3.4179 34.9924
2301.0000 2273.8010 3.4162 34.9922
2303.0000 2275.7671 3.4162 34.9923
2305.0000 2277.7327 3.4166 34.9923
2307.0000 2279.6980 3.4164 34.9923
2309.0000 2281.6638 3.4158 34.9922
2311.0000 2283.6296 3.4142 34.9920
2313.0000 2285.5952 3.4111 34.9917
2315.0000 2287.5608 3.4067 34.9915
2317.0000 2289.5264 3.4057 34.9914
2319.0000 2291.4922 3.4026 34.9910
2321.0000 2293.4575 3.3963 34.9906
2323.0000 2295.4233 3.3954 34.9905
2325.0000 2297.3889 3.3899 34.9900
2327.0000 2299.3542 3.3870 34.9898
2329.0000 2301.3198 3.3863 34.9897
2331.0000 2303.2854 3.3808 34.9893
2333.0000 2305.2510 3.3774 34.9891
2335.0000 2307.2163 3.3770 34.9891
2337.0000 2309.1816 3.3781 34.9891
2339.0000 2311.1472 3.3757 34.9890
2341.0000 2313.1125 3.3739 34.9888
2343.0000 2315.0779 3.3684 34.9884
2345.0000 2317.0432 3.3699 34.9885
2347.0000 2319.0085 3.3646 34.9881
2349.0000 2320.9739 3.3617 34.9879
2351.0000 2322.9390 3.3624 34.9879
2353.0000 2324.9045 3.3591 34.9875
2355.0000 2326.8696 3.3532 34.9874
2357.0000 2328.8350 3.3522 34.9872
2359.0000 2330.8000 3.3533 34.9873
2361.0000 2332.7654 3.3513 34.9872
2363.0000 2334.7305 3.3494 34.9869
2365.0000 2336.6958 3.3419 34.9862
2367.0000 2338.6611 3.3350 34.9858
2369.0000 2340.6262 3.3321 34.9856
2371.0000 2342.5913 3.3290 34.9853
2373.0000 2344.5564 3.3258 34.9853
2375.0000 2346.5215 3.3244 34.9851
2377.0000 2348.4866 3.3260 34.9851
2379.0000 2350.4517 3.3232 34.9852
2381.0000 2352.4167 3.3214 34.9849
2383.0000 2354.3816 3.3179 34.9845
2385.0000 2356.3467 3.3184 34.9846
2387.0000 2358.3118 3.3126 34.9842
2389.0000 2360.2766 3.3097 34.9840
2391.0000 2362.2417 3.3066 34.9837
2393.0000 2364.2065 3.3024 34.9835
2395.0000 2366.1716 3.2987 34.9830
2397.0000 2368.1362 3.2948 34.9829
2399.0000 2370.1013 3.2930 34.9827
2401.0000 2372.0662 3.2942 34.9827
2403.0000 2374.0308 3.2899 34.9826
2405.0000 2375.9956 3.2900 34.9826
2407.0000 2377.9604 3.2895 34.9826
2409.0000 2379.9253 3.2895 34.9824
2411.0000 2381.8899 3.2858 34.9822
2413.0000 2383.8547 3.2829 34.9820
2415.0000 2385.8196 3.2814 34.9818
2417.0000 2387.7842 3.2791 34.9816
2419.0000 2389.7493 3.2783 34.9816
2421.0000 2391.7139 3.2774 34.9815
2423.0000 2393.6785 3.2753 34.9814
2425.0000 2395.6431 3.2743 34.9813
2427.0000 2397.6077 3.2721 34.9811
2429.0000 2399.5725 3.2644 34.9803
2431.0000 2401.5369 3.2591 34.9801
2433.0000 2403.5015 3.2566 34.9799
2435.0000 2405.4661 3.2562 34.9799
2437.0000 2407.4307 3.2564 34.9800
2439.0000 2409.3950 3.2564 34.9800
2441.0000 2411.3594 3.2557 34.9799
2443.0000 2413.3242 3.2558 34.9800
2445.0000 2415.2883 3.2560 34.9798
2447.0000 2417.2527 3.2554 34.9799
2449.0000 2419.2175 3.2532 34.9797
2451.0000 2421.1816 3.2513 34.9795
2453.0000 2423.1460 3.2506 34.9794
2455.0000 2425.1106 3.2499 34.9794
2457.0000 2427.0752 3.2483 34.9792
2459.0000 2429.0391 3.2455 34.9788
2461.0000 2431.0037 3.2369 34.9782
2463.0000 2432.9680 3.2345 34.9781
2465.0000 2434.9321 3.2348 34.9780
2467.0000 2436.8962 3.2319 34.9777
2469.0000 2438.8608 3.2278 34.9776
2471.0000 2440.8250 3.2267 34.9774
2473.0000 2442.7891 3.2243 34.9773
2475.0000 2444.7532 3.2233 34.9772
2477.0000 2446.7175 3.2225 34.9772
2479.0000 2448.6814 3.2225 34.9772
2481.0000 2450.6458 3.2220 34.9771
2483.0000 2452.6101 3.2227 34.9770
2485.0000 2454.5742 3.2216 34.9770
2487.0000 2456.5381 3.2189 34.9768
2489.0000 2458.5022 3.2181 34.9769
2491.0000 2460.4663 3.2134 34.9762
2493.0000 2462.4302 3.2076 34.9759
2495.0000 2464.3943 3.2043 34.9756
2497.0000 2466.3582 3.2028 34.9756
2499.0000 2468.3223 3.2014 34.9754
2501.0000 2470.2861 3.2010 34.9754
2503.0000 2472.2502 3.2012 34.9755
2505.0000 2474.2144 3.2013 34.9753
2507.0000 2476.1780 3.2014 34.9754
2509.0000 2478.1418 3.2012 34.9754
2511.0000 2480.1057 3.2008 34.9753
2513.0000 2482.0698 3.2005 34.9753
2515.0000 2484.0334 3.2009 34.9751
2517.0000 2485.9971 3.1986 34.9750
2519.0000 2487.9609 3.1938 34.9747
2521.0000 2489.9248 3.1933 34.9746
2523.0000 2491.8887 3.1942 34.9744
2525.0000 2493.8523 3.1889 34.9742
2527.0000 2495.8159 3.1856 34.9739
2529.0000 2497.7798 3.1800 34.9735
2531.0000 2499.7434 3.1718 34.9726
2533.0000 2501.7073 3.1601 34.9718
2535.0000 2503.6709 3.1568 34.9717
2537.0000 2505.6345 3.1566 34.9716
2539.0000 2507.5981 3.1565 34.9716
2541.0000 2509.5615 3.1565 34.9716
2543.0000 2511.5251 3.1566 34.9717
2545.0000 2513.4888 3.1564 34.9717
2547.0000 2515.4524 3.1560 34.9716
2549.0000 2517.4160 3.1549 34.9714
2551.0000 2519.3796 3.1530 34.9713
2553.0000 2521.3430 3.1507 34.9713
2555.0000 2523.3064 3.1500 34.9712
2557.0000 2525.2698 3.1489 34.9710
2559.0000 2527.2332 3.1481 34.9708
2561.0000 2529.1968 3.1431 34.9706
2563.0000 2531.1602 3.1426 34.9705
2565.0000 2533.1235 3.1401 34.9703
2567.0000 2535.0869 3.1420 34.9704
2569.0000 2537.0500 3.1358 34.9699
2571.0000 2539.0134 3.1333 34.9697
2573.0000 2540.9768 3.1345 34.9697
2575.0000 2542.9404 3.1321 34.9697
2577.0000 2544.9033 3.1285 34.9693
2579.0000 2546.8667 3.1299 34.9693
2581.0000 2548.8301 3.1211 34.9687
2583.0000 2550.7930 3.1197 34.9687
2585.0000 2552.7566 3.1202 34.9686
2587.0000 2554.7197 3.1197 34.9685
2589.0000 2556.6826 3.1173 34.9685
2591.0000 2558.6458 3.1167 34.9684
2593.0000 2560.6091 3.1165 34.9684
2595.0000 2562.5723 3.1166 34.9684
2597.0000 2564.5354 3.1145 34.9680
2599.0000 2566.4983 3.1053 34.9673
2601.0000 2568.4617 3.1034 34.9673
2603.0000 2570.4243 3.1033 34.9673
2605.0000 2572.3872 3.1037 34.9674
2607.0000 2574.3506 3.1040 34.9674
2609.0000 2576.3137 3.1031 34.9672
2611.0000 2578.2764 3.1033 34.9673
2613.0000 2580.2393 3.1015 34.9671
2615.0000 2582.2026 3.0985 34.9668
2617.0000 2584.1653 3.0976 34.9667
2619.0000 2586.1282 3.0964 34.9666
2621.0000 2588.0911 3.0955 34.9666
2623.0000 2590.0540 3.0928 34.9663
2625.0000 2592.0168 3.0907 34.9661
2627.0000 2593.9797 3.0886 34.9660
2629.0000 2595.9424 3.0870 34.9659
2631.0000 2597.9053 3.0830 34.9654
2633.0000 2599.8679 3.0785 34.9651
2635.0000 2601.8311 3.0738 34.9647
2637.0000 2603.7937 3.0718 34.9646
2639.0000 2605.7563 3.0704 34.9644
2641.0000 2607.7188 3.0690 34.9644
2643.0000 2609.6819 3.0683 34.9643
2645.0000 2611.6443 3.0658 34.9641
2647.0000 2613.6072 3.0645 34.9641
2649.0000 2615.5696 3.0645 34.9639
2651.0000 2617.5325 3.0610 34.9637
2653.0000 2619.4949 3.0599 34.9636
2655.0000 2621.4575 3.0594 34.9635
2657.0000 2623.4202 3.0577 34.9633
2659.0000 2625.3826 3.0540 34.9631
2661.0000 2627.3452 3.0530 34.9631
2663.0000 2629.3076 3.0537 34.9630
2665.0000 2631.2700 3.0508 34.9628
2667.0000 2633.2327 3.0489 34.9627
2669.0000 2635.1951 3.0473 34.9625
2671.0000 2637.1575 3.0447 34.9624
2673.0000 2639.1199 3.0430 34.9621
2675.0000 2641.0823 3.0400 34.9620
2677.0000 2643.0449 3.0399 34.9618
2679.0000 2645.0071 3.0373 34.9615
2681.0000 2646.9695 3.0336 34.9614
2683.0000 2648.9319 3.0333 34.9613
2685.0000 2650.8943 3.0331 34.9613
2687.0000 2652.8562 3.0327 34.9613
2689.0000 2654.8188 3.0329 34.9612
2691.0000 2656.7810 3.0328 34.9614
2693.0000 2658.7429 3.0327 34.9614
2695.0000 2660.7053 3.0326 34.9613
2697.0000 2662.6677 3.0322 34.9611
2699.0000 2664.6301 3.0320 34.9612
2701.0000 2666.5920 3.0314 34.9612
2703.0000 2668.5542 3.0315 34.9611
2705.0000 2670.5164 3.0316 34.9610
2707.0000 2672.4783 3.0304 34.9609
2709.0000 2674.4404 3.0290 34.9609
2711.0000 2676.4028 3.0282 34.9608
2713.0000 2678.3645 3.0283 34.9605
2715.0000 2680.3267 3.0239 34.9603
2717.0000 2682.2891 3.0218 34.9603
2719.0000 2684.2510 3.0220 34.9601
2721.0000 2686.2126 3.0189 34.9600
2723.0000 2688.1746 3.0176 34.9598
2725.0000 2690.1370 3.0166 34.9598
2727.0000 2692.0986 3.0157 34.9596
2729.0000 2694.0605 3.0151 34.9596
2731.0000 2696.0227 3.0138 34.9596
2733.0000 2697.9846 3.0118 34.9594
2735.0000 2699.9460 3.0111 34.9593
2737.0000 2701.9082 3.0106 34.9592
2739.0000 2703.8701 3.0070 34.9589
2741.0000 2705.8315 3.0036 34.9587
2743.0000 2707.7937 3.0023 34.9585
2745.0000 2709.7554 3.0019 34.9585
2747.0000 2711.7173 3.0011 34.9585
2749.0000 2713.6790 3.0004 34.9583
2751.0000 2715.6406 2.9970 34.9581
2753.0000 2717.6023 2.9959 34.9580
2755.0000 2719.5640 2.9947 34.9579
2757.0000 2721.5256 2.9925 34.9577
2759.0000 2723.4873 2.9916 34.9576
2761.0000 2725.4492 2.9906 34.9576
2763.0000 2727.4106 2.9903 34.9575
2765.0000 2729.3721 2.9885 34.9574
2767.0000 2731.3337 2.9867 34.9571
2769.0000 2733.2954 2.9842 34.9570
2771.0000 2735.2568 2.9842 34.9570
2773.0000 2737.2185 2.9842 34.9569
2775.0000 2739.1802 2.9844 34.9569
2777.0000 2741.1414 2.9775 34.9563
2779.0000 2743.1030 2.9733 34.9561
2781.0000 2745.0645 2.9735 34.9561
2783.0000 2747.0256 2.9738 34.9561
2785.0000 2748.9873 2.9736 34.9561
2787.0000 2750.9487 2.9718 34.9559
2789.0000 2752.9102 2.9691 34.9558
2791.0000 2754.8713 2.9681 34.9557
2793.0000 2756.8328 2.9671 34.9556
2795.0000 2758.7942 2.9651 34.9553
2797.0000 2760.7554 2.9625 34.9552
2799.0000 2762.7166 2.9639 34.9551
2801.0000 2764.6780 2.9566 34.9547
2803.0000 2766.6392 2.9529 34.9544
2805.0000 2768.6006 2.9493 34.9539
2807.0000 2770.5618 2.9473 34.9539
2809.0000 2772.5229 2.9469 34.9538
2811.0000 2774.4841 2.9467 34.9539
2813.0000 2776.4453 2.9463 34.9539
2815.0000 2778.4065 2.9453 34.9538
2817.0000 2780.3674 2.9457 34.9537
2819.0000 2782.3286 2.9435 34.9536
2821.0000 2784.2900 2.9425 34.9536
2823.0000 2786.2510 2.9373 34.9531
2825.0000 2788.2119 2.9344 34.9528
2827.0000 2790.1731 2.9321 34.9526
2829.0000 2792.1340 2.9306 34.9525
2831.0000 2794.0952 2.9298 34.9525
2833.0000 2796.0562 2.9286 34.9523
2835.0000 2798.0171 2.9278 34.9523
2837.0000 2799.9783 2.9257 34.9521
2839.0000 2801.9387 2.9227 34.9519
2841.0000 2803.9001 2.9223 34.9518
2843.0000 2805.8611 2.9220 34.9518
2845.0000 2807.8218 2.9215 34.9518
2847.0000 2809.7827 2.9193 34.9516
2849.0000 2811.7434 2.9194 34.9516
2851.0000 2813.7043 2.9184 34.9515
2853.0000 2815.6650 2.9165 34.9513
2855.0000 2817.6262 2.9143 34.9512
2857.0000 2819.5869 2.9102 34.9506
2859.0000 2821.5474 2.9071 34.9504
2861.0000 2823.5083 2.9014 34.9499
2863.0000 2825.4690 2.8987 34.9498
2865.0000 2827.4297 2.8981 34.9497
2867.0000 2829.3904 2.8976 34.9496
2869.0000 2831.3513 2.8966 34.9497
2871.0000 2833.3120 2.8966 34.9497
2873.0000 2835.2725 2.8968 34.9498
2875.0000 2837.2329 2.8968 34.9496
2877.0000 2839.1936 2.8962 34.9495
2879.0000 2841.1541 2.8953 34.9495
2881.0000 2843.1147 2.8935 34.9493
2883.0000 2845.0754 2.8927 34.9492
2885.0000 2847.0359 2.8927 34.9491
2887.0000 2848.9966 2.8911 34.9491
2889.0000 2850.9570 2.8900 34.9489
2891.0000 2852.9177 2.8906 34.9489
2893.0000 2854.8777 2.8889 34.9489
2895.0000 2856.8381 2.8882 34.9487
2897.0000 2858.7988 2.8863 34.9486
2899.0000 2860.7593 2.8848 34.9484
2901.0000 2862.7195 2.8835 34.9483
2903.0000 2864.6799 2.8829 34.9483
2905.0000 2866.6404 2.8828 34.9483
2907.0000 2868.6003 2.8821 34.9482
2909.0000 2870.5610 2.8807 34.9481
2911.0000 2872.5215 2.8786 34.9479
2913.0000 2874.4814 2.8765 34.9477
2915.0000 2876.4419 2.8742 34.9475
2917.0000 2878.4023 2.8683 34.9469
2919.0000 2880.3623 2.8643 34.9466
2921.0000 2882.3225 2.8623 34.9465
2923.0000 2884.2827 2.8614 34.9463
2925.0000 2886.2432 2.8599 34.9463
2927.0000 2888.2031 2.8561 34.9460
2929.0000 2890.1633 2.8552 34.9460
2931.0000 2892.1233 2.8554 34.9460
2933.0000 2894.0837 2.8555 34.9460
2935.0000 2896.0437 2.8553 34.9459
2937.0000 2898.0039 2.8513 34.9455
2939.0000 2899.9639 2.8497 34.9454
2941.0000 2901.9238 2.8495 34.9454
2943.0000 2903.8838 2.8504 34.9454
2945.0000 2905.8440 2.8502 34.9454
2947.0000 2907.8040 2.8493 34.9454
2949.0000 2909.7639 2.8479 34.9452
2951.0000 2911.7236 2.8476 34.9451
2953.0000 2913.6838 2.8460 34.9450
2955.0000 2915.6436 2.8449 34.9450
2957.0000 2917.6035 2.8437 34.9447
2959.0000 2919.5635 2.8433 34.9447
2961.0000 2921.5234 2.8447 34.9447
2963.0000 2923.4829 2.8424 34.9447
2965.0000 2925.4431 2.8404 34.9444
2967.0000 2927.4028 2.8402 34.9444
2969.0000 2929.3625 2.8341 34.9438
2971.0000 2931.3223 2.8336 34.9439
2973.0000 2933.2822 2.8339 34.9439
2975.0000 2935.2417 2.8343 34.9439
2977.0000 2937.2017 2.8344 34.9440
2979.0000 2939.1611 2.8335 34.9438
2981.0000 2941.1211 2.8323 34.9437
2983.0000 2943.0803 2.8323 34.9436
2985.0000 2945.0403 2.8316 34.9437
2987.0000 2947.0000 2.8327 34.9438
2989.0000 2948.9595 2.8319 34.9436
2991.0000 2950.9192 2.8315 34.9436
2993.0000 2952.8787 2.8322 34.9435
2995.0000 2954.8386 2.8326 34.9436
2997.0000 2956.7976 2.8323 34.9436
2999.0000 2958.7576 2.8313 34.9435
3001.0000 2960.7170 2.8283 34.9432
3003.0000 2962.6763 2.8248 34.9429
3005.0000 2964.6357 2.8236 34.9429
3007.0000 2966.5955 2.8225 34.9426
3009.0000 2968.5549 2.8213 34.9426
3011.0000 2970.5142 2.8183 34.9424
3013.0000 2972.4736 2.8197 34.9423
3015.0000 2974.4329 2.8173 34.9423
3017.0000 2976.3923 2.8169 34.9422
3019.0000 2978.3516 2.8148 34.9420
3021.0000 2980.3113 2.8131 34.9418
3023.0000 2982.2705 2.8100 34.9416
3025.0000 2984.2295 2.8071 34.9415
3027.0000 2986.1890 2.8040 34.9411
3029.0000 2988.1482 2.8014 34.9408
3031.0000 2990.1072 2.7973 34.9405
3033.0000 2992.0664 2.7951 34.9402
3035.0000 2994.0259 2.7913 34.9399
3037.0000 2995.9851 2.7886 34.9398
3039.0000 2997.9441 2.7891 34.9397
3041.0000 2999.9036 2.7842 34.9394
3043.0000 3001.8625 2.7810 34.9392
3045.0000 3003.8215 2.7817 34.9391
3047.0000 3005.7808 2.7795 34.9390
3049.0000 3007.7397 2.7792 34.9390
3051.0000 3009.6987 2.7778 34.9389
3053.0000 3011.6577 2.7741 34.9385
3055.0000 3013.6169 2.7711 34.9383
3057.0000 3015.5762 2.7692 34.9381
3059.0000 3017.5349 2.7683 34.9381
3061.0000 3019.4941 2.7672 34.9380
3063.0000 3021.4529 2.7648 34.9377
3065.0000 3023.4119 2.7657 34.9376
3067.0000 3025.3708 2.7599 34.9374
3069.0000 3027.3296 2.7580 34.9373
3071.0000 3029.2888 2.7571 34.9372
3073.0000 3031.2473 2.7552 34.9369
3075.0000 3033.2063 2.7552 34.9369
3077.0000 3035.1655 2.7532 34.9368
3079.0000 3037.1240 2.7526 34.9367
3081.0000 3039.0830 2.7515 34.9366
3083.0000 3041.0420 2.7505 34.9364
3085.0000 3043.0005 2.7452 34.9361
3087.0000 3044.9592 2.7430 34.9359
3089.0000 3046.9177 2.7442 34.9359
3091.0000 3048.8767 2.7425 34.9358
3093.0000 3050.8352 2.7423 34.9358
3095.0000 3052.7939 2.7416 34.9358
3097.0000 3054.7527 2.7408 34.9356
3099.0000 3056.7114 2.7416 34.9355
3101.0000 3058.6699 2.7401 34.9356
3103.0000 3060.6287 2.7397 34.9355
3105.0000 3062.5874 2.7400 34.9354
3107.0000 3064.5457 2.7403 34.9354
3109.0000 3066.5044 2.7393 34.9354
3111.0000 3068.4631 2.7387 34.9354
3113.0000 3070.4211 2.7383 34.9352
3115.0000 3072.3799 2.7340 34.9348
3117.0000 3074.3384 2.7308 34.9345
3119.0000 3076.2969 2.7295 34.9344
3121.0000 3078.2551 2.7287 34.9343
3123.0000 3080.2136 2.7276 34.9343
3125.0000 3082.1721 2.7267 34.9342
3127.0000 3084.1304 2.7275 34.9341
3129.0000 3086.0889 2.7253 34.9341
3131.0000 3088.0471 2.7227 34.9338
3133.0000 3090.0059 2.7221 34.9338
3135.0000 3091.9636 2.7231 34.9336
3137.0000 3093.9224 2.7220 34.9337
3139.0000 3095.8806 2.7198 34.9334
3141.0000 3097.8389 2.7149 34.9330
3143.0000 3099.7971 2.7164 34.9330
3145.0000 3101.7554 2.7135 34.9328
3147.0000 3103.7139 2.7132 34.9329
3149.0000 3105.6716 2.7124 34.9328
3151.0000 3107.6301 2.7112 34.9327
3153.0000 3109.5884 2.7111 34.9327
3155.0000 3111.5461 2.7100 34.9325
3157.0000 3113.5046 2.7048 34.9320
3159.0000 3115.4626 2.7031 34.9320
3161.0000 3117.4207 2.7028 34.9320
3163.0000 3119.3787 2.7027 34.9319
3165.0000 3121.3369 2.7024 34.9319
3167.0000 3123.2949 2.7020 34.9318
3169.0000 3125.2527 2.7017 34.9317
3171.0000 3127.2109 2.7011 34.9317
3173.0000 3129.1692 2.7002 34.9316
3175.0000 3131.1267 2.6983 34.9314
3177.0000 3133.0850 2.6992 34.9313
3179.0000 3135.0430 2.6933 34.9309
3181.0000 3137.0007 2.6922 34.9309
3183.0000 3138.9585 2.6924 34.9308
3185.0000 3140.9167 2.6903 34.9304
3187.0000 3142.8745 2.6830 34.9299
3189.0000 3144.8320 2.6795 34.9295
3191.0000 3146.7900 2.6751 34.9292
3193.0000 3148.7480 2.6741 34.9292
3195.0000 3150.7058 2.6741 34.9291
3197.0000 3152.6633 2.6704 34.9287
3199.0000 3154.6213 2.6688 34.9286
3201.0000 3156.5793 2.6688 34.9287
3203.0000 3158.5366 2.6690 34.9287
3205.0000 3160.4946 2.6690 34.9286
3207.0000 3162.4521 2.6691 34.9287
3209.0000 3164.4102 2.6690 34.9287
3211.0000 3166.3672 2.6666 34.9284
3213.0000 3168.3252 2.6679 34.9284
3215.0000 3170.2830 2.6665 34.9284
3217.0000 3172.2405 2.6659 34.9284
3219.0000 3174.1980 2.6645 34.9280
3221.0000 3176.1558 2.6603 34.9277
3223.0000 3178.1135 2.6575 34.9276
3225.0000 3180.0708 2.6573 34.9275
3227.0000 3182.0281 2.6574 34.9275
3229.0000 3183.9858 2.6574 34.9275
3231.0000 3185.9431 2.6570 34.9275
3233.0000 3187.9006 2.6567 34.9274
3235.0000 3189.8582 2.6559 34.9273
3237.0000 3191.8154 2.6558 34.9273
3239.0000 3193.7729 2.6558 34.9273
3241.0000 3195.7305 2.6552 34.9272
3243.0000 3197.6877 2.6538 34.9270
3245.0000 3199.6450 2.6532 34.9269
3247.0000 3201.6025 2.6527 34.9269
3249.0000 3203.5601 2.6518 34.9267
3251.0000 3205.5168 2.6505 34.9266
3253.0000 3207.4741 2.6471 34.9263
3255.0000 3209.4316 2.6450 34.9261
3257.0000 3211.3892 2.6441 34.9261
3259.0000 3213.3462 2.6441 34.9260
3261.0000 3215.3032 2.6441 34.9260
3263.0000 3217.2605 2.6441 34.9260
3265.0000 3219.2175 2.6441 34.9260
3267.0000 3221.1748 2.6445 34.9261
3269.0000 3223.1323 2.6446 34.9260
3271.0000 3225.0894 2.6446 34.9259
3273.0000 3227.0461 2.6446 34.9260
3275.0000 3229.0034 2.6441 34.9259
3277.0000 3230.9607 2.6444 34.9259
3279.0000 3232.9177 2.6448 34.9259
3281.0000 3234.8745 2.6446 34.9259
3283.0000 3236.8318 2.6445 34.9258
3285.0000 3238.7888 2.6442 34.9258
3287.0000 3240.7456 2.6441 34.9257
3289.0000 3242.7026 2.6442 34.9258
3291.0000 3244.6597 2.6446 34.9257
3293.0000 3246.6165 2.6445 34.9257
3295.0000 3248.5735 2.6434 34.9257
3297.0000 3250.5305 2.6419 34.9254
3299.0000 3252.4873 2.6413 34.9254
3301.0000 3254.4441 2.6409 34.9253
3303.0000 3256.4009 2.6394 34.9251
3305.0000 3258.3582 2.6383 34.9251
3307.0000 3260.3147 2.6345 34.9247
3309.0000 3262.2715 2.6326 34.9245
3311.0000 3264.2285 2.6311 34.9243
3313.0000 3266.1848 2.6309 34.9243
3315.0000 3268.1416 2.6304 34.9243
3317.0000 3270.0984 2.6300 34.9243
3319.0000 3272.0554 2.6288 34.9242
3321.0000 3274.0120 2.6268 34.9238
3323.0000 3275.9688 2.6226 34.9235
3325.0000 3277.9253 2.6217 34.9234
3327.0000 3279.8818 2.6215 34.9235
3329.0000 3281.8386 2.6189 34.9231
3331.0000 3283.7952 2.6153 34.9228
3333.0000 3285.7520 2.6143 34.9227
3335.0000 3287.7083 2.6138 34.9226
3337.0000 3289.6648 2.6133 34.9226
3339.0000 3291.6216 2.6123 34.9225
3341.0000 3293.5776 2.6103 34.9222
3343.0000 3295.5344 2.6075 34.9220
3345.0000 3297.4912 2.6068 34.9220
3347.0000 3299.4475 2.6065 34.9219
3349.0000 3301.4041 2.6062 34.9219
3351.0000 3303.3604 2.6061 34.9219
3353.0000 3305.3169 2.6063 34.9220
3355.0000 3307.2729 2.6062 34.9219
3357.0000 3309.2295 2.6067 34.9217
3359.0000 3311.1860 2.6064 34.9219
3361.0000 3313.1423 2.6059 34.9217
3363.0000 3315.0986 2.5997 34.9210
3365.0000 3317.0552 2.5970 34.9209
3367.0000 3319.0112 2.5959 34.9208
3369.0000 3320.9670 2.5949 34.9206
3371.0000 3322.9236 2.5951 34.9206
3373.0000 3324.8799 2.5939 34.9205
3375.0000 3326.8362 2.5918 34.9203
3377.0000 3328.7925 2.5905 34.9202
3379.0000 3330.7488 2.5902 34.9201
3381.0000 3332.7051 2.5894 34.9201
3383.0000 3334.6606 2.5891 34.9200
3385.0000 3336.6169 2.5874 34.9198
3387.0000 3338.5730 2.5856 34.9197
3389.0000 3340.5291 2.5828 34.9193
3391.0000 3342.4854 2.5807 34.9191
3393.0000 3344.4414 2.5794 34.9190
3395.0000 3346.3977 2.5762 34.9186
3397.0000 3348.3538 2.5757 34.9187
3399.0000 3350.3096 2.5754 34.9185
3401.0000 3352.2659 2.5753 34.9185
3403.0000 3354.2214 2.5747 34.9186
3405.0000 3356.1772 2.5743 34.9185
3407.0000 3358.1335 2.5740 34.9184
3409.0000 3360.0894 2.5738 34.9184
3411.0000 3362.0449 2.5728 34.9183
3413.0000 3364.0012 2.5719 34.9182
3415.0000 3365.9570 2.5717 34.9181
3417.0000 3367.9126 2.5708 34.9181
3419.0000 3369.8689 2.5704 34.9181
3421.0000 3371.8247 2.5699 34.9180
3423.0000 3373.7805 2.5697 34.9179
3425.0000 3375.7361 2.5699 34.9179
3427.0000 3377.6921 2.5702 34.9178
3429.0000 3379.6475 2.5697 34.9177
3431.0000 3381.6030 2.5687 34.9177
3433.0000 3383.5588 2.5668 34.9176
3435.0000 3385.5149 2.5675 34.9174
3437.0000 3387.4702 2.5655 34.9174
3439.0000 3389.4263 2.5654 34.9174
3441.0000 3391.3816 2.5657 34.9174
3443.0000 3393.3374 2.5663 34.9174
3445.0000 3395.2930 2.5664 34.9173
3447.0000 3397.2485 2.5642 34.9170
3449.0000 3399.2043 2.5628 34.9170
3451.0000 3401.1599 2.5619 34.9169
3453.0000 3403.1152 2.5618 34.9169
3455.0000 3405.0713 2.5603 34.9167
3457.0000 3407.0266 2.5579 34.9164
3459.0000 3408.9817 2.5561 34.9163
3461.0000 3410.9377 2.5552 34.9161
3463.0000 3412.8931 2.5547 34.9160
3465.0000 3414.8481 2.5548 34.9161
3467.0000 3416.8037 2.5548 34.9160
3469.0000 3418.7590 2.5538 34.9159
3471.0000 3420.7146 2.5537 34.9158
3473.0000 3422.6697 2.5524 34.9157
3475.0000 3424.6252 2.5515 34.9157
3477.0000 3426.5806 2.5509 34.9156
3479.0000 3428.5356 2.5504 34.9155
3481.0000 3430.4912 2.5494 34.9152
3483.0000 3432.4465 2.5471 34.9151
3485.0000 3434.4016 2.5464 34.9151
3487.0000 3436.3567 2.5448 34.9148
3489.0000 3438.3123 2.5445 34.9149
3491.0000 3440.2673 2.5450 34.9148
3493.0000 3442.2224 2.5442 34.9149
3495.0000 3444.1777 2.5439 34.9148
3497.0000 3446.1328 2.5435 34.9146
3499.0000 3448.0879 2.5425 34.9146
3501.0000 3450.0430 2.5416 34.9145
3503.0000 3451.9985 2.5399 34.9143
3505.0000 3453.9534 2.5399 34.9144
3507.0000 3455.9082 2.5398 34.9143
3509.0000 3457.8635 2.5397 34.9143
3511.0000 3459.8186 2.5398 34.9141
3513.0000 3461.7734 2.5399 34.9143
3515.0000 3463.7283 2.5399 34.9143
3517.0000 3465.6833 2.5402 34.9142
3519.0000 3467.6384 2.5399 34.9142
3521.0000 3469.5935 2.5394 34.9142
3523.0000 3471.5486 2.5395 34.9141
3525.0000 3473.5032 2.5395 34.9141
3527.0000 3475.4580 2.5398 34.9141
3529.0000 3477.4128 2.5396 34.9141
3531.0000 3479.3679 2.5385 34.9138
3533.0000 3481.3230 2.5379 34.9138
3535.0000 3483.2776 2.5371 34.9138
3537.0000 3485.2322 2.5352 34.9135
3539.0000 3487.1873 2.5341 34.9134
3541.0000 3489.1421 2.5327 34.9133
3543.0000 3491.0967 2.5322 34.9132
3545.0000 3493.0518 2.5309 34.9131
3547.0000 3495.0066 2.5306 34.9130
3549.0000 3496.9609 2.5307 34.9130
3551.0000 3498.9160 2.5310 34.9130
3553.0000 3500.8706 2.5311 34.9130
3555.0000 3502.8250 2.5310 34.9130
3557.0000 3504.7798 2.5309 34.9130
3559.0000 3506.7346 2.5310 34.9129
3561.0000 3508.6887 2.5309 34.9129
3563.0000 3510.6433 2.5309 34.9129
3565.0000 3512.5979 2.5303 34.9129
3567.0000 3514.5527 2.5301 34.9128
3569.0000 3516.5068 2.5302 34.9127
3571.0000 3518.4614 2.5294 34.9125
3573.0000 3520.4160 2.5266 34.9123
3575.0000 3522.3704 2.5236 34.9120
3577.0000 3524.3250 2.5227 34.9119
3579.0000 3526.2795 2.5223 34.9118
3581.0000 3528.2339 2.5223 34.9119
3583.0000 3530.1880 2.5223 34.9119
3585.0000 3532.1428 2.5226 34.9118
3587.0000 3534.0974 2.5230 34.9119
3589.0000 3536.0515 2.5231 34.9118
3591.0000 3538.0059 2.5218 34.9117
3593.0000 3539.9604 2.5219 34.9116
3595.0000 3541.9146 2.5203 34.9115
3597.0000 3543.8689 2.5181 34.9113
3599.0000 3545.8230 2.5178 34.9113
3601.0000 3547.7773 2.5168 34.9111
3603.0000 3549.7314 2.5168 34.9112
3605.0000 3551.6858 2.5171 34.9112
3607.0000 3553.6399 2.5169 34.9112
3609.0000 3555.5940 2.5166 34.9111
3611.0000 3557.5483 2.5164 34.9110
3613.0000 3559.5024 2.5156 34.9109
3615.0000 3561.4568 2.5155 34.9110
3617.0000 3563.4106 2.5149 34.9108
3619.0000 3565.3647 2.5143 34.9108
3621.0000 3567.3191 2.5141 34.9107
3623.0000 3569.2732 2.5141 34.9106
3625.0000 3571.2271 2.5138 34.9107
3627.0000 3573.1812 2.5137 34.9106
3629.0000 3575.1350 2.5141 34.9106
3631.0000 3577.0894 2.5140 34.9106
3633.0000 3579.0430 2.5140 34.9105
3635.0000 3580.9973 2.5138 34.9105
3637.0000 3582.9512 2.5131 34.9106
3639.0000 3584.9048 2.5126 34.9104
3641.0000 3586.8591 2.5121 34.9103
3643.0000 3588.8127 2.5114 34.9101
3645.0000 3590.7664 2.5106 34.9102
3647.0000 3592.7205 2.5102 34.9101
3649.0000 3594.6746 2.5099 34.9101
3651.0000 3596.6282 2.5092 34.9099
3653.0000 3598.5818 2.5065 34.9096
3655.0000 3600.5356 2.5062 34.9095
3657.0000 3602.4897 2.5042 34.9093
3659.0000 3604.4431 2.5014 34.9091
3661.0000 3606.3970 2.5001 34.9090
3663.0000 3608.3508 2.4995 34.9090
3665.0000 3610.3042 2.4989 34.9088
3667.0000 3612.2581 2.4990 34.9088
3669.0000 3614.2117 2.4988 34.9088
3671.0000 3616.1655 2.4984 34.9087
3673.0000 3618.1189 2.4968 34.9086
3675.0000 3620.0728 2.4976 34.9085
3677.0000 3622.0266 2.4950 34.9083
3679.0000 3623.9800 2.4941 34.9082
3681.0000 3625.9333 2.4938 34.9082
3683.0000 3627.8870 2.4942 34.9081
3685.0000 3629.8403 2.4935 34.9082
3687.0000 3631.7939 2.4934 34.9082
3689.0000 3633.7473 2.4934 34.9082
3691.0000 3635.7014 2.4929 34.9081
3693.0000 3637.6543 2.4928 34.9080
3695.0000 3639.6077 2.4929 34.9080
3697.0000 3641.5615 2.4931 34.9081
3699.0000 3643.5146 2.4931 34.9080
3701.0000 3645.4678 2.4933 34.9080
3703.0000 3647.4216 2.4934 34.9081
3705.0000 3649.3750 2.4933 34.9080
3707.0000 3651.3281 2.4932 34.9078
3709.0000 3653.2815 2.4932 34.9080
3711.0000 3655.2349 2.4930 34.9079
3713.0000 3657.1877 2.4928 34.9078
3715.0000 3659.1416 2.4923 34.9078
3717.0000 3661.0950 2.4920 34.9076
3719.0000 3663.0479 2.4919 34.9076
3721.0000 3665.0007 2.4916 34.9076
3723.0000 3666.9541 2.4917 34.9076
3725.0000 3668.9075 2.4918 34.9077
3727.0000 3670.8606 2.4916 34.9075
3729.0000 3672.8140 2.4908 34.9074
3731.0000 3674.7668 2.4902 34.9073
3733.0000 3676.7202 2.4896 34.9074
3735.0000 3678.6731 2.4889 34.9073
3737.0000 3680.6262 2.4878 34.9070
3739.0000 3682.5793 2.4873 34.9069
3741.0000 3684.5320 2.4867 34.9069
3743.0000 3686.4851 2.4855 34.9068
3745.0000 3688.4382 2.4857 34.9068
3747.0000 3690.3916 2.4849 34.9066
3749.0000 3692.3442 2.4843 34.9066
3751.0000 3694.2971 2.4840 34.9065
3753.0000 3696.2502 2.4837 34.9065
3755.0000 3698.2031 2.4838 34.9065
3757.0000 3700.1560 2.4838 34.9065
3759.0000 3702.1091 2.4825 34.9063
3761.0000 3704.0615 2.4822 34.9062
3763.0000 3706.0146 2.4821 34.9063
3765.0000 3707.9675 2.4821 34.9063
3767.0000 3709.9204 2.4819 34.9062
3769.0000 3711.8730 2.4820 34.9062
3771.0000 3713.8254 2.4821 34.9063
3773.0000 3715.7788 2.4821 34.9061
3775.0000 3717.7310 2.4822 34.9061
3777.0000 3719.6841 2.4813 34.9060
3779.0000 3721.6365 2.4783 34.9056
3781.0000 3723.5898 2.4772 34.9056
3783.0000 3725.5420 2.4768 34.9053
3785.0000 3727.4949 2.4763 34.9054
3787.0000 3729.4475 2.4763 34.9054
3789.0000 3731.4001 2.4760 34.9054
3791.0000 3733.3525 2.4760 34.9053
3793.0000 3735.3054 2.4757 34.9054
3795.0000 3737.2581 2.4747 34.9052
3797.0000 3739.2107 2.4745 34.9052
3799.0000 3741.1631 2.4745 34.9051
3801.0000 3743.1157 2.4745 34.9050
3803.0000 3745.0679 2.4740 34.9051
3805.0000 3747.0208 2.4738 34.9050
3807.0000 3748.9731 2.4738 34.9050
3809.0000 3750.9258 2.4738 34.9049
3811.0000 3752.8774 2.4738 34.9049
3813.0000 3754.8303 2.4739 34.9048
3815.0000 3756.7830 2.4732 34.9048
3817.0000 3758.7346 2.4723 34.9048
3819.0000 3760.6873 2.4723 34.9047
3821.0000 3762.6401 2.4727 34.9046
3823.0000 3764.5918 2.4720 34.9047
3825.0000 3766.5444 2.4716 34.9047
3827.0000 3768.4968 2.4719 34.9045
3829.0000 3770.4495 2.4711 34.9044
3831.0000 3772.4011 2.4672 34.9040
3833.0000 3774.3533 2.4672 34.9041
3835.0000 3776.3059 2.4665 34.9040
3837.0000 3778.2581 2.4659 34.9039
3839.0000 3780.2100 2.4649 34.9038
3841.0000 3782.1626 2.4645 34.9038
3843.0000 3784.1147 2.4644 34.9037
3845.0000 3786.0664 2.4643 34.9036
3847.0000 3788.0186 2.4643 34.9036
3849.0000 3789.9709 2.4643 34.9036
3851.0000 3791.9229 2.4643 34.9035
3853.0000 3793.8748 2.4645 34.9037
3855.0000 3795.8274 2.4646 34.9037
3857.0000 3797.7795 2.4645 34.9036
3859.0000 3799.7312 2.4647 34.9036
3861.0000 3801.6833 2.4649 34.9037
3863.0000 3803.6355 2.4651 34.9036
3865.0000 3805.5872 2.4650 34.9036
3867.0000 3807.5393 2.4646 34.9034
3869.0000 3809.4915 2.4629 34.9032
3871.0000 3811.4431 2.4616 34.9032
3873.0000 3813.3948 2.4606 34.9030
3875.0000 3815.3469 2.4608 34.9030
3877.0000 3817.2991 2.4611 34.9030
3879.0000 3819.2502 2.4605 34.9030
3881.0000 3821.2024 2.4603 34.9029
3883.0000 3823.1541 2.4596 34.9027
3885.0000 3825.1057 2.4594 34.9028
3887.0000 3827.0579 2.4598 34.9028
3889.0000 3829.0095 2.4595 34.9028
3891.0000 3830.9612 2.4594 34.9027
3893.0000 3832.9131 2.4597 34.9027
3895.0000 3834.8647 2.4599 34.9027
3897.0000 3836.8164 2.4600 34.9027
3899.0000 3838.7681 2.4603 34.9027
3901.0000 3840.7197 2.4604 34.9027
3903.0000 3842.6714 2.4603 34.9027
3905.0000 3844.6230 2.4603 34.9027
3907.0000 3846.5745 2.4602 34.9027
3909.0000 3848.5261 2.4603 34.9027
3911.0000 3850.4783 2.4603 34.9026
3913.0000 3852.4292 2.4597 34.9024
3915.0000 3854.3811 2.4554 34.9018
3917.0000 3856.3325 2.4498 34.9015
3919.0000 3858.2842 2.4484 34.9012
3921.0000 3860.2354 2.4480 34.9011
3923.0000 3862.1870 2.4486 34.9011
3925.0000 3864.1384 2.4441 34.9008
3927.0000 3866.0896 2.4442 34.9008
3929.0000 3868.0413 2.4443 34.9009
3931.0000 3869.9927 2.4441 34.9008
3933.0000 3871.9443 2.4446 34.9007
3935.0000 3873.8953 2.4447 34.9008
3937.0000 3875.8469 2.4449 34.9009
3939.0000 3877.7981 2.4447 34.9009
3941.0000 3879.7490 2.4451 34.9007
3943.0000 3881.7007 2.4444 34.9007
3945.0000 3883.6521 2.4444 34.9007
3947.0000 3885.6033 2.4445 34.9006
3949.0000 3887.5544 2.4442 34.9007
3951.0000 3889.5059 2.4438 34.9005
3953.0000 3891.4570 2.4438 34.9005
3955.0000 3893.4080 2.4439 34.9005
3957.0000 3895.3591 2.4441 34.9006
3959.0000 3897.3105 2.4443 34.9005
3961.0000 3899.2615 2.4445 34.9006
3963.0000 3901.2131 2.4443 34.9004
3965.0000 3903.1638 2.4444 34.9005
3967.0000 3905.1152 2.4434 34.9003
3969.0000 3907.0662 2.4411 34.9001
3971.0000 3909.0168 2.4408 34.9000
3973.0000 3910.9685 2.4397 34.8999
3975.0000 3912.9189 2.4371 34.8996
3977.0000 3914.8699 2.4365 34.8996
3979.0000 3916.8210 2.4377 34.8996
3981.0000 3918.7725 2.4367 34.8996
3983.0000 3920.7234 2.4355 34.8994
3985.0000 3922.6741 2.4347 34.8994
3987.0000 3924.6250 2.4351 34.8992
3989.0000 3926.5759 2.4351 34.8994
3991.0000 3928.5266 2.4354 34.8994
3993.0000 3930.4780 2.4356 34.8994
3995.0000 3932.4287 2.4357 34.8993
3997.0000 3934.3794 2.4359 34.8993
3999.0000 3936.3301 2.4353 34.8993
4001.0000 3938.2810 2.4341 34.8990
4003.0000 3940.2319 2.4345 34.8990
4005.0000 3942.1824 2.4331 34.8989
4007.0000 3944.1335 2.4329 34.8989
4009.0000 3946.0840 2.4328 34.8989
4011.0000 3948.0349 2.4326 34.8989
4013.0000 3949.9854 2.4324 34.8988
4015.0000 3951.9360 2.4323 34.8988
4017.0000 3953.8865 2.4325 34.8987
4019.0000 3955.8374 2.4324 34.8987
4021.0000 3957.7883 2.4322 34.8987
4023.0000 3959.7383 2.4310 34.8986
4025.0000 3961.6892 2.4301 34.8984
4027.0000 3963.6399 2.4297 34.8984
4029.0000 3965.5908 2.4295 34.8983
4031.0000 3967.5408 2.4294 34.8983
4033.0000 3969.4917 2.4289 34.8982
4035.0000 3971.4421 2.4287 34.8982
4037.0000 3973.3921 2.4273 34.8980
4039.0000 3975.3430 2.4256 34.8979
4041.0000 3977.2935 2.4256 34.8979
4043.0000 3979.2444 2.4254 34.8978
4045.0000 3981.1938 2.4252 34.8978
4047.0000 3983.1448 2.4249 34.8977
4049.0000 3985.0952 2.4249 34.8977
4051.0000 3987.0457 2.4249 34.8977
4053.0000 3988.9956 2.4245 34.8976
4055.0000 3990.9465 2.4246 34.8976
4057.0000 3992.8965 2.4250 34.8977
4059.0000 3994.8469 2.4249 34.8977
4061.0000 3996.7969 2.4241 34.8975
4063.0000 3998.7478 2.4251 34.8974
4065.0000 4000.6975 2.4241 34.8975
4067.0000 4002.6479 2.4241 34.8974
4069.0000 4004.5984 2.4240 34.8973
4071.0000 4006.5486 2.4238 34.8972
4073.0000 4008.4983 2.4232 34.8973
4075.0000 4010.4487 2.4233 34.8973
4077.0000 4012.3987 2.4213 34.8969
4079.0000 4014.3491 2.4212 34.8969
4081.0000 4016.2993 2.4190 34.8967
4083.0000 4018.2495 2.4184 34.8966
4085.0000 4020.1992 2.4189 34.8966
4087.0000 4022.1492 2.4185 34.8966
4089.0000 4024.0994 2.4186 34.8967
4091.0000 4026.0498 2.4182 34.8965
4093.0000 4027.9993 2.4178 34.8965
4095.0000 4029.9497 2.4155 34.8962
4097.0000 4031.8994 2.4149 34.8962
4099.0000 4033.8494 2.4147 34.8962
4101.0000 4035.7993 2.4144 34.8960
4103.0000 4037.7493 2.4145 34.8960
4105.0000 4039.6995 2.4140 34.8960
4107.0000 4041.6489 2.4133 34.8960
4109.0000 4043.5991 2.4130 34.8960
4111.0000 4045.5491 2.4125 34.8958
4113.0000 4047.4983 2.4124 34.8958
4115.0000 4049.4487 2.4127 34.8958
4117.0000 4051.3982 2.4124 34.8957
4119.0000 4053.3481 2.4117 34.8956
4121.0000 4055.2974 2.4114 34.8956
4123.0000 4057.2478 2.4115 34.8955
4125.0000 4059.1975 2.4119 34.8955
4127.0000 4061.1470 2.4114 34.8955
4129.0000 4063.0969 2.4106 34.8954
4131.0000 4065.0466 2.4105 34.8953
4133.0000 4066.9966 2.4099 34.8952
4135.0000 4068.9458 2.4088 34.8951
4137.0000 4070.8955 2.4084 34.8951
4139.0000 4072.8450 2.4087 34.8950
4141.0000 4074.7947 2.4082 34.8950
4143.0000 4076.7441 2.4071 34.8949
4145.0000 4078.6938 2.4067 34.8948
4147.0000 4080.6431 2.4073 34.8947
4149.0000 4082.5930 2.4053 34.8946
4151.0000 4084.5425 2.4036 34.8945
4153.0000 4086.4922 2.4031 34.8943
4155.0000 4088.4414 2.4028 34.8944
4157.0000 4090.3909 2.4032 34.8942
4159.0000 4092.3406 2.4009 34.8941
4161.0000 4094.2893 2.4005 34.8941
4163.0000 4096.2393 2.4004 34.8941
4165.0000 4098.1890 2.3987 34.8937
4167.0000 4100.1382 2.3984 34.8936
4169.0000 4102.0874 2.3932 34.8933
4171.0000 4104.0366 2.3931 34.8932
4173.0000 4105.9858 2.3919 34.8931
4175.0000 4107.9346 2.3922 34.8930
4177.0000 4109.8843 2.3926 34.8933
4179.0000 4111.8340 2.3919 34.8930
4181.0000 4113.7832 2.3908 34.8929
4183.0000 4115.7324 2.3904 34.8927
4185.0000 4117.6816 2.3831 34.8919
4187.0000 4119.6309 2.3789 34.8917
4189.0000 4121.5801 2.3792 34.8917
4191.0000 4123.5288 2.3787 34.8916
4193.0000 4125.4785 2.3785 34.8916
4195.0000 4127.4277 2.3779 34.8915
4197.0000 4129.3765 2.3784 34.8916
4199.0000 4131.3257 2.3795 34.8916
4201.0000 4133.2749 2.3800 34.8916
4203.0000 4135.2241 2.3777 34.8913
4205.0000 4137.1729 2.3775 34.8915
4207.0000 4139.1221 2.3788 34.8915
4209.0000 4141.0713 2.3793 34.8915
4211.0000 4143.0200 2.3786 34.8915
4213.0000 4144.9692 2.3768 34.8913
4215.0000 4146.9180 2.3769 34.8912
4217.0000 4148.8672 2.3779 34.8914
4219.0000 4150.8164 2.3766 34.8909
4221.0000 4152.7651 2.3754 34.8909
4223.0000 4154.7139 2.3756 34.8910
4225.0000 4156.6626 2.3750 34.8909
4227.0000 4158.6118 2.3751 34.8909
4229.0000 4160.5605 2.3753 34.8909
4231.0000 4162.5088 2.3754 34.8908
4233.0000 4164.4580 2.3757 34.8908
4235.0000 4166.4072 2.3763 34.8909
4237.0000 4168.3555 2.3764 34.8909
4239.0000 4170.3042 2.3771 34.8910
4241.0000 4172.2529 2.3771 34.8908
4243.0000 4174.2021 2.3766 34.8908
4245.0000 4176.1504 2.3767 34.8908
4247.0000 4178.0991 2.3772 34.8907
4249.0000 4180.0479 2.3781 34.8910
4251.0000 4181.9966 2.3783 34.8908
4253.0000 4183.9448 2.3784 34.8909
4255.0000 4185.8936 2.3744 34.8904
4257.0000 4187.8428 2.3718 34.8901
4259.0000 4189.7910 2.3705 34.8900
4261.0000 4191.7397 2.3703 34.8900
4263.0000 4193.6885 2.3702 34.8899
4265.0000 4195.6362 2.3704 34.8900
4267.0000 4197.5854 2.3713 34.8901
4269.0000 4199.5342 2.3717 34.8901
4271.0000 4201.4824 2.3727 34.8902
4273.0000 4203.4307 2.3731 34.8901
4275.0000 4205.3794 2.3731 34.8901
4277.0000 4207.3276 2.3732 34.8901
4279.0000 4209.2759 2.3731 34.8901
4281.0000 4211.2246 2.3730 34.8901
4283.0000 4213.1729 2.3734 34.8901
4285.0000 4215.1211 2.3729 34.8899
4287.0000 4217.0698 2.3725 34.8899
4289.0000 4219.0181 2.3734 34.8900
4291.0000 4220.9663 2.3744 34.8898
4293.0000 4222.9146 2.3746 34.8898
4295.0000 4224.8628 2.3756 34.8900
4297.0000 4226.8115 2.3760 34.8900
4299.0000 4228.7593 2.3769 34.8901
4301.0000 4230.7075 2.3765 34.8900
4303.0000 4232.6558 2.3766 34.8900
4305.0000 4234.6040 2.3757 34.8900
4307.0000 4236.5522 2.3764 34.8899
4309.0000 4238.5005 2.3761 34.8899
4311.0000 4240.4487 2.3752 34.8898
4313.0000 4242.3965 2.3750 34.8896
4315.0000 4244.3447 2.3706 34.8893
4317.0000 4246.2930 2.3708 34.8893
4319.0000 4248.2412 2.3720 34.8894
4321.0000 4250.1890 2.3683 34.8889
4323.0000 4252.1372 2.3659 34.8887
4325.0000 4254.0854 2.3653 34.8886
4327.0000 4256.0327 2.3627 34.8884
4329.0000 4257.9814 2.3624 34.8884
4331.0000 4259.9292 2.3624 34.8883
4333.0000 4261.8774 2.3621 34.8883
4335.0000 4263.8252 2.3624 34.8883
4337.0000 4265.7729 2.3618 34.8882
4339.0000 4267.7212 2.3603 34.8881
4341.0000 4269.6685 2.3619 34.8880
4343.0000 4271.6167 2.3628 34.8881
4345.0000 4273.5645 2.3628 34.8880
4347.0000 4275.5127 2.3607 34.8879
4349.0000 4277.4600 2.3619 34.8879
4351.0000 4279.4082 2.3618 34.8878
4353.0000 4281.3564 2.3607 34.8879
4355.0000 4283.3037 2.3611 34.8878
4357.0000 4285.2515 2.3612 34.8878
4359.0000 4287.1992 2.3612 34.8879
4361.0000 4289.1470 2.3615 34.8877
4363.0000 4291.0947 2.3615 34.8879
4365.0000 4293.0425 2.3611 34.8878
4367.0000 4294.9902 2.3618 34.8877
4369.0000 4296.9380 2.3613 34.8877
4371.0000 4298.8848 2.3618 34.8877
4373.0000 4300.8330 2.3618 34.8878
4375.0000 4302.7803 2.3622 34.8877
4377.0000 4304.7280 2.3625 34.8877
4379.0000 4306.6758 2.3631 34.8878
4381.0000 4308.6230 2.3634 34.8877
4383.0000 4310.5708 2.3636 34.8879
4385.0000 4312.5186 2.3638 34.8878
4387.0000 4314.4663 2.3640 34.8878
4389.0000 4316.4131 2.3641 34.8878
4391.0000 4318.3608 2.3644 34.8878
4393.0000 4320.3086 2.3648 34.8878
4395.0000 4322.2563 2.3654 34.8877
4397.0000 4324.2026 2.3655 34.8877
4399.0000 4326.1509 2.3656 34.8877
4401.0000 4328.0981 2.3656 34.8877
4403.0000 4330.0454 2.3659 34.8877
4405.0000 4331.9922 2.3663 34.8877
4407.0000 4333.9399 2.3664 34.8877
4409.0000 4335.8872 2.3666 34.8878
4411.0000 4337.8350 2.3666 34.8876
4413.0000 4339.7822 2.3655 34.8876
4415.0000 4341.7295 2.3657 34.8874
4417.0000 4343.6763 2.3659 34.8877
4419.0000 4345.6235 2.3659 34.8875
4421.0000 4347.5708 2.3663 34.8876
4423.0000 4349.5181 2.3665 34.8875
4425.0000 4351.4653 2.3661 34.8875
4427.0000 4353.4126 2.3662 34.8874
4429.0000 4355.3599 2.3655 34.8874
4431.0000 4357.3066 2.3653 34.8873
4433.0000 4359.2544 2.3642 34.8871
4435.0000 4361.2012 2.3638 34.8871
4437.0000 4363.1479 2.3622 34.8869
4439.0000 4365.0952 2.3625 34.8869
4441.0000 4367.0425 2.3623 34.8869
4443.0000 4368.9897 2.3629 34.8869
4445.0000 4370.9360 2.3639 34.8870
4447.0000 4372.8833 2.3641 34.8869
4449.0000 4374.8306 2.3650 34.8869
4451.0000 4376.7769 2.3652 34.8871
4453.0000 4378.7241 2.3654 34.8869
4455.0000 4380.6709 2.3651 34.8870
4457.0000 4382.6177 2.3650 34.8869
4459.0000 4384.5645 2.3651 34.8870
4461.0000 4386.5117 2.3653 34.8869
4463.0000 4388.4585 2.3661 34.8871
4465.0000 4390.4053 2.3687 34.8872
4467.0000 4392.3521 2.3688 34.8872
4469.0000 4394.2993 2.3703 34.8875
4471.0000 4396.2461 2.3702 34.8873
4473.0000 4398.1929 2.3712 34.8875
4475.0000 4400.1396 2.3707 34.8873
4477.0000 4402.0864 2.3704 34.8872
4479.0000 4404.0327 2.3708 34.8872
4481.0000 4405.9795 2.3706 34.8873
4483.0000 4407.9263 2.3707 34.8871
4485.0000 4409.8726 2.3692 34.8871
4487.0000 4411.8198 2.3699 34.8870
4489.0000 4413.7666 2.3698 34.8869
4491.0000 4415.7129 2.3702 34.8869
4493.0000 4417.6592 2.3703 34.8870
4495.0000 4419.6060 2.3697 34.8869
4497.0000 4421.5527 2.3706 34.8870
4499.0000 4423.4990 2.3704 34.8869
4501.0000 4425.4458 2.3700 34.8869
4503.0000 4427.3926 2.3697 34.8867
4505.0000 4429.3389 2.3689 34.8866
4507.0000 4431.2852 2.3689 34.8867
4509.0000 4433.2319 2.3693 34.8866
4511.0000 4435.1782 2.3692 34.8867
4513.0000 4437.1245 2.3695 34.8866
4515.0000 4439.0713 2.3698 34.8866
4517.0000 4441.0181 2.3693 34.8865
