CTD cast

DATE:  05-Jan-2016 06:13:59
latitude:  24.5001
longitude:  -43.2510
  P (db)  z (m)    T (^oC)  S (psu)
3.0000 2.9808 24.6926 37.4664
5.0000 4.9680 24.6934 37.4664
7.0000 6.9551 24.6950 37.4663
9.0000 8.9422 24.6942 37.4663
11.0000 10.9293 24.6952 37.4664
13.0000 12.9164 24.6946 37.4666
15.0000 14.9035 24.6952 37.4667
17.0000 16.8906 24.6959 37.4666
19.0000 18.8776 24.6964 37.4666
21.0000 20.8646 24.6963 37.4667
23.0000 22.8516 24.6964 37.4666
25.0000 24.8386 24.6964 37.4667
27.0000 26.8255 24.6966 37.4668
29.0000 28.8125 24.6985 37.4666
31.0000 30.7994 24.6990 37.4667
33.0000 32.7863 24.6996 37.4666
35.0000 34.7732 24.6989 37.4667
37.0000 36.7600 24.6982 37.4668
39.0000 38.7469 24.6966 37.4668
41.0000 40.7337 24.6967 37.4668
43.0000 42.7205 24.6967 37.4669
45.0000 44.7073 24.6972 37.4669
47.0000 46.6941 24.6902 37.4665
49.0000 48.6808 24.6722 37.4655
51.0000 50.6675 24.6205 37.4640
53.0000 52.6542 24.5906 37.4638
55.0000 54.6409 24.5530 37.4637
57.0000 56.6276 24.5462 37.4652
59.0000 58.6142 24.5288 37.4635
61.0000 60.6009 24.5130 37.4614
63.0000 62.5875 24.5200 37.4624
65.0000 64.5741 24.5112 37.4618
67.0000 66.5606 24.5101 37.4622
69.0000 68.5472 24.5103 37.4620
71.0000 70.5337 24.5100 37.4616
73.0000 72.5202 24.5040 37.4609
75.0000 74.5067 24.5035 37.4607
77.0000 76.4932 24.5043 37.4610
79.0000 78.4797 24.5041 37.4622
81.0000 80.4661 24.4980 37.4610
83.0000 82.4525 24.4919 37.4597
85.0000 84.4389 24.4904 37.4595
87.0000 86.4253 24.4894 37.4597
89.0000 88.4117 24.4889 37.4598
91.0000 90.3980 24.4875 37.4594
93.0000 92.3843 24.4864 37.4594
95.0000 94.3706 24.4824 37.4587
97.0000 96.3569 24.4684 37.4554
99.0000 98.3432 24.4681 37.4550
101.0000 100.3294 24.4494 37.4490
103.0000 102.3157 24.3081 37.4229
105.0000 104.3018 24.2626 37.4213
107.0000 106.2880 24.1423 37.4039
109.0000 108.2742 23.7120 37.3344
111.0000 110.2604 23.5516 37.3196
113.0000 112.2465 23.1795 37.2750
115.0000 114.2326 23.1034 37.2748
117.0000 116.2187 22.8337 37.2615
119.0000 118.2048 22.7491 37.2562
121.0000 120.1908 22.7436 37.2590
123.0000 122.1768 22.6324 37.2488
125.0000 124.1629 22.4963 37.2452
127.0000 126.1489 22.4698 37.2437
129.0000 128.1348 22.3791 37.2378
131.0000 130.1208 22.3486 37.2366
133.0000 132.1067 22.3518 37.2370
135.0000 134.0927 22.2690 37.2299
137.0000 136.0786 22.1908 37.2244
139.0000 138.0644 22.0646 37.2282
141.0000 140.0503 22.0289 37.2259
143.0000 142.0361 21.9978 37.2236
145.0000 144.0219 21.9443 37.2203
147.0000 146.0078 21.8328 37.2175
149.0000 147.9935 21.7945 37.2160
151.0000 149.9793 21.7492 37.2172
153.0000 151.9650 21.7301 37.2208
155.0000 153.9508 21.7183 37.2215
157.0000 155.9365 21.7035 37.2228
159.0000 157.9222 21.6697 37.2196
161.0000 159.9078 21.5402 37.2074
163.0000 161.8935 21.4654 37.2007
165.0000 163.8791 21.3924 37.1908
167.0000 165.8647 21.2713 37.1717
169.0000 167.8503 21.0654 37.1355
171.0000 169.8359 20.9949 37.1239
173.0000 171.8214 20.8671 37.1007
175.0000 173.8070 20.6964 37.0717
177.0000 175.7925 20.5968 37.0600
179.0000 177.7780 20.5847 37.0632
181.0000 179.7635 20.5828 37.0649
183.0000 181.7489 20.5812 37.0658
185.0000 183.7344 20.5788 37.0661
187.0000 185.7198 20.5741 37.0656
189.0000 187.7052 20.5660 37.0654
191.0000 189.6906 20.4587 37.0399
193.0000 191.6759 20.3086 37.0166
195.0000 193.6613 20.2132 36.9998
197.0000 195.6466 20.1491 36.9839
199.0000 197.6319 20.1277 36.9773
201.0000 199.6172 19.9905 36.9478
203.0000 201.6024 19.9654 36.9442
205.0000 203.5877 19.9001 36.9292
207.0000 205.5729 19.8405 36.9168
209.0000 207.5581 19.7922 36.9087
211.0000 209.5433 19.7404 36.9014
213.0000 211.5285 19.6739 36.8952
215.0000 213.5136 19.5810 36.8803
217.0000 215.4988 19.5434 36.8718
219.0000 217.4839 19.5197 36.8675
221.0000 219.4690 19.4867 36.8597
223.0000 221.4540 19.4282 36.8489
225.0000 223.4391 19.3933 36.8408
227.0000 225.4241 19.2955 36.8189
229.0000 227.4092 19.1381 36.7885
231.0000 229.3941 19.0939 36.7826
233.0000 231.3791 19.0774 36.7800
235.0000 233.3641 19.0503 36.7735
237.0000 235.3490 18.9818 36.7605
239.0000 237.3339 18.9669 36.7583
241.0000 239.3188 18.9597 36.7563
243.0000 241.3037 18.9249 36.7478
245.0000 243.2886 18.8650 36.7357
247.0000 245.2734 18.7931 36.7220
249.0000 247.2583 18.7613 36.7153
251.0000 249.2431 18.6663 36.6950
253.0000 251.2278 18.5908 36.6815
255.0000 253.2126 18.4991 36.6674
257.0000 255.1974 18.4856 36.6660
259.0000 257.1821 18.4788 36.6649
261.0000 259.1668 18.4473 36.6588
263.0000 261.1515 18.4326 36.6571
265.0000 263.1362 18.4258 36.6558
267.0000 265.1208 18.3988 36.6485
269.0000 267.1054 18.2890 36.6293
271.0000 269.0901 18.2791 36.6279
273.0000 271.0746 18.2671 36.6254
275.0000 273.0593 18.2373 36.6193
277.0000 275.0438 18.2223 36.6167
279.0000 277.0284 18.1870 36.6090
281.0000 279.0128 18.0984 36.5919
283.0000 280.9974 18.0070 36.5747
285.0000 282.9818 17.9660 36.5679
287.0000 284.9663 17.9389 36.5632
289.0000 286.9507 17.9165 36.5595
291.0000 288.9352 17.9074 36.5580
293.0000 290.9196 17.8903 36.5548
295.0000 292.9040 17.8502 36.5461
297.0000 294.8883 17.8215 36.5417
299.0000 296.8727 17.8043 36.5378
301.0000 298.8570 17.7676 36.5301
303.0000 300.8413 17.6449 36.5081
305.0000 302.8256 17.6359 36.5108
307.0000 304.8099 17.6162 36.5027
309.0000 306.7941 17.5338 36.4885
311.0000 308.7784 17.5084 36.4849
313.0000 310.7626 17.4995 36.4842
315.0000 312.7467 17.4699 36.4776
317.0000 314.7309 17.3735 36.4582
319.0000 316.7151 17.3306 36.4517
321.0000 318.6992 17.2999 36.4447
323.0000 320.6833 17.2644 36.4384
325.0000 322.6674 17.2225 36.4296
327.0000 324.6515 17.1731 36.4211
329.0000 326.6356 17.1330 36.4159
331.0000 328.6196 17.1357 36.4166
333.0000 330.6036 17.1100 36.4127
335.0000 332.5876 17.0824 36.4080
337.0000 334.5716 17.0480 36.4003
339.0000 336.5556 17.0102 36.3934
341.0000 338.5396 16.9580 36.3840
343.0000 340.5235 16.8941 36.3728
345.0000 342.5074 16.8692 36.3686
347.0000 344.4913 16.8337 36.3602
349.0000 346.4751 16.8152 36.3583
351.0000 348.4590 16.7021 36.3376
353.0000 350.4428 16.6545 36.3292
355.0000 352.4266 16.6358 36.3269
357.0000 354.4104 16.6298 36.3260
359.0000 356.3942 16.6247 36.3253
361.0000 358.3779 16.6157 36.3239
363.0000 360.3617 16.6012 36.3211
365.0000 362.3454 16.5853 36.3181
367.0000 364.3291 16.5735 36.3159
369.0000 366.3127 16.5554 36.3126
371.0000 368.2964 16.5109 36.3032
373.0000 370.2801 16.4689 36.2954
375.0000 372.2637 16.3885 36.2815
377.0000 374.2473 16.3552 36.2773
379.0000 376.2309 16.2864 36.2622
381.0000 378.2145 16.2074 36.2516
383.0000 380.1980 16.1955 36.2493
385.0000 382.1815 16.1869 36.2481
387.0000 384.1650 16.1736 36.2454
389.0000 386.1485 16.1517 36.2411
391.0000 388.1320 16.1212 36.2352
393.0000 390.1154 16.0327 36.2198
395.0000 392.0989 15.9963 36.2151
397.0000 394.0822 15.9835 36.2132
399.0000 396.0656 15.9781 36.2121
401.0000 398.0490 15.9831 36.2127
403.0000 400.0324 15.9117 36.1990
405.0000 402.0157 15.8521 36.1897
407.0000 403.9990 15.8080 36.1820
409.0000 405.9823 15.7548 36.1742
411.0000 407.9656 15.6981 36.1651
413.0000 409.9489 15.6348 36.1554
415.0000 411.9321 15.6199 36.1524
417.0000 413.9154 15.5676 36.1429
419.0000 415.8985 15.4912 36.1305
421.0000 417.8817 15.4188 36.1206
423.0000 419.8649 15.3981 36.1177
425.0000 421.8480 15.3804 36.1149
427.0000 423.8311 15.3762 36.1151
429.0000 425.8143 15.3639 36.1128
431.0000 427.7973 15.3035 36.1014
433.0000 429.7804 15.2488 36.0922
435.0000 431.7635 15.1695 36.0805
437.0000 433.7465 15.1377 36.0763
439.0000 435.7295 15.1103 36.0716
441.0000 437.7125 15.0833 36.0672
443.0000 439.6955 15.0730 36.0658
445.0000 441.6784 15.0370 36.0592
447.0000 443.6614 14.9899 36.0516
449.0000 445.6443 14.9545 36.0454
451.0000 447.6272 14.9104 36.0384
453.0000 449.6100 14.8696 36.0327
455.0000 451.5929 14.8041 36.0221
457.0000 453.5757 14.7516 36.0151
459.0000 455.5585 14.6918 36.0054
461.0000 457.5414 14.6697 36.0027
463.0000 459.5242 14.6636 36.0014
465.0000 461.5069 14.6521 35.9998
467.0000 463.4897 14.6416 35.9981
469.0000 465.4724 14.6134 35.9933
471.0000 467.4551 14.5630 35.9843
473.0000 469.4378 14.4893 35.9741
475.0000 471.4204 14.5144 35.9789
477.0000 473.4031 14.4786 35.9729
479.0000 475.3858 14.4671 35.9707
481.0000 477.3683 14.4508 35.9685
483.0000 479.3510 14.4430 35.9673
485.0000 481.3335 14.4271 35.9651
487.0000 483.3161 14.4002 35.9604
489.0000 485.2986 14.3798 35.9571
491.0000 487.2811 14.3655 35.9547
493.0000 489.2636 14.3291 35.9488
495.0000 491.2461 14.3312 35.9501
497.0000 493.2286 14.2173 35.9297
499.0000 495.2110 14.1347 35.9183
501.0000 497.1934 14.0854 35.9120
503.0000 499.1758 14.0323 35.9044
505.0000 501.1582 14.0184 35.9029
507.0000 503.1405 14.0027 35.9011
509.0000 505.1229 13.9993 35.9005
511.0000 507.1053 13.9797 35.8975
513.0000 509.0876 13.9684 35.8961
515.0000 511.0698 13.9454 35.8922
517.0000 513.0521 13.9135 35.8874
519.0000 515.0344 13.8479 35.8769
521.0000 517.0165 13.7805 35.8679
523.0000 518.9988 13.7606 35.8654
525.0000 520.9810 13.7422 35.8627
527.0000 522.9632 13.7289 35.8609
529.0000 524.9453 13.7181 35.8594
531.0000 526.9275 13.6837 35.8544
533.0000 528.9096 13.6757 35.8540
535.0000 530.8917 13.6360 35.8463
537.0000 532.8737 13.5620 35.8351
539.0000 534.8558 13.5335 35.8332
541.0000 536.8379 13.5313 35.8324
543.0000 538.8199 13.4921 35.8258
545.0000 540.8019 13.4372 35.8187
547.0000 542.7839 13.3709 35.8097
549.0000 544.7658 13.3457 35.8067
551.0000 546.7478 13.2986 35.7995
553.0000 548.7297 13.2547 35.7926
555.0000 550.7115 13.2155 35.7876
557.0000 552.6935 13.1261 35.7761
559.0000 554.6754 13.0806 35.7696
561.0000 556.6573 13.0589 35.7677
563.0000 558.6390 13.0524 35.7669
565.0000 560.6209 13.0403 35.7651
567.0000 562.6027 13.0166 35.7618
569.0000 564.5844 13.0102 35.7611
571.0000 566.5662 12.9776 35.7564
573.0000 568.5480 12.9550 35.7531
575.0000 570.5297 12.9312 35.7497
577.0000 572.5114 12.9062 35.7459
579.0000 574.4930 12.8802 35.7424
581.0000 576.4747 12.8568 35.7397
583.0000 578.4564 12.8431 35.7375
585.0000 580.4380 12.8234 35.7346
587.0000 582.4197 12.7976 35.7315
589.0000 584.4012 12.7895 35.7305
591.0000 586.3828 12.7869 35.7300
593.0000 588.3643 12.7597 35.7259
595.0000 590.3458 12.7258 35.7215
597.0000 592.3273 12.6518 35.7101
599.0000 594.3088 12.5864 35.7024
601.0000 596.2903 12.5278 35.6946
603.0000 598.2718 12.4975 35.6911
605.0000 600.2532 12.4699 35.6872
607.0000 602.2346 12.4353 35.6830
609.0000 604.2160 12.4195 35.6817
611.0000 606.1974 12.4098 35.6803
613.0000 608.1787 12.3839 35.6765
615.0000 610.1602 12.3535 35.6732
617.0000 612.1415 12.3504 35.6729
619.0000 614.1227 12.3408 35.6711
621.0000 616.1040 12.3017 35.6662
623.0000 618.0853 12.2936 35.6653
625.0000 620.0665 12.2780 35.6627
627.0000 622.0477 12.2634 35.6613
629.0000 624.0289 12.2316 35.6571
631.0000 626.0101 12.2041 35.6534
633.0000 627.9913 12.1975 35.6530
635.0000 629.9724 12.1548 35.6456
637.0000 631.9536 12.0342 35.6294
639.0000 633.9347 11.9913 35.6254
641.0000 635.9158 11.9757 35.6224
643.0000 637.8969 11.9256 35.6165
645.0000 639.8779 11.8947 35.6125
647.0000 641.8589 11.8455 35.6065
649.0000 643.8400 11.8337 35.6060
651.0000 645.8210 11.8213 35.6042
653.0000 647.8019 11.8116 35.6036
655.0000 649.7829 11.7985 35.6017
657.0000 651.7639 11.7753 35.5990
659.0000 653.7448 11.7330 35.5922
661.0000 655.7257 11.6992 35.5890
663.0000 657.7066 11.6484 35.5838
665.0000 659.6874 11.6251 35.5792
667.0000 661.6683 11.5402 35.5670
669.0000 663.6491 11.4580 35.5588
671.0000 665.6299 11.3842 35.5500
673.0000 667.6107 11.3642 35.5484
675.0000 669.5915 11.3502 35.5469
677.0000 671.5723 11.3353 35.5458
679.0000 673.5530 11.3244 35.5444
681.0000 675.5337 11.3033 35.5421
683.0000 677.5144 11.2851 35.5395
685.0000 679.4951 11.2505 35.5353
687.0000 681.4757 11.1988 35.5293
689.0000 683.4564 11.1910 35.5289
691.0000 685.4370 11.1888 35.5287
693.0000 687.4175 11.1801 35.5278
695.0000 689.3982 11.1702 35.5267
697.0000 691.3787 11.1608 35.5255
699.0000 693.3594 11.1451 35.5234
701.0000 695.3398 11.0727 35.5136
703.0000 697.3203 11.0393 35.5107
705.0000 699.3008 11.0066 35.5052
707.0000 701.2812 10.9108 35.4949
709.0000 703.2617 10.8937 35.4934
711.0000 705.2422 10.8795 35.4911
713.0000 707.2226 10.8368 35.4851
715.0000 709.2030 10.7606 35.4773
717.0000 711.1833 10.7447 35.4760
719.0000 713.1637 10.7495 35.4770
721.0000 715.1440 10.7249 35.4742
723.0000 717.1243 10.7018 35.4711
725.0000 719.1047 10.6918 35.4707
727.0000 721.0850 10.6677 35.4666
729.0000 723.0652 10.6151 35.4605
731.0000 725.0455 10.5467 35.4522
733.0000 727.0257 10.5113 35.4488
735.0000 729.0059 10.4906 35.4466
737.0000 730.9861 10.4612 35.4429
739.0000 732.9662 10.4328 35.4402
741.0000 734.9465 10.4304 35.4401
743.0000 736.9265 10.4199 35.4388
745.0000 738.9066 10.3904 35.4351
747.0000 740.8868 10.3377 35.4289
749.0000 742.8668 10.3199 35.4276
751.0000 744.8469 10.2901 35.4230
753.0000 746.8269 10.2570 35.4211
755.0000 748.8068 10.1806 35.4107
757.0000 750.7869 10.1524 35.4085
759.0000 752.7669 10.1477 35.4079
761.0000 754.7469 10.1450 35.4077
763.0000 756.7267 10.1246 35.4051
765.0000 758.7067 10.0937 35.4014
767.0000 760.6866 10.0768 35.3995
769.0000 762.6664 10.0643 35.3979
771.0000 764.6463 10.0003 35.3896
773.0000 766.6262 9.9524 35.3850
775.0000 768.6061 9.9130 35.3798
777.0000 770.5858 9.8441 35.3721
779.0000 772.5656 9.8170 35.3692
781.0000 774.5454 9.7980 35.3667
783.0000 776.5251 9.7860 35.3672
785.0000 778.5049 9.7552 35.3615
787.0000 780.4847 9.7115 35.3579
789.0000 782.4644 9.6955 35.3560
791.0000 784.4440 9.6809 35.3548
793.0000 786.4236 9.6331 35.3497
795.0000 788.4033 9.5998 35.3453
797.0000 790.3829 9.5893 35.3443
799.0000 792.3625 9.5650 35.3413
801.0000 794.3420 9.5375 35.3377
803.0000 796.3217 9.5223 35.3361
805.0000 798.3011 9.5076 35.3345
807.0000 800.2808 9.4836 35.3318
809.0000 802.2603 9.4434 35.3271
811.0000 804.2397 9.3944 35.3216
813.0000 806.2192 9.3334 35.3155
815.0000 808.1987 9.3122 35.3139
817.0000 810.1780 9.3163 35.3138
819.0000 812.1574 9.2678 35.3097
821.0000 814.1369 9.2587 35.3087
823.0000 816.1163 9.2501 35.3076
825.0000 818.0956 9.2231 35.3046
827.0000 820.0750 9.2092 35.3034
829.0000 822.0543 9.1989 35.3023
831.0000 824.0336 9.1879 35.3014
833.0000 826.0128 9.1828 35.3007
835.0000 827.9921 9.1733 35.2995
837.0000 829.9714 9.1648 35.2988
839.0000 831.9506 9.1525 35.2974
841.0000 833.9299 9.1385 35.2955
843.0000 835.9090 9.0982 35.2903
845.0000 837.8881 9.0580 35.2865
847.0000 839.8673 9.0561 35.2866
849.0000 841.8465 9.0493 35.2856
851.0000 843.8257 9.0421 35.2850
853.0000 845.8046 9.0284 35.2829
855.0000 847.7837 9.0121 35.2815
857.0000 849.7628 8.9849 35.2776
859.0000 851.7418 8.9591 35.2750
861.0000 853.7209 8.9270 35.2718
863.0000 855.6999 8.9061 35.2693
865.0000 857.6788 8.8904 35.2677
867.0000 859.6577 8.8512 35.2628
869.0000 861.6368 8.8093 35.2586
871.0000 863.6158 8.7984 35.2578
873.0000 865.5945 8.7693 35.2544
875.0000 867.5735 8.7314 35.2492
877.0000 869.5524 8.6382 35.2390
879.0000 871.5312 8.6011 35.2361
881.0000 873.5100 8.5899 35.2353
883.0000 875.4888 8.5871 35.2355
885.0000 877.4677 8.5796 35.2347
887.0000 879.4464 8.5561 35.2319
889.0000 881.4251 8.5100 35.2269
891.0000 883.4040 8.4745 35.2240
893.0000 885.3825 8.4636 35.2227
895.0000 887.3613 8.4455 35.2211
897.0000 889.3400 8.4382 35.2208
899.0000 891.3187 8.4349 35.2204
901.0000 893.2972 8.4211 35.2188
903.0000 895.2759 8.3298 35.2074
905.0000 897.2545 8.2654 35.2018
907.0000 899.2331 8.2108 35.1959
909.0000 901.2117 8.1836 35.1947
911.0000 903.1902 8.1716 35.1925
913.0000 905.1688 8.1242 35.1878
915.0000 907.1473 8.0794 35.1820
917.0000 909.1257 8.0503 35.1790
919.0000 911.1043 8.0253 35.1762
921.0000 913.0827 8.0031 35.1736
923.0000 915.0611 7.9779 35.1702
925.0000 917.0396 7.9411 35.1663
927.0000 919.0179 7.9224 35.1641
929.0000 920.9963 7.8884 35.1604
931.0000 922.9747 7.8724 35.1598
933.0000 924.9531 7.8680 35.1596
935.0000 926.9313 7.8652 35.1596
937.0000 928.9097 7.8534 35.1587
939.0000 930.8880 7.8501 35.1588
941.0000 932.8662 7.8443 35.1571
943.0000 934.8445 7.8259 35.1563
945.0000 936.8227 7.8233 35.1557
947.0000 938.8009 7.7928 35.1517
949.0000 940.7791 7.7598 35.1489
951.0000 942.7573 7.7131 35.1434
953.0000 944.7354 7.6961 35.1426
955.0000 946.7136 7.6466 35.1374
957.0000 948.6917 7.6159 35.1348
959.0000 950.6697 7.6008 35.1334
961.0000 952.6478 7.5938 35.1331
963.0000 954.6259 7.5920 35.1330
965.0000 956.6039 7.5904 35.1330
967.0000 958.5820 7.5888 35.1328
969.0000 960.5599 7.5725 35.1303
971.0000 962.5380 7.5075 35.1237
973.0000 964.5159 7.4804 35.1215
975.0000 966.4939 7.4411 35.1175
977.0000 968.4719 7.4200 35.1160
979.0000 970.4496 7.3865 35.1119
981.0000 972.4277 7.3539 35.1097
983.0000 974.4055 7.3258 35.1074
985.0000 976.3834 7.3002 35.1052
987.0000 978.3611 7.2913 35.1044
989.0000 980.3391 7.2569 35.1017
991.0000 982.3168 7.2303 35.0996
993.0000 984.2946 7.1922 35.0960
995.0000 986.2724 7.1589 35.0929
997.0000 988.2501 7.1372 35.0911
999.0000 990.2278 7.1158 35.0899
1001.0000 992.2055 7.1021 35.0891
1003.0000 994.1832 7.0910 35.0881
1005.0000 996.1608 7.0688 35.0863
1007.0000 998.1385 7.0420 35.0839
1009.0000 1000.1161 7.0249 35.0833
1011.0000 1002.0938 7.0145 35.0824
1013.0000 1004.0714 6.9925 35.0801
1015.0000 1006.0490 6.9230 35.0748
1017.0000 1008.0264 6.8939 35.0728
1019.0000 1010.0040 6.8893 35.0736
1021.0000 1011.9816 6.8552 35.0693
1023.0000 1013.9591 6.8122 35.0666
1025.0000 1015.9365 6.7959 35.0648
1027.0000 1017.9140 6.7651 35.0628
1029.0000 1019.8915 6.7433 35.0618
1031.0000 1021.8689 6.7316 35.0623
1033.0000 1023.8462 6.7220 35.0615
1035.0000 1025.8237 6.7150 35.0613
1037.0000 1027.8010 6.7196 35.0613
1039.0000 1029.7783 6.7000 35.0598
1041.0000 1031.7556 6.6746 35.0574
1043.0000 1033.7329 6.6545 35.0556
1045.0000 1035.7102 6.6279 35.0539
1047.0000 1037.6875 6.6149 35.0527
1049.0000 1039.6649 6.5796 35.0505
1051.0000 1041.6421 6.5607 35.0493
1053.0000 1043.6193 6.5352 35.0482
1055.0000 1045.5966 6.5258 35.0481
1057.0000 1047.5737 6.5244 35.0483
1059.0000 1049.5508 6.5243 35.0483
1061.0000 1051.5280 6.5201 35.0480
1063.0000 1053.5051 6.4949 35.0469
1065.0000 1055.4823 6.4842 35.0458
1067.0000 1057.4594 6.4734 35.0456
1069.0000 1059.4363 6.4603 35.0451
1071.0000 1061.4133 6.4451 35.0447
1073.0000 1063.3904 6.4444 35.0447
1075.0000 1065.3674 6.4458 35.0447
1077.0000 1067.3445 6.4376 35.0443
1079.0000 1069.3213 6.4260 35.0432
1081.0000 1071.2983 6.3987 35.0422
1083.0000 1073.2754 6.3809 35.0411
1085.0000 1075.2523 6.3647 35.0408
1087.0000 1077.2291 6.3610 35.0408
1089.0000 1079.2061 6.3559 35.0408
1091.0000 1081.1829 6.3502 35.0407
1093.0000 1083.1597 6.3402 35.0404
1095.0000 1085.1366 6.3336 35.0406
1097.0000 1087.1134 6.3323 35.0408
1099.0000 1089.0902 6.3160 35.0414
1101.0000 1091.0668 6.3084 35.0424
1103.0000 1093.0437 6.3035 35.0428
1105.0000 1095.0205 6.3020 35.0436
1107.0000 1096.9971 6.2987 35.0438
1109.0000 1098.9739 6.2955 35.0438
1111.0000 1100.9506 6.2917 35.0438
1113.0000 1102.9271 6.2830 35.0433
1115.0000 1104.9038 6.2747 35.0433
1117.0000 1106.8805 6.2585 35.0423
1119.0000 1108.8571 6.2472 35.0441
1121.0000 1110.8335 6.2453 35.0442
1123.0000 1112.8102 6.2424 35.0440
1125.0000 1114.7866 6.2417 35.0439
1127.0000 1116.7632 6.2412 35.0440
1129.0000 1118.7397 6.2252 35.0425
1131.0000 1120.7163 6.2066 35.0422
1133.0000 1122.6929 6.1965 35.0432
1135.0000 1124.6692 6.1794 35.0429
1137.0000 1126.6456 6.1547 35.0410
1139.0000 1128.6219 6.1383 35.0404
1141.0000 1130.5984 6.1307 35.0404
1143.0000 1132.5748 6.1254 35.0403
1145.0000 1134.5511 6.1112 35.0396
1147.0000 1136.5276 6.1047 35.0394
1149.0000 1138.5038 6.1013 35.0394
1151.0000 1140.4802 6.0966 35.0391
1153.0000 1142.4565 6.0838 35.0380
1155.0000 1144.4326 6.0767 35.0383
1157.0000 1146.4089 6.0773 35.0386
1159.0000 1148.3851 6.0726 35.0380
1161.0000 1150.3615 6.0552 35.0371
1163.0000 1152.3375 6.0474 35.0371
1165.0000 1154.3138 6.0339 35.0368
1167.0000 1156.2899 6.0143 35.0375
1169.0000 1158.2660 6.0069 35.0373
1171.0000 1160.2422 5.9887 35.0372
1173.0000 1162.2183 5.9755 35.0372
1175.0000 1164.1943 5.9654 35.0382
1177.0000 1166.1703 5.9596 35.0396
1179.0000 1168.1464 5.9575 35.0398
1181.0000 1170.1226 5.9531 35.0395
1183.0000 1172.0984 5.9292 35.0399
1185.0000 1174.0745 5.9109 35.0398
1187.0000 1176.0505 5.8984 35.0395
1189.0000 1178.0265 5.8924 35.0395
1191.0000 1180.0023 5.8872 35.0399
1193.0000 1181.9781 5.8758 35.0415
1195.0000 1183.9541 5.8706 35.0414
1197.0000 1185.9298 5.8666 35.0417
1199.0000 1187.9058 5.8602 35.0424
1201.0000 1189.8817 5.8669 35.0426
1203.0000 1191.8575 5.8598 35.0467
1205.0000 1193.8333 5.8422 35.0443
1207.0000 1195.8091 5.8356 35.0456
1209.0000 1197.7849 5.8242 35.0455
1211.0000 1199.7605 5.8179 35.0461
1213.0000 1201.7363 5.8183 35.0471
1215.0000 1203.7120 5.8343 35.0512
1217.0000 1205.6877 5.8575 35.0581
1219.0000 1207.6633 5.8742 35.0645
1221.0000 1209.6389 5.8758 35.0653
1223.0000 1211.6146 5.8807 35.0667
1225.0000 1213.5902 5.8816 35.0671
1227.0000 1215.5658 5.8776 35.0666
1229.0000 1217.5414 5.8753 35.0665
1231.0000 1219.5170 5.8716 35.0660
1233.0000 1221.4926 5.8633 35.0655
1235.0000 1223.4680 5.8521 35.0674
1237.0000 1225.4437 5.8314 35.0658
1239.0000 1227.4191 5.8184 35.0650
1241.0000 1229.3945 5.8228 35.0662
1243.0000 1231.3700 5.8240 35.0667
1245.0000 1233.3453 5.8183 35.0661
1247.0000 1235.3208 5.8123 35.0656
1249.0000 1237.2963 5.8106 35.0683
1251.0000 1239.2716 5.8110 35.0694
1253.0000 1241.2469 5.8103 35.0702
1255.0000 1243.2223 5.8071 35.0721
1257.0000 1245.1976 5.8039 35.0732
1259.0000 1247.1729 5.8026 35.0735
1261.0000 1249.1482 5.8015 35.0737
1263.0000 1251.1234 5.8006 35.0738
1265.0000 1253.0988 5.7992 35.0739
1267.0000 1255.0740 5.7974 35.0738
1269.0000 1257.0491 5.7889 35.0746
1271.0000 1259.0243 5.7880 35.0745
1273.0000 1260.9994 5.7775 35.0750
1275.0000 1262.9745 5.7699 35.0750
1277.0000 1264.9497 5.7631 35.0757
1279.0000 1266.9247 5.7541 35.0758
1281.0000 1268.8998 5.7451 35.0747
1283.0000 1270.8749 5.7258 35.0727
1285.0000 1272.8500 5.7066 35.0720
1287.0000 1274.8250 5.7017 35.0730
1289.0000 1276.8000 5.7064 35.0746
1291.0000 1278.7750 5.7052 35.0757
1293.0000 1280.7500 5.7055 35.0759
1295.0000 1282.7250 5.7032 35.0754
1297.0000 1284.7000 5.6894 35.0752
1299.0000 1286.6749 5.6465 35.0705
1301.0000 1288.6497 5.6358 35.0710
1303.0000 1290.6248 5.6299 35.0702
1305.0000 1292.5996 5.6073 35.0680
1307.0000 1294.5745 5.6051 35.0688
1309.0000 1296.5493 5.6118 35.0719
1311.0000 1298.5243 5.6042 35.0719
1313.0000 1300.4990 5.5885 35.0718
1315.0000 1302.4736 5.5899 35.0728
1317.0000 1304.4485 5.5998 35.0758
1319.0000 1306.4232 5.6037 35.0778
1321.0000 1308.3979 5.6030 35.0782
1323.0000 1310.3726 5.6018 35.0781
1325.0000 1312.3474 5.5968 35.0782
1327.0000 1314.3220 5.5813 35.0790
1329.0000 1316.2966 5.5534 35.0762
1331.0000 1318.2712 5.5389 35.0756
1333.0000 1320.2458 5.5233 35.0737
1335.0000 1322.2205 5.4987 35.0718
1337.0000 1324.1951 5.4991 35.0737
1339.0000 1326.1696 5.4982 35.0750
1341.0000 1328.1440 5.4971 35.0754
1343.0000 1330.1187 5.4964 35.0763
1345.0000 1332.0931 5.4959 35.0772
1347.0000 1334.0676 5.4948 35.0783
1349.0000 1336.0420 5.4913 35.0796
1351.0000 1338.0165 5.4912 35.0796
1353.0000 1339.9910 5.4890 35.0806
1355.0000 1341.9652 5.4854 35.0815
1357.0000 1343.9398 5.4839 35.0817
1359.0000 1345.9142 5.4820 35.0820
1361.0000 1347.8885 5.4780 35.0822
1363.0000 1349.8628 5.4743 35.0825
1365.0000 1351.8372 5.4744 35.0824
1367.0000 1353.8115 5.4742 35.0824
1369.0000 1355.7856 5.4732 35.0825
1371.0000 1357.7600 5.4729 35.0825
1373.0000 1359.7343 5.4726 35.0825
1375.0000 1361.7084 5.4688 35.0825
1377.0000 1363.6825 5.4649 35.0825
1379.0000 1365.6569 5.4587 35.0824
1381.0000 1367.6310 5.4511 35.0822
1383.0000 1369.6051 5.4357 35.0824
1385.0000 1371.5792 5.4329 35.0826
1387.0000 1373.5535 5.4301 35.0827
1389.0000 1375.5276 5.4229 35.0828
1391.0000 1377.5015 5.4177 35.0828
1393.0000 1379.4756 5.4128 35.0828
1395.0000 1381.4496 5.4088 35.0828
1397.0000 1383.4236 5.4002 35.0827
1399.0000 1385.3976 5.3961 35.0830
1401.0000 1387.3716 5.3935 35.0828
1403.0000 1389.3457 5.3910 35.0830
1405.0000 1391.3195 5.3865 35.0827
1407.0000 1393.2935 5.3825 35.0829
1409.0000 1395.2675 5.3800 35.0827
1411.0000 1397.2412 5.3767 35.0829
1413.0000 1399.2151 5.3760 35.0830
1415.0000 1401.1890 5.3729 35.0828
1417.0000 1403.1627 5.3713 35.0828
1419.0000 1405.1366 5.3661 35.0828
1421.0000 1407.1105 5.3585 35.0826
1423.0000 1409.0842 5.3510 35.0829
1425.0000 1411.0580 5.3546 35.0829
1427.0000 1413.0317 5.3381 35.0835
1429.0000 1415.0055 5.3350 35.0835
1431.0000 1416.9791 5.3334 35.0834
1433.0000 1418.9528 5.3296 35.0834
1435.0000 1420.9265 5.3252 35.0832
1437.0000 1422.9001 5.3063 35.0826
1439.0000 1424.8738 5.2916 35.0832
1441.0000 1426.8474 5.2877 35.0831
1443.0000 1428.8209 5.2757 35.0832
1445.0000 1430.7944 5.2685 35.0830
1447.0000 1432.7679 5.2597 35.0829
1449.0000 1434.7417 5.2524 35.0830
1451.0000 1436.7153 5.2369 35.0822
1453.0000 1438.6887 5.2287 35.0824
1455.0000 1440.6621 5.2227 35.0826
1457.0000 1442.6356 5.2246 35.0826
1459.0000 1444.6089 5.2108 35.0826
1461.0000 1446.5824 5.1978 35.0819
1463.0000 1448.5560 5.1860 35.0820
1465.0000 1450.5294 5.1847 35.0819
1467.0000 1452.5026 5.1742 35.0802
1469.0000 1454.4761 5.1566 35.0797
1471.0000 1456.4493 5.1408 35.0785
1473.0000 1458.4225 5.1221 35.0785
1475.0000 1460.3960 5.1174 35.0784
1477.0000 1462.3693 5.1131 35.0784
1479.0000 1464.3424 5.1089 35.0785
1481.0000 1466.3157 5.1029 35.0789
1483.0000 1468.2889 5.0908 35.0788
1485.0000 1470.2622 5.0838 35.0787
1487.0000 1472.2354 5.0802 35.0785
1489.0000 1474.2085 5.0790 35.0784
1491.0000 1476.1816 5.0763 35.0787
1493.0000 1478.1548 5.0761 35.0787
1495.0000 1480.1278 5.0692 35.0784
1497.0000 1482.1011 5.0680 35.0783
1499.0000 1484.0742 5.0576 35.0772
1501.0000 1486.0470 5.0416 35.0754
1503.0000 1488.0201 5.0345 35.0748
1505.0000 1489.9932 5.0229 35.0740
1507.0000 1491.9662 5.0071 35.0743
1509.0000 1493.9392 4.9902 35.0754
1511.0000 1495.9121 4.9861 35.0758
1513.0000 1497.8851 4.9761 35.0749
1515.0000 1499.8579 4.9539 35.0729
1517.0000 1501.8309 4.9366 35.0712
1519.0000 1503.8038 4.9211 35.0698
1521.0000 1505.7766 4.8963 35.0677
1523.0000 1507.7495 4.8751 35.0670
1525.0000 1509.7224 4.8742 35.0671
1527.0000 1511.6953 4.8748 35.0674
1529.0000 1513.6680 4.8717 35.0672
1531.0000 1515.6407 4.8643 35.0669
1533.0000 1517.6135 4.8605 35.0667
1535.0000 1519.5863 4.8551 35.0664
1537.0000 1521.5591 4.8546 35.0665
1539.0000 1523.5317 4.8534 35.0663
1541.0000 1525.5043 4.8504 35.0662
1543.0000 1527.4771 4.8504 35.0664
1545.0000 1529.4498 4.8466 35.0663
1547.0000 1531.4224 4.8427 35.0666
1549.0000 1533.3949 4.8420 35.0666
1551.0000 1535.3677 4.8422 35.0668
1553.0000 1537.3402 4.8419 35.0668
1555.0000 1539.3126 4.8422 35.0667
1557.0000 1541.2852 4.8420 35.0672
1559.0000 1543.2578 4.8404 35.0671
1561.0000 1545.2303 4.8360 35.0667
1563.0000 1547.2026 4.8298 35.0664
1565.0000 1549.1752 4.8234 35.0660
1567.0000 1551.1478 4.8218 35.0660
1569.0000 1553.1201 4.8188 35.0659
1571.0000 1555.0925 4.8153 35.0660
1573.0000 1557.0649 4.8094 35.0658
1575.0000 1559.0374 4.7993 35.0653
1577.0000 1561.0096 4.7919 35.0653
1579.0000 1562.9819 4.7876 35.0655
1581.0000 1564.9542 4.7819 35.0658
1583.0000 1566.9266 4.7788 35.0661
1585.0000 1568.8989 4.7659 35.0647
1587.0000 1570.8712 4.7480 35.0637
1589.0000 1572.8435 4.7361 35.0629
1591.0000 1574.8156 4.7335 35.0629
1593.0000 1576.7878 4.7328 35.0629
1595.0000 1578.7600 4.7258 35.0621
1597.0000 1580.7322 4.7189 35.0616
1599.0000 1582.7043 4.7134 35.0612
1601.0000 1584.6765 4.7044 35.0604
1603.0000 1586.6487 4.6958 35.0598
1605.0000 1588.6207 4.6932 35.0595
1607.0000 1590.5928 4.6850 35.0586
1609.0000 1592.5648 4.6818 35.0586
1611.0000 1594.5369 4.6812 35.0586
1613.0000 1596.5089 4.6737 35.0583
1615.0000 1598.4810 4.6692 35.0588
1617.0000 1600.4529 4.6629 35.0589
1619.0000 1602.4249 4.6580 35.0589
1621.0000 1604.3969 4.6573 35.0594
1623.0000 1606.3689 4.6501 35.0586
1625.0000 1608.3407 4.6409 35.0570
1627.0000 1610.3125 4.6402 35.0573
1629.0000 1612.2844 4.6307 35.0561
1631.0000 1614.2562 4.6189 35.0557
1633.0000 1616.2281 4.6114 35.0546
1635.0000 1618.2000 4.6023 35.0541
1637.0000 1620.1719 4.5951 35.0537
1639.0000 1622.1436 4.5914 35.0536
1641.0000 1624.1154 4.5869 35.0533
1643.0000 1626.0872 4.5798 35.0531
1645.0000 1628.0588 4.5770 35.0528
1647.0000 1630.0304 4.5749 35.0530
1649.0000 1632.0023 4.5744 35.0528
1651.0000 1633.9740 4.5721 35.0528
1653.0000 1635.9454 4.5713 35.0527
1655.0000 1637.9172 4.5711 35.0528
1657.0000 1639.8889 4.5709 35.0528
1659.0000 1641.8602 4.5713 35.0526
1661.0000 1643.8320 4.5704 35.0526
1663.0000 1645.8036 4.5675 35.0526
1665.0000 1647.7751 4.5651 35.0524
1667.0000 1649.7466 4.5641 35.0523
1669.0000 1651.7181 4.5635 35.0522
1671.0000 1653.6896 4.5565 35.0516
1673.0000 1655.6611 4.5442 35.0513
1675.0000 1657.6326 4.5354 35.0506
1677.0000 1659.6041 4.5289 35.0506
1679.0000 1661.5753 4.5278 35.0506
1681.0000 1663.5469 4.5263 35.0506
1683.0000 1665.5183 4.5222 35.0504
1685.0000 1667.4896 4.5185 35.0503
1687.0000 1669.4608 4.5164 35.0501
1689.0000 1671.4324 4.5143 35.0501
1691.0000 1673.4037 4.5123 35.0498
1693.0000 1675.3749 4.5017 35.0490
1695.0000 1677.3462 4.4925 35.0486
1697.0000 1679.3174 4.4894 35.0484
1699.0000 1681.2887 4.4855 35.0483
1701.0000 1683.2599 4.4818 35.0481
1703.0000 1685.2310 4.4773 35.0480
1705.0000 1687.2023 4.4737 35.0479
1707.0000 1689.1732 4.4717 35.0477
1709.0000 1691.1447 4.4675 35.0477
1711.0000 1693.1157 4.4665 35.0477
1713.0000 1695.0869 4.4654 35.0476
1715.0000 1697.0579 4.4627 35.0473
1717.0000 1699.0289 4.4541 35.0468
1719.0000 1701.0001 4.4496 35.0467
1721.0000 1702.9708 4.4287 35.0455
1723.0000 1704.9420 4.4189 35.0452
1725.0000 1706.9131 4.4150 35.0450
1727.0000 1708.8840 4.4126 35.0448
1729.0000 1710.8550 4.4090 35.0448
1731.0000 1712.8259 4.4101 35.0449
1733.0000 1714.7969 4.4080 35.0446
1735.0000 1716.7676 4.3913 35.0440
1737.0000 1718.7385 4.3861 35.0438
1739.0000 1720.7097 4.3845 35.0437
1741.0000 1722.6802 4.3807 35.0436
1743.0000 1724.6511 4.3775 35.0434
1745.0000 1726.6221 4.3720 35.0432
1747.0000 1728.5928 4.3693 35.0431
1749.0000 1730.5635 4.3659 35.0429
1751.0000 1732.5343 4.3574 35.0427
1753.0000 1734.5051 4.3531 35.0427
1755.0000 1736.4757 4.3523 35.0426
1757.0000 1738.4464 4.3492 35.0424
1759.0000 1740.4171 4.3403 35.0421
1761.0000 1742.3878 4.3376 35.0420
1763.0000 1744.3584 4.3287 35.0417
1765.0000 1746.3291 4.3248 35.0416
1767.0000 1748.2998 4.3237 35.0416
1769.0000 1750.2701 4.3224 35.0416
1771.0000 1752.2408 4.3219 35.0415
1773.0000 1754.2115 4.3167 35.0412
1775.0000 1756.1821 4.3043 35.0404
1777.0000 1758.1525 4.3004 35.0405
1779.0000 1760.1229 4.2989 35.0405
1781.0000 1762.0936 4.2911 35.0400
1783.0000 1764.0637 4.2885 35.0399
1785.0000 1766.0344 4.2865 35.0398
1787.0000 1768.0048 4.2838 35.0397
1789.0000 1769.9755 4.2829 35.0396
1791.0000 1771.9456 4.2823 35.0396
1793.0000 1773.9161 4.2813 35.0396
1795.0000 1775.8865 4.2796 35.0395
1797.0000 1777.8566 4.2786 35.0395
1799.0000 1779.8270 4.2780 35.0396
1801.0000 1781.7974 4.2759 35.0393
1803.0000 1783.7675 4.2721 35.0392
1805.0000 1785.7378 4.2687 35.0390
1807.0000 1787.7083 4.2657 35.0388
1809.0000 1789.6783 4.2635 35.0387
1811.0000 1791.6484 4.2589 35.0384
1813.0000 1793.6188 4.2557 35.0382
1815.0000 1795.5891 4.2554 35.0382
1817.0000 1797.5590 4.2464 35.0377
1819.0000 1799.5293 4.2435 35.0376
1821.0000 1801.4994 4.2403 35.0374
1823.0000 1803.4696 4.2372 35.0374
1825.0000 1805.4393 4.2338 35.0372
1827.0000 1807.4097 4.2310 35.0371
1829.0000 1809.3795 4.2303 35.0368
1831.0000 1811.3496 4.2172 35.0363
1833.0000 1813.3196 4.2154 35.0363
1835.0000 1815.2898 4.2149 35.0363
1837.0000 1817.2596 4.2111 35.0360
1839.0000 1819.2296 4.2044 35.0358
1841.0000 1821.1995 4.1996 35.0354
1843.0000 1823.1696 4.1985 35.0356
1845.0000 1825.1393 4.1867 35.0347
1847.0000 1827.1091 4.1737 35.0342
1849.0000 1829.0790 4.1691 35.0339
1851.0000 1831.0491 4.1695 35.0339
1853.0000 1833.0186 4.1594 35.0335
1855.0000 1834.9885 4.1564 35.0335
1857.0000 1836.9584 4.1531 35.0332
1859.0000 1838.9281 4.1471 35.0329
1861.0000 1840.8977 4.1417 35.0327
1863.0000 1842.8676 4.1419 35.0327
1865.0000 1844.8372 4.1359 35.0321
1867.0000 1846.8070 4.1283 35.0320
1869.0000 1848.7769 4.1263 35.0320
1871.0000 1850.7463 4.1261 35.0320
1873.0000 1852.7161 4.1205 35.0315
1875.0000 1854.6854 4.1097 35.0311
1877.0000 1856.6554 4.0955 35.0301
1879.0000 1858.6246 4.0834 35.0296
1881.0000 1860.5944 4.0751 35.0292
1883.0000 1862.5640 4.0710 35.0291
1885.0000 1864.5337 4.0698 35.0293
1887.0000 1866.5029 4.0691 35.0293
1889.0000 1868.4724 4.0671 35.0291
1891.0000 1870.4420 4.0570 35.0285
1893.0000 1872.4114 4.0462 35.0276
1895.0000 1874.3810 4.0314 35.0273
1897.0000 1876.3502 4.0290 35.0273
1899.0000 1878.3197 4.0285 35.0272
1901.0000 1880.2889 4.0218 35.0269
1903.0000 1882.2584 4.0169 35.0269
1905.0000 1884.2277 4.0185 35.0268
1907.0000 1886.1970 4.0040 35.0256
1909.0000 1888.1664 3.9948 35.0253
1911.0000 1890.1357 3.9943 35.0252
1913.0000 1892.1051 3.9940 35.0253
1915.0000 1894.0742 3.9936 35.0252
1917.0000 1896.0435 3.9935 35.0253
1919.0000 1898.0127 3.9933 35.0252
1921.0000 1899.9818 3.9926 35.0252
1923.0000 1901.9513 3.9912 35.0251
1925.0000 1903.9203 3.9897 35.0251
1927.0000 1905.8894 3.9887 35.0249
1929.0000 1907.8584 3.9878 35.0249
1931.0000 1909.8276 3.9842 35.0246
1933.0000 1911.7969 3.9836 35.0247
1935.0000 1913.7657 3.9845 35.0245
1937.0000 1915.7350 3.9820 35.0247
1939.0000 1917.7039 3.9788 35.0243
1941.0000 1919.6729 3.9781 35.0245
1943.0000 1921.6420 3.9754 35.0240
1945.0000 1923.6110 3.9650 35.0236
1947.0000 1925.5801 3.9615 35.0235
1949.0000 1927.5487 3.9596 35.0233
1951.0000 1929.5179 3.9584 35.0233
1953.0000 1931.4869 3.9564 35.0231
1955.0000 1933.4554 3.9518 35.0228
1957.0000 1935.4244 3.9488 35.0226
1959.0000 1937.3933 3.9461 35.0225
1961.0000 1939.3623 3.9418 35.0224
1963.0000 1941.3309 3.9400 35.0224
1965.0000 1943.2998 3.9338 35.0218
1967.0000 1945.2687 3.9194 35.0208
1969.0000 1947.2374 3.9079 35.0206
1971.0000 1949.2061 3.9070 35.0207
1973.0000 1951.1749 3.9071 35.0207
1975.0000 1953.1436 3.9060 35.0205
1977.0000 1955.1122 3.9055 35.0206
1979.0000 1957.0811 3.9051 35.0206
1981.0000 1959.0497 3.9036 35.0205
1983.0000 1961.0181 3.9012 35.0204
1985.0000 1962.9869 3.8996 35.0203
1987.0000 1964.9556 3.8974 35.0200
1989.0000 1966.9242 3.8947 35.0199
1991.0000 1968.8926 3.8921 35.0196
1993.0000 1970.8612 3.8864 35.0191
1995.0000 1972.8298 3.8774 35.0187
1997.0000 1974.7983 3.8766 35.0187
1999.0000 1976.7667 3.8750 35.0186
2001.0000 1978.7354 3.8735 35.0186
2003.0000 1980.7037 3.8721 35.0185
2005.0000 1982.6720 3.8710 35.0185
2007.0000 1984.6406 3.8698 35.0183
2009.0000 1986.6088 3.8695 35.0183
2011.0000 1988.5773 3.8693 35.0184
2013.0000 1990.5457 3.8691 35.0183
2015.0000 1992.5140 3.8637 35.0178
2017.0000 1994.4823 3.8526 35.0173
2019.0000 1996.4507 3.8468 35.0171
2021.0000 1998.4191 3.8399 35.0165
2023.0000 2000.3873 3.8321 35.0161
2025.0000 2002.3556 3.8274 35.0159
2027.0000 2004.3237 3.8231 35.0158
2029.0000 2006.2920 3.8210 35.0157
2031.0000 2008.2601 3.8192 35.0156
2033.0000 2010.2284 3.8174 35.0156
2035.0000 2012.1965 3.8155 35.0154
2037.0000 2014.1648 3.8161 35.0154
2039.0000 2016.1328 3.8144 35.0152
2041.0000 2018.1008 3.8087 35.0150
2043.0000 2020.0690 3.8051 35.0148
2045.0000 2022.0370 3.8010 35.0144
2047.0000 2024.0050 3.7943 35.0142
2049.0000 2025.9733 3.7917 35.0140
2051.0000 2027.9414 3.7930 35.0140
2053.0000 2029.9092 3.7879 35.0138
2055.0000 2031.8772 3.7862 35.0137
2057.0000 2033.8452 3.7837 35.0135
2059.0000 2035.8130 3.7815 35.0135
2061.0000 2037.7810 3.7788 35.0133
2063.0000 2039.7490 3.7756 35.0132
2065.0000 2041.7168 3.7730 35.0132
2067.0000 2043.6846 3.7714 35.0131
2069.0000 2045.6526 3.7678 35.0127
2071.0000 2047.6206 3.7552 35.0121
2073.0000 2049.5881 3.7500 35.0115
2075.0000 2051.5559 3.7462 35.0116
2077.0000 2053.5239 3.7468 35.0117
2079.0000 2055.4915 3.7468 35.0117
2081.0000 2057.4595 3.7432 35.0115
2083.0000 2059.4272 3.7405 35.0113
2085.0000 2061.3950 3.7354 35.0109
2087.0000 2063.3625 3.7286 35.0104
2089.0000 2065.3301 3.7211 35.0103
2091.0000 2067.2979 3.7208 35.0102
2093.0000 2069.2654 3.7203 35.0102
2095.0000 2071.2332 3.7185 35.0101
2097.0000 2073.2007 3.7124 35.0099
2099.0000 2075.1685 3.7090 35.0096
2101.0000 2077.1357 3.6999 35.0090
2103.0000 2079.1035 3.6966 35.0090
2105.0000 2081.0710 3.6992 35.0090
2107.0000 2083.0383 3.6949 35.0089
2109.0000 2085.0059 3.6925 35.0087
2111.0000 2086.9734 3.6898 35.0085
2113.0000 2088.9409 3.6845 35.0082
2115.0000 2090.9082 3.6831 35.0081
2117.0000 2092.8757 3.6798 35.0078
2119.0000 2094.8433 3.6767 35.0076
2121.0000 2096.8103 3.6724 35.0073
2123.0000 2098.7778 3.6661 35.0068
2125.0000 2100.7454 3.6649 35.0068
2127.0000 2102.7124 3.6645 35.0068
2129.0000 2104.6802 3.6639 35.0067
2131.0000 2106.6472 3.6616 35.0066
2133.0000 2108.6145 3.6612 35.0067
2135.0000 2110.5818 3.6596 35.0065
2137.0000 2112.5491 3.6587 35.0064
2139.0000 2114.5161 3.6585 35.0063
2141.0000 2116.4832 3.6586 35.0064
2143.0000 2118.4507 3.6581 35.0063
2145.0000 2120.4177 3.6572 35.0063
2147.0000 2122.3853 3.6553 35.0061
2149.0000 2124.3518 3.6452 35.0052
2151.0000 2126.3191 3.6425 35.0051
2153.0000 2128.2864 3.6376 35.0046
2155.0000 2130.2534 3.6306 35.0042
2157.0000 2132.2205 3.6257 35.0038
2159.0000 2134.1875 3.6222 35.0035
2161.0000 2136.1545 3.6218 35.0035
2163.0000 2138.1213 3.6210 35.0034
2165.0000 2140.0886 3.6181 35.0032
2167.0000 2142.0557 3.6169 35.0031
2169.0000 2144.0222 3.6166 35.0032
2171.0000 2145.9893 3.6163 35.0032
2173.0000 2147.9563 3.6121 35.0028
2175.0000 2149.9233 3.6098 35.0028
2177.0000 2151.8901 3.6086 35.0025
2179.0000 2153.8569 3.6054 35.0022
2181.0000 2155.8237 3.5961 35.0015
2183.0000 2157.7905 3.5897 35.0010
2185.0000 2159.7576 3.5861 35.0008
2187.0000 2161.7241 3.5831 35.0006
2189.0000 2163.6909 3.5811 35.0004
2191.0000 2165.6575 3.5767 35.0001
2193.0000 2167.6245 3.5710 34.9995
2195.0000 2169.5911 3.5599 34.9987
2197.0000 2171.5576 3.5529 34.9984
2199.0000 2173.5247 3.5506 34.9983
2201.0000 2175.4915 3.5473 34.9981
2203.0000 2177.4578 3.5442 34.9979
2205.0000 2179.4246 3.5437 34.9980
2207.0000 2181.3911 3.5437 34.9980
2209.0000 2183.3577 3.5435 34.9979
2211.0000 2185.3242 3.5431 34.9978
2213.0000 2187.2908 3.5414 34.9977
2215.0000 2189.2573 3.5380 34.9976
2217.0000 2191.2236 3.5375 34.9977
2219.0000 2193.1902 3.5359 34.9975
2221.0000 2195.1570 3.5313 34.9973
2223.0000 2197.1235 3.5300 34.9972
2225.0000 2199.0898 3.5286 34.9971
2227.0000 2201.0564 3.5283 34.9971
2229.0000 2203.0225 3.5277 34.9970
2231.0000 2204.9888 3.5273 34.9971
2233.0000 2206.9553 3.5275 34.9970
2235.0000 2208.9216 3.5279 34.9970
2237.0000 2210.8882 3.5278 34.9970
2239.0000 2212.8542 3.5261 34.9968
2241.0000 2214.8208 3.5254 34.9966
2243.0000 2216.7871 3.5210 34.9965
2245.0000 2218.7532 3.5204 34.9964
2247.0000 2220.7195 3.5194 34.9963
2249.0000 2222.6858 3.5203 34.9963
2251.0000 2224.6521 3.5124 34.9956
2253.0000 2226.6182 3.5093 34.9956
2255.0000 2228.5842 3.5065 34.9952
2257.0000 2230.5505 3.5021 34.9949
2259.0000 2232.5164 3.4967 34.9944
2261.0000 2234.4827 3.4898 34.9940
2263.0000 2236.4487 3.4875 34.9939
2265.0000 2238.4146 3.4849 34.9936
2267.0000 2240.3809 3.4804 34.9932
2269.0000 2242.3472 3.4764 34.9929
2271.0000 2244.3132 3.4723 34.9926
2273.0000 2246.2791 3.4699 34.9925
2275.0000 2248.2449 3.4658 34.9923
2277.0000 2250.2112 3.4630 34.9923
2279.0000 2252.1770 3.4617 34.9921
2281.0000 2254.1426 3.4589 34.9919
2283.0000 2256.1089 3.4588 34.9918
2285.0000 2258.0747 3.4568 34.9918
2287.0000 2260.0405 3.4550 34.9917
2289.0000 2262.0066 3.4551 34.9917
2291.0000 2263.9724 3.4529 34.9914
2293.0000 2265.9380 3.4515 34.9914
2295.0000 2267.9041 3.4499 34.9912
2297.0000 2269.8699 3.4485 34.9912
2299.0000 2271.8357 3.4459 34.9910
2301.0000 2273.8013 3.4439 34.9910
2303.0000 2275.7673 3.4402 34.9906
2305.0000 2277.7329 3.4361 34.9902
2307.0000 2279.6982 3.4302 34.9897
2309.0000 2281.6641 3.4239 34.9893
2311.0000 2283.6299 3.4214 34.9891
2313.0000 2285.5955 3.4141 34.9884
2315.0000 2287.5610 3.4062 34.9879
2317.0000 2289.5266 3.4052 34.9879
2319.0000 2291.4924 3.4071 34.9879
2321.0000 2293.4578 3.4032 34.9876
2323.0000 2295.4236 3.4018 34.9876
2325.0000 2297.3889 3.4015 34.9875
2327.0000 2299.3545 3.4008 34.9875
2329.0000 2301.3201 3.4001 34.9874
2331.0000 2303.2856 3.3991 34.9873
2333.0000 2305.2512 3.3967 34.9872
2335.0000 2307.2166 3.3941 34.9870
2337.0000 2309.1819 3.3902 34.9867
2339.0000 2311.1475 3.3850 34.9863
2341.0000 2313.1128 3.3825 34.9862
2343.0000 2315.0781 3.3814 34.9861
2345.0000 2317.0435 3.3811 34.9861
2347.0000 2319.0088 3.3805 34.9861
2349.0000 2320.9741 3.3804 34.9861
2351.0000 2322.9392 3.3794 34.9860
2353.0000 2324.9048 3.3784 34.9857
2355.0000 2326.8699 3.3741 34.9855
2357.0000 2328.8352 3.3696 34.9850
2359.0000 2330.8003 3.3629 34.9844
2361.0000 2332.7656 3.3583 34.9843
2363.0000 2334.7307 3.3530 34.9839
2365.0000 2336.6960 3.3580 34.9843
2367.0000 2338.6614 3.3496 34.9838
2369.0000 2340.6262 3.3454 34.9836
2371.0000 2342.5913 3.3450 34.9836
2373.0000 2344.5566 3.3453 34.9837
2375.0000 2346.5217 3.3455 34.9837
2377.0000 2348.4868 3.3453 34.9836
2379.0000 2350.4519 3.3417 34.9832
2381.0000 2352.4170 3.3365 34.9828
2383.0000 2354.3818 3.3346 34.9827
2385.0000 2356.3469 3.3326 34.9826
2387.0000 2358.3120 3.3286 34.9824
2389.0000 2360.2769 3.3238 34.9821
2391.0000 2362.2419 3.3199 34.9818
2393.0000 2364.2068 3.3162 34.9816
2395.0000 2366.1719 3.3163 34.9814
2397.0000 2368.1365 3.3125 34.9813
2399.0000 2370.1016 3.3114 34.9812
2401.0000 2372.0664 3.3089 34.9810
2403.0000 2374.0310 3.3050 34.9807
2405.0000 2375.9958 3.3050 34.9808
2407.0000 2377.9607 3.3069 34.9810
2409.0000 2379.9255 3.3065 34.9809
2411.0000 2381.8901 3.3051 34.9808
2413.0000 2383.8550 3.3055 34.9808
2415.0000 2385.8198 3.3055 34.9809
2417.0000 2387.7844 3.3051 34.9808
2419.0000 2389.7495 3.3052 34.9808
2421.0000 2391.7141 3.3049 34.9807
2423.0000 2393.6787 3.3047 34.9806
2425.0000 2395.6433 3.3017 34.9803
2427.0000 2397.6079 3.2927 34.9795
2429.0000 2399.5728 3.2943 34.9796
2431.0000 2401.5371 3.2871 34.9788
2433.0000 2403.5017 3.2828 34.9787
2435.0000 2405.4663 3.2792 34.9783
2437.0000 2407.4309 3.2709 34.9775
2439.0000 2409.3953 3.2642 34.9773
2441.0000 2411.3596 3.2615 34.9769
2443.0000 2413.3245 3.2589 34.9769
2445.0000 2415.2886 3.2565 34.9766
2447.0000 2417.2529 3.2531 34.9763
2449.0000 2419.2178 3.2477 34.9759
2451.0000 2421.1819 3.2402 34.9751
2453.0000 2423.1462 3.2320 34.9744
2455.0000 2425.1108 3.2249 34.9740
2457.0000 2427.0754 3.2206 34.9736
2459.0000 2429.0393 3.2164 34.9734
2461.0000 2431.0039 3.2148 34.9733
2463.0000 2432.9683 3.2140 34.9732
2465.0000 2434.9324 3.2136 34.9733
2467.0000 2436.8965 3.2129 34.9733
2469.0000 2438.8611 3.2124 34.9732
2471.0000 2440.8252 3.2120 34.9732
2473.0000 2442.7893 3.2111 34.9731
2475.0000 2444.7534 3.2097 34.9729
2477.0000 2446.7178 3.2091 34.9728
2479.0000 2448.6816 3.2090 34.9728
2481.0000 2450.6460 3.2075 34.9727
2483.0000 2452.6104 3.2051 34.9724
2485.0000 2454.5745 3.2017 34.9722
2487.0000 2456.5383 3.2010 34.9722
2489.0000 2458.5024 3.1992 34.9721
2491.0000 2460.4666 3.1982 34.9719
2493.0000 2462.4304 3.1973 34.9719
2495.0000 2464.3945 3.1961 34.9717
2497.0000 2466.3584 3.1908 34.9712
2499.0000 2468.3225 3.1860 34.9709
2501.0000 2470.2864 3.1810 34.9706
2503.0000 2472.2505 3.1791 34.9705
2505.0000 2474.2146 3.1788 34.9704
2507.0000 2476.1782 3.1774 34.9703
2509.0000 2478.1421 3.1765 34.9703
2511.0000 2480.1060 3.1760 34.9702
2513.0000 2482.0701 3.1760 34.9703
2515.0000 2484.0337 3.1754 34.9701
2517.0000 2485.9973 3.1725 34.9700
2519.0000 2487.9612 3.1724 34.9699
2521.0000 2489.9250 3.1709 34.9698
2523.0000 2491.8889 3.1678 34.9695
2525.0000 2493.8525 3.1621 34.9691
2527.0000 2495.8162 3.1584 34.9688
2529.0000 2497.7800 3.1553 34.9685
2531.0000 2499.7437 3.1520 34.9683
2533.0000 2501.7075 3.1524 34.9683
2535.0000 2503.6711 3.1490 34.9680
2537.0000 2505.6348 3.1462 34.9677
2539.0000 2507.5984 3.1417 34.9675
2541.0000 2509.5618 3.1375 34.9672
2543.0000 2511.5254 3.1363 34.9672
2545.0000 2513.4890 3.1363 34.9672
2547.0000 2515.4526 3.1362 34.9671
2549.0000 2517.4163 3.1362 34.9670
2551.0000 2519.3799 3.1361 34.9670
2553.0000 2521.3433 3.1355 34.9671
2555.0000 2523.3066 3.1349 34.9669
2557.0000 2525.2700 3.1344 34.9669
2559.0000 2527.2334 3.1342 34.9669
2561.0000 2529.1970 3.1331 34.9667
2563.0000 2531.1604 3.1306 34.9665
2565.0000 2533.1238 3.1302 34.9665
2567.0000 2535.0872 3.1284 34.9663
2569.0000 2537.0503 3.1259 34.9660
2571.0000 2539.0137 3.1213 34.9656
2573.0000 2540.9771 3.1157 34.9652
2575.0000 2542.9407 3.1116 34.9649
2577.0000 2544.9036 3.1070 34.9645
2579.0000 2546.8669 3.1059 34.9646
2581.0000 2548.8303 3.1025 34.9642
2583.0000 2550.7932 3.1011 34.9641
2585.0000 2552.7568 3.1032 34.9642
2587.0000 2554.7200 3.0984 34.9639
2589.0000 2556.6829 3.0978 34.9639
2591.0000 2558.6460 3.0972 34.9638
2593.0000 2560.6094 3.0958 34.9637
2595.0000 2562.5725 3.0949 34.9636
2597.0000 2564.5356 3.0938 34.9636
2599.0000 2566.4985 3.0931 34.9635
2601.0000 2568.4619 3.0937 34.9634
2603.0000 2570.4246 3.0931 34.9634
2605.0000 2572.3875 3.0932 34.9634
2607.0000 2574.3508 3.0932 34.9633
2609.0000 2576.3140 3.0927 34.9633
2611.0000 2578.2766 3.0907 34.9632
2613.0000 2580.2395 3.0902 34.9631
2615.0000 2582.2029 3.0899 34.9632
2617.0000 2584.1655 3.0894 34.9630
2619.0000 2586.1284 3.0896 34.9629
2621.0000 2588.0913 3.0850 34.9626
2623.0000 2590.0542 3.0812 34.9622
2625.0000 2592.0171 3.0809 34.9621
2627.0000 2593.9800 3.0723 34.9616
2629.0000 2595.9429 3.0636 34.9605
2631.0000 2597.9055 3.0533 34.9600
2633.0000 2599.8682 3.0463 34.9595
2635.0000 2601.8313 3.0405 34.9590
2637.0000 2603.7939 3.0397 34.9592
2639.0000 2605.7566 3.0396 34.9592
2641.0000 2607.7190 3.0387 34.9591
2643.0000 2609.6821 3.0367 34.9590
2645.0000 2611.6445 3.0355 34.9590
2647.0000 2613.6074 3.0330 34.9585
2649.0000 2615.5698 3.0218 34.9578
2651.0000 2617.5327 3.0190 34.9577
2653.0000 2619.4951 3.0168 34.9574
2655.0000 2621.4578 3.0129 34.9571
2657.0000 2623.4204 3.0099 34.9569
2659.0000 2625.3828 3.0079 34.9568
2661.0000 2627.3455 3.0072 34.9568
2663.0000 2629.3079 3.0047 34.9566
2665.0000 2631.2703 3.0031 34.9565
2667.0000 2633.2329 3.0015 34.9563
2669.0000 2635.1953 2.9982 34.9560
2671.0000 2637.1577 2.9958 34.9559
2673.0000 2639.1201 2.9933 34.9556
2675.0000 2641.0825 2.9903 34.9554
2677.0000 2643.0452 2.9853 34.9549
2679.0000 2645.0073 2.9821 34.9548
2681.0000 2646.9697 2.9814 34.9547
2683.0000 2648.9321 2.9794 34.9547
2685.0000 2650.8945 2.9775 34.9543
2687.0000 2652.8564 2.9755 34.9544
2689.0000 2654.8191 2.9752 34.9542
2691.0000 2656.7812 2.9739 34.9542
2693.0000 2658.7432 2.9733 34.9541
2695.0000 2660.7056 2.9733 34.9542
2697.0000 2662.6680 2.9724 34.9540
2699.0000 2664.6304 2.9713 34.9539
2701.0000 2666.5923 2.9712 34.9540
2703.0000 2668.5544 2.9723 34.9540
2705.0000 2670.5166 2.9716 34.9538
2707.0000 2672.4785 2.9690 34.9537
2709.0000 2674.4407 2.9681 34.9537
2711.0000 2676.4031 2.9685 34.9534
2713.0000 2678.3647 2.9590 34.9528
2715.0000 2680.3269 2.9561 34.9526
2717.0000 2682.2893 2.9552 34.9525
2719.0000 2684.2512 2.9533 34.9523
2721.0000 2686.2129 2.9474 34.9517
2723.0000 2688.1748 2.9459 34.9517
2725.0000 2690.1372 2.9373 34.9510
2727.0000 2692.0989 2.9351 34.9509
2729.0000 2694.0608 2.9299 34.9504
2731.0000 2696.0229 2.9268 34.9503
2733.0000 2697.9849 2.9258 34.9502
2735.0000 2699.9463 2.9255 34.9501
2737.0000 2701.9084 2.9230 34.9500
2739.0000 2703.8704 2.9203 34.9499
2741.0000 2705.8318 2.9206 34.9498
2743.0000 2707.7939 2.9178 34.9495
2745.0000 2709.7556 2.9163 34.9496
2747.0000 2711.7175 2.9137 34.9489
2749.0000 2713.6792 2.9060 34.9484
2751.0000 2715.6409 2.9043 34.9482
2753.0000 2717.6025 2.9036 34.9481
2755.0000 2719.5642 2.9037 34.9482
2757.0000 2721.5259 2.9038 34.9482
2759.0000 2723.4875 2.9026 34.9481
2761.0000 2725.4495 2.9018 34.9480
2763.0000 2727.4109 2.9012 34.9479
2765.0000 2729.3723 2.9010 34.9479
2767.0000 2731.3342 2.9009 34.9479
2769.0000 2733.2957 2.9007 34.9478
2771.0000 2735.2571 2.8999 34.9478
2773.0000 2737.2188 2.8982 34.9476
2775.0000 2739.1802 2.8962 34.9471
2777.0000 2741.1416 2.8858 34.9464
2779.0000 2743.1033 2.8808 34.9460
2781.0000 2745.0647 2.8786 34.9460
2783.0000 2747.0259 2.8775 34.9458
2785.0000 2748.9875 2.8743 34.9455
2787.0000 2750.9490 2.8704 34.9451
2789.0000 2752.9104 2.8652 34.9448
2791.0000 2754.8716 2.8640 34.9447
2793.0000 2756.8330 2.8633 34.9447
2795.0000 2758.7944 2.8625 34.9446
2797.0000 2760.7556 2.8616 34.9445
2799.0000 2762.7168 2.8604 34.9444
2801.0000 2764.6785 2.8594 34.9443
2803.0000 2766.6394 2.8578 34.9442
2805.0000 2768.6008 2.8563 34.9440
2807.0000 2770.5620 2.8533 34.9437
2809.0000 2772.5234 2.8521 34.9438
2811.0000 2774.4844 2.8521 34.9437
2813.0000 2776.4456 2.8517 34.9437
2815.0000 2778.4067 2.8517 34.9435
2817.0000 2780.3679 2.8506 34.9436
2819.0000 2782.3289 2.8491 34.9434
2821.0000 2784.2903 2.8468 34.9431
2823.0000 2786.2512 2.8396 34.9426
2825.0000 2788.2122 2.8369 34.9423
2827.0000 2790.1733 2.8347 34.9421
2829.0000 2792.1343 2.8337 34.9421
2831.0000 2794.0955 2.8335 34.9421
2833.0000 2796.0564 2.8329 34.9420
2835.0000 2798.0173 2.8313 34.9418
2837.0000 2799.9785 2.8289 34.9418
2839.0000 2801.9392 2.8286 34.9416
2841.0000 2803.9004 2.8270 34.9415
2843.0000 2805.8613 2.8266 34.9415
2845.0000 2807.8220 2.8254 34.9414
2847.0000 2809.7830 2.8254 34.9412
2849.0000 2811.7437 2.8202 34.9407
2851.0000 2813.7046 2.8153 34.9405
2853.0000 2815.6653 2.8149 34.9404
2855.0000 2817.6265 2.8131 34.9403
2857.0000 2819.5872 2.8124 34.9402
2859.0000 2821.5476 2.8118 34.9402
2861.0000 2823.5088 2.8117 34.9402
2863.0000 2825.4692 2.8112 34.9402
2865.0000 2827.4299 2.8100 34.9400
2867.0000 2829.3906 2.8069 34.9397
2869.0000 2831.3516 2.8068 34.9396
2871.0000 2833.3123 2.8041 34.9393
2873.0000 2835.2727 2.8034 34.9394
2875.0000 2837.2334 2.8032 34.9394
2877.0000 2839.1941 2.8022 34.9393
2879.0000 2841.1543 2.8006 34.9390
2881.0000 2843.1150 2.7978 34.9388
2883.0000 2845.0757 2.7969 34.9388
2885.0000 2847.0361 2.7970 34.9388
2887.0000 2848.9968 2.7958 34.9387
2889.0000 2850.9573 2.7945 34.9385
2891.0000 2852.9180 2.7922 34.9382
2893.0000 2854.8779 2.7906 34.9381
2895.0000 2856.8384 2.7870 34.9375
2897.0000 2858.7991 2.7830 34.9375
2899.0000 2860.7595 2.7811 34.9372
2901.0000 2862.7197 2.7773 34.9369
2903.0000 2864.6802 2.7758 34.9368
2905.0000 2866.6406 2.7767 34.9368
2907.0000 2868.6008 2.7748 34.9368
2909.0000 2870.5613 2.7747 34.9366
2911.0000 2872.5217 2.7744 34.9365
2913.0000 2874.4819 2.7709 34.9363
2915.0000 2876.4421 2.7698 34.9364
2917.0000 2878.4026 2.7705 34.9362
2919.0000 2880.3625 2.7702 34.9362
2921.0000 2882.3228 2.7703 34.9363
2923.0000 2884.2832 2.7705 34.9362
2925.0000 2886.2437 2.7708 34.9363
2927.0000 2888.2034 2.7708 34.9363
2929.0000 2890.1636 2.7709 34.9361
2931.0000 2892.1235 2.7711 34.9361
2933.0000 2894.0842 2.7710 34.9363
2935.0000 2896.0439 2.7713 34.9362
2937.0000 2898.0042 2.7712 34.9362
2939.0000 2899.9641 2.7712 34.9361
2941.0000 2901.9241 2.7714 34.9360
2943.0000 2903.8840 2.7709 34.9358
2945.0000 2905.8442 2.7647 34.9355
2947.0000 2907.8042 2.7637 34.9354
2949.0000 2909.7642 2.7650 34.9354
2951.0000 2911.7239 2.7628 34.9354
2953.0000 2913.6843 2.7621 34.9352
2955.0000 2915.6438 2.7614 34.9352
2957.0000 2917.6038 2.7595 34.9350
2959.0000 2919.5637 2.7598 34.9350
2961.0000 2921.5237 2.7595 34.9351
2963.0000 2923.4834 2.7596 34.9350
2965.0000 2925.4434 2.7601 34.9350
2967.0000 2927.4031 2.7604 34.9350
2969.0000 2929.3628 2.7604 34.9350
2971.0000 2931.3225 2.7607 34.9350
2973.0000 2933.2825 2.7609 34.9351
2975.0000 2935.2419 2.7611 34.9351
2977.0000 2937.2019 2.7613 34.9350
2979.0000 2939.1614 2.7614 34.9350
2981.0000 2941.1213 2.7611 34.9350
2983.0000 2943.0806 2.7592 34.9348
2985.0000 2945.0405 2.7589 34.9348
2987.0000 2947.0002 2.7584 34.9346
2989.0000 2948.9597 2.7585 34.9347
2991.0000 2950.9194 2.7588 34.9348
2993.0000 2952.8789 2.7578 34.9346
2995.0000 2954.8389 2.7563 34.9344
2997.0000 2956.7979 2.7528 34.9342
2999.0000 2958.7578 2.7521 34.9340
3001.0000 2960.7173 2.7513 34.9340
3003.0000 2962.6765 2.7506 34.9339
3005.0000 2964.6360 2.7492 34.9337
3007.0000 2966.5957 2.7453 34.9334
3009.0000 2968.5552 2.7429 34.9332
3011.0000 2970.5144 2.7406 34.9331
3013.0000 2972.4741 2.7370 34.9326
3015.0000 2974.4333 2.7332 34.9323
3017.0000 2976.3926 2.7320 34.9322
3019.0000 2978.3518 2.7315 34.9322
3021.0000 2980.3115 2.7308 34.9321
3023.0000 2982.2710 2.7297 34.9320
3025.0000 2984.2297 2.7295 34.9320
3027.0000 2986.1892 2.7289 34.9321
3029.0000 2988.1484 2.7289 34.9320
3031.0000 2990.1077 2.7284 34.9318
3033.0000 2992.0669 2.7273 34.9318
3035.0000 2994.0261 2.7271 34.9317
3037.0000 2995.9854 2.7265 34.9316
3039.0000 2997.9443 2.7260 34.9316
3041.0000 2999.9038 2.7230 34.9312
3043.0000 3001.8628 2.7193 34.9310
3045.0000 3003.8220 2.7179 34.9309
3047.0000 3005.7812 2.7152 34.9306
3049.0000 3007.7402 2.7082 34.9300
3051.0000 3009.6990 2.7057 34.9298
3053.0000 3011.6582 2.7034 34.9295
3055.0000 3013.6172 2.6975 34.9291
3057.0000 3015.5764 2.6953 34.9288
3059.0000 3017.5352 2.6871 34.9279
3061.0000 3019.4944 2.6850 34.9280
3063.0000 3021.4534 2.6853 34.9281
3065.0000 3023.4121 2.6853 34.9281
3067.0000 3025.3711 2.6873 34.9283
3069.0000 3027.3301 2.6875 34.9281
3071.0000 3029.2893 2.6857 34.9280
3073.0000 3031.2478 2.6798 34.9275
3075.0000 3033.2068 2.6758 34.9274
3077.0000 3035.1658 2.6759 34.9271
3079.0000 3037.1243 2.6748 34.9272
3081.0000 3039.0833 2.6750 34.9272
3083.0000 3041.0422 2.6753 34.9271
3085.0000 3043.0007 2.6752 34.9272
3087.0000 3044.9595 2.6745 34.9271
3089.0000 3046.9182 2.6747 34.9270
3091.0000 3048.8772 2.6752 34.9271
3093.0000 3050.8357 2.6756 34.9272
3095.0000 3052.7942 2.6757 34.9273
3097.0000 3054.7529 2.6759 34.9271
3099.0000 3056.7119 2.6738 34.9268
3101.0000 3058.6702 2.6738 34.9269
3103.0000 3060.6289 2.6741 34.9268
3105.0000 3062.5876 2.6744 34.9268
3107.0000 3064.5459 2.6745 34.9270
3109.0000 3066.5046 2.6743 34.9269
3111.0000 3068.4634 2.6735 34.9266
3113.0000 3070.4214 2.6711 34.9265
3115.0000 3072.3804 2.6708 34.9265
3117.0000 3074.3386 2.6704 34.9265
3119.0000 3076.2971 2.6695 34.9264
3121.0000 3078.2556 2.6680 34.9261
3123.0000 3080.2139 2.6647 34.9259
3125.0000 3082.1724 2.6621 34.9257
3127.0000 3084.1309 2.6608 34.9255
3129.0000 3086.0891 2.6596 34.9251
3131.0000 3088.0476 2.6528 34.9248
3133.0000 3090.0061 2.6526 34.9248
3135.0000 3091.9641 2.6524 34.9247
3137.0000 3093.9226 2.6520 34.9247
3139.0000 3095.8809 2.6524 34.9247
3141.0000 3097.8394 2.6513 34.9247
3143.0000 3099.7974 2.6522 34.9246
3145.0000 3101.7559 2.6523 34.9247
3147.0000 3103.7141 2.6520 34.9247
3149.0000 3105.6721 2.6517 34.9247
3151.0000 3107.6304 2.6523 34.9245
3153.0000 3109.5889 2.6515 34.9245
3155.0000 3111.5464 2.6508 34.9245
3157.0000 3113.5049 2.6504 34.9245
3159.0000 3115.4629 2.6501 34.9244
3161.0000 3117.4209 2.6502 34.9242
3163.0000 3119.3792 2.6488 34.9242
3165.0000 3121.3372 2.6478 34.9241
3167.0000 3123.2952 2.6465 34.9240
3169.0000 3125.2529 2.6431 34.9237
3171.0000 3127.2112 2.6438 34.9238
3173.0000 3129.1694 2.6434 34.9236
3175.0000 3131.1270 2.6431 34.9237
3177.0000 3133.0852 2.6430 34.9236
3179.0000 3135.0432 2.6420 34.9235
3181.0000 3137.0010 2.6427 34.9235
3183.0000 3138.9587 2.6411 34.9234
3185.0000 3140.9170 2.6406 34.9233
3187.0000 3142.8750 2.6407 34.9234
3189.0000 3144.8323 2.6412 34.9234
3191.0000 3146.7903 2.6417 34.9234
3193.0000 3148.7483 2.6413 34.9233
3195.0000 3150.7061 2.6418 34.9233
3197.0000 3152.6638 2.6417 34.9233
3199.0000 3154.6216 2.6410 34.9232
3201.0000 3156.5796 2.6394 34.9230
3203.0000 3158.5369 2.6388 34.9230
3205.0000 3160.4949 2.6377 34.9230
3207.0000 3162.4526 2.6373 34.9228
3209.0000 3164.4106 2.6373 34.9228
3211.0000 3166.3677 2.6371 34.9228
3213.0000 3168.3254 2.6372 34.9228
3215.0000 3170.2832 2.6374 34.9229
3217.0000 3172.2407 2.6375 34.9228
3219.0000 3174.1982 2.6376 34.9228
3221.0000 3176.1560 2.6378 34.9227
3223.0000 3178.1138 2.6379 34.9228
3225.0000 3180.0710 2.6381 34.9228
3227.0000 3182.0283 2.6363 34.9225
3229.0000 3183.9861 2.6362 34.9225
3231.0000 3185.9436 2.6343 34.9224
3233.0000 3187.9011 2.6332 34.9222
3235.0000 3189.8584 2.6338 34.9223
3237.0000 3191.8157 2.6334 34.9222
3239.0000 3193.7732 2.6318 34.9220
3241.0000 3195.7307 2.6329 34.9221
3243.0000 3197.6880 2.6318 34.9220
3245.0000 3199.6453 2.6312 34.9221
3247.0000 3201.6028 2.6316 34.9220
3249.0000 3203.5603 2.6314 34.9219
3251.0000 3205.5171 2.6309 34.9220
3253.0000 3207.4746 2.6319 34.9220
3255.0000 3209.4321 2.6319 34.9219
3257.0000 3211.3894 2.6315 34.9218
3259.0000 3213.3464 2.6293 34.9217
3261.0000 3215.3035 2.6276 34.9215
3263.0000 3217.2610 2.6264 34.9214
3265.0000 3219.2178 2.6263 34.9214
3267.0000 3221.1753 2.6264 34.9213
3269.0000 3223.1326 2.6264 34.9214
3271.0000 3225.0896 2.6264 34.9214
3273.0000 3227.0464 2.6259 34.9213
3275.0000 3229.0039 2.6257 34.9212
3277.0000 3230.9609 2.6256 34.9213
3279.0000 3232.9180 2.6260 34.9212
3281.0000 3234.8750 2.6260 34.9212
3283.0000 3236.8320 2.6258 34.9212
3285.0000 3238.7891 2.6258 34.9211
3287.0000 3240.7458 2.6258 34.9212
3289.0000 3242.7031 2.6262 34.9212
3291.0000 3244.6599 2.6263 34.9211
3293.0000 3246.6167 2.6265 34.9211
3295.0000 3248.5737 2.6268 34.9212
3297.0000 3250.5308 2.6270 34.9212
3299.0000 3252.4875 2.6269 34.9212
3301.0000 3254.4443 2.6275 34.9212
3303.0000 3256.4014 2.6275 34.9211
3305.0000 3258.3584 2.6273 34.9211
3307.0000 3260.3149 2.6266 34.9210
3309.0000 3262.2720 2.6257 34.9209
3311.0000 3264.2288 2.6253 34.9209
3313.0000 3266.1853 2.6252 34.9209
3315.0000 3268.1418 2.6251 34.9208
3317.0000 3270.0989 2.6237 34.9207
3319.0000 3272.0557 2.6226 34.9206
3321.0000 3274.0122 2.6224 34.9205
3323.0000 3275.9690 2.6225 34.9204
3325.0000 3277.9255 2.6219 34.9204
3327.0000 3279.8821 2.6217 34.9204
3329.0000 3281.8389 2.6213 34.9203
3331.0000 3283.7957 2.6217 34.9204
3333.0000 3285.7522 2.6219 34.9204
3335.0000 3287.7087 2.6211 34.9203
3337.0000 3289.6650 2.6212 34.9201
3339.0000 3291.6218 2.6189 34.9202
3341.0000 3293.5781 2.6184 34.9200
3343.0000 3295.5347 2.6170 34.9198
3345.0000 3297.4915 2.6175 34.9198
3347.0000 3299.4480 2.6165 34.9199
3349.0000 3301.4043 2.6166 34.9198
3351.0000 3303.3606 2.6168 34.9198
3353.0000 3305.3171 2.6173 34.9198
3355.0000 3307.2732 2.6172 34.9198
3357.0000 3309.2297 2.6173 34.9198
3359.0000 3311.1863 2.6175 34.9199
3361.0000 3313.1428 2.6174 34.9199
3363.0000 3315.0989 2.6142 34.9195
3365.0000 3317.0554 2.6136 34.9195
3367.0000 3319.0115 2.6100 34.9190
3369.0000 3320.9675 2.6089 34.9189
3371.0000 3322.9241 2.6090 34.9189
3373.0000 3324.8804 2.6096 34.9190
3375.0000 3326.8364 2.6087 34.9188
3377.0000 3328.7927 2.6085 34.9188
3379.0000 3330.7490 2.6088 34.9189
3381.0000 3332.7053 2.6086 34.9188
3383.0000 3334.6611 2.6085 34.9188
3385.0000 3336.6174 2.6086 34.9188
3387.0000 3338.5735 2.6082 34.9187
3389.0000 3340.5293 2.6076 34.9186
3391.0000 3342.4856 2.6063 34.9185
3393.0000 3344.4417 2.6060 34.9185
3395.0000 3346.3979 2.6055 34.9184
3397.0000 3348.3540 2.6036 34.9182
3399.0000 3350.3098 2.6025 34.9180
3401.0000 3352.2661 2.6000 34.9179
3403.0000 3354.2217 2.5990 34.9178
3405.0000 3356.1775 2.5975 34.9176
3407.0000 3358.1338 2.5970 34.9176
3409.0000 3360.0896 2.5965 34.9174
3411.0000 3362.0452 2.5970 34.9176
3413.0000 3364.0015 2.5969 34.9176
3415.0000 3365.9575 2.5968 34.9174
3417.0000 3367.9128 2.5970 34.9174
3419.0000 3369.8691 2.5970 34.9175
3421.0000 3371.8252 2.5971 34.9175
3423.0000 3373.7810 2.5970 34.9175
3425.0000 3375.7366 2.5975 34.9174
3427.0000 3377.6924 2.5968 34.9174
3429.0000 3379.6479 2.5965 34.9174
3431.0000 3381.6033 2.5966 34.9174
3433.0000 3383.5593 2.5969 34.9172
3435.0000 3385.5151 2.5970 34.9174
3437.0000 3387.4707 2.5965 34.9173
3439.0000 3389.4265 2.5961 34.9172
3441.0000 3391.3821 2.5961 34.9171
3443.0000 3393.3379 2.5958 34.9172
3445.0000 3395.2935 2.5952 34.9172
3447.0000 3397.2488 2.5951 34.9171
3449.0000 3399.2046 2.5948 34.9171
3451.0000 3401.1602 2.5942 34.9169
3453.0000 3403.1157 2.5937 34.9169
3455.0000 3405.0715 2.5926 34.9167
3457.0000 3407.0271 2.5927 34.9168
3459.0000 3408.9822 2.5927 34.9168
3461.0000 3410.9380 2.5916 34.9167
3463.0000 3412.8933 2.5908 34.9166
3465.0000 3414.8486 2.5912 34.9166
3467.0000 3416.8040 2.5906 34.9166
3469.0000 3418.7595 2.5906 34.9165
3471.0000 3420.7148 2.5901 34.9164
3473.0000 3422.6699 2.5904 34.9164
3475.0000 3424.6255 2.5903 34.9164
3477.0000 3426.5808 2.5903 34.9164
3479.0000 3428.5361 2.5905 34.9163
3481.0000 3430.4915 2.5900 34.9163
3483.0000 3432.4470 2.5900 34.9163
3485.0000 3434.4021 2.5898 34.9164
3487.0000 3436.3572 2.5901 34.9163
3489.0000 3438.3125 2.5898 34.9162
3491.0000 3440.2676 2.5894 34.9163
3493.0000 3442.2227 2.5896 34.9162
3495.0000 3444.1782 2.5889 34.9161
3497.0000 3446.1333 2.5890 34.9162
3499.0000 3448.0884 2.5889 34.9162
3501.0000 3450.0432 2.5889 34.9161
3503.0000 3451.9988 2.5873 34.9160
3505.0000 3453.9539 2.5870 34.9160
3507.0000 3455.9084 2.5870 34.9160
3509.0000 3457.8640 2.5870 34.9159
3511.0000 3459.8191 2.5875 34.9160
3513.0000 3461.7737 2.5872 34.9159
3515.0000 3463.7288 2.5873 34.9159
3517.0000 3465.6838 2.5871 34.9158
3519.0000 3467.6387 2.5871 34.9158
3521.0000 3469.5940 2.5871 34.9158
3523.0000 3471.5488 2.5866 34.9157
3525.0000 3473.5034 2.5865 34.9157
3527.0000 3475.4583 2.5865 34.9157
3529.0000 3477.4133 2.5867 34.9157
3531.0000 3479.3684 2.5866 34.9156
3533.0000 3481.3232 2.5857 34.9155
3535.0000 3483.2781 2.5850 34.9155
3537.0000 3485.2327 2.5853 34.9156
3539.0000 3487.1877 2.5855 34.9155
3541.0000 3489.1423 2.5853 34.9154
3543.0000 3491.0969 2.5850 34.9154
3545.0000 3493.0520 2.5852 34.9154
3547.0000 3495.0071 2.5854 34.9154
3549.0000 3496.9612 2.5849 34.9154
3551.0000 3498.9163 2.5843 34.9153
3553.0000 3500.8708 2.5845 34.9153
3555.0000 3502.8252 2.5850 34.9152
3557.0000 3504.7803 2.5854 34.9153
3559.0000 3506.7349 2.5859 34.9154
3561.0000 3508.6892 2.5849 34.9152
3563.0000 3510.6438 2.5843 34.9152
3565.0000 3512.5984 2.5843 34.9151
3567.0000 3514.5530 2.5846 34.9150
3569.0000 3516.5073 2.5850 34.9150
3571.0000 3518.4619 2.5829 34.9150
3573.0000 3520.4165 2.5820 34.9149
3575.0000 3522.3708 2.5827 34.9149
3577.0000 3524.3254 2.5828 34.9149
3579.0000 3526.2800 2.5824 34.9149
3581.0000 3528.2341 2.5826 34.9150
3583.0000 3530.1885 2.5816 34.9148
3585.0000 3532.1431 2.5805 34.9146
3587.0000 3534.0977 2.5807 34.9147
3589.0000 3536.0520 2.5809 34.9147
3591.0000 3538.0061 2.5809 34.9147
3593.0000 3539.9607 2.5808 34.9147
3595.0000 3541.9150 2.5800 34.9144
3597.0000 3543.8691 2.5799 34.9145
3599.0000 3545.8235 2.5804 34.9144
3601.0000 3547.7776 2.5807 34.9145
3603.0000 3549.7319 2.5808 34.9146
3605.0000 3551.6860 2.5806 34.9146
3607.0000 3553.6401 2.5809 34.9145
3609.0000 3555.5945 2.5814 34.9146
3611.0000 3557.5486 2.5813 34.9145
3613.0000 3559.5029 2.5812 34.9145
3615.0000 3561.4570 2.5803 34.9143
3617.0000 3563.4109 2.5788 34.9140
3619.0000 3565.3652 2.5784 34.9141
3621.0000 3567.3193 2.5784 34.9141
3623.0000 3569.2734 2.5785 34.9141
3625.0000 3571.2273 2.5787 34.9140
3627.0000 3573.1816 2.5789 34.9140
3629.0000 3575.1353 2.5790 34.9140
3631.0000 3577.0896 2.5784 34.9140
3633.0000 3579.0435 2.5777 34.9138
3635.0000 3580.9976 2.5772 34.9138
3637.0000 3582.9514 2.5766 34.9138
3639.0000 3584.9053 2.5773 34.9137
3641.0000 3586.8594 2.5769 34.9136
3643.0000 3588.8132 2.5767 34.9137
3645.0000 3590.7666 2.5776 34.9135
3647.0000 3592.7207 2.5775 34.9135
3649.0000 3594.6750 2.5773 34.9135
3651.0000 3596.6284 2.5765 34.9135
3653.0000 3598.5823 2.5755 34.9134
3655.0000 3600.5359 2.5756 34.9134
3657.0000 3602.4902 2.5754 34.9134
3659.0000 3604.4436 2.5744 34.9133
3661.0000 3606.3975 2.5737 34.9132
3663.0000 3608.3511 2.5735 34.9133
3665.0000 3610.3044 2.5738 34.9133
3667.0000 3612.2583 2.5735 34.9132
3669.0000 3614.2122 2.5734 34.9131
3671.0000 3616.1658 2.5734 34.9131
3673.0000 3618.1194 2.5727 34.9130
3675.0000 3620.0730 2.5730 34.9130
3677.0000 3622.0269 2.5715 34.9129
3679.0000 3623.9802 2.5698 34.9127
3681.0000 3625.9336 2.5704 34.9126
3683.0000 3627.8875 2.5685 34.9124
3685.0000 3629.8408 2.5682 34.9124
3687.0000 3631.7942 2.5690 34.9124
