CTD cast

DATE:  12-Jan-2016 01:44:00
latitude:  24.5000
longitude:  -29.1999
  P (db)  z (m)    T (^oC)  S (psu)
3.0000 2.9808 23.2297 37.0681
5.0000 4.9680 23.2286 37.0678
7.0000 6.9551 23.2303 37.0678
9.0000 8.9422 23.2310 37.0680
11.0000 10.9293 23.2313 37.0692
13.0000 12.9164 23.2317 37.0698
15.0000 14.9035 23.2317 37.0708
17.0000 16.8906 23.2284 37.0733
19.0000 18.8776 23.2270 37.0760
21.0000 20.8646 23.2280 37.0785
23.0000 22.8516 23.2257 37.0897
25.0000 24.8386 23.1962 37.1292
27.0000 26.8255 23.0986 37.2111
29.0000 28.8125 23.0474 37.2189
31.0000 30.7994 22.9408 37.2224
33.0000 32.7863 22.9311 37.2190
35.0000 34.7732 22.9082 37.2203
37.0000 36.7600 22.8701 37.2195
39.0000 38.7469 22.8596 37.2266
41.0000 40.7337 22.8747 37.2387
43.0000 42.7205 22.8711 37.2367
45.0000 44.7073 22.8554 37.2469
47.0000 46.6941 22.8375 37.2460
49.0000 48.6808 22.8278 37.2456
51.0000 50.6675 22.8260 37.2453
53.0000 52.6542 22.8211 37.2452
55.0000 54.6409 22.8085 37.2442
57.0000 56.6276 22.7964 37.2427
59.0000 58.6142 22.7837 37.2419
61.0000 60.6009 22.7672 37.2411
63.0000 62.5875 22.7437 37.2389
65.0000 64.5741 22.7235 37.2319
67.0000 66.5606 22.6500 37.2100
69.0000 68.5472 22.6112 37.2020
71.0000 70.5337 22.6061 37.2022
73.0000 72.5202 22.5855 37.1983
75.0000 74.5067 22.5621 37.1977
77.0000 76.4932 22.5598 37.1997
79.0000 78.4797 22.5076 37.1891
81.0000 80.4661 22.3746 37.1626
83.0000 82.4525 22.3438 37.1596
85.0000 84.4389 22.3357 37.1585
87.0000 86.4253 22.2392 37.1321
89.0000 88.4117 22.0560 37.0920
91.0000 90.3980 21.9885 37.0776
93.0000 92.3843 21.9204 37.0651
95.0000 94.3706 21.8570 37.0593
97.0000 96.3569 21.6586 37.0187
99.0000 98.3432 21.0983 36.9315
101.0000 100.3294 20.7279 36.8690
103.0000 102.3157 20.2879 36.8082
105.0000 104.3018 20.6333 36.8676
107.0000 106.2880 20.3413 36.8263
109.0000 108.2742 20.0072 36.7825
111.0000 110.2604 19.8484 36.8008
113.0000 112.2465 19.8460 36.8267
115.0000 114.2326 19.8750 36.8197
117.0000 116.2187 19.8619 36.8249
119.0000 118.2048 19.8042 36.8369
121.0000 120.1908 19.7731 36.8335
123.0000 122.1768 19.6365 36.8194
125.0000 124.1629 19.5854 36.8155
127.0000 126.1489 19.5337 36.8101
129.0000 128.1348 19.4906 36.8044
131.0000 130.1208 19.4548 36.7994
133.0000 132.1067 19.4331 36.7964
135.0000 134.0927 19.3948 36.7883
137.0000 136.0786 19.3434 36.7784
139.0000 138.0644 19.3033 36.7758
141.0000 140.0503 19.2774 36.7739
143.0000 142.0361 19.2414 36.7727
145.0000 144.0219 19.1595 36.7625
147.0000 146.0078 19.1232 36.7561
149.0000 147.9935 19.0737 36.7476
151.0000 149.9793 19.0298 36.7387
153.0000 151.9650 18.9898 36.7333
155.0000 153.9508 18.9365 36.7284
157.0000 155.9365 18.9102 36.7275
159.0000 157.9222 18.9337 36.7457
161.0000 159.9078 18.9554 36.7651
163.0000 161.8935 18.9446 36.7651
165.0000 163.8791 18.9598 36.7719
167.0000 165.8647 19.0043 36.7910
169.0000 167.8503 18.9628 36.7861
171.0000 169.8359 18.9014 36.7753
173.0000 171.8214 18.8438 36.7714
175.0000 173.8070 18.8199 36.7706
177.0000 175.7925 18.8118 36.7716
179.0000 177.7780 18.7942 36.7680
181.0000 179.7635 18.7618 36.7643
183.0000 181.7489 18.7654 36.7658
185.0000 183.7344 18.7311 36.7565
187.0000 185.7198 18.6719 36.7377
189.0000 187.7052 18.5481 36.7025
191.0000 189.6906 18.5247 36.6992
193.0000 191.6759 18.4696 36.6838
195.0000 193.6613 18.2687 36.6314
197.0000 195.6466 18.2152 36.6190
199.0000 197.6319 18.0639 36.5771
201.0000 199.6172 17.9590 36.5546
203.0000 201.6024 17.9498 36.5522
205.0000 203.5877 17.9358 36.5492
207.0000 205.5729 17.9307 36.5488
209.0000 207.5581 17.9138 36.5457
211.0000 209.5433 17.8988 36.5432
213.0000 211.5285 17.8798 36.5396
215.0000 213.5136 17.8550 36.5347
217.0000 215.4988 17.8482 36.5335
219.0000 217.4839 17.8164 36.5280
221.0000 219.4690 17.7823 36.5255
223.0000 221.4540 17.7515 36.5194
225.0000 223.4391 17.7310 36.5155
227.0000 225.4241 17.7050 36.5087
229.0000 227.4092 17.6937 36.5064
231.0000 229.3941 17.6767 36.5031
233.0000 231.3791 17.6528 36.4997
235.0000 233.3641 17.6279 36.4958
237.0000 235.3490 17.5962 36.4906
239.0000 237.3339 17.5728 36.4859
241.0000 239.3188 17.5332 36.4773
243.0000 241.3037 17.4844 36.4692
245.0000 243.2886 17.4702 36.4656
247.0000 245.2734 17.4523 36.4620
249.0000 247.2583 17.4289 36.4573
251.0000 249.2431 17.3869 36.4527
253.0000 251.2278 17.3827 36.4611
255.0000 253.2126 17.3688 36.4593
257.0000 255.1974 17.3583 36.4571
259.0000 257.1821 17.3499 36.4550
261.0000 259.1668 17.3309 36.4512
263.0000 261.1515 17.3053 36.4460
265.0000 263.1362 17.2656 36.4380
267.0000 265.1208 17.1944 36.4209
269.0000 267.1054 17.1233 36.4086
271.0000 269.0901 17.0577 36.3973
273.0000 271.0746 16.9451 36.3715
275.0000 273.0593 16.8605 36.3558
277.0000 275.0438 16.8370 36.3536
279.0000 277.0284 16.8316 36.3571
281.0000 279.0128 16.8338 36.3599
283.0000 280.9974 16.7825 36.3581
285.0000 282.9818 16.7699 36.3576
287.0000 284.9663 16.7265 36.3500
289.0000 286.9507 16.6753 36.3428
291.0000 288.9352 16.6422 36.3380
293.0000 290.9196 16.6167 36.3353
295.0000 292.9040 16.5431 36.3198
297.0000 294.8883 16.5033 36.3117
299.0000 296.8727 16.4845 36.3077
301.0000 298.8570 16.4314 36.2986
303.0000 300.8413 16.4013 36.2949
305.0000 302.8256 16.3617 36.2872
307.0000 304.8099 16.3033 36.2743
309.0000 306.7941 16.2623 36.2668
311.0000 308.7784 16.2537 36.2672
313.0000 310.7626 16.2219 36.2601
315.0000 312.7467 16.1921 36.2538
317.0000 314.7309 16.1715 36.2492
319.0000 316.7151 16.1363 36.2422
321.0000 318.6992 16.0532 36.2287
323.0000 320.6833 16.0155 36.2238
325.0000 322.6674 15.9885 36.2197
327.0000 324.6515 15.9502 36.2127
329.0000 326.6356 15.8842 36.2025
331.0000 328.6196 15.8422 36.1946
333.0000 330.6036 15.7990 36.1872
335.0000 332.5876 15.7458 36.1749
337.0000 334.5716 15.6699 36.1646
339.0000 336.5556 15.6439 36.1605
341.0000 338.5396 15.6069 36.1539
343.0000 340.5235 15.5672 36.1489
345.0000 342.5074 15.5357 36.1431
347.0000 344.4913 15.4730 36.1325
349.0000 346.4751 15.4336 36.1265
351.0000 348.4590 15.4055 36.1214
353.0000 350.4428 15.3524 36.1119
355.0000 352.4266 15.3166 36.1073
357.0000 354.4104 15.2961 36.1054
359.0000 356.3942 15.2651 36.1019
361.0000 358.3779 15.2303 36.0973
363.0000 360.3617 15.1919 36.0906
365.0000 362.3454 15.1542 36.0849
367.0000 364.3291 15.1488 36.0844
369.0000 366.3127 15.1331 36.0810
371.0000 368.2964 15.1168 36.0786
373.0000 370.2801 15.1042 36.0762
375.0000 372.2637 15.0741 36.0709
377.0000 374.2473 15.0207 36.0618
379.0000 376.2309 14.9522 36.0512
381.0000 378.2145 14.9276 36.0478
383.0000 380.1980 14.9021 36.0423
385.0000 382.1815 14.8404 36.0324
387.0000 384.1650 14.7888 36.0243
389.0000 386.1485 14.7479 36.0182
391.0000 388.1320 14.7059 36.0106
393.0000 390.1154 14.6235 35.9990
395.0000 392.0989 14.5908 35.9930
397.0000 394.0822 14.5325 35.9838
399.0000 396.0656 14.4811 35.9759
401.0000 398.0490 14.4085 35.9647
403.0000 400.0324 14.3791 35.9618
405.0000 402.0157 14.3697 35.9601
407.0000 403.9990 14.3442 35.9545
409.0000 405.9823 14.3149 35.9491
411.0000 407.9656 14.2700 35.9420
413.0000 409.9489 14.2452 35.9365
415.0000 411.9321 14.1776 35.9252
417.0000 413.9154 14.1539 35.9222
419.0000 415.8985 14.1407 35.9203
421.0000 417.8817 14.1114 35.9176
423.0000 419.8649 14.0994 35.9159
425.0000 421.8480 14.0827 35.9134
427.0000 423.8311 14.0261 35.9043
429.0000 425.8143 13.9788 35.8977
431.0000 427.7973 13.9363 35.8907
433.0000 429.7804 13.9034 35.8847
435.0000 431.7635 13.8672 35.8778
437.0000 433.7465 13.8091 35.8662
439.0000 435.7295 13.7622 35.8586
441.0000 437.7125 13.8079 35.8685
443.0000 439.6955 13.7643 35.8593
445.0000 441.6784 13.7182 35.8527
447.0000 443.6614 13.6865 35.8467
449.0000 445.6443 13.6507 35.8399
451.0000 447.6272 13.6096 35.8331
453.0000 449.6100 13.5963 35.8311
455.0000 451.5929 13.5880 35.8309
457.0000 453.5757 13.5910 35.8302
459.0000 455.5585 13.5316 35.8206
461.0000 457.5414 13.4924 35.8174
463.0000 459.5242 13.4700 35.8165
465.0000 461.5069 13.4471 35.8140
467.0000 463.4897 13.4382 35.8138
469.0000 465.4724 13.4131 35.8107
471.0000 467.4551 13.3923 35.8081
473.0000 469.4378 13.3920 35.8060
475.0000 471.4204 13.3208 35.7950
477.0000 473.4031 13.2691 35.7855
479.0000 475.3858 13.2218 35.7785
481.0000 477.3683 13.2075 35.7763
483.0000 479.3510 13.1765 35.7682
485.0000 481.3335 13.1237 35.7590
487.0000 483.3161 13.1260 35.7614
489.0000 485.2986 13.0229 35.7461
491.0000 487.2811 12.9879 35.7421
493.0000 489.2636 12.9551 35.7376
495.0000 491.2461 12.9106 35.7307
497.0000 493.2286 12.8707 35.7252
499.0000 495.2110 12.8690 35.7261
501.0000 497.1934 12.8675 35.7270
503.0000 499.1758 12.8547 35.7266
505.0000 501.1582 12.8436 35.7262
507.0000 503.1405 12.8480 35.7300
509.0000 505.1229 12.8429 35.7296
511.0000 507.1053 12.8300 35.7324
513.0000 509.0876 12.8237 35.7314
515.0000 511.0698 12.7981 35.7309
517.0000 513.0521 12.7805 35.7298
519.0000 515.0344 12.7318 35.7226
521.0000 517.0165 12.7101 35.7208
523.0000 518.9988 12.6931 35.7181
525.0000 520.9810 12.6391 35.7110
527.0000 522.9632 12.6139 35.7083
529.0000 524.9453 12.5886 35.7046
531.0000 526.9275 12.5439 35.6974
533.0000 528.9096 12.4969 35.6921
535.0000 530.8917 12.4818 35.6898
537.0000 532.8737 12.4652 35.6884
539.0000 534.8558 12.4287 35.6841
541.0000 536.8379 12.4136 35.6819
543.0000 538.8199 12.3944 35.6791
545.0000 540.8019 12.3664 35.6749
547.0000 542.7839 12.3125 35.6681
549.0000 544.7658 12.2954 35.6668
551.0000 546.7478 12.2572 35.6612
553.0000 548.7297 12.1877 35.6528
555.0000 550.7115 12.1572 35.6490
557.0000 552.6935 12.1357 35.6470
559.0000 554.6754 12.1247 35.6457
561.0000 556.6573 12.1239 35.6459
563.0000 558.6390 12.1210 35.6452
565.0000 560.6209 12.0862 35.6404
567.0000 562.6027 12.0737 35.6396
569.0000 564.5844 12.0657 35.6382
571.0000 566.5662 12.0392 35.6348
573.0000 568.5480 12.0191 35.6315
575.0000 570.5297 11.9454 35.6210
577.0000 572.5114 11.8921 35.6154
579.0000 574.4930 11.8900 35.6156
581.0000 576.4747 11.8728 35.6127
583.0000 578.4564 11.8228 35.6061
585.0000 580.4380 11.7885 35.6020
587.0000 582.4197 11.7554 35.5978
589.0000 584.4012 11.7162 35.5931
591.0000 586.3828 11.6956 35.5907
593.0000 588.3643 11.6638 35.5870
595.0000 590.3458 11.6363 35.5834
597.0000 592.3273 11.6198 35.5812
599.0000 594.3088 11.5893 35.5763
601.0000 596.2903 11.5476 35.5718
603.0000 598.2718 11.5146 35.5674
605.0000 600.2532 11.4908 35.5651
607.0000 602.2346 11.4683 35.5622
609.0000 604.2160 11.4316 35.5585
611.0000 606.1974 11.4184 35.5569
613.0000 608.1787 11.3967 35.5542
615.0000 610.1602 11.3901 35.5541
617.0000 612.1415 11.3627 35.5495
619.0000 614.1227 11.3063 35.5440
621.0000 616.1040 11.2863 35.5416
623.0000 618.0853 11.2696 35.5398
625.0000 620.0665 11.2548 35.5379
627.0000 622.0477 11.2430 35.5367
629.0000 624.0289 11.2262 35.5343
631.0000 626.0101 11.1854 35.5291
633.0000 627.9913 11.1781 35.5286
635.0000 629.9724 11.1682 35.5267
637.0000 631.9536 11.1461 35.5237
639.0000 633.9347 11.1282 35.5218
641.0000 635.9158 11.1055 35.5186
643.0000 637.8969 11.0762 35.5156
645.0000 639.8779 11.0609 35.5138
647.0000 641.8589 11.0285 35.5105
649.0000 643.8400 11.0159 35.5093
651.0000 645.8210 11.0102 35.5088
653.0000 647.8019 10.9860 35.5065
655.0000 649.7829 10.9400 35.5020
657.0000 651.7639 10.9194 35.4997
659.0000 653.7448 10.8957 35.4967
661.0000 655.7257 10.8727 35.4941
663.0000 657.7066 10.8523 35.4912
665.0000 659.6874 10.8173 35.4866
667.0000 661.6683 10.7971 35.4838
669.0000 663.6491 10.7746 35.4807
671.0000 665.6299 10.7288 35.4747
673.0000 667.6107 10.6904 35.4710
675.0000 669.5915 10.6714 35.4677
677.0000 671.5723 10.6319 35.4628
679.0000 673.5530 10.5787 35.4559
681.0000 675.5337 10.5492 35.4528
683.0000 677.5144 10.5208 35.4497
685.0000 679.4951 10.4888 35.4459
687.0000 681.4757 10.4759 35.4442
689.0000 683.4564 10.4731 35.4441
691.0000 685.4370 10.4835 35.4455
693.0000 687.4175 10.4463 35.4410
695.0000 689.3982 10.4198 35.4377
697.0000 691.3787 10.3881 35.4349
699.0000 693.3594 10.3835 35.4346
701.0000 695.3398 10.3578 35.4305
703.0000 697.3203 10.2997 35.4235
705.0000 699.3008 10.2274 35.4143
707.0000 701.2812 10.2631 35.4171
709.0000 703.2617 10.1866 35.4088
711.0000 705.2422 10.1443 35.4038
713.0000 707.2226 10.1246 35.4040
715.0000 709.2030 10.1102 35.4027
717.0000 711.1833 10.0741 35.3993
719.0000 713.1637 10.0296 35.3955
721.0000 715.1440 10.0464 35.3977
723.0000 717.1243 10.0213 35.3934
725.0000 719.1047 9.9643 35.3901
727.0000 721.0850 9.9556 35.3893
729.0000 723.0652 9.9326 35.3855
731.0000 725.0455 9.9066 35.3813
733.0000 727.0257 9.8606 35.3745
735.0000 729.0059 9.8885 35.3797
737.0000 730.9861 9.7942 35.3665
739.0000 732.9662 9.7815 35.3674
741.0000 734.9465 9.7770 35.3669
743.0000 736.9265 9.7607 35.3643
745.0000 738.9066 9.7557 35.3657
747.0000 740.8868 9.7562 35.3666
749.0000 742.8668 9.7372 35.3649
751.0000 744.8469 9.7257 35.3651
753.0000 746.8269 9.7070 35.3637
755.0000 748.8068 9.6946 35.3626
757.0000 750.7869 9.6799 35.3602
759.0000 752.7669 9.6486 35.3554
761.0000 754.7469 9.6177 35.3527
763.0000 756.7267 9.6029 35.3512
765.0000 758.7067 9.5944 35.3503
767.0000 760.6866 9.5823 35.3492
769.0000 762.6664 9.5752 35.3486
771.0000 764.6463 9.5461 35.3446
773.0000 766.6262 9.5051 35.3387
775.0000 768.6061 9.4631 35.3328
777.0000 770.5858 9.4235 35.3259
779.0000 772.5656 9.4089 35.3242
781.0000 774.5454 9.4014 35.3241
783.0000 776.5251 9.3944 35.3248
785.0000 778.5049 9.4173 35.3324
787.0000 780.4847 9.4126 35.3315
789.0000 782.4644 9.3762 35.3253
791.0000 784.4440 9.3143 35.3180
793.0000 786.4236 9.2797 35.3146
795.0000 788.4033 9.2601 35.3139
797.0000 790.3829 9.2131 35.3073
799.0000 792.3625 9.1590 35.2994
801.0000 794.3420 9.1195 35.2941
803.0000 796.3217 9.1061 35.2967
805.0000 798.3011 9.0679 35.2909
807.0000 800.2808 9.0291 35.2869
809.0000 802.2603 9.0249 35.2890
811.0000 804.2397 9.0221 35.2911
813.0000 806.2192 8.9831 35.2871
815.0000 808.1987 8.9309 35.2832
817.0000 810.1780 8.9081 35.2829
819.0000 812.1574 8.8789 35.2783
821.0000 814.1369 8.8604 35.2752
823.0000 816.1163 8.8466 35.2737
825.0000 818.0956 8.8331 35.2743
827.0000 820.0750 8.8246 35.2754
829.0000 822.0543 8.8083 35.2753
831.0000 824.0336 8.7904 35.2753
833.0000 826.0128 8.7772 35.2743
835.0000 827.9921 8.7566 35.2724
837.0000 829.9714 8.7388 35.2725
839.0000 831.9506 8.7346 35.2725
841.0000 833.9299 8.7048 35.2693
843.0000 835.9090 8.6709 35.2669
845.0000 837.8881 8.6521 35.2658
847.0000 839.8673 8.6356 35.2657
849.0000 841.8465 8.6212 35.2650
851.0000 843.8257 8.6061 35.2638
853.0000 845.8046 8.5911 35.2628
855.0000 847.7837 8.5723 35.2604
857.0000 849.7628 8.5091 35.2523
859.0000 851.7418 8.4642 35.2480
861.0000 853.7209 8.4243 35.2436
863.0000 855.6999 8.4019 35.2420
865.0000 857.6788 8.3958 35.2416
867.0000 859.6577 8.3888 35.2411
869.0000 861.6368 8.3818 35.2411
871.0000 863.6158 8.3750 35.2406
873.0000 865.5945 8.3577 35.2384
875.0000 867.5735 8.3247 35.2347
877.0000 869.5524 8.3072 35.2328
879.0000 871.5312 8.2866 35.2302
881.0000 873.5100 8.2677 35.2289
883.0000 875.4888 8.2410 35.2257
885.0000 877.4677 8.2144 35.2234
887.0000 879.4464 8.1951 35.2213
889.0000 881.4251 8.1698 35.2182
891.0000 883.4040 8.1293 35.2143
893.0000 885.3825 8.1036 35.2118
895.0000 887.3613 8.0946 35.2114
897.0000 889.3400 8.0885 35.2105
899.0000 891.3187 8.0688 35.2085
901.0000 893.2972 8.0345 35.2049
903.0000 895.2759 8.0128 35.2032
905.0000 897.2545 7.9712 35.1998
907.0000 899.2331 7.9467 35.1987
909.0000 901.2117 7.9384 35.1979
911.0000 903.1902 7.9076 35.1945
913.0000 905.1688 7.8863 35.1935
915.0000 907.1473 7.8741 35.1925
917.0000 909.1257 7.8548 35.1913
919.0000 911.1043 7.8457 35.1906
921.0000 913.0827 7.8369 35.1898
923.0000 915.0611 7.8279 35.1894
925.0000 917.0396 7.8135 35.1875
927.0000 919.0179 7.8026 35.1868
929.0000 920.9963 7.7935 35.1859
931.0000 922.9747 7.7809 35.1849
933.0000 924.9531 7.7707 35.1836
935.0000 926.9313 7.7446 35.1813
937.0000 928.9097 7.7241 35.1796
939.0000 930.8880 7.7130 35.1784
941.0000 932.8662 7.6925 35.1764
943.0000 934.8445 7.6646 35.1737
945.0000 936.8227 7.6423 35.1717
947.0000 938.8009 7.6372 35.1720
949.0000 940.7791 7.6134 35.1689
951.0000 942.7573 7.5804 35.1674
953.0000 944.7354 7.5664 35.1657
955.0000 946.7136 7.5586 35.1662
957.0000 948.6917 7.5452 35.1651
959.0000 950.6697 7.5241 35.1637
961.0000 952.6478 7.5082 35.1631
963.0000 954.6259 7.4830 35.1612
965.0000 956.6039 7.4763 35.1613
967.0000 958.5820 7.4722 35.1614
969.0000 960.5599 7.4653 35.1606
971.0000 962.5380 7.4438 35.1592
973.0000 964.5159 7.4346 35.1587
975.0000 966.4939 7.4214 35.1577
977.0000 968.4719 7.4047 35.1571
979.0000 970.4496 7.4029 35.1570
981.0000 972.4277 7.4005 35.1570
983.0000 974.4055 7.3984 35.1569
985.0000 976.3834 7.3874 35.1558
987.0000 978.3611 7.3810 35.1558
989.0000 980.3391 7.3742 35.1556
991.0000 982.3168 7.3674 35.1548
993.0000 984.2946 7.3486 35.1532
995.0000 986.2724 7.3310 35.1517
997.0000 988.2501 7.3249 35.1515
999.0000 990.2278 7.3191 35.1511
1001.0000 992.2055 7.3120 35.1510
1003.0000 994.1832 7.3070 35.1508
1005.0000 996.1608 7.3049 35.1509
1007.0000 998.1385 7.2959 35.1509
1009.0000 1000.1161 7.2907 35.1511
1011.0000 1002.0938 7.2905 35.1520
1013.0000 1004.0714 7.2894 35.1526
1015.0000 1006.0490 7.2913 35.1562
1017.0000 1008.0264 7.2930 35.1580
1019.0000 1010.0040 7.2942 35.1606
1021.0000 1011.9816 7.2952 35.1637
1023.0000 1013.9591 7.2576 35.1602
1025.0000 1015.9365 7.2072 35.1536
1027.0000 1017.9140 7.1497 35.1470
1029.0000 1019.8915 7.1230 35.1438
1031.0000 1021.8689 7.1002 35.1416
1033.0000 1023.8462 7.0542 35.1359
1035.0000 1025.8237 7.0142 35.1333
1037.0000 1027.8010 7.0024 35.1339
1039.0000 1029.7783 6.9993 35.1361
1041.0000 1031.7556 6.9976 35.1371
1043.0000 1033.7329 6.9981 35.1388
1045.0000 1035.7102 6.9990 35.1383
1047.0000 1037.6875 6.9927 35.1391
1049.0000 1039.6649 6.9895 35.1390
1051.0000 1041.6421 6.9770 35.1385
1053.0000 1043.6193 6.9714 35.1384
1055.0000 1045.5966 6.9686 35.1386
1057.0000 1047.5737 6.9638 35.1395
1059.0000 1049.5508 6.9682 35.1430
1061.0000 1051.5280 6.9654 35.1460
1063.0000 1053.5051 6.9515 35.1453
1065.0000 1055.4823 6.9238 35.1421
1067.0000 1057.4594 6.9141 35.1426
1069.0000 1059.4363 6.9150 35.1444
1071.0000 1061.4133 6.9166 35.1460
1073.0000 1063.3904 6.9090 35.1458
1075.0000 1065.3674 6.9062 35.1458
1077.0000 1067.3445 6.9014 35.1466
1079.0000 1069.3213 6.9007 35.1484
1081.0000 1071.2983 6.8949 35.1481
1083.0000 1073.2754 6.8888 35.1474
1085.0000 1075.2523 6.8838 35.1467
1087.0000 1077.2291 6.8796 35.1483
1089.0000 1079.2061 6.8741 35.1511
1091.0000 1081.1829 6.8565 35.1501
1093.0000 1083.1597 6.8457 35.1495
1095.0000 1085.1366 6.8447 35.1497
1097.0000 1087.1134 6.8436 35.1497
1099.0000 1089.0902 6.8317 35.1493
1101.0000 1091.0668 6.8187 35.1506
1103.0000 1093.0437 6.8162 35.1512
1105.0000 1095.0205 6.8227 35.1547
1107.0000 1096.9971 6.8351 35.1591
1109.0000 1098.9739 6.8599 35.1664
1111.0000 1100.9506 6.8666 35.1692
1113.0000 1102.9271 6.8513 35.1691
1115.0000 1104.9038 6.8282 35.1679
1117.0000 1106.8805 6.8161 35.1673
1119.0000 1108.8571 6.8103 35.1671
1121.0000 1110.8335 6.8027 35.1672
1123.0000 1112.8102 6.7809 35.1654
1125.0000 1114.7866 6.7613 35.1647
1127.0000 1116.7632 6.7491 35.1639
1129.0000 1118.7397 6.7366 35.1641
1131.0000 1120.7163 6.7274 35.1646
1133.0000 1122.6929 6.7211 35.1647
1135.0000 1124.6692 6.7066 35.1634
1137.0000 1126.6456 6.6856 35.1629
1139.0000 1128.6219 6.6788 35.1625
1141.0000 1130.5984 6.6707 35.1618
1143.0000 1132.5748 6.6630 35.1616
1145.0000 1134.5511 6.6512 35.1613
1147.0000 1136.5276 6.6306 35.1608
1149.0000 1138.5038 6.6207 35.1605
1151.0000 1140.4802 6.6115 35.1599
1153.0000 1142.4565 6.6056 35.1602
1155.0000 1144.4326 6.6038 35.1602
1157.0000 1146.4089 6.5946 35.1609
1159.0000 1148.3851 6.5783 35.1633
1161.0000 1150.3615 6.5749 35.1664
1163.0000 1152.3375 6.5759 35.1682
1165.0000 1154.3138 6.5661 35.1675
1167.0000 1156.2899 6.5664 35.1675
1169.0000 1158.2660 6.5585 35.1687
1171.0000 1160.2422 6.5558 35.1697
1173.0000 1162.2183 6.5544 35.1703
1175.0000 1164.1943 6.5517 35.1709
1177.0000 1166.1703 6.5452 35.1709
1179.0000 1168.1464 6.5390 35.1701
1181.0000 1170.1226 6.5250 35.1688
1183.0000 1172.0984 6.5266 35.1731
1185.0000 1174.0745 6.5339 35.1758
1187.0000 1176.0505 6.5179 35.1726
1189.0000 1178.0265 6.5013 35.1722
1191.0000 1180.0023 6.5298 35.1820
1193.0000 1181.9781 6.5645 35.1907
1195.0000 1183.9541 6.5679 35.1915
1197.0000 1185.9298 6.5650 35.1910
1199.0000 1187.9058 6.5482 35.1883
1201.0000 1189.8817 6.5101 35.1829
1203.0000 1191.8575 6.4975 35.1843
1205.0000 1193.8333 6.5220 35.1905
1207.0000 1195.8091 6.5089 35.1899
1209.0000 1197.7849 6.5052 35.1916
1211.0000 1199.7605 6.4889 35.1896
1213.0000 1201.7363 6.4797 35.1905
1215.0000 1203.7120 6.4937 35.1961
1217.0000 1205.6877 6.5034 35.2000
1219.0000 1207.6633 6.5079 35.2012
1221.0000 1209.6389 6.5183 35.2042
1223.0000 1211.6146 6.5104 35.2022
1225.0000 1213.5902 6.4958 35.2018
1227.0000 1215.5658 6.5026 35.2056
1229.0000 1217.5414 6.5065 35.2080
1231.0000 1219.5170 6.5048 35.2080
1233.0000 1221.4926 6.4879 35.2065
1235.0000 1223.4680 6.4741 35.2072
1237.0000 1225.4437 6.4700 35.2085
1239.0000 1227.4191 6.4765 35.2112
1241.0000 1229.3945 6.4733 35.2118
1243.0000 1231.3700 6.4610 35.2116
1245.0000 1233.3453 6.4525 35.2119
1247.0000 1235.3208 6.4477 35.2117
1249.0000 1237.2963 6.4405 35.2116
1251.0000 1239.2716 6.4340 35.2116
1253.0000 1241.2469 6.4282 35.2118
1255.0000 1243.2223 6.4254 35.2119
1257.0000 1245.1976 6.4195 35.2117
1259.0000 1247.1729 6.4070 35.2114
1261.0000 1249.1482 6.3883 35.2103
1263.0000 1251.1234 6.3698 35.2100
1265.0000 1253.0988 6.3513 35.2089
1267.0000 1255.0740 6.3346 35.2087
1269.0000 1257.0491 6.3303 35.2090
1271.0000 1259.0243 6.3290 35.2091
1273.0000 1260.9994 6.3154 35.2082
1275.0000 1262.9745 6.2986 35.2078
1277.0000 1264.9497 6.2875 35.2075
1279.0000 1266.9247 6.2785 35.2073
1281.0000 1268.8998 6.2644 35.2072
1283.0000 1270.8749 6.2551 35.2073
1285.0000 1272.8500 6.2498 35.2075
1287.0000 1274.8250 6.2456 35.2075
1289.0000 1276.8000 6.2366 35.2078
1291.0000 1278.7750 6.2301 35.2079
1293.0000 1280.7500 6.2279 35.2080
1295.0000 1282.7250 6.2221 35.2079
1297.0000 1284.7000 6.2110 35.2076
1299.0000 1286.6749 6.1935 35.2075
1301.0000 1288.6497 6.1795 35.2078
1303.0000 1290.6248 6.1757 35.2078
1305.0000 1292.5996 6.1698 35.2080
1307.0000 1294.5745 6.1675 35.2081
1309.0000 1296.5493 6.1653 35.2078
1311.0000 1298.5243 6.1638 35.2079
1313.0000 1300.4990 6.1595 35.2076
1315.0000 1302.4736 6.1527 35.2076
1317.0000 1304.4485 6.1510 35.2075
1319.0000 1306.4232 6.1453 35.2072
1321.0000 1308.3979 6.1350 35.2068
1323.0000 1310.3726 6.1312 35.2066
1325.0000 1312.3474 6.1255 35.2064
1327.0000 1314.3220 6.1161 35.2062
1329.0000 1316.2966 6.1073 35.2063
1331.0000 1318.2712 6.1055 35.2066
1333.0000 1320.2458 6.1038 35.2065
1335.0000 1322.2205 6.1014 35.2066
1337.0000 1324.1951 6.0983 35.2066
1339.0000 1326.1696 6.0993 35.2073
1341.0000 1328.1440 6.0995 35.2073
1343.0000 1330.1187 6.1001 35.2075
1345.0000 1332.0931 6.0981 35.2087
1347.0000 1334.0676 6.0985 35.2097
1349.0000 1336.0420 6.0997 35.2106
1351.0000 1338.0165 6.0958 35.2111
1353.0000 1339.9910 6.0939 35.2119
1355.0000 1341.9652 6.0842 35.2106
1357.0000 1343.9398 6.0666 35.2074
1359.0000 1345.9142 6.0436 35.2044
1361.0000 1347.8885 6.0369 35.2041
1363.0000 1349.8628 6.0278 35.2037
1365.0000 1351.8372 6.0244 35.2043
1367.0000 1353.8115 6.0203 35.2042
1369.0000 1355.7856 6.0179 35.2044
1371.0000 1357.7600 6.0029 35.2028
1373.0000 1359.7343 5.9954 35.2025
1375.0000 1361.7084 5.9945 35.2028
1377.0000 1363.6825 5.9949 35.2037
1379.0000 1365.6569 6.0040 35.2066
1381.0000 1367.6310 6.0032 35.2069
1383.0000 1369.6051 5.9887 35.2053
1385.0000 1371.5792 5.9671 35.2028
1387.0000 1373.5535 5.9591 35.2026
1389.0000 1375.5276 5.9506 35.2018
1391.0000 1377.5015 5.9404 35.2019
1393.0000 1379.4756 5.9389 35.2020
1395.0000 1381.4496 5.9406 35.2026
1397.0000 1383.4236 5.9378 35.2029
1399.0000 1385.3976 5.9292 35.2021
1401.0000 1387.3716 5.9189 35.2013
1403.0000 1389.3457 5.9113 35.2008
1405.0000 1391.3195 5.9053 35.2008
1407.0000 1393.2935 5.8981 35.2012
1409.0000 1395.2675 5.8972 35.2013
1411.0000 1397.2412 5.8962 35.2013
1413.0000 1399.2151 5.8936 35.2016
1415.0000 1401.1890 5.8915 35.2017
1417.0000 1403.1627 5.8801 35.2024
1419.0000 1405.1366 5.8753 35.2033
1421.0000 1407.1105 5.8722 35.2035
1423.0000 1409.0842 5.8714 35.2038
1425.0000 1411.0580 5.8707 35.2040
1427.0000 1413.0317 5.8680 35.2045
1429.0000 1415.0055 5.8669 35.2054
1431.0000 1416.9791 5.8676 35.2066
1433.0000 1418.9528 5.8670 35.2070
1435.0000 1420.9265 5.8697 35.2082
1437.0000 1422.9001 5.8680 35.2083
1439.0000 1424.8738 5.8641 35.2080
1441.0000 1426.8474 5.8590 35.2082
1443.0000 1428.8209 5.8580 35.2082
1445.0000 1430.7944 5.8453 35.2068
1447.0000 1432.7679 5.8290 35.2059
1449.0000 1434.7417 5.8218 35.2083
1451.0000 1436.7153 5.8191 35.2095
1453.0000 1438.6887 5.8172 35.2099
1455.0000 1440.6621 5.8165 35.2098
1457.0000 1442.6356 5.8154 35.2097
1459.0000 1444.6089 5.8108 35.2097
1461.0000 1446.5824 5.8074 35.2103
1463.0000 1448.5560 5.7972 35.2108
1465.0000 1450.5294 5.7812 35.2104
1467.0000 1452.5026 5.7656 35.2096
1469.0000 1454.4761 5.7533 35.2090
1471.0000 1456.4493 5.7439 35.2082
1473.0000 1458.4225 5.7365 35.2076
1475.0000 1460.3960 5.7289 35.2063
1477.0000 1462.3693 5.7052 35.2048
1479.0000 1464.3424 5.6803 35.2027
1481.0000 1466.3157 5.6755 35.2021
1483.0000 1468.2889 5.6562 35.1994
1485.0000 1470.2622 5.6344 35.1975
1487.0000 1472.2354 5.6175 35.1965
1489.0000 1474.2085 5.6154 35.1964
1491.0000 1476.1816 5.6039 35.1959
1493.0000 1478.1548 5.5923 35.1950
1495.0000 1480.1278 5.5798 35.1934
1497.0000 1482.1011 5.5585 35.1913
1499.0000 1484.0742 5.5485 35.1906
1501.0000 1486.0470 5.5416 35.1898
1503.0000 1488.0201 5.5352 35.1892
1505.0000 1489.9932 5.5335 35.1892
1507.0000 1491.9662 5.5313 35.1890
1509.0000 1493.9392 5.5275 35.1883
1511.0000 1495.9121 5.5181 35.1876
1513.0000 1497.8851 5.5147 35.1873
1515.0000 1499.8579 5.5126 35.1871
1517.0000 1501.8309 5.4989 35.1857
1519.0000 1503.8038 5.4914 35.1851
1521.0000 1505.7766 5.4814 35.1844
1523.0000 1507.7495 5.4749 35.1838
1525.0000 1509.7224 5.4683 35.1834
1527.0000 1511.6953 5.4594 35.1835
1529.0000 1513.6680 5.4555 35.1842
1531.0000 1515.6407 5.4553 35.1846
1533.0000 1517.6135 5.4512 35.1856
1535.0000 1519.5863 5.4450 35.1862
1537.0000 1521.5591 5.4383 35.1864
1539.0000 1523.5317 5.4364 35.1865
1541.0000 1525.5043 5.4307 35.1860
1543.0000 1527.4771 5.4243 35.1857
1545.0000 1529.4498 5.4257 35.1864
1547.0000 1531.4224 5.4236 35.1863
1549.0000 1533.3949 5.4243 35.1868
1551.0000 1535.3677 5.4127 35.1856
1553.0000 1537.3402 5.3989 35.1844
1555.0000 1539.3126 5.3897 35.1835
1557.0000 1541.2852 5.3637 35.1801
1559.0000 1543.2578 5.3472 35.1784
1561.0000 1545.2303 5.3290 35.1758
1563.0000 1547.2026 5.3155 35.1745
1565.0000 1549.1752 5.3190 35.1768
1567.0000 1551.1478 5.3222 35.1786
1569.0000 1553.1201 5.3276 35.1812
1571.0000 1555.0925 5.3289 35.1819
1573.0000 1557.0649 5.3290 35.1821
1575.0000 1559.0374 5.3287 35.1822
1577.0000 1561.0096 5.3218 35.1812
1579.0000 1562.9819 5.3098 35.1794
1581.0000 1564.9542 5.2938 35.1777
1583.0000 1566.9266 5.2865 35.1770
1585.0000 1568.8989 5.2835 35.1768
1587.0000 1570.8712 5.2833 35.1768
1589.0000 1572.8435 5.2824 35.1770
1591.0000 1574.8156 5.2827 35.1772
1593.0000 1576.7878 5.2844 35.1780
1595.0000 1578.7600 5.2853 35.1783
1597.0000 1580.7322 5.2766 35.1768
1599.0000 1582.7043 5.2579 35.1737
1601.0000 1584.6765 5.2493 35.1732
1603.0000 1586.6487 5.2452 35.1732
1605.0000 1588.6207 5.2504 35.1756
1607.0000 1590.5928 5.2297 35.1717
1609.0000 1592.5648 5.2180 35.1720
1611.0000 1594.5369 5.2544 35.1814
1613.0000 1596.5089 5.2596 35.1825
1615.0000 1598.4810 5.2512 35.1810
1617.0000 1600.4529 5.2371 35.1788
1619.0000 1602.4249 5.2099 35.1752
1621.0000 1604.3969 5.1966 35.1738
1623.0000 1606.3689 5.1932 35.1744
1625.0000 1608.3407 5.1918 35.1746
1627.0000 1610.3125 5.1899 35.1744
1629.0000 1612.2844 5.1805 35.1726
1631.0000 1614.2562 5.1595 35.1706
1633.0000 1616.2281 5.1470 35.1695
1635.0000 1618.2000 5.1425 35.1690
1637.0000 1620.1719 5.1339 35.1683
1639.0000 1622.1436 5.1289 35.1682
1641.0000 1624.1154 5.1258 35.1683
1643.0000 1626.0872 5.1273 35.1681
1645.0000 1628.0588 5.1150 35.1685
1647.0000 1630.0304 5.1099 35.1681
1649.0000 1632.0023 5.1029 35.1683
1651.0000 1633.9740 5.0990 35.1682
1653.0000 1635.9454 5.0967 35.1682
1655.0000 1637.9172 5.0931 35.1683
1657.0000 1639.8889 5.0901 35.1683
1659.0000 1641.8602 5.0876 35.1682
1661.0000 1643.8320 5.0816 35.1682
1663.0000 1645.8036 5.0775 35.1682
1665.0000 1647.7751 5.0742 35.1681
1667.0000 1649.7466 5.0713 35.1680
1669.0000 1651.7181 5.0708 35.1681
1671.0000 1653.6896 5.0654 35.1677
1673.0000 1655.6611 5.0631 35.1676
1675.0000 1657.6326 5.0623 35.1676
1677.0000 1659.6041 5.0591 35.1675
1679.0000 1661.5753 5.0537 35.1672
1681.0000 1663.5469 5.0513 35.1673
1683.0000 1665.5183 5.0492 35.1669
1685.0000 1667.4896 5.0425 35.1664
1687.0000 1669.4608 5.0358 35.1657
1689.0000 1671.4324 5.0238 35.1648
1691.0000 1673.4037 5.0241 35.1646
1693.0000 1675.3749 5.0087 35.1637
1695.0000 1677.3462 4.9998 35.1627
1697.0000 1679.3174 4.9934 35.1620
1699.0000 1681.2887 4.9898 35.1619
1701.0000 1683.2599 4.9893 35.1621
1703.0000 1685.2310 4.9887 35.1622
1705.0000 1687.2023 4.9819 35.1616
1707.0000 1689.1732 4.9791 35.1614
1709.0000 1691.1447 4.9743 35.1609
1711.0000 1693.1157 4.9663 35.1597
1713.0000 1695.0869 4.9503 35.1585
1715.0000 1697.0579 4.9429 35.1579
1717.0000 1699.0289 4.9396 35.1576
1719.0000 1701.0001 4.9351 35.1572
1721.0000 1702.9708 4.9335 35.1571
1723.0000 1704.9420 4.9327 35.1571
1725.0000 1706.9131 4.9267 35.1564
1727.0000 1708.8840 4.9173 35.1552
1729.0000 1710.8550 4.8922 35.1532
1731.0000 1712.8259 4.8831 35.1528
1733.0000 1714.7969 4.8765 35.1521
1735.0000 1716.7676 4.8711 35.1516
1737.0000 1718.7385 4.8607 35.1505
1739.0000 1720.7097 4.8542 35.1501
1741.0000 1722.6802 4.8447 35.1493
1743.0000 1724.6511 4.8377 35.1485
1745.0000 1726.6221 4.8278 35.1477
1747.0000 1728.5928 4.8243 35.1474
1749.0000 1730.5635 4.8212 35.1471
1751.0000 1732.5343 4.8184 35.1469
1753.0000 1734.5051 4.8111 35.1461
1755.0000 1736.4757 4.8048 35.1454
1757.0000 1738.4464 4.7991 35.1449
1759.0000 1740.4171 4.7922 35.1443
1761.0000 1742.3878 4.7863 35.1435
1763.0000 1744.3584 4.7742 35.1422
1765.0000 1746.3291 4.7660 35.1414
1767.0000 1748.2998 4.7595 35.1407
1769.0000 1750.2701 4.7459 35.1391
1771.0000 1752.2408 4.7367 35.1380
1773.0000 1754.2115 4.7203 35.1363
1775.0000 1756.1821 4.7092 35.1352
1777.0000 1758.1525 4.7076 35.1351
1779.0000 1760.1229 4.7052 35.1349
1781.0000 1762.0936 4.7055 35.1350
1783.0000 1764.0637 4.6985 35.1342
1785.0000 1766.0344 4.6895 35.1335
1787.0000 1768.0048 4.6848 35.1329
1789.0000 1769.9755 4.6778 35.1323
1791.0000 1771.9456 4.6738 35.1320
1793.0000 1773.9161 4.6697 35.1315
1795.0000 1775.8865 4.6634 35.1307
1797.0000 1777.8566 4.6556 35.1299
1799.0000 1779.8270 4.6419 35.1286
1801.0000 1781.7974 4.6403 35.1286
1803.0000 1783.7675 4.6369 35.1280
1805.0000 1785.7378 4.6323 35.1277
1807.0000 1787.7083 4.6278 35.1269
1809.0000 1789.6783 4.6195 35.1260
1811.0000 1791.6484 4.6112 35.1250
1813.0000 1793.6188 4.5919 35.1227
1815.0000 1795.5891 4.5745 35.1206
1817.0000 1797.5590 4.5681 35.1200
1819.0000 1799.5293 4.5663 35.1196
1821.0000 1801.4994 4.5630 35.1193
1823.0000 1803.4696 4.5543 35.1183
1825.0000 1805.4393 4.5468 35.1177
1827.0000 1807.4097 4.5436 35.1174
1829.0000 1809.3795 4.5372 35.1166
1831.0000 1811.3496 4.5261 35.1154
1833.0000 1813.3196 4.5156 35.1144
1835.0000 1815.2898 4.5104 35.1137
1837.0000 1817.2596 4.5023 35.1129
1839.0000 1819.2296 4.4969 35.1122
1841.0000 1821.1995 4.4816 35.1102
1843.0000 1823.1696 4.4732 35.1094
1845.0000 1825.1393 4.4697 35.1091
1847.0000 1827.1091 4.4664 35.1088
1849.0000 1829.0790 4.4652 35.1087
1851.0000 1831.0491 4.4623 35.1083
1853.0000 1833.0186 4.4601 35.1080
1855.0000 1834.9885 4.4558 35.1077
1857.0000 1836.9584 4.4510 35.1069
1859.0000 1838.9281 4.4451 35.1061
1861.0000 1840.8977 4.4407 35.1056
1863.0000 1842.8676 4.4315 35.1043
1865.0000 1844.8372 4.4191 35.1033
1867.0000 1846.8070 4.4109 35.1025
1869.0000 1848.7769 4.4061 35.1018
1871.0000 1850.7463 4.3983 35.1011
1873.0000 1852.7161 4.3901 35.1004
1875.0000 1854.6854 4.3862 35.0998
1877.0000 1856.6554 4.3801 35.0989
1879.0000 1858.6246 4.3723 35.0982
1881.0000 1860.5944 4.3626 35.0968
1883.0000 1862.5640 4.3435 35.0941
1885.0000 1864.5337 4.3367 35.0930
1887.0000 1866.5029 4.3292 35.0921
1889.0000 1868.4724 4.3262 35.0922
1891.0000 1870.4420 4.3196 35.0913
1893.0000 1872.4114 4.3143 35.0910
1895.0000 1874.3810 4.3079 35.0908
1897.0000 1876.3502 4.2942 35.0897
1899.0000 1878.3197 4.2922 35.0901
1901.0000 1880.2889 4.2903 35.0906
1903.0000 1882.2584 4.2908 35.0909
1905.0000 1884.2277 4.2897 35.0908
1907.0000 1886.1970 4.2875 35.0903
1909.0000 1888.1664 4.2805 35.0894
1911.0000 1890.1357 4.2703 35.0883
1913.0000 1892.1051 4.2606 35.0879
1915.0000 1894.0742 4.2658 35.0883
1917.0000 1896.0435 4.2607 35.0883
1919.0000 1898.0127 4.2582 35.0877
1921.0000 1899.9818 4.2472 35.0859
1923.0000 1901.9513 4.2367 35.0846
1925.0000 1903.9203 4.2302 35.0835
1927.0000 1905.8894 4.2255 35.0830
1929.0000 1907.8584 4.2245 35.0834
1931.0000 1909.8276 4.2206 35.0832
1933.0000 1911.7969 4.2094 35.0820
1935.0000 1913.7657 4.1946 35.0801
1937.0000 1915.7350 4.1872 35.0795
1939.0000 1917.7039 4.1877 35.0798
1941.0000 1919.6729 4.1841 35.0793
1943.0000 1921.6420 4.1748 35.0785
1945.0000 1923.6110 4.1613 35.0773
1947.0000 1925.5801 4.1552 35.0769
1949.0000 1927.5487 4.1535 35.0768
1951.0000 1929.5179 4.1542 35.0770
1953.0000 1931.4869 4.1540 35.0768
1955.0000 1933.4554 4.1522 35.0768
1957.0000 1935.4244 4.1482 35.0762
1959.0000 1937.3933 4.1433 35.0755
1961.0000 1939.3623 4.1334 35.0739
1963.0000 1941.3309 4.1182 35.0722
1965.0000 1943.2998 4.1123 35.0716
1967.0000 1945.2687 4.1079 35.0708
1969.0000 1947.2374 4.0955 35.0694
1971.0000 1949.2061 4.0894 35.0690
1973.0000 1951.1749 4.0873 35.0688
1975.0000 1953.1436 4.0848 35.0685
1977.0000 1955.1122 4.0814 35.0681
1979.0000 1957.0811 4.0784 35.0678
1981.0000 1959.0497 4.0754 35.0674
1983.0000 1961.0181 4.0732 35.0672
1985.0000 1962.9869 4.0717 35.0669
1987.0000 1964.9556 4.0666 35.0662
1989.0000 1966.9242 4.0638 35.0659
1991.0000 1968.8926 4.0621 35.0656
1993.0000 1970.8612 4.0570 35.0651
1995.0000 1972.8298 4.0490 35.0644
1997.0000 1974.7983 4.0479 35.0644
1999.0000 1976.7667 4.0471 35.0643
2001.0000 1978.7354 4.0454 35.0641
2003.0000 1980.7037 4.0423 35.0638
2005.0000 1982.6720 4.0346 35.0628
2007.0000 1984.6406 4.0238 35.0618
2009.0000 1986.6088 4.0183 35.0613
2011.0000 1988.5773 4.0155 35.0611
2013.0000 1990.5457 4.0120 35.0607
2015.0000 1992.5140 4.0071 35.0604
2017.0000 1994.4823 4.0065 35.0601
2019.0000 1996.4507 4.0059 35.0603
2021.0000 1998.4191 4.0053 35.0600
2023.0000 2000.3873 4.0047 35.0599
2025.0000 2002.3556 4.0026 35.0596
2027.0000 2004.3237 4.0005 35.0593
2029.0000 2006.2920 3.9965 35.0591
2031.0000 2008.2601 3.9951 35.0590
2033.0000 2010.2284 3.9939 35.0588
2035.0000 2012.1965 3.9917 35.0584
2037.0000 2014.1648 3.9879 35.0579
2039.0000 2016.1328 3.9831 35.0576
2041.0000 2018.1008 3.9807 35.0573
2043.0000 2020.0690 3.9735 35.0565
2045.0000 2022.0370 3.9695 35.0562
2047.0000 2024.0050 3.9652 35.0560
2049.0000 2025.9733 3.9635 35.0559
2051.0000 2027.9414 3.9588 35.0553
2053.0000 2029.9092 3.9481 35.0545
2055.0000 2031.8772 3.9446 35.0542
2057.0000 2033.8452 3.9439 35.0543
2059.0000 2035.8130 3.9417 35.0539
2061.0000 2037.7810 3.9411 35.0539
2063.0000 2039.7490 3.9407 35.0540
2065.0000 2041.7168 3.9396 35.0538
2067.0000 2043.6846 3.9383 35.0536
2069.0000 2045.6526 3.9371 35.0535
2071.0000 2047.6206 3.9324 35.0529
2073.0000 2049.5881 3.9296 35.0525
2075.0000 2051.5559 3.9256 35.0522
2077.0000 2053.5239 3.9228 35.0524
2079.0000 2055.4915 3.9150 35.0515
2081.0000 2057.4595 3.9059 35.0507
2083.0000 2059.4272 3.8975 35.0496
2085.0000 2061.3950 3.8890 35.0488
2087.0000 2063.3625 3.8877 35.0487
2089.0000 2065.3301 3.8864 35.0479
2091.0000 2067.2979 3.8727 35.0469
2093.0000 2069.2654 3.8609 35.0457
2095.0000 2071.2332 3.8557 35.0453
2097.0000 2073.2007 3.8500 35.0446
2099.0000 2075.1685 3.8412 35.0441
2101.0000 2077.1357 3.8405 35.0441
2103.0000 2079.1035 3.8355 35.0437
2105.0000 2081.0710 3.8340 35.0434
2107.0000 2083.0383 3.8306 35.0430
2109.0000 2085.0059 3.8236 35.0422
2111.0000 2086.9734 3.8182 35.0420
2113.0000 2088.9409 3.8180 35.0420
2115.0000 2090.9082 3.8164 35.0419
2117.0000 2092.8757 3.8132 35.0415
2119.0000 2094.8433 3.8065 35.0410
2121.0000 2096.8103 3.8010 35.0406
2123.0000 2098.7778 3.7980 35.0403
2125.0000 2100.7454 3.7940 35.0399
2127.0000 2102.7124 3.7910 35.0395
2129.0000 2104.6802 3.7878 35.0393
2131.0000 2106.6472 3.7852 35.0391
2133.0000 2108.6145 3.7837 35.0389
2135.0000 2110.5818 3.7803 35.0385
2137.0000 2112.5491 3.7739 35.0379
2139.0000 2114.5161 3.7684 35.0373
2141.0000 2116.4832 3.7609 35.0366
2143.0000 2118.4507 3.7574 35.0364
2145.0000 2120.4177 3.7554 35.0362
2147.0000 2122.3853 3.7504 35.0356
2149.0000 2124.3518 3.7485 35.0354
2151.0000 2126.3191 3.7454 35.0349
2153.0000 2128.2864 3.7425 35.0346
2155.0000 2130.2534 3.7410 35.0346
2157.0000 2132.2205 3.7393 35.0343
2159.0000 2134.1875 3.7334 35.0337
2161.0000 2136.1545 3.7306 35.0335
2163.0000 2138.1213 3.7263 35.0330
2165.0000 2140.0886 3.7220 35.0327
2167.0000 2142.0557 3.7210 35.0325
2169.0000 2144.0222 3.7198 35.0325
2171.0000 2145.9893 3.7126 35.0316
2173.0000 2147.9563 3.7078 35.0313
2175.0000 2149.9233 3.7042 35.0308
2177.0000 2151.8901 3.7020 35.0306
2179.0000 2153.8569 3.7002 35.0304
2181.0000 2155.8237 3.7000 35.0304
2183.0000 2157.7905 3.6962 35.0301
2185.0000 2159.7576 3.6915 35.0299
2187.0000 2161.7241 3.6897 35.0300
2189.0000 2163.6909 3.6904 35.0302
2191.0000 2165.6575 3.6896 35.0301
2193.0000 2167.6245 3.6891 35.0301
2195.0000 2169.5911 3.6879 35.0300
2197.0000 2171.5576 3.6853 35.0295
2199.0000 2173.5247 3.6847 35.0295
2201.0000 2175.4915 3.6846 35.0296
2203.0000 2177.4578 3.6849 35.0294
2205.0000 2179.4246 3.6821 35.0290
2207.0000 2181.3911 3.6777 35.0286
2209.0000 2183.3577 3.6795 35.0292
2211.0000 2185.3242 3.6808 35.0296
2213.0000 2187.2908 3.6685 35.0277
2215.0000 2189.2573 3.6601 35.0271
2217.0000 2191.2236 3.6563 35.0270
2219.0000 2193.1902 3.6528 35.0267
2221.0000 2195.1570 3.6502 35.0265
2223.0000 2197.1235 3.6478 35.0264
2225.0000 2199.0898 3.6429 35.0258
2227.0000 2201.0564 3.6392 35.0255
2229.0000 2203.0225 3.6287 35.0244
2231.0000 2204.9888 3.6227 35.0236
2233.0000 2206.9553 3.6146 35.0226
2235.0000 2208.9216 3.6153 35.0227
2237.0000 2210.8882 3.6078 35.0219
2239.0000 2212.8542 3.5995 35.0211
2241.0000 2214.8208 3.5964 35.0212
2243.0000 2216.7871 3.5947 35.0213
2245.0000 2218.7532 3.5916 35.0211
2247.0000 2220.7195 3.5889 35.0208
2249.0000 2222.6858 3.5828 35.0202
2251.0000 2224.6521 3.5792 35.0198
2253.0000 2226.6182 3.5761 35.0195
2255.0000 2228.5842 3.5741 35.0195
2257.0000 2230.5505 3.5712 35.0192
2259.0000 2232.5164 3.5693 35.0191
2261.0000 2234.4827 3.5690 35.0190
2263.0000 2236.4487 3.5667 35.0188
2265.0000 2238.4146 3.5660 35.0188
2267.0000 2240.3809 3.5645 35.0186
2269.0000 2242.3472 3.5624 35.0183
2271.0000 2244.3132 3.5588 35.0180
2273.0000 2246.2791 3.5564 35.0177
2275.0000 2248.2449 3.5588 35.0178
2277.0000 2250.2112 3.5493 35.0168
2279.0000 2252.1770 3.5447 35.0164
2281.0000 2254.1426 3.5418 35.0159
2283.0000 2256.1089 3.5386 35.0159
2285.0000 2258.0747 3.5387 35.0156
2287.0000 2260.0405 3.5317 35.0150
2289.0000 2262.0066 3.5288 35.0147
2291.0000 2263.9724 3.5257 35.0144
2293.0000 2265.9380 3.5216 35.0142
2295.0000 2267.9041 3.5180 35.0137
2297.0000 2269.8699 3.5121 35.0130
2299.0000 2271.8357 3.5030 35.0121
2301.0000 2273.8013 3.4959 35.0113
2303.0000 2275.7673 3.4894 35.0107
2305.0000 2277.7329 3.4856 35.0103
2307.0000 2279.6982 3.4836 35.0101
2309.0000 2281.6641 3.4823 35.0100
2311.0000 2283.6299 3.4804 35.0099
2313.0000 2285.5955 3.4765 35.0095
2315.0000 2287.5610 3.4747 35.0094
2317.0000 2289.5266 3.4733 35.0092
2319.0000 2291.4924 3.4717 35.0089
2321.0000 2293.4578 3.4675 35.0085
2323.0000 2295.4236 3.4633 35.0082
2325.0000 2297.3889 3.4628 35.0081
2327.0000 2299.3545 3.4612 35.0080
2329.0000 2301.3201 3.4602 35.0080
2331.0000 2303.2856 3.4598 35.0079
2333.0000 2305.2512 3.4582 35.0078
2335.0000 2307.2166 3.4551 35.0074
2337.0000 2309.1819 3.4534 35.0073
2339.0000 2311.1475 3.4467 35.0064
2341.0000 2313.1128 3.4410 35.0061
2343.0000 2315.0781 3.4370 35.0057
2345.0000 2317.0435 3.4329 35.0055
2347.0000 2319.0088 3.4296 35.0050
2349.0000 2320.9741 3.4228 35.0045
2351.0000 2322.9392 3.4222 35.0046
2353.0000 2324.9048 3.4241 35.0046
2355.0000 2326.8699 3.4216 35.0044
2357.0000 2328.8352 3.4175 35.0041
2359.0000 2330.8003 3.4172 35.0041
2361.0000 2332.7656 3.4123 35.0035
2363.0000 2334.7307 3.4034 35.0027
2365.0000 2336.6960 3.3994 35.0024
2367.0000 2338.6614 3.3979 35.0023
2369.0000 2340.6262 3.3961 35.0021
2371.0000 2342.5913 3.3952 35.0021
2373.0000 2344.5566 3.3915 35.0017
2375.0000 2346.5217 3.3865 35.0013
2377.0000 2348.4868 3.3848 35.0011
2379.0000 2350.4519 3.3832 35.0009
2381.0000 2352.4170 3.3784 35.0003
2383.0000 2354.3818 3.3710 34.9996
2385.0000 2356.3469 3.3687 34.9993
2387.0000 2358.3120 3.3637 34.9991
2389.0000 2360.2769 3.3609 34.9987
2391.0000 2362.2419 3.3570 34.9983
2393.0000 2364.2068 3.3547 34.9980
2395.0000 2366.1719 3.3488 34.9975
2397.0000 2368.1365 3.3446 34.9972
2399.0000 2370.1016 3.3383 34.9966
2401.0000 2372.0664 3.3366 34.9965
2403.0000 2374.0310 3.3355 34.9965
2405.0000 2375.9958 3.3338 34.9962
2407.0000 2377.9607 3.3307 34.9958
2409.0000 2379.9255 3.3287 34.9957
2411.0000 2381.8901 3.3266 34.9955
2413.0000 2383.8550 3.3237 34.9951
2415.0000 2385.8198 3.3190 34.9948
2417.0000 2387.7844 3.3170 34.9946
2419.0000 2389.7495 3.3126 34.9941
2421.0000 2391.7141 3.3075 34.9938
2423.0000 2393.6787 3.3058 34.9936
2425.0000 2395.6433 3.3045 34.9936
2427.0000 2397.6079 3.3044 34.9934
2429.0000 2399.5728 3.3025 34.9932
2431.0000 2401.5371 3.2998 34.9930
2433.0000 2403.5017 3.2946 34.9925
2435.0000 2405.4663 3.2895 34.9918
2437.0000 2407.4309 3.2862 34.9916
2439.0000 2409.3953 3.2854 34.9915
2441.0000 2411.3596 3.2820 34.9911
2443.0000 2413.3245 3.2785 34.9908
2445.0000 2415.2886 3.2766 34.9906
2447.0000 2417.2529 3.2727 34.9902
2449.0000 2419.2178 3.2681 34.9896
2451.0000 2421.1819 3.2607 34.9890
2453.0000 2423.1462 3.2581 34.9888
2455.0000 2425.1108 3.2564 34.9887
2457.0000 2427.0754 3.2557 34.9886
2459.0000 2429.0393 3.2550 34.9885
2461.0000 2431.0039 3.2525 34.9882
2463.0000 2432.9683 3.2449 34.9874
2465.0000 2434.9324 3.2403 34.9870
2467.0000 2436.8965 3.2340 34.9865
2469.0000 2438.8611 3.2314 34.9863
2471.0000 2440.8252 3.2276 34.9860
2473.0000 2442.7893 3.2270 34.9859
2475.0000 2444.7534 3.2260 34.9858
2477.0000 2446.7178 3.2212 34.9853
2479.0000 2448.6816 3.2169 34.9849
2481.0000 2450.6460 3.2137 34.9846
2483.0000 2452.6104 3.2107 34.9844
2485.0000 2454.5745 3.2080 34.9840
2487.0000 2456.5383 3.2046 34.9838
2489.0000 2458.5024 3.2036 34.9837
2491.0000 2460.4666 3.2011 34.9834
2493.0000 2462.4304 3.1968 34.9830
2495.0000 2464.3945 3.1961 34.9830
2497.0000 2466.3584 3.1956 34.9828
2499.0000 2468.3225 3.1849 34.9817
2501.0000 2470.2864 3.1782 34.9812
2503.0000 2472.2505 3.1782 34.9814
2505.0000 2474.2146 3.1778 34.9812
2507.0000 2476.1782 3.1762 34.9811
2509.0000 2478.1421 3.1758 34.9810
2511.0000 2480.1060 3.1724 34.9807
2513.0000 2482.0701 3.1719 34.9807
2515.0000 2484.0337 3.1709 34.9806
2517.0000 2485.9973 3.1674 34.9803
2519.0000 2487.9612 3.1663 34.9801
2521.0000 2489.9250 3.1652 34.9800
2523.0000 2491.8889 3.1637 34.9799
2525.0000 2493.8525 3.1552 34.9788
2527.0000 2495.8162 3.1479 34.9783
2529.0000 2497.7800 3.1475 34.9783
2531.0000 2499.7437 3.1473 34.9783
2533.0000 2501.7075 3.1415 34.9777
2535.0000 2503.6711 3.1383 34.9774
2537.0000 2505.6348 3.1375 34.9774
2539.0000 2507.5984 3.1388 34.9774
2541.0000 2509.5618 3.1394 34.9774
2543.0000 2511.5254 3.1359 34.9771
2545.0000 2513.4890 3.1357 34.9772
2547.0000 2515.4526 3.1357 34.9772
2549.0000 2517.4163 3.1351 34.9771
2551.0000 2519.3799 3.1316 34.9767
2553.0000 2521.3433 3.1296 34.9764
2555.0000 2523.3066 3.1280 34.9764
2557.0000 2525.2700 3.1232 34.9758
2559.0000 2527.2334 3.1190 34.9754
2561.0000 2529.1970 3.1165 34.9752
2563.0000 2531.1604 3.1123 34.9747
2565.0000 2533.1238 3.1080 34.9745
2567.0000 2535.0872 3.1070 34.9743
2569.0000 2537.0503 3.1064 34.9742
2571.0000 2539.0137 3.1028 34.9738
2573.0000 2540.9771 3.1011 34.9737
2575.0000 2542.9407 3.0981 34.9734
2577.0000 2544.9036 3.0963 34.9732
2579.0000 2546.8669 3.0950 34.9732
2581.0000 2548.8303 3.0931 34.9729
2583.0000 2550.7932 3.0883 34.9724
2585.0000 2552.7568 3.0827 34.9718
2587.0000 2554.7200 3.0792 34.9717
2589.0000 2556.6829 3.0837 34.9717
2591.0000 2558.6460 3.0772 34.9714
2593.0000 2560.6094 3.0762 34.9714
2595.0000 2562.5725 3.0708 34.9707
2597.0000 2564.5356 3.0665 34.9704
2599.0000 2566.4985 3.0658 34.9703
2601.0000 2568.4619 3.0647 34.9701
2603.0000 2570.4246 3.0625 34.9699
2605.0000 2572.3875 3.0550 34.9692
2607.0000 2574.3508 3.0497 34.9686
2609.0000 2576.3140 3.0433 34.9681
2611.0000 2578.2766 3.0408 34.9678
2613.0000 2580.2395 3.0387 34.9677
2615.0000 2582.2029 3.0376 34.9675
2617.0000 2584.1655 3.0360 34.9674
2619.0000 2586.1284 3.0361 34.9674
2621.0000 2588.0913 3.0344 34.9671
2623.0000 2590.0542 3.0307 34.9669
2625.0000 2592.0171 3.0303 34.9669
2627.0000 2593.9800 3.0296 34.9668
2629.0000 2595.9429 3.0278 34.9666
2631.0000 2597.9055 3.0252 34.9664
2633.0000 2599.8682 3.0224 34.9660
2635.0000 2601.8313 3.0183 34.9656
2637.0000 2603.7939 3.0147 34.9653
2639.0000 2605.7566 3.0150 34.9654
2641.0000 2607.7190 3.0141 34.9654
2643.0000 2609.6821 3.0113 34.9650
2645.0000 2611.6445 3.0083 34.9647
2647.0000 2613.6074 3.0077 34.9648
2649.0000 2615.5698 3.0074 34.9647
2651.0000 2617.5327 3.0081 34.9646
2653.0000 2619.4951 3.0056 34.9643
2655.0000 2621.4578 2.9997 34.9638
2657.0000 2623.4204 2.9986 34.9638
2659.0000 2625.3828 2.9950 34.9633
2661.0000 2627.3455 2.9929 34.9632
2663.0000 2629.3079 2.9925 34.9631
2665.0000 2631.2703 2.9920 34.9630
2667.0000 2633.2329 2.9915 34.9630
2669.0000 2635.1953 2.9890 34.9628
2671.0000 2637.1577 2.9866 34.9626
2673.0000 2639.1201 2.9859 34.9624
2675.0000 2641.0825 2.9850 34.9623
2677.0000 2643.0452 2.9812 34.9619
2679.0000 2645.0073 2.9800 34.9618
2681.0000 2646.9697 2.9782 34.9617
2683.0000 2648.9321 2.9770 34.9617
2685.0000 2650.8945 2.9749 34.9614
2687.0000 2652.8564 2.9722 34.9610
2689.0000 2654.8191 2.9701 34.9609
2691.0000 2656.7812 2.9689 34.9608
2693.0000 2658.7432 2.9682 34.9607
2695.0000 2660.7056 2.9664 34.9605
2697.0000 2662.6680 2.9662 34.9605
2699.0000 2664.6304 2.9646 34.9604
2701.0000 2666.5923 2.9622 34.9601
2703.0000 2668.5544 2.9613 34.9600
2705.0000 2670.5166 2.9593 34.9599
2707.0000 2672.4785 2.9566 34.9595
2709.0000 2674.4407 2.9536 34.9592
2711.0000 2676.4031 2.9555 34.9592
2713.0000 2678.3647 2.9482 34.9587
2715.0000 2680.3269 2.9481 34.9588
2717.0000 2682.2893 2.9470 34.9587
2719.0000 2684.2512 2.9460 34.9584
2721.0000 2686.2129 2.9404 34.9579
2723.0000 2688.1748 2.9370 34.9577
2725.0000 2690.1372 2.9353 34.9576
2727.0000 2692.0989 2.9342 34.9574
2729.0000 2694.0608 2.9313 34.9571
2731.0000 2696.0229 2.9297 34.9571
2733.0000 2697.9849 2.9282 34.9569
2735.0000 2699.9463 2.9268 34.9567
2737.0000 2701.9084 2.9247 34.9564
2739.0000 2703.8704 2.9225 34.9563
2741.0000 2705.8318 2.9212 34.9563
2743.0000 2707.7939 2.9215 34.9562
2745.0000 2709.7556 2.9213 34.9561
2747.0000 2711.7175 2.9212 34.9562
2749.0000 2713.6792 2.9202 34.9560
2751.0000 2715.6409 2.9175 34.9558
2753.0000 2717.6025 2.9166 34.9557
2755.0000 2719.5642 2.9157 34.9555
2757.0000 2721.5259 2.9150 34.9555
2759.0000 2723.4875 2.9132 34.9553
2761.0000 2725.4495 2.9108 34.9551
2763.0000 2727.4109 2.9089 34.9549
2765.0000 2729.3723 2.9068 34.9547
2767.0000 2731.3342 2.9059 34.9545
2769.0000 2733.2957 2.9052 34.9545
2771.0000 2735.2571 2.9046 34.9544
2773.0000 2737.2188 2.9037 34.9543
2775.0000 2739.1802 2.9021 34.9542
2777.0000 2741.1416 2.9017 34.9541
2779.0000 2743.1033 2.9002 34.9539
2781.0000 2745.0647 2.8961 34.9536
2783.0000 2747.0259 2.8936 34.9533
2785.0000 2748.9875 2.8913 34.9531
2787.0000 2750.9490 2.8876 34.9528
2789.0000 2752.9104 2.8842 34.9524
2791.0000 2754.8716 2.8826 34.9523
2793.0000 2756.8330 2.8821 34.9522
2795.0000 2758.7944 2.8809 34.9522
2797.0000 2760.7556 2.8789 34.9519
2799.0000 2762.7168 2.8767 34.9516
2801.0000 2764.6785 2.8710 34.9511
2803.0000 2766.6394 2.8671 34.9508
2805.0000 2768.6008 2.8656 34.9506
2807.0000 2770.5620 2.8613 34.9503
2809.0000 2772.5234 2.8603 34.9502
2811.0000 2774.4844 2.8585 34.9500
2813.0000 2776.4456 2.8560 34.9498
2815.0000 2778.4067 2.8530 34.9495
2817.0000 2780.3679 2.8513 34.9493
2819.0000 2782.3289 2.8456 34.9487
2821.0000 2784.2903 2.8424 34.9485
2823.0000 2786.2512 2.8424 34.9485
2825.0000 2788.2122 2.8414 34.9484
2827.0000 2790.1733 2.8413 34.9485
2829.0000 2792.1343 2.8413 34.9485
2831.0000 2794.0955 2.8414 34.9485
2833.0000 2796.0564 2.8400 34.9483
2835.0000 2798.0173 2.8390 34.9481
2837.0000 2799.9785 2.8371 34.9479
2839.0000 2801.9392 2.8357 34.9479
2841.0000 2803.9004 2.8355 34.9477
2843.0000 2805.8613 2.8343 34.9475
2845.0000 2807.8220 2.8309 34.9473
2847.0000 2809.7830 2.8302 34.9473
2849.0000 2811.7437 2.8284 34.9470
2851.0000 2813.7046 2.8246 34.9466
2853.0000 2815.6653 2.8221 34.9465
2855.0000 2817.6265 2.8205 34.9462
2857.0000 2819.5872 2.8174 34.9459
2859.0000 2821.5476 2.8157 34.9459
2861.0000 2823.5088 2.8155 34.9459
2863.0000 2825.4692 2.8150 34.9458
2865.0000 2827.4299 2.8140 34.9457
2867.0000 2829.3906 2.8138 34.9456
2869.0000 2831.3516 2.8123 34.9455
2871.0000 2833.3123 2.8095 34.9452
2873.0000 2835.2727 2.8070 34.9449
2875.0000 2837.2334 2.8051 34.9447
2877.0000 2839.1941 2.8033 34.9445
2879.0000 2841.1543 2.8008 34.9443
2881.0000 2843.1150 2.8000 34.9443
2883.0000 2845.0757 2.8001 34.9443
2885.0000 2847.0361 2.7980 34.9439
2887.0000 2848.9968 2.7957 34.9439
2889.0000 2850.9573 2.7943 34.9437
2891.0000 2852.9180 2.7931 34.9437
2893.0000 2854.8779 2.7927 34.9436
2895.0000 2856.8384 2.7927 34.9435
2897.0000 2858.7991 2.7923 34.9435
2899.0000 2860.7595 2.7913 34.9433
2901.0000 2862.7197 2.7891 34.9432
2903.0000 2864.6802 2.7878 34.9431
2905.0000 2866.6406 2.7874 34.9431
2907.0000 2868.6008 2.7842 34.9425
2909.0000 2870.5613 2.7817 34.9425
2911.0000 2872.5217 2.7796 34.9422
2913.0000 2874.4819 2.7782 34.9420
2915.0000 2876.4421 2.7775 34.9419
2917.0000 2878.4026 2.7765 34.9418
2919.0000 2880.3625 2.7757 34.9418
2921.0000 2882.3228 2.7755 34.9418
2923.0000 2884.2832 2.7746 34.9417
2925.0000 2886.2437 2.7708 34.9412
2927.0000 2888.2034 2.7688 34.9411
2929.0000 2890.1636 2.7670 34.9407
2931.0000 2892.1235 2.7620 34.9405
2933.0000 2894.0842 2.7606 34.9403
2935.0000 2896.0439 2.7601 34.9403
2937.0000 2898.0042 2.7601 34.9403
2939.0000 2899.9641 2.7595 34.9403
2941.0000 2901.9241 2.7592 34.9402
2943.0000 2903.8840 2.7590 34.9401
2945.0000 2905.8442 2.7577 34.9400
2947.0000 2907.8042 2.7567 34.9398
2949.0000 2909.7642 2.7552 34.9397
2951.0000 2911.7239 2.7540 34.9396
2953.0000 2913.6843 2.7529 34.9396
2955.0000 2915.6438 2.7524 34.9394
2957.0000 2917.6038 2.7516 34.9393
2959.0000 2919.5637 2.7509 34.9393
2961.0000 2921.5237 2.7496 34.9392
2963.0000 2923.4834 2.7493 34.9391
2965.0000 2925.4434 2.7488 34.9391
2967.0000 2927.4031 2.7479 34.9390
2969.0000 2929.3628 2.7461 34.9388
2971.0000 2931.3225 2.7455 34.9387
2973.0000 2933.2825 2.7441 34.9386
2975.0000 2935.2419 2.7408 34.9382
2977.0000 2937.2019 2.7390 34.9380
2979.0000 2939.1614 2.7384 34.9381
2981.0000 2941.1213 2.7375 34.9379
2983.0000 2943.0806 2.7350 34.9376
2985.0000 2945.0405 2.7338 34.9375
2987.0000 2947.0002 2.7322 34.9373
2989.0000 2948.9597 2.7312 34.9371
2991.0000 2950.9194 2.7288 34.9370
2993.0000 2952.8789 2.7263 34.9367
2995.0000 2954.8389 2.7243 34.9366
2997.0000 2956.7979 2.7241 34.9365
2999.0000 2958.7578 2.7204 34.9361
3001.0000 2960.7173 2.7192 34.9360
3003.0000 2962.6765 2.7187 34.9360
3005.0000 2964.6360 2.7185 34.9361
3007.0000 2966.5957 2.7179 34.9359
3009.0000 2968.5552 2.7167 34.9357
3011.0000 2970.5144 2.7161 34.9358
3013.0000 2972.4741 2.7135 34.9354
3015.0000 2974.4333 2.7107 34.9352
3017.0000 2976.3926 2.7097 34.9351
3019.0000 2978.3518 2.7082 34.9349
3021.0000 2980.3115 2.7063 34.9347
3023.0000 2982.2710 2.7041 34.9345
3025.0000 2984.2297 2.7054 34.9345
3027.0000 2986.1892 2.7041 34.9343
3029.0000 2988.1484 2.7025 34.9343
3031.0000 2990.1077 2.7015 34.9342
3033.0000 2992.0669 2.7007 34.9341
3035.0000 2994.0261 2.7006 34.9342
3037.0000 2995.9854 2.7001 34.9340
3039.0000 2997.9443 2.6999 34.9338
3041.0000 2999.9038 2.6945 34.9334
3043.0000 3001.8628 2.6928 34.9333
3045.0000 3003.8220 2.6907 34.9331
3047.0000 3005.7812 2.6902 34.9331
3049.0000 3007.7402 2.6892 34.9330
3051.0000 3009.6990 2.6883 34.9329
3053.0000 3011.6582 2.6874 34.9327
3055.0000 3013.6172 2.6870 34.9325
3057.0000 3015.5764 2.6833 34.9323
3059.0000 3017.5352 2.6807 34.9321
3061.0000 3019.4944 2.6798 34.9321
3063.0000 3021.4534 2.6788 34.9319
3065.0000 3023.4121 2.6775 34.9318
3067.0000 3025.3711 2.6770 34.9317
3069.0000 3027.3301 2.6761 34.9317
3071.0000 3029.2893 2.6758 34.9316
3073.0000 3031.2478 2.6765 34.9315
3075.0000 3033.2068 2.6737 34.9313
3077.0000 3035.1658 2.6715 34.9311
3079.0000 3037.1243 2.6693 34.9310
3081.0000 3039.0833 2.6683 34.9308
3083.0000 3041.0422 2.6667 34.9306
3085.0000 3043.0007 2.6655 34.9305
3087.0000 3044.9595 2.6645 34.9304
3089.0000 3046.9182 2.6634 34.9303
3091.0000 3048.8772 2.6618 34.9302
3093.0000 3050.8357 2.6613 34.9301
3095.0000 3052.7942 2.6598 34.9299
3097.0000 3054.7529 2.6590 34.9299
3099.0000 3056.7119 2.6585 34.9298
3101.0000 3058.6702 2.6576 34.9297
3103.0000 3060.6289 2.6566 34.9295
3105.0000 3062.5876 2.6533 34.9292
3107.0000 3064.5459 2.6523 34.9291
3109.0000 3066.5046 2.6505 34.9290
3111.0000 3068.4634 2.6494 34.9288
3113.0000 3070.4214 2.6478 34.9287
3115.0000 3072.3804 2.6473 34.9287
3117.0000 3074.3386 2.6477 34.9286
3119.0000 3076.2971 2.6479 34.9286
3121.0000 3078.2556 2.6473 34.9286
3123.0000 3080.2139 2.6475 34.9287
3125.0000 3082.1724 2.6477 34.9287
3127.0000 3084.1309 2.6478 34.9286
3129.0000 3086.0891 2.6458 34.9284
3131.0000 3088.0476 2.6437 34.9282
3133.0000 3090.0061 2.6430 34.9281
3135.0000 3091.9641 2.6421 34.9281
3137.0000 3093.9226 2.6419 34.9279
3139.0000 3095.8809 2.6415 34.9279
3141.0000 3097.8394 2.6404 34.9278
3143.0000 3099.7974 2.6381 34.9275
3145.0000 3101.7559 2.6360 34.9273
3147.0000 3103.7141 2.6351 34.9273
3149.0000 3105.6721 2.6351 34.9273
3151.0000 3107.6304 2.6349 34.9272
3153.0000 3109.5889 2.6349 34.9273
3155.0000 3111.5464 2.6337 34.9271
3157.0000 3113.5049 2.6327 34.9270
3159.0000 3115.4629 2.6318 34.9269
3161.0000 3117.4209 2.6311 34.9269
3163.0000 3119.3792 2.6304 34.9267
3165.0000 3121.3372 2.6297 34.9267
3167.0000 3123.2952 2.6288 34.9266
3169.0000 3125.2529 2.6282 34.9265
3171.0000 3127.2112 2.6272 34.9264
3173.0000 3129.1694 2.6263 34.9262
3175.0000 3131.1270 2.6247 34.9261
3177.0000 3133.0852 2.6240 34.9261
3179.0000 3135.0432 2.6234 34.9260
3181.0000 3137.0010 2.6198 34.9256
3183.0000 3138.9587 2.6178 34.9255
3185.0000 3140.9170 2.6178 34.9255
3187.0000 3142.8750 2.6172 34.9253
3189.0000 3144.8323 2.6152 34.9252
3191.0000 3146.7903 2.6140 34.9251
3193.0000 3148.7483 2.6133 34.9250
3195.0000 3150.7061 2.6131 34.9249
3197.0000 3152.6638 2.6130 34.9249
3199.0000 3154.6216 2.6129 34.9249
3201.0000 3156.5796 2.6119 34.9247
3203.0000 3158.5369 2.6117 34.9247
3205.0000 3160.4949 2.6116 34.9247
3207.0000 3162.4526 2.6114 34.9247
3209.0000 3164.4106 2.6112 34.9247
3211.0000 3166.3677 2.6105 34.9245
3213.0000 3168.3254 2.6088 34.9243
3215.0000 3170.2832 2.6070 34.9241
3217.0000 3172.2407 2.6052 34.9239
3219.0000 3174.1982 2.6028 34.9237
3221.0000 3176.1560 2.6026 34.9237
3223.0000 3178.1138 2.6024 34.9237
3225.0000 3180.0710 2.6021 34.9236
3227.0000 3182.0283 2.6014 34.9235
3229.0000 3183.9861 2.5993 34.9233
3231.0000 3185.9436 2.5981 34.9232
3233.0000 3187.9011 2.5971 34.9231
3235.0000 3189.8584 2.5955 34.9229
3237.0000 3191.8157 2.5924 34.9226
3239.0000 3193.7732 2.5915 34.9225
3241.0000 3195.7307 2.5910 34.9225
3243.0000 3197.6880 2.5908 34.9224
3245.0000 3199.6453 2.5901 34.9224
3247.0000 3201.6028 2.5896 34.9223
3249.0000 3203.5603 2.5893 34.9222
3251.0000 3205.5171 2.5892 34.9222
3253.0000 3207.4746 2.5886 34.9222
3255.0000 3209.4321 2.5882 34.9222
3257.0000 3211.3894 2.5884 34.9221
3259.0000 3213.3464 2.5882 34.9221
3261.0000 3215.3035 2.5881 34.9220
3263.0000 3217.2610 2.5876 34.9219
3265.0000 3219.2178 2.5865 34.9219
3267.0000 3221.1753 2.5860 34.9218
3269.0000 3223.1326 2.5859 34.9218
3271.0000 3225.0896 2.5860 34.9218
3273.0000 3227.0464 2.5857 34.9217
3275.0000 3229.0039 2.5850 34.9217
3277.0000 3230.9609 2.5844 34.9216
3279.0000 3232.9180 2.5832 34.9213
3281.0000 3234.8750 2.5802 34.9211
3283.0000 3236.8320 2.5794 34.9210
3285.0000 3238.7891 2.5792 34.9210
3287.0000 3240.7458 2.5780 34.9209
3289.0000 3242.7031 2.5776 34.9208
3291.0000 3244.6599 2.5769 34.9207
3293.0000 3246.6167 2.5766 34.9207
3295.0000 3248.5737 2.5764 34.9207
3297.0000 3250.5308 2.5760 34.9206
3299.0000 3252.4875 2.5754 34.9205
3301.0000 3254.4443 2.5749 34.9205
3303.0000 3256.4014 2.5742 34.9203
3305.0000 3258.3584 2.5738 34.9203
3307.0000 3260.3149 2.5741 34.9203
3309.0000 3262.2720 2.5728 34.9202
3311.0000 3264.2288 2.5722 34.9201
3313.0000 3266.1853 2.5717 34.9201
3315.0000 3268.1418 2.5708 34.9199
3317.0000 3270.0989 2.5698 34.9199
3319.0000 3272.0557 2.5693 34.9197
3321.0000 3274.0122 2.5678 34.9196
3323.0000 3275.9690 2.5666 34.9195
3325.0000 3277.9255 2.5660 34.9194
3327.0000 3279.8821 2.5642 34.9192
3329.0000 3281.8389 2.5630 34.9190
3331.0000 3283.7957 2.5619 34.9190
3333.0000 3285.7522 2.5621 34.9189
3335.0000 3287.7087 2.5614 34.9188
3337.0000 3289.6650 2.5605 34.9188
3339.0000 3291.6218 2.5592 34.9187
3341.0000 3293.5781 2.5581 34.9185
3343.0000 3295.5347 2.5542 34.9180
3345.0000 3297.4915 2.5520 34.9179
3347.0000 3299.4480 2.5513 34.9179
3349.0000 3301.4043 2.5513 34.9179
3351.0000 3303.3606 2.5513 34.9180
3353.0000 3305.3171 2.5507 34.9178
3355.0000 3307.2732 2.5491 34.9176
3357.0000 3309.2297 2.5504 34.9176
3359.0000 3311.1863 2.5485 34.9175
3361.0000 3313.1428 2.5483 34.9175
3363.0000 3315.0989 2.5486 34.9175
3365.0000 3317.0554 2.5483 34.9175
3367.0000 3319.0115 2.5480 34.9173
3369.0000 3320.9675 2.5467 34.9172
3371.0000 3322.9241 2.5449 34.9172
3373.0000 3324.8804 2.5449 34.9171
3375.0000 3326.8364 2.5451 34.9171
3377.0000 3328.7927 2.5450 34.9171
3379.0000 3330.7490 2.5446 34.9170
3381.0000 3332.7053 2.5443 34.9169
3383.0000 3334.6611 2.5436 34.9169
3385.0000 3336.6174 2.5429 34.9168
3387.0000 3338.5735 2.5428 34.9167
3389.0000 3340.5293 2.5424 34.9167
3391.0000 3342.4856 2.5415 34.9166
3393.0000 3344.4417 2.5405 34.9165
3395.0000 3346.3979 2.5397 34.9164
3397.0000 3348.3540 2.5395 34.9163
3399.0000 3350.3098 2.5391 34.9163
3401.0000 3352.2661 2.5391 34.9162
3403.0000 3354.2217 2.5372 34.9159
3405.0000 3356.1775 2.5344 34.9158
3407.0000 3358.1338 2.5323 34.9155
3409.0000 3360.0896 2.5314 34.9155
3411.0000 3362.0452 2.5312 34.9156
3413.0000 3364.0015 2.5297 34.9152
3415.0000 3365.9575 2.5289 34.9152
3417.0000 3367.9128 2.5293 34.9151
3419.0000 3369.8691 2.5269 34.9150
3421.0000 3371.8252 2.5270 34.9150
3423.0000 3373.7810 2.5269 34.9150
3425.0000 3375.7366 2.5270 34.9150
3427.0000 3377.6924 2.5271 34.9149
3429.0000 3379.6479 2.5269 34.9149
3431.0000 3381.6033 2.5261 34.9147
3433.0000 3383.5593 2.5257 34.9147
3435.0000 3385.5151 2.5254 34.9146
3437.0000 3387.4707 2.5248 34.9146
3439.0000 3389.4265 2.5245 34.9145
3441.0000 3391.3821 2.5240 34.9146
3443.0000 3393.3379 2.5232 34.9144
3445.0000 3395.2935 2.5228 34.9143
3447.0000 3397.2488 2.5228 34.9143
3449.0000 3399.2046 2.5220 34.9141
3451.0000 3401.1602 2.5208 34.9140
3453.0000 3403.1157 2.5206 34.9141
3455.0000 3405.0715 2.5201 34.9139
3457.0000 3407.0271 2.5197 34.9139
3459.0000 3408.9822 2.5196 34.9139
3461.0000 3410.9380 2.5193 34.9138
3463.0000 3412.8933 2.5190 34.9138
3465.0000 3414.8486 2.5189 34.9138
3467.0000 3416.8040 2.5188 34.9138
3469.0000 3418.7595 2.5187 34.9137
3471.0000 3420.7148 2.5186 34.9138
3473.0000 3422.6699 2.5185 34.9137
3475.0000 3424.6255 2.5183 34.9136
3477.0000 3426.5808 2.5184 34.9137
3479.0000 3428.5361 2.5183 34.9135
3481.0000 3430.4915 2.5181 34.9135
3483.0000 3432.4470 2.5177 34.9134
3485.0000 3434.4021 2.5159 34.9133
3487.0000 3436.3572 2.5144 34.9131
3489.0000 3438.3125 2.5120 34.9128
3491.0000 3440.2676 2.5108 34.9127
3493.0000 3442.2227 2.5104 34.9126
3495.0000 3444.1782 2.5099 34.9127
3497.0000 3446.1333 2.5098 34.9127
3499.0000 3448.0884 2.5097 34.9126
3501.0000 3450.0432 2.5093 34.9126
3503.0000 3451.9988 2.5088 34.9125
3505.0000 3453.9539 2.5085 34.9124
3507.0000 3455.9084 2.5081 34.9123
3509.0000 3457.8640 2.5077 34.9123
3511.0000 3459.8191 2.5069 34.9122
3513.0000 3461.7737 2.5061 34.9121
3515.0000 3463.7288 2.5059 34.9121
3517.0000 3465.6838 2.5058 34.9121
3519.0000 3467.6387 2.5052 34.9120
3521.0000 3469.5940 2.5052 34.9121
3523.0000 3471.5488 2.5053 34.9119
3525.0000 3473.5034 2.5047 34.9119
3527.0000 3475.4583 2.5042 34.9119
3529.0000 3477.4133 2.5039 34.9118
3531.0000 3479.3684 2.5038 34.9118
3533.0000 3481.3232 2.5039 34.9118
3535.0000 3483.2781 2.5039 34.9117
3537.0000 3485.2327 2.5035 34.9116
3539.0000 3487.1877 2.5034 34.9117
3541.0000 3489.1423 2.5031 34.9116
3543.0000 3491.0969 2.5015 34.9114
3545.0000 3493.0520 2.5007 34.9113
3547.0000 3495.0071 2.5004 34.9113
3549.0000 3496.9612 2.4999 34.9112
3551.0000 3498.9163 2.4990 34.9111
3553.0000 3500.8708 2.4980 34.9110
3555.0000 3502.8252 2.4970 34.9109
3557.0000 3504.7803 2.4958 34.9108
3559.0000 3506.7349 2.4952 34.9106
3561.0000 3508.6892 2.4948 34.9107
3563.0000 3510.6438 2.4948 34.9106
3565.0000 3512.5984 2.4948 34.9106
3567.0000 3514.5530 2.4945 34.9106
3569.0000 3516.5073 2.4939 34.9104
3571.0000 3518.4619 2.4919 34.9102
3573.0000 3520.4165 2.4920 34.9102
3575.0000 3522.3708 2.4896 34.9099
3577.0000 3524.3254 2.4878 34.9098
3579.0000 3526.2800 2.4877 34.9098
3581.0000 3528.2341 2.4864 34.9096
3583.0000 3530.1885 2.4856 34.9095
3585.0000 3532.1431 2.4856 34.9095
3587.0000 3534.0977 2.4856 34.9095
3589.0000 3536.0520 2.4850 34.9094
3591.0000 3538.0061 2.4849 34.9094
3593.0000 3539.9607 2.4849 34.9094
3595.0000 3541.9150 2.4847 34.9094
3597.0000 3543.8691 2.4846 34.9093
3599.0000 3545.8235 2.4841 34.9093
3601.0000 3547.7776 2.4837 34.9092
3603.0000 3549.7319 2.4835 34.9091
3605.0000 3551.6860 2.4823 34.9090
3607.0000 3553.6401 2.4820 34.9089
3609.0000 3555.5945 2.4820 34.9089
3611.0000 3557.5486 2.4815 34.9088
3613.0000 3559.5029 2.4798 34.9087
3615.0000 3561.4570 2.4795 34.9086
3617.0000 3563.4109 2.4791 34.9085
3619.0000 3565.3652 2.4788 34.9085
3621.0000 3567.3193 2.4780 34.9085
3623.0000 3569.2734 2.4776 34.9083
3625.0000 3571.2273 2.4766 34.9082
3627.0000 3573.1816 2.4758 34.9081
3629.0000 3575.1353 2.4760 34.9081
3631.0000 3577.0896 2.4759 34.9081
3633.0000 3579.0435 2.4753 34.9080
3635.0000 3580.9976 2.4754 34.9081
3637.0000 3582.9514 2.4755 34.9081
3639.0000 3584.9053 2.4755 34.9079
3641.0000 3586.8594 2.4753 34.9079
3643.0000 3588.8132 2.4754 34.9080
3645.0000 3590.7666 2.4754 34.9079
3647.0000 3592.7207 2.4755 34.9080
3649.0000 3594.6750 2.4753 34.9079
3651.0000 3596.6284 2.4748 34.9077
3653.0000 3598.5823 2.4743 34.9077
3655.0000 3600.5359 2.4736 34.9077
3657.0000 3602.4902 2.4733 34.9076
3659.0000 3604.4436 2.4728 34.9075
3661.0000 3606.3975 2.4727 34.9074
3663.0000 3608.3511 2.4726 34.9074
3665.0000 3610.3044 2.4721 34.9073
3667.0000 3612.2583 2.4721 34.9074
3669.0000 3614.2122 2.4721 34.9073
3671.0000 3616.1658 2.4718 34.9072
3673.0000 3618.1194 2.4707 34.9072
3675.0000 3620.0730 2.4702 34.9070
3677.0000 3622.0269 2.4687 34.9069
3679.0000 3623.9802 2.4676 34.9068
3681.0000 3625.9336 2.4668 34.9067
3683.0000 3627.8875 2.4667 34.9067
3685.0000 3629.8408 2.4664 34.9067
3687.0000 3631.7942 2.4661 34.9066
3689.0000 3633.7476 2.4655 34.9065
3691.0000 3635.7017 2.4654 34.9065
3693.0000 3637.6548 2.4653 34.9064
3695.0000 3639.6082 2.4652 34.9064
3697.0000 3641.5618 2.4651 34.9064
3699.0000 3643.5149 2.4648 34.9064
3701.0000 3645.4683 2.4647 34.9063
3703.0000 3647.4221 2.4642 34.9062
3705.0000 3649.3755 2.4625 34.9060
3707.0000 3651.3284 2.4600 34.9058
3709.0000 3653.2817 2.4595 34.9056
3711.0000 3655.2351 2.4595 34.9057
3713.0000 3657.1880 2.4593 34.9058
3715.0000 3659.1418 2.4592 34.9057
3717.0000 3661.0952 2.4588 34.9056
3719.0000 3663.0481 2.4584 34.9055
3721.0000 3665.0012 2.4582 34.9055
3723.0000 3666.9546 2.4583 34.9055
3725.0000 3668.9080 2.4578 34.9055
3727.0000 3670.8608 2.4574 34.9053
3729.0000 3672.8142 2.4577 34.9054
3731.0000 3674.7671 2.4579 34.9053
3733.0000 3676.7205 2.4581 34.9053
3735.0000 3678.6736 2.4582 34.9053
3737.0000 3680.6265 2.4581 34.9053
3739.0000 3682.5798 2.4575 34.9052
3741.0000 3684.5325 2.4569 34.9051
3743.0000 3686.4854 2.4568 34.9051
3745.0000 3688.4387 2.4567 34.9052
3747.0000 3690.3921 2.4566 34.9051
3749.0000 3692.3447 2.4564 34.9051
3751.0000 3694.2976 2.4559 34.9049
3753.0000 3696.2505 2.4551 34.9048
3755.0000 3698.2036 2.4540 34.9047
3757.0000 3700.1565 2.4536 34.9047
3759.0000 3702.1094 2.4535 34.9047
3761.0000 3704.0620 2.4530 34.9046
3763.0000 3706.0149 2.4530 34.9045
3765.0000 3707.9678 2.4524 34.9044
3767.0000 3709.9209 2.4520 34.9044
3769.0000 3711.8733 2.4519 34.9044
3771.0000 3713.8259 2.4511 34.9042
3773.0000 3715.7793 2.4509 34.9043
3775.0000 3717.7314 2.4510 34.9043
3777.0000 3719.6843 2.4514 34.9041
3779.0000 3721.6370 2.4506 34.9041
3781.0000 3723.5901 2.4496 34.9040
3783.0000 3725.5425 2.4487 34.9039
3785.0000 3727.4954 2.4482 34.9039
3787.0000 3729.4478 2.4474 34.9038
3789.0000 3731.4004 2.4469 34.9037
3791.0000 3733.3530 2.4466 34.9037
3793.0000 3735.3059 2.4454 34.9035
3795.0000 3737.2583 2.4449 34.9035
3797.0000 3739.2109 2.4447 34.9033
3799.0000 3741.1636 2.4440 34.9033
3801.0000 3743.1160 2.4432 34.9033
3803.0000 3745.0681 2.4423 34.9030
3805.0000 3747.0210 2.4418 34.9030
3807.0000 3748.9736 2.4417 34.9030
3809.0000 3750.9260 2.4418 34.9030
3811.0000 3752.8779 2.4418 34.9031
3813.0000 3754.8308 2.4413 34.9029
3815.0000 3756.7832 2.4407 34.9028
3817.0000 3758.7351 2.4408 34.9027
3819.0000 3760.6875 2.4400 34.9027
3821.0000 3762.6406 2.4392 34.9025
3823.0000 3764.5923 2.4384 34.9025
3825.0000 3766.5447 2.4380 34.9025
3827.0000 3768.4973 2.4375 34.9024
3829.0000 3770.4497 2.4377 34.9024
3831.0000 3772.4016 2.4378 34.9023
3833.0000 3774.3538 2.4371 34.9022
3835.0000 3776.3062 2.4365 34.9022
3837.0000 3778.2583 2.4366 34.9021
3839.0000 3780.2104 2.4365 34.9022
3841.0000 3782.1628 2.4363 34.9020
3843.0000 3784.1150 2.4352 34.9020
3845.0000 3786.0669 2.4348 34.9020
3847.0000 3788.0188 2.4341 34.9018
3849.0000 3789.9714 2.4334 34.9017
3851.0000 3791.9231 2.4332 34.9017
3853.0000 3793.8752 2.4333 34.9017
3855.0000 3795.8276 2.4334 34.9018
3857.0000 3797.7798 2.4335 34.9017
3859.0000 3799.7317 2.4336 34.9017
3861.0000 3801.6836 2.4338 34.9017
3863.0000 3803.6357 2.4327 34.9015
3865.0000 3805.5874 2.4314 34.9013
3867.0000 3807.5396 2.4309 34.9014
3869.0000 3809.4917 2.4305 34.9013
3871.0000 3811.4434 2.4301 34.9012
3873.0000 3813.3950 2.4290 34.9011
3875.0000 3815.3472 2.4275 34.9009
3877.0000 3817.2993 2.4257 34.9007
3879.0000 3819.2507 2.4254 34.9006
3881.0000 3821.2026 2.4247 34.9006
3883.0000 3823.1545 2.4244 34.9005
3885.0000 3825.1064 2.4246 34.9005
3887.0000 3827.0583 2.4245 34.9005
3889.0000 3829.0100 2.4240 34.9004
3891.0000 3830.9617 2.4233 34.9004
3893.0000 3832.9133 2.4231 34.9004
3895.0000 3834.8650 2.4230 34.9003
3897.0000 3836.8167 2.4221 34.9002
3899.0000 3838.7686 2.4213 34.9000
3901.0000 3840.7202 2.4212 34.9001
3903.0000 3842.6719 2.4214 34.9001
3905.0000 3844.6235 2.4215 34.9001
3907.0000 3846.5747 2.4211 34.9000
3909.0000 3848.5264 2.4203 34.8998
3911.0000 3850.4785 2.4196 34.8998
3913.0000 3852.4294 2.4196 34.8997
3915.0000 3854.3816 2.4195 34.8997
3917.0000 3856.3328 2.4185 34.8996
3919.0000 3858.2844 2.4184 34.8996
3921.0000 3860.2358 2.4181 34.8995
3923.0000 3862.1875 2.4183 34.8995
3925.0000 3864.1387 2.4175 34.8994
3927.0000 3866.0901 2.4177 34.8996
3929.0000 3868.0417 2.4177 34.8995
3931.0000 3869.9929 2.4174 34.8994
3933.0000 3871.9446 2.4166 34.8993
3935.0000 3873.8955 2.4160 34.8992
3937.0000 3875.8472 2.4159 34.8991
3939.0000 3877.7986 2.4157 34.8991
3941.0000 3879.7495 2.4156 34.8991
3943.0000 3881.7012 2.4150 34.8989
3945.0000 3883.6523 2.4140 34.8988
3947.0000 3885.6038 2.4135 34.8989
3949.0000 3887.5549 2.4135 34.8989
3951.0000 3889.5061 2.4126 34.8986
3953.0000 3891.4575 2.4117 34.8984
3955.0000 3893.4084 2.4116 34.8985
3957.0000 3895.3596 2.4115 34.8984
3959.0000 3897.3108 2.4111 34.8984
3961.0000 3899.2617 2.4113 34.8984
3963.0000 3901.2134 2.4111 34.8983
3965.0000 3903.1643 2.4110 34.8983
3967.0000 3905.1155 2.4109 34.8983
3969.0000 3907.0664 2.4114 34.8982
3971.0000 3909.0173 2.4110 34.8982
3973.0000 3910.9690 2.4107 34.8982
3975.0000 3912.9194 2.4105 34.8981
3977.0000 3914.8704 2.4102 34.8981
3979.0000 3916.8215 2.4102 34.8980
3981.0000 3918.7727 2.4096 34.8980
3983.0000 3920.7236 2.4099 34.8978
3985.0000 3922.6746 2.4096 34.8979
3987.0000 3924.6255 2.4093 34.8979
3989.0000 3926.5762 2.4091 34.8979
3991.0000 3928.5271 2.4088 34.8978
3993.0000 3930.4783 2.4086 34.8978
3995.0000 3932.4292 2.4085 34.8977
3997.0000 3934.3796 2.4085 34.8976
3999.0000 3936.3306 2.4085 34.8975
4001.0000 3938.2812 2.4084 34.8976
4003.0000 3940.2322 2.4086 34.8976
4005.0000 3942.1826 2.4085 34.8976
4007.0000 3944.1340 2.4082 34.8976
4009.0000 3946.0845 2.4078 34.8975
4011.0000 3948.0352 2.4078 34.8974
4013.0000 3949.9856 2.4078 34.8975
4015.0000 3951.9365 2.4077 34.8974
4017.0000 3953.8870 2.4076 34.8974
4019.0000 3955.8379 2.4075 34.8974
4021.0000 3957.7886 2.4068 34.8973
4023.0000 3959.7388 2.4064 34.8972
4025.0000 3961.6895 2.4063 34.8972
4027.0000 3963.6404 2.4061 34.8972
4029.0000 3965.5913 2.4059 34.8971
4031.0000 3967.5413 2.4058 34.8971
4033.0000 3969.4922 2.4056 34.8971
4035.0000 3971.4426 2.4050 34.8970
4037.0000 3973.3926 2.4047 34.8968
4039.0000 3975.3435 2.4040 34.8968
4041.0000 3977.2939 2.4043 34.8968
4043.0000 3979.2446 2.4044 34.8968
4045.0000 3981.1943 2.4045 34.8968
4047.0000 3983.1453 2.4036 34.8966
4049.0000 3985.0957 2.4033 34.8965
4051.0000 3987.0461 2.4032 34.8965
4053.0000 3988.9961 2.4031 34.8965
4055.0000 3990.9468 2.4031 34.8965
4057.0000 3992.8970 2.4032 34.8966
4059.0000 3994.8474 2.4026 34.8963
4061.0000 3996.7974 2.4021 34.8963
4063.0000 3998.7483 2.4016 34.8962
4065.0000 4000.6978 2.4010 34.8962
4067.0000 4002.6482 2.4006 34.8960
4069.0000 4004.5986 2.4003 34.8961
4071.0000 4006.5491 2.3984 34.8957
4073.0000 4008.4988 2.3973 34.8957
4075.0000 4010.4492 2.3974 34.8955
4077.0000 4012.3992 2.3972 34.8957
4079.0000 4014.3496 2.3972 34.8956
4081.0000 4016.2996 2.3973 34.8956
4083.0000 4018.2500 2.3974 34.8955
4085.0000 4020.1997 2.3967 34.8954
4087.0000 4022.1497 2.3961 34.8954
4089.0000 4024.0996 2.3964 34.8954
4091.0000 4026.0500 2.3968 34.8955
4093.0000 4027.9998 2.3969 34.8954
4095.0000 4029.9502 2.3970 34.8954
4097.0000 4031.8997 2.3968 34.8953
4099.0000 4033.8499 2.3969 34.8952
4101.0000 4035.7998 2.3968 34.8953
4103.0000 4037.7498 2.3967 34.8953
4105.0000 4039.6997 2.3964 34.8953
4107.0000 4041.6494 2.3963 34.8952
4109.0000 4043.5994 2.3960 34.8951
4111.0000 4045.5493 2.3965 34.8950
4113.0000 4047.4985 2.3955 34.8951
4115.0000 4049.4490 2.3941 34.8949
4117.0000 4051.3987 2.3940 34.8948
4119.0000 4053.3486 2.3937 34.8948
4121.0000 4055.2979 2.3930 34.8946
4123.0000 4057.2483 2.3924 34.8946
4125.0000 4059.1978 2.3919 34.8946
4127.0000 4061.1475 2.3919 34.8946
4129.0000 4063.0974 2.3916 34.8945
4131.0000 4065.0471 2.3908 34.8943
4133.0000 4066.9971 2.3900 34.8943
4135.0000 4068.9463 2.3899 34.8943
4137.0000 4070.8958 2.3896 34.8943
4139.0000 4072.8455 2.3893 34.8942
4141.0000 4074.7949 2.3892 34.8942
4143.0000 4076.7446 2.3892 34.8941
4145.0000 4078.6941 2.3893 34.8941
4147.0000 4080.6433 2.3894 34.8942
4149.0000 4082.5935 2.3895 34.8942
4151.0000 4084.5430 2.3897 34.8942
4153.0000 4086.4927 2.3894 34.8941
4155.0000 4088.4417 2.3893 34.8940
4157.0000 4090.3914 2.3895 34.8941
4159.0000 4092.3408 2.3897 34.8940
4161.0000 4094.2898 2.3897 34.8940
4163.0000 4096.2397 2.3897 34.8940
4165.0000 4098.1895 2.3895 34.8939
4167.0000 4100.1387 2.3889 34.8938
4169.0000 4102.0879 2.3883 34.8937
4171.0000 4104.0366 2.3878 34.8937
4173.0000 4105.9863 2.3876 34.8936
4175.0000 4107.9351 2.3863 34.8934
4177.0000 4109.8848 2.3852 34.8933
4179.0000 4111.8345 2.3867 34.8933
4181.0000 4113.7837 2.3850 34.8933
4183.0000 4115.7329 2.3853 34.8932
4185.0000 4117.6821 2.3855 34.8933
4187.0000 4119.6313 2.3853 34.8933
4189.0000 4121.5801 2.3849 34.8931
4191.0000 4123.5293 2.3841 34.8930
4193.0000 4125.4790 2.3830 34.8929
4195.0000 4127.4282 2.3825 34.8928
4197.0000 4129.3770 2.3820 34.8928
4199.0000 4131.3262 2.3821 34.8927
4201.0000 4133.2754 2.3819 34.8927
4203.0000 4135.2246 2.3821 34.8927
4205.0000 4137.1733 2.3821 34.8926
4207.0000 4139.1226 2.3823 34.8926
4209.0000 4141.0718 2.3824 34.8927
4211.0000 4143.0205 2.3822 34.8926
4213.0000 4144.9697 2.3820 34.8927
4215.0000 4146.9185 2.3823 34.8927
4217.0000 4148.8672 2.3822 34.8925
4219.0000 4150.8164 2.3823 34.8924
4221.0000 4152.7651 2.3820 34.8925
4223.0000 4154.7139 2.3819 34.8925
4225.0000 4156.6631 2.3816 34.8924
4227.0000 4158.6118 2.3810 34.8924
4229.0000 4160.5610 2.3809 34.8924
4231.0000 4162.5093 2.3814 34.8922
4233.0000 4164.4585 2.3800 34.8921
4235.0000 4166.4072 2.3796 34.8922
4237.0000 4168.3560 2.3793 34.8921
4239.0000 4170.3047 2.3792 34.8920
4241.0000 4172.2534 2.3791 34.8920
4243.0000 4174.2026 2.3795 34.8920
4245.0000 4176.1509 2.3788 34.8918
4247.0000 4178.0996 2.3785 34.8918
4249.0000 4180.0483 2.3787 34.8919
4251.0000 4181.9971 2.3790 34.8920
4253.0000 4183.9453 2.3791 34.8919
4255.0000 4185.8940 2.3791 34.8918
4257.0000 4187.8433 2.3790 34.8919
4259.0000 4189.7915 2.3785 34.8917
4261.0000 4191.7402 2.3783 34.8917
4263.0000 4193.6890 2.3776 34.8916
4265.0000 4195.6367 2.3773 34.8916
4267.0000 4197.5859 2.3775 34.8915
4269.0000 4199.5347 2.3773 34.8915
4271.0000 4201.4829 2.3773 34.8914
4273.0000 4203.4312 2.3775 34.8913
4275.0000 4205.3799 2.3763 34.8913
4277.0000 4207.3281 2.3762 34.8913
4279.0000 4209.2764 2.3763 34.8913
4281.0000 4211.2251 2.3761 34.8911
4283.0000 4213.1733 2.3758 34.8913
4285.0000 4215.1216 2.3759 34.8912
4287.0000 4217.0698 2.3759 34.8912
4289.0000 4219.0186 2.3761 34.8912
4291.0000 4220.9668 2.3762 34.8912
4293.0000 4222.9150 2.3766 34.8911
4295.0000 4224.8628 2.3769 34.8912
4297.0000 4226.8115 2.3771 34.8911
4299.0000 4228.7598 2.3771 34.8910
4301.0000 4230.7080 2.3770 34.8911
4303.0000 4232.6562 2.3773 34.8910
4305.0000 4234.6045 2.3770 34.8911
4307.0000 4236.5527 2.3770 34.8911
4309.0000 4238.5010 2.3772 34.8910
4311.0000 4240.4492 2.3767 34.8909
4313.0000 4242.3970 2.3760 34.8909
4315.0000 4244.3452 2.3758 34.8908
4317.0000 4246.2935 2.3757 34.8908
4319.0000 4248.2417 2.3755 34.8908
4321.0000 4250.1895 2.3756 34.8908
4323.0000 4252.1377 2.3758 34.8908
4325.0000 4254.0859 2.3760 34.8907
4327.0000 4256.0332 2.3758 34.8907
4329.0000 4257.9819 2.3761 34.8906
4331.0000 4259.9297 2.3761 34.8907
4333.0000 4261.8779 2.3764 34.8907
4335.0000 4263.8252 2.3766 34.8907
4337.0000 4265.7734 2.3767 34.8907
4339.0000 4267.7217 2.3767 34.8907
4341.0000 4269.6689 2.3767 34.8905
4343.0000 4271.6172 2.3770 34.8904
4345.0000 4273.5649 2.3769 34.8906
4347.0000 4275.5127 2.3771 34.8905
4349.0000 4277.4604 2.3772 34.8906
4351.0000 4279.4087 2.3767 34.8905
4353.0000 4281.3564 2.3766 34.8904
4355.0000 4283.3042 2.3764 34.8904
4357.0000 4285.2515 2.3763 34.8903
4359.0000 4287.1997 2.3761 34.8903
4361.0000 4289.1475 2.3764 34.8903
4363.0000 4291.0947 2.3768 34.8903
4365.0000 4293.0430 2.3771 34.8904
4367.0000 4294.9907 2.3771 34.8903
4369.0000 4296.9385 2.3772 34.8903
4371.0000 4298.8853 2.3773 34.8903
4373.0000 4300.8335 2.3773 34.8902
4375.0000 4302.7808 2.3772 34.8902
4377.0000 4304.7285 2.3773 34.8902
4379.0000 4306.6763 2.3773 34.8902
4381.0000 4308.6235 2.3773 34.8902
4383.0000 4310.5713 2.3773 34.8901
4385.0000 4312.5190 2.3769 34.8900
4387.0000 4314.4668 2.3765 34.8900
4389.0000 4316.4136 2.3764 34.8899
4391.0000 4318.3613 2.3763 34.8899
4393.0000 4320.3091 2.3759 34.8899
4395.0000 4322.2563 2.3752 34.8898
4397.0000 4324.2031 2.3751 34.8897
4399.0000 4326.1509 2.3752 34.8897
4401.0000 4328.0986 2.3753 34.8896
4403.0000 4330.0459 2.3750 34.8896
4405.0000 4331.9927 2.3747 34.8895
4407.0000 4333.9404 2.3743 34.8895
4409.0000 4335.8877 2.3742 34.8894
4411.0000 4337.8354 2.3741 34.8894
4413.0000 4339.7827 2.3738 34.8893
4415.0000 4341.7300 2.3728 34.8892
4417.0000 4343.6768 2.3721 34.8891
4419.0000 4345.6240 2.3720 34.8891
4421.0000 4347.5713 2.3723 34.8891
4423.0000 4349.5186 2.3722 34.8891
4425.0000 4351.4658 2.3722 34.8891
4427.0000 4353.4131 2.3721 34.8891
4429.0000 4355.3604 2.3724 34.8891
4431.0000 4357.3071 2.3726 34.8890
4433.0000 4359.2549 2.3727 34.8890
4435.0000 4361.2012 2.3728 34.8890
4437.0000 4363.1484 2.3730 34.8890
4439.0000 4365.0957 2.3729 34.8890
4441.0000 4367.0430 2.3730 34.8889
4443.0000 4368.9902 2.3727 34.8888
4445.0000 4370.9365 2.3727 34.8888
4447.0000 4372.8838 2.3728 34.8888
4449.0000 4374.8311 2.3730 34.8888
4451.0000 4376.7773 2.3729 34.8888
4453.0000 4378.7246 2.3731 34.8888
4455.0000 4380.6714 2.3732 34.8888
4457.0000 4382.6182 2.3728 34.8887
4459.0000 4384.5649 2.3718 34.8885
4461.0000 4386.5122 2.3717 34.8886
4463.0000 4388.4590 2.3717 34.8885
4465.0000 4390.4058 2.3717 34.8885
4467.0000 4392.3525 2.3717 34.8884
4469.0000 4394.2993 2.3722 34.8884
4471.0000 4396.2466 2.3722 34.8885
4473.0000 4398.1934 2.3725 34.8885
4475.0000 4400.1396 2.3728 34.8885
4477.0000 4402.0869 2.3730 34.8884
4479.0000 4404.0332 2.3731 34.8884
4481.0000 4405.9800 2.3734 34.8885
4483.0000 4407.9268 2.3737 34.8884
4485.0000 4409.8730 2.3740 34.8885
4487.0000 4411.8203 2.3743 34.8886
4489.0000 4413.7671 2.3744 34.8885
4491.0000 4415.7134 2.3744 34.8884
4493.0000 4417.6597 2.3744 34.8884
4495.0000 4419.6064 2.3744 34.8884
4497.0000 4421.5532 2.3743 34.8884
4499.0000 4423.4995 2.3741 34.8883
4501.0000 4425.4463 2.3737 34.8882
4503.0000 4427.3931 2.3736 34.8882
4505.0000 4429.3394 2.3736 34.8882
4507.0000 4431.2856 2.3737 34.8881
4509.0000 4433.2319 2.3736 34.8881
4511.0000 4435.1787 2.3730 34.8880
4513.0000 4437.1250 2.3729 34.8880
4515.0000 4439.0718 2.3727 34.8878
4517.0000 4441.0181 2.3725 34.8879
4519.0000 4442.9648 2.3718 34.8878
4521.0000 4444.9102 2.3707 34.8876
4523.0000 4446.8569 2.3707 34.8875
4525.0000 4448.8037 2.3708 34.8876
4527.0000 4450.7495 2.3710 34.8876
4529.0000 4452.6963 2.3711 34.8876
4531.0000 4454.6426 2.3710 34.8876
4533.0000 4456.5889 2.3712 34.8876
4535.0000 4458.5347 2.3714 34.8875
4537.0000 4460.4810 2.3714 34.8876
4539.0000 4462.4272 2.3716 34.8875
4541.0000 4464.3730 2.3717 34.8876
4543.0000 4466.3198 2.3720 34.8875
4545.0000 4468.2661 2.3721 34.8874
4547.0000 4470.2119 2.3723 34.8874
4549.0000 4472.1582 2.3726 34.8875
4551.0000 4474.1045 2.3728 34.8875
4553.0000 4476.0508 2.3727 34.8873
4555.0000 4477.9966 2.3726 34.8874
4557.0000 4479.9424 2.3728 34.8873
4559.0000 4481.8882 2.3730 34.8875
4561.0000 4483.8340 2.3732 34.8875
4563.0000 4485.7803 2.3735 34.8874
4565.0000 4487.7266 2.3738 34.8874
4567.0000 4489.6729 2.3742 34.8873
4569.0000 4491.6187 2.3741 34.8874
4571.0000 4493.5645 2.3741 34.8874
4573.0000 4495.5107 2.3743 34.8874
4575.0000 4497.4565 2.3741 34.8872
4577.0000 4499.4023 2.3740 34.8872
4579.0000 4501.3486 2.3741 34.8872
4581.0000 4503.2939 2.3745 34.8871
4583.0000 4505.2397 2.3744 34.8872
4585.0000 4507.1855 2.3746 34.8873
4587.0000 4509.1313 2.3748 34.8872
4589.0000 4511.0771 2.3747 34.8872
4591.0000 4513.0229 2.3744 34.8871
4593.0000 4514.9688 2.3745 34.8872
4595.0000 4516.9146 2.3743 34.8870
4597.0000 4518.8604 2.3742 34.8869
4599.0000 4520.8062 2.3742 34.8869
4601.0000 4522.7520 2.3742 34.8869
4603.0000 4524.6973 2.3742 34.8868
4605.0000 4526.6431 2.3743 34.8870
4607.0000 4528.5889 2.3743 34.8868
4609.0000 4530.5347 2.3742 34.8869
4611.0000 4532.4805 2.3743 34.8867
4613.0000 4534.4258 2.3747 34.8867
4615.0000 4536.3711 2.3743 34.8868
4617.0000 4538.3164 2.3741 34.8867
4619.0000 4540.2622 2.3743 34.8867
4621.0000 4542.2075 2.3742 34.8867
4623.0000 4544.1528 2.3743 34.8866
4625.0000 4546.0986 2.3744 34.8867
4627.0000 4548.0444 2.3744 34.8866
4629.0000 4549.9897 2.3746 34.8866
4631.0000 4551.9351 2.3747 34.8865
4633.0000 4553.8804 2.3745 34.8865
4635.0000 4555.8262 2.3746 34.8865
4637.0000 4557.7710 2.3747 34.8865
4639.0000 4559.7168 2.3747 34.8865
4641.0000 4561.6626 2.3745 34.8864
4643.0000 4563.6079 2.3746 34.8863
4645.0000 4565.5527 2.3748 34.8863
4647.0000 4567.4980 2.3747 34.8863
4649.0000 4569.4434 2.3751 34.8864
4651.0000 4571.3887 2.3755 34.8863
4653.0000 4573.3340 2.3756 34.8864
4655.0000 4575.2793 2.3757 34.8864
4657.0000 4577.2246 2.3758 34.8863
4659.0000 4579.1699 2.3758 34.8863
4661.0000 4581.1152 2.3762 34.8862
4663.0000 4583.0601 2.3762 34.8863
4665.0000 4585.0049 2.3762 34.8863
4667.0000 4586.9502 2.3763 34.8863
4669.0000 4588.8955 2.3766 34.8862
4671.0000 4590.8403 2.3768 34.8863
4673.0000 4592.7856 2.3769 34.8862
4675.0000 4594.7310 2.3770 34.8862
4677.0000 4596.6763 2.3772 34.8862
4679.0000 4598.6206 2.3772 34.8861
4681.0000 4600.5659 2.3773 34.8861
4683.0000 4602.5112 2.3771 34.8860
4685.0000 4604.4556 2.3771 34.8859
4687.0000 4606.4004 2.3769 34.8859
4689.0000 4608.3457 2.3771 34.8860
4691.0000 4610.2910 2.3773 34.8860
4693.0000 4612.2354 2.3774 34.8861
4695.0000 4614.1807 2.3773 34.8860
4697.0000 4616.1255 2.3773 34.8860
4699.0000 4618.0698 2.3774 34.8860
4701.0000 4620.0151 2.3777 34.8859
4703.0000 4621.9600 2.3779 34.8860
4705.0000 4623.9048 2.3781 34.8859
4707.0000 4625.8496 2.3783 34.8859
4709.0000 4627.7944 2.3783 34.8859
4711.0000 4629.7393 2.3785 34.8859
4713.0000 4631.6836 2.3785 34.8858
4715.0000 4633.6284 2.3787 34.8859
4717.0000 4635.5732 2.3789 34.8859
4719.0000 4637.5186 2.3791 34.8858
4721.0000 4639.4629 2.3794 34.8859
4723.0000 4641.4077 2.3796 34.8859
4725.0000 4643.3525 2.3798 34.8858
4727.0000 4645.2964 2.3800 34.8859
4729.0000 4647.2417 2.3801 34.8858
4731.0000 4649.1860 2.3801 34.8858
4733.0000 4651.1309 2.3802 34.8857
4735.0000 4653.0752 2.3802 34.8857
4737.0000 4655.0195 2.3803 34.8858
4739.0000 4656.9644 2.3804 34.8858
4741.0000 4658.9082 2.3803 34.8857
4743.0000 4660.8530 2.3802 34.8856
4745.0000 4662.7974 2.3802 34.8857
4747.0000 4664.7417 2.3806 34.8856
4749.0000 4666.6860 2.3807 34.8855
4751.0000 4668.6309 2.3810 34.8856
4753.0000 4670.5757 2.3811 34.8856
4755.0000 4672.5200 2.3812 34.8856
4757.0000 4674.4644 2.3814 34.8856
4759.0000 4676.4092 2.3816 34.8855
4761.0000 4678.3525 2.3817 34.8855
4763.0000 4680.2974 2.3818 34.8855
4765.0000 4682.2417 2.3820 34.8856
4767.0000 4684.1860 2.3823 34.8856
4769.0000 4686.1299 2.3823 34.8855
4771.0000 4688.0742 2.3825 34.8854
4773.0000 4690.0186 2.3826 34.8855
4775.0000 4691.9624 2.3827 34.8855
4777.0000 4693.9072 2.3828 34.8855
4779.0000 4695.8516 2.3829 34.8855
4781.0000 4697.7959 2.3830 34.8855
4783.0000 4699.7397 2.3832 34.8854
4785.0000 4701.6841 2.3831 34.8853
4787.0000 4703.6279 2.3831 34.8853
4789.0000 4705.5718 2.3834 34.8853
4791.0000 4707.5161 2.3837 34.8853
4793.0000 4709.4600 2.3840 34.8853
4795.0000 4711.4043 2.3840 34.8853
4797.0000 4713.3486 2.3841 34.8853
4799.0000 4715.2930 2.3842 34.8853
4801.0000 4717.2363 2.3845 34.8853
4803.0000 4719.1802 2.3847 34.8853
4805.0000 4721.1245 2.3849 34.8853
4807.0000 4723.0684 2.3851 34.8852
4809.0000 4725.0122 2.3854 34.8852
4811.0000 4726.9561 2.3856 34.8853
4813.0000 4728.8999 2.3859 34.8852
4815.0000 4730.8447 2.3859 34.8852
4817.0000 4732.7881 2.3859 34.8852
4819.0000 4734.7319 2.3859 34.8851
4821.0000 4736.6758 2.3859 34.8851
4823.0000 4738.6196 2.3861 34.8851
4825.0000 4740.5630 2.3863 34.8852
4827.0000 4742.5068 2.3867 34.8852
4829.0000 4744.4517 2.3869 34.8852
4831.0000 4746.3945 2.3872 34.8852
4833.0000 4748.3384 2.3871 34.8851
4835.0000 4750.2822 2.3873 34.8850
4837.0000 4752.2256 2.3874 34.8849
4839.0000 4754.1694 2.3874 34.8851
4841.0000 4756.1133 2.3877 34.8851
4843.0000 4758.0576 2.3877 34.8850
4845.0000 4760.0005 2.3878 34.8850
4847.0000 4761.9443 2.3879 34.8850
4849.0000 4763.8882 2.3879 34.8849
4851.0000 4765.8311 2.3880 34.8849
4853.0000 4767.7749 2.3883 34.8849
4855.0000 4769.7183 2.3884 34.8849
4857.0000 4771.6626 2.3883 34.8849
4859.0000 4773.6060 2.3887 34.8849
4861.0000 4775.5493 2.3889 34.8848
4863.0000 4777.4927 2.3890 34.8849
4865.0000 4779.4355 2.3893 34.8847
4867.0000 4781.3794 2.3894 34.8848
4869.0000 4783.3232 2.3897 34.8849
4871.0000 4785.2661 2.3900 34.8849
4873.0000 4787.2095 2.3902 34.8849
4875.0000 4789.1533 2.3902 34.8849
4877.0000 4791.0967 2.3903 34.8848
4879.0000 4793.0400 2.3905 34.8848
4881.0000 4794.9834 2.3908 34.8849
4883.0000 4796.9268 2.3911 34.8848
4885.0000 4798.8696 2.3913 34.8848
4887.0000 4800.8130 2.3914 34.8847
4889.0000 4802.7563 2.3915 34.8848
4891.0000 4804.7002 2.3918 34.8849
4893.0000 4806.6431 2.3919 34.8848
4895.0000 4808.5864 2.3920 34.8848
4897.0000 4810.5298 2.3922 34.8847
4899.0000 4812.4722 2.3924 34.8847
4901.0000 4814.4160 2.3925 34.8847
4903.0000 4816.3589 2.3930 34.8846
4905.0000 4818.3022 2.3932 34.8848
4907.0000 4820.2451 2.3935 34.8847
4909.0000 4822.1880 2.3937 34.8848
4911.0000 4824.1318 2.3939 34.8847
4913.0000 4826.0747 2.3941 34.8847
4915.0000 4828.0176 2.3944 34.8847
4917.0000 4829.9609 2.3946 34.8847
4919.0000 4831.9038 2.3949 34.8848
4921.0000 4833.8467 2.3950 34.8848
4923.0000 4835.7896 2.3951 34.8847
4925.0000 4837.7324 2.3954 34.8847
4927.0000 4839.6753 2.3957 34.8846
4929.0000 4841.6187 2.3959 34.8847
4931.0000 4843.5615 2.3962 34.8847
4933.0000 4845.5039 2.3965 34.8847
4935.0000 4847.4468 2.3967 34.8847
4937.0000 4849.3896 2.3968 34.8847
4939.0000 4851.3330 2.3971 34.8846
4941.0000 4853.2754 2.3973 34.8846
4943.0000 4855.2183 2.3975 34.8847
4945.0000 4857.1611 2.3977 34.8847
4947.0000 4859.1040 2.3978 34.8847
4949.0000 4861.0469 2.3980 34.8846
4951.0000 4862.9897 2.3981 34.8846
4953.0000 4864.9326 2.3984 34.8845
4955.0000 4866.8750 2.3985 34.8846
4957.0000 4868.8179 2.3986 34.8846
4959.0000 4870.7607 2.3988 34.8847
4961.0000 4872.7031 2.3990 34.8845
4963.0000 4874.6465 2.3992 34.8846
4965.0000 4876.5889 2.3994 34.8845
4967.0000 4878.5317 2.3996 34.8846
4969.0000 4880.4736 2.3998 34.8844
4971.0000 4882.4165 2.4000 34.8845
4973.0000 4884.3594 2.4001 34.8844
4975.0000 4886.3013 2.4004 34.8845
4977.0000 4888.2437 2.4007 34.8845
4979.0000 4890.1870 2.4008 34.8844
4981.0000 4892.1294 2.4009 34.8844
4983.0000 4894.0718 2.4011 34.8844
4985.0000 4896.0142 2.4015 34.8845
4987.0000 4897.9570 2.4017 34.8845
4989.0000 4899.8989 2.4021 34.8845
4991.0000 4901.8413 2.4023 34.8844
4993.0000 4903.7842 2.4024 34.8844
4995.0000 4905.7261 2.4026 34.8844
4997.0000 4907.6689 2.4029 34.8845
4999.0000 4909.6108 2.4032 34.8845
5001.0000 4911.5537 2.4033 34.8845
5003.0000 4913.4956 2.4035 34.8844
5005.0000 4915.4375 2.4035 34.8844
5007.0000 4917.3804 2.4038 34.8844
5009.0000 4919.3228 2.4039 34.8843
5011.0000 4921.2646 2.4042 34.8844
5013.0000 4923.2070 2.4045 34.8844
5015.0000 4925.1494 2.4044 34.8844
5017.0000 4927.0913 2.4046 34.8844
5019.0000 4929.0337 2.4050 34.8844
5021.0000 4930.9761 2.4052 34.8843
5023.0000 4932.9180 2.4055 34.8843
5025.0000 4934.8599 2.4058 34.8844
5027.0000 4936.8022 2.4059 34.8844
5029.0000 4938.7446 2.4061 34.8843
5031.0000 4940.6860 2.4064 34.8844
5033.0000 4942.6284 2.4068 34.8844
5035.0000 4944.5708 2.4071 34.8842
5037.0000 4946.5127 2.4072 34.8844
5039.0000 4948.4546 2.4072 34.8843
5041.0000 4950.3970 2.4076 34.8841
5043.0000 4952.3389 2.4079 34.8842
5045.0000 4954.2803 2.4082 34.8843
5047.0000 4956.2227 2.4084 34.8844
5049.0000 4958.1650 2.4086 34.8843
5051.0000 4960.1060 2.4086 34.8843
5053.0000 4962.0483 2.4087 34.8842
5055.0000 4963.9902 2.4087 34.8842
5057.0000 4965.9321 2.4090 34.8843
5059.0000 4967.8740 2.4092 34.8843
5061.0000 4969.8159 2.4094 34.8843
5063.0000 4971.7578 2.4098 34.8843
5065.0000 4973.6997 2.4101 34.8843
5067.0000 4975.6411 2.4102 34.8842
5069.0000 4977.5830 2.4104 34.8843
5071.0000 4979.5249 2.4106 34.8843
5073.0000 4981.4668 2.4108 34.8842
5075.0000 4983.4082 2.4111 34.8842
5077.0000 4985.3501 2.4113 34.8842
5079.0000 4987.2915 2.4118 34.8843
5081.0000 4989.2329 2.4120 34.8843
5083.0000 4991.1753 2.4121 34.8843
5085.0000 4993.1167 2.4122 34.8842
5087.0000 4995.0576 2.4124 34.8842
5089.0000 4997.0005 2.4127 34.8842
5091.0000 4998.9414 2.4131 34.8842
5093.0000 5000.8828 2.4133 34.8842
5095.0000 5002.8247 2.4135 34.8842
5097.0000 5004.7661 2.4136 34.8842
5099.0000 5006.7080 2.4137 34.8842
5101.0000 5008.6489 2.4141 34.8841
5103.0000 5010.5908 2.4140 34.8842
5105.0000 5012.5327 2.4142 34.8842
5107.0000 5014.4736 2.4144 34.8842
5109.0000 5016.4146 2.4145 34.8841
5111.0000 5018.3569 2.4146 34.8842
5113.0000 5020.2974 2.4148 34.8841
5115.0000 5022.2393 2.4151 34.8841
5117.0000 5024.1807 2.4155 34.8842
5119.0000 5026.1221 2.4157 34.8842
5121.0000 5028.0635 2.4157 34.8841
5123.0000 5030.0049 2.4159 34.8840
5125.0000 5031.9458 2.4164 34.8841
5127.0000 5033.8872 2.4166 34.8842
5129.0000 5035.8286 2.4169 34.8842
5131.0000 5037.7700 2.4169 34.8842
5133.0000 5039.7109 2.4171 34.8841
5135.0000 5041.6523 2.4174 34.8841
5137.0000 5043.5938 2.4176 34.8840
5139.0000 5045.5347 2.4180 34.8841
5141.0000 5047.4761 2.4183 34.8841
5143.0000 5049.4170 2.4185 34.8840
5145.0000 5051.3579 2.4186 34.8841
5147.0000 5053.2993 2.4188 34.8841
5149.0000 5055.2402 2.4190 34.8840
5151.0000 5057.1816 2.4192 34.8840
5153.0000 5059.1230 2.4194 34.8840
5155.0000 5061.0630 2.4196 34.8840
5157.0000 5063.0049 2.4199 34.8840
5159.0000 5064.9458 2.4202 34.8841
5161.0000 5066.8867 2.4204 34.8841
5163.0000 5068.8276 2.4204 34.8840
5165.0000 5070.7681 2.4205 34.8839
5167.0000 5072.7100 2.4208 34.8839
5169.0000 5074.6504 2.4212 34.8840
5171.0000 5076.5918 2.4215 34.8841
5173.0000 5078.5327 2.4217 34.8840
5175.0000 5080.4731 2.4217 34.8841
5177.0000 5082.4141 2.4219 34.8840
5179.0000 5084.3550 2.4221 34.8840
5181.0000 5086.2959 2.4224 34.8840
5183.0000 5088.2363 2.4227 34.8840
5185.0000 5090.1777 2.4229 34.8840
5187.0000 5092.1182 2.4231 34.8840
5189.0000 5094.0591 2.4234 34.8839
5191.0000 5096.0000 2.4236 34.8840
5193.0000 5097.9409 2.4239 34.8840
5195.0000 5099.8809 2.4241 34.8840
5197.0000 5101.8218 2.4243 34.8840
5199.0000 5103.7632 2.4245 34.8839
5201.0000 5105.7031 2.4248 34.8840
5203.0000 5107.6440 2.4251 34.8841
5205.0000 5109.5845 2.4253 34.8840
5207.0000 5111.5254 2.4254 34.8839
5209.0000 5113.4653 2.4254 34.8839
5211.0000 5115.4067 2.4255 34.8839
5213.0000 5117.3472 2.4258 34.8838
5215.0000 5119.2881 2.4261 34.8840
5217.0000 5121.2280 2.4264 34.8839
5219.0000 5123.1685 2.4266 34.8839
5221.0000 5125.1094 2.4269 34.8839
5223.0000 5127.0493 2.4273 34.8839
5225.0000 5128.9902 2.4276 34.8840
5227.0000 5130.9307 2.4276 34.8839
5229.0000 5132.8716 2.4279 34.8837
5231.0000 5134.8115 2.4280 34.8838
5233.0000 5136.7520 2.4283 34.8839
5235.0000 5138.6924 2.4285 34.8838
5237.0000 5140.6328 2.4288 34.8839
5239.0000 5142.5728 2.4291 34.8838
5241.0000 5144.5137 2.4292 34.8838
5243.0000 5146.4541 2.4293 34.8839
5245.0000 5148.3940 2.4294 34.8838
5247.0000 5150.3345 2.4296 34.8838
5249.0000 5152.2749 2.4300 34.8838
5251.0000 5154.2148 2.4300 34.8838
5253.0000 5156.1553 2.4303 34.8838
5255.0000 5158.0957 2.4305 34.8837
5257.0000 5160.0352 2.4304 34.8838
5259.0000 5161.9756 2.4303 34.8836
5261.0000 5163.9160 2.4309 34.8836
5263.0000 5165.8564 2.4308 34.8837
5265.0000 5167.7964 2.4313 34.8837
5267.0000 5169.7363 2.4316 34.8838
5269.0000 5171.6772 2.4316 34.8838
5271.0000 5173.6167 2.4316 34.8837
5273.0000 5175.5571 2.4320 34.8835
5275.0000 5177.4971 2.4323 34.8835
5277.0000 5179.4370 2.4321 34.8836
5279.0000 5181.3765 2.4325 34.8837
5281.0000 5183.3169 2.4326 34.8836
5283.0000 5185.2568 2.4328 34.8836
5285.0000 5187.1968 2.4327 34.8836
5287.0000 5189.1367 2.4328 34.8835
5289.0000 5191.0771 2.4330 34.8835
5291.0000 5193.0166 2.4332 34.8836
5293.0000 5194.9565 2.4334 34.8835
5295.0000 5196.8965 2.4337 34.8835
5297.0000 5198.8364 2.4338 34.8835
5299.0000 5200.7759 2.4339 34.8835
5301.0000 5202.7163 2.4340 34.8835
5303.0000 5204.6558 2.4341 34.8835
5305.0000 5206.5962 2.4342 34.8834
5307.0000 5208.5356 2.4346 34.8835
5309.0000 5210.4756 2.4348 34.8834
5311.0000 5212.4155 2.4349 34.8834
5313.0000 5214.3545 2.4349 34.8835
5315.0000 5216.2949 2.4351 34.8834
5317.0000 5218.2344 2.4353 34.8834
5319.0000 5220.1743 2.4355 34.8834
5321.0000 5222.1133 2.4358 34.8835
5323.0000 5224.0532 2.4361 34.8834
5325.0000 5225.9927 2.4363 34.8834
5327.0000 5227.9321 2.4364 34.8834
5329.0000 5229.8726 2.4367 34.8833
5331.0000 5231.8120 2.4369 34.8834
5333.0000 5233.7510 2.4370 34.8834
5335.0000 5235.6909 2.4372 34.8833
5337.0000 5237.6309 2.4374 34.8833
5339.0000 5239.5703 2.4376 34.8833
5341.0000 5241.5098 2.4378 34.8832
5343.0000 5243.4497 2.4380 34.8833
5345.0000 5245.3887 2.4382 34.8833
5347.0000 5247.3281 2.4382 34.8832
5349.0000 5249.2671 2.4384 34.8832
5351.0000 5251.2070 2.4385 34.8832
5353.0000 5253.1465 2.4388 34.8833
5355.0000 5255.0859 2.4391 34.8832
5357.0000 5257.0254 2.4393 34.8832
5359.0000 5258.9648 2.4394 34.8832
5361.0000 5260.9038 2.4396 34.8833
5363.0000 5262.8428 2.4398 34.8832
5365.0000 5264.7827 2.4402 34.8832
5367.0000 5266.7222 2.4404 34.8832
5369.0000 5268.6611 2.4406 34.8832
5371.0000 5270.6006 2.4410 34.8832
5373.0000 5272.5396 2.4412 34.8832
5375.0000 5274.4785 2.4413 34.8832
5377.0000 5276.4180 2.4416 34.8832
5379.0000 5278.3574 2.4418 34.8832
5381.0000 5280.2969 2.4421 34.8831
5383.0000 5282.2354 2.4424 34.8831
5385.0000 5284.1748 2.4426 34.8832
5387.0000 5286.1143 2.4426 34.8832
5389.0000 5288.0532 2.4428 34.8831
5391.0000 5289.9927 2.4431 34.8831
5393.0000 5291.9312 2.4434 34.8831
5395.0000 5293.8701 2.4436 34.8831
5397.0000 5295.8096 2.4435 34.8831
5399.0000 5297.7485 2.4436 34.8829
5401.0000 5299.6880 2.4439 34.8831
5403.0000 5301.6265 2.4442 34.8830
5405.0000 5303.5654 2.4445 34.8830
5407.0000 5305.5049 2.4444 34.8830
5409.0000 5307.4429 2.4442 34.8830
5411.0000 5309.3823 2.4443 34.8829
5413.0000 5311.3213 2.4446 34.8830
5415.0000 5313.2603 2.4449 34.8830
5417.0000 5315.1987 2.4451 34.8830
5419.0000 5317.1377 2.4450 34.8829
5421.0000 5319.0771 2.4450 34.8829
5423.0000 5321.0156 2.4452 34.8829
5425.0000 5322.9546 2.4455 34.8829
5427.0000 5324.8936 2.4462 34.8827
5429.0000 5326.8325 2.4465 34.8827
5431.0000 5328.7710 2.4462 34.8828
5433.0000 5330.7100 2.4467 34.8827
5435.0000 5332.6484 2.4465 34.8828
5437.0000 5334.5869 2.4468 34.8829
5439.0000 5336.5259 2.4469 34.8828
5441.0000 5338.4648 2.4474 34.8826
5443.0000 5340.4033 2.4476 34.8828
5445.0000 5342.3418 2.4477 34.8828
5447.0000 5344.2803 2.4479 34.8828
5449.0000 5346.2192 2.4483 34.8827
5451.0000 5348.1577 2.4484 34.8827
5453.0000 5350.0962 2.4486 34.8828
5455.0000 5352.0352 2.4488 34.8828
5457.0000 5353.9736 2.4489 34.8826
5459.0000 5355.9116 2.4491 34.8827
5461.0000 5357.8506 2.4492 34.8826
5463.0000 5359.7896 2.4496 34.8827
5465.0000 5361.7271 2.4498 34.8828
5467.0000 5363.6660 2.4500 34.8827
5469.0000 5365.6050 2.4503 34.8826
5471.0000 5367.5425 2.4503 34.8827
5473.0000 5369.4814 2.4505 34.8827
5475.0000 5371.4199 2.4507 34.8827
5477.0000 5373.3579 2.4512 34.8825
5479.0000 5375.2964 2.4516 34.8825
5481.0000 5377.2354 2.4518 34.8825
5483.0000 5379.1733 2.4520 34.8825
5485.0000 5381.1113 2.4523 34.8827
5487.0000 5383.0498 2.4523 34.8827
5489.0000 5384.9888 2.4526 34.8826
5491.0000 5386.9268 2.4528 34.8825
5493.0000 5388.8647 2.4531 34.8827
5495.0000 5390.8032 2.4533 34.8827
5497.0000 5392.7412 2.4535 34.8826
5499.0000 5394.6792 2.4537 34.8826
5501.0000 5396.6177 2.4542 34.8826
5503.0000 5398.5562 2.4544 34.8825
5505.0000 5400.4941 2.4546 34.8826
5507.0000 5402.4321 2.4549 34.8827
5509.0000 5404.3706 2.4552 34.8825
5511.0000 5406.3086 2.4552 34.8826
5513.0000 5408.2461 2.4555 34.8826
5515.0000 5410.1851 2.4558 34.8825
5517.0000 5412.1226 2.4559 34.8826
5519.0000 5414.0605 2.4562 34.8826
5521.0000 5415.9990 2.4565 34.8825
5523.0000 5417.9370 2.4567 34.8826
5525.0000 5419.8750 2.4570 34.8825
5527.0000 5421.8125 2.4572 34.8826
5529.0000 5423.7510 2.4575 34.8826
5531.0000 5425.6890 2.4577 34.8824
5533.0000 5427.6265 2.4582 34.8824
5535.0000 5429.5649 2.4582 34.8825
5537.0000 5431.5024 2.4581 34.8825
5539.0000 5433.4404 2.4583 34.8825
5541.0000 5435.3784 2.4588 34.8824
5543.0000 5437.3159 2.4586 34.8825
5545.0000 5439.2544 2.4587 34.8825
5547.0000 5441.1914 2.4590 34.8824
5549.0000 5443.1294 2.4591 34.8824
5551.0000 5445.0679 2.4592 34.8825
5553.0000 5447.0054 2.4591 34.8824
5555.0000 5448.9424 2.4595 34.8823
5557.0000 5450.8809 2.4597 34.8824
5559.0000 5452.8188 2.4597 34.8823
5561.0000 5454.7554 2.4600 34.8823
5563.0000 5456.6934 2.4604 34.8823
5565.0000 5458.6318 2.4605 34.8824
5567.0000 5460.5693 2.4608 34.8824
5569.0000 5462.5063 2.4610 34.8824
5571.0000 5464.4443 2.4615 34.8823
5573.0000 5466.3823 2.4619 34.8823
5575.0000 5468.3193 2.4621 34.8822
5577.0000 5470.2573 2.4623 34.8822
5579.0000 5472.1948 2.4621 34.8823
5581.0000 5474.1328 2.4625 34.8822
5583.0000 5476.0698 2.4623 34.8823
5585.0000 5478.0073 2.4625 34.8822
5587.0000 5479.9448 2.4628 34.8822
5589.0000 5481.8818 2.4629 34.8822
5591.0000 5483.8193 2.4632 34.8821
5593.0000 5485.7573 2.4633 34.8822
5595.0000 5487.6938 2.4640 34.8821
5597.0000 5489.6318 2.4642 34.8821
5599.0000 5491.5693 2.4643 34.8821
5601.0000 5493.5068 2.4644 34.8821
5603.0000 5495.4443 2.4647 34.8823
5605.0000 5497.3813 2.4652 34.8821
5607.0000 5499.3188 2.4653 34.8821
5609.0000 5501.2559 2.4654 34.8821
5611.0000 5503.1934 2.4651 34.8822
5613.0000 5505.1309 2.4653 34.8821
5615.0000 5507.0679 2.4659 34.8821
5617.0000 5509.0049 2.4661 34.8821
5619.0000 5510.9429 2.4662 34.8821
5621.0000 5512.8799 2.4667 34.8821
5623.0000 5514.8169 2.4665 34.8821
5625.0000 5516.7534 2.4669 34.8820
5627.0000 5518.6909 2.4673 34.8820
5629.0000 5520.6284 2.4675 34.8821
5631.0000 5522.5654 2.4675 34.8821
5633.0000 5524.5029 2.4677 34.8820
5635.0000 5526.4399 2.4681 34.8820
5637.0000 5528.3765 2.4684 34.8819
5639.0000 5530.3135 2.4684 34.8819
5641.0000 5532.2510 2.4686 34.8820
5643.0000 5534.1885 2.4686 34.8821
5645.0000 5536.1245 2.4688 34.8821
5647.0000 5538.0615 2.4692 34.8820
5649.0000 5539.9990 2.4693 34.8819
5651.0000 5541.9360 2.4693 34.8820
5653.0000 5543.8730 2.4692 34.8821
5655.0000 5545.8101 2.4695 34.8820
5657.0000 5547.7461 2.4701 34.8819
5659.0000 5549.6836 2.4703 34.8819
5661.0000 5551.6206 2.4703 34.8819
5663.0000 5553.5576 2.4692 34.8818
5665.0000 5555.4941 2.4688 34.8818
5667.0000 5557.4312 2.4701 34.8818
5669.0000 5559.3682 2.4702 34.8817
5671.0000 5561.3042 2.4702 34.8817
