CTD cast

DATE:  15-Jan-2016 02:45:00
latitude:  24.5007
longitude:  -25.7332
  P (db)  z (m)    T (^oC)  S (psu)
3.0000 2.9808 22.7983 37.1078
5.0000 4.9680 22.7987 37.1078
7.0000 6.9551 22.7999 37.1081
9.0000 8.9422 22.8007 37.1083
11.0000 10.9293 22.8017 37.1085
13.0000 12.9164 22.8024 37.1083
15.0000 14.9035 22.8021 37.1086
17.0000 16.8906 22.8018 37.1082
19.0000 18.8776 22.7920 37.1078
21.0000 20.8646 22.7931 37.1081
23.0000 22.8516 22.7808 37.1153
25.0000 24.8386 22.7809 37.1159
27.0000 26.8255 22.7757 37.1172
29.0000 28.8125 22.7693 37.1165
31.0000 30.7994 22.7685 37.1163
33.0000 32.7863 22.7478 37.1322
35.0000 34.7732 22.7463 37.1352
37.0000 36.7600 22.7302 37.1492
39.0000 38.7469 22.7242 37.1516
41.0000 40.7337 22.7239 37.1531
43.0000 42.7205 22.7159 37.1617
45.0000 44.7073 22.7091 37.1667
47.0000 46.6941 22.7114 37.1651
49.0000 48.6808 22.7046 37.1683
51.0000 50.6675 22.7017 37.1677
53.0000 52.6542 22.6899 37.1680
55.0000 54.6409 22.6908 37.1684
57.0000 56.6276 22.6782 37.1734
59.0000 58.6142 22.6709 37.1730
61.0000 60.6009 22.6616 37.1727
63.0000 62.5875 22.6366 37.1689
65.0000 64.5741 22.6185 37.1630
67.0000 66.5606 22.6038 37.1614
69.0000 68.5472 22.5130 37.1517
71.0000 70.5337 22.5100 37.1527
73.0000 72.5202 22.3800 37.1320
75.0000 74.5067 22.0590 37.0778
77.0000 76.4932 22.0724 37.0847
79.0000 78.4797 21.9939 37.0723
81.0000 80.4661 21.8062 37.0481
83.0000 82.4525 21.5773 37.0104
85.0000 84.4389 21.4348 36.9954
87.0000 86.4253 21.2643 36.9594
89.0000 88.4117 20.8553 36.8967
91.0000 90.3980 20.4074 36.8314
93.0000 92.3843 20.4152 36.8499
95.0000 94.3706 20.1201 36.8016
97.0000 96.3569 19.9368 36.7897
99.0000 98.3432 19.7991 36.7754
101.0000 100.3294 19.6209 36.7740
103.0000 102.3157 19.7478 36.7873
105.0000 104.3018 19.6183 36.7804
107.0000 106.2880 19.4696 36.7828
109.0000 108.2742 19.3861 36.7916
111.0000 110.2604 19.3960 36.8063
113.0000 112.2465 19.4060 36.8123
115.0000 114.2326 19.4067 36.8320
117.0000 116.2187 19.4118 36.8310
119.0000 118.2048 19.4134 36.8289
121.0000 120.1908 19.4122 36.8343
123.0000 122.1768 19.4021 36.8325
125.0000 124.1629 19.3831 36.8287
127.0000 126.1489 19.3806 36.8273
129.0000 128.1348 19.2638 36.8081
131.0000 130.1208 19.2113 36.8123
133.0000 132.1067 19.1361 36.8050
135.0000 134.0927 19.0305 36.7961
137.0000 136.0786 19.0110 36.7970
139.0000 138.0644 19.0119 36.7990
141.0000 140.0503 19.0244 36.8071
143.0000 142.0361 19.0255 36.8030
145.0000 144.0219 19.0480 36.8192
147.0000 146.0078 19.1292 36.8537
149.0000 147.9935 19.0965 36.8496
151.0000 149.9793 19.0816 36.8467
153.0000 151.9650 19.0063 36.8379
155.0000 153.9508 18.9708 36.8430
157.0000 155.9365 18.9311 36.8376
159.0000 157.9222 18.9402 36.8376
161.0000 159.9078 18.8519 36.8241
163.0000 161.8935 18.7571 36.8090
165.0000 163.8791 18.7121 36.8013
167.0000 165.8647 18.6731 36.7938
169.0000 167.8503 18.6171 36.7835
171.0000 169.8359 18.5991 36.7796
173.0000 171.8214 18.5631 36.7720
175.0000 173.8070 18.5316 36.7656
177.0000 175.7925 18.5130 36.7621
179.0000 177.7780 18.4921 36.7580
181.0000 179.7635 18.4670 36.7536
183.0000 181.7489 18.4421 36.7480
185.0000 183.7344 18.4228 36.7427
187.0000 185.7198 18.3044 36.7191
189.0000 187.7052 18.2378 36.7039
191.0000 189.6906 18.1869 36.6962
193.0000 191.6759 18.1530 36.6891
195.0000 193.6613 18.1326 36.6855
197.0000 195.6466 18.1230 36.6832
199.0000 197.6319 18.0308 36.6620
201.0000 199.6172 17.9673 36.6527
203.0000 201.6024 17.9462 36.6488
205.0000 203.5877 17.9360 36.6431
207.0000 205.5729 17.7112 36.6005
209.0000 207.5581 17.7078 36.5990
211.0000 209.5433 17.7066 36.5990
213.0000 211.5285 17.6965 36.5970
215.0000 213.5136 17.6479 36.5851
217.0000 215.4988 17.5750 36.5702
219.0000 217.4839 17.5395 36.5641
221.0000 219.4690 17.5273 36.5600
223.0000 221.4540 17.4753 36.5481
225.0000 223.4391 17.4415 36.5399
227.0000 225.4241 17.4371 36.5402
229.0000 227.4092 17.4006 36.5318
231.0000 229.3941 17.3786 36.5279
233.0000 231.3791 17.3669 36.5245
235.0000 233.3641 17.3151 36.5126
237.0000 235.3490 17.2870 36.5063
239.0000 237.3339 17.2644 36.5019
241.0000 239.3188 17.2396 36.4960
243.0000 241.3037 17.1841 36.4811
245.0000 243.2886 17.1223 36.4695
247.0000 245.2734 17.1155 36.4689
249.0000 247.2583 17.0985 36.4638
251.0000 249.2431 17.0359 36.4496
253.0000 251.2278 16.9817 36.4387
255.0000 253.2126 16.9119 36.4226
257.0000 255.1974 16.8609 36.4128
259.0000 257.1821 16.8266 36.4050
261.0000 259.1668 16.8095 36.4019
263.0000 261.1515 16.7976 36.3999
265.0000 263.1362 16.7737 36.3955
267.0000 265.1208 16.7472 36.3893
269.0000 267.1054 16.6965 36.3783
271.0000 269.0901 16.6795 36.3749
273.0000 271.0746 16.6726 36.3731
275.0000 273.0593 16.6525 36.3688
277.0000 275.0438 16.6423 36.3668
279.0000 277.0284 16.6202 36.3613
281.0000 279.0128 16.6088 36.3587
283.0000 280.9974 16.5750 36.3502
285.0000 282.9818 16.5065 36.3353
287.0000 284.9663 16.4211 36.3168
289.0000 286.9507 16.4601 36.3289
291.0000 288.9352 16.4599 36.3230
293.0000 290.9196 16.2671 36.2868
295.0000 292.9040 16.2393 36.2811
297.0000 294.8883 16.2204 36.2777
299.0000 296.8727 16.1922 36.2729
301.0000 298.8570 16.1939 36.2726
303.0000 300.8413 16.1011 36.2558
305.0000 302.8256 16.0460 36.2439
307.0000 304.8099 16.0017 36.2362
309.0000 306.7941 15.9688 36.2300
311.0000 308.7784 15.9219 36.2202
313.0000 310.7626 15.8176 36.2016
315.0000 312.7467 15.7312 36.1856
317.0000 314.7309 15.6617 36.1729
319.0000 316.7151 15.6021 36.1646
321.0000 318.6992 15.5699 36.1594
323.0000 320.6833 15.5223 36.1515
325.0000 322.6674 15.4451 36.1378
327.0000 324.6515 15.4076 36.1369
329.0000 326.6356 15.3736 36.1239
331.0000 328.6196 15.2715 36.1100
333.0000 330.6036 15.2060 36.0995
335.0000 332.5876 15.2464 36.1073
337.0000 334.5716 15.2181 36.0988
339.0000 336.5556 15.0828 36.0799
341.0000 338.5396 15.0513 36.0734
343.0000 340.5235 15.0367 36.0721
345.0000 342.5074 15.0105 36.0671
347.0000 344.4913 14.9621 36.0603
349.0000 346.4751 14.9315 36.0553
351.0000 348.4590 14.8694 36.0462
353.0000 350.4428 14.8544 36.0436
355.0000 352.4266 14.8121 36.0368
357.0000 354.4104 14.7883 36.0333
359.0000 356.3942 14.7627 36.0303
361.0000 358.3779 14.7526 36.0287
363.0000 360.3617 14.7284 36.0245
365.0000 362.3454 14.7050 36.0200
367.0000 364.3291 14.6440 36.0108
369.0000 366.3127 14.6151 36.0062
371.0000 368.2964 14.5905 36.0039
373.0000 370.2801 14.5534 35.9964
375.0000 372.2637 14.4665 35.9839
377.0000 374.2473 14.4529 35.9820
379.0000 376.2309 14.4448 35.9806
381.0000 378.2145 14.4301 35.9785
383.0000 380.1980 14.4329 35.9789
385.0000 382.1815 14.3934 35.9730
387.0000 384.1650 14.3673 35.9687
389.0000 386.1485 14.3435 35.9659
391.0000 388.1320 14.3405 35.9636
393.0000 390.1154 14.2669 35.9531
395.0000 392.0989 14.2451 35.9490
397.0000 394.0822 14.2193 35.9439
399.0000 396.0656 14.2292 35.9469
401.0000 398.0490 14.1262 35.9283
403.0000 400.0324 14.0835 35.9238
405.0000 402.0157 14.0553 35.9180
407.0000 403.9990 14.0077 35.9105
409.0000 405.9823 14.0064 35.9122
411.0000 407.9656 13.9749 35.9074
413.0000 409.9489 13.9372 35.9000
415.0000 411.9321 13.8740 35.8905
417.0000 413.9154 13.8202 35.8833
419.0000 415.8985 13.7748 35.8764
421.0000 417.8817 13.7737 35.8785
423.0000 419.8649 13.7427 35.8744
425.0000 421.8480 13.7285 35.8720
427.0000 423.8311 13.6994 35.8676
429.0000 425.8143 13.6879 35.8671
431.0000 427.7973 13.6629 35.8620
433.0000 429.7804 13.5990 35.8529
435.0000 431.7635 13.5700 35.8483
437.0000 433.7465 13.5233 35.8418
439.0000 435.7295 13.5012 35.8401
441.0000 437.7125 13.4989 35.8379
443.0000 439.6955 13.3934 35.8243
445.0000 441.6784 13.3703 35.8202
447.0000 443.6614 13.3274 35.8146
449.0000 445.6443 13.2973 35.8100
451.0000 447.6272 13.2640 35.8054
453.0000 449.6100 13.2471 35.8038
455.0000 451.5929 13.2180 35.7994
457.0000 453.5757 13.1860 35.7954
459.0000 455.5585 13.1731 35.7937
461.0000 457.5414 13.1564 35.7912
463.0000 459.5242 13.1269 35.7872
465.0000 461.5069 13.0759 35.7800
467.0000 463.4897 13.0629 35.7788
469.0000 465.4724 13.0462 35.7760
471.0000 467.4551 12.9969 35.7696
473.0000 469.4378 12.9715 35.7666
475.0000 471.4204 12.9522 35.7622
477.0000 473.4031 12.8806 35.7528
479.0000 475.3858 12.8719 35.7541
481.0000 477.3683 12.8106 35.7439
483.0000 479.3510 12.7862 35.7408
485.0000 481.3335 12.7647 35.7377
487.0000 483.3161 12.7450 35.7356
489.0000 485.2986 12.7494 35.7362
491.0000 487.2811 12.7096 35.7309
493.0000 489.2636 12.6525 35.7227
495.0000 491.2461 12.6305 35.7204
497.0000 493.2286 12.6399 35.7211
499.0000 495.2110 12.5775 35.7121
501.0000 497.1934 12.5325 35.7049
503.0000 499.1758 12.4988 35.7021
505.0000 501.1582 12.4897 35.7010
507.0000 503.1405 12.4714 35.6982
509.0000 505.1229 12.4529 35.6957
511.0000 507.1053 12.4209 35.6913
513.0000 509.0876 12.3938 35.6881
515.0000 511.0698 12.4157 35.6904
517.0000 513.0521 12.3475 35.6805
519.0000 515.0344 12.2841 35.6725
521.0000 517.0165 12.2553 35.6695
523.0000 518.9988 12.2812 35.6726
525.0000 520.9810 12.1624 35.6577
527.0000 522.9632 12.1446 35.6546
529.0000 524.9453 12.1314 35.6531
531.0000 526.9275 12.0926 35.6477
533.0000 528.9096 12.0709 35.6450
535.0000 530.8917 12.0382 35.6413
537.0000 532.8737 12.0232 35.6401
539.0000 534.8558 12.0306 35.6411
541.0000 536.8379 11.9873 35.6352
543.0000 538.8199 11.9446 35.6289
545.0000 540.8019 11.8924 35.6224
547.0000 542.7839 11.8775 35.6208
549.0000 544.7658 11.8958 35.6235
551.0000 546.7478 11.8649 35.6189
553.0000 548.7297 11.8148 35.6133
555.0000 550.7115 11.8073 35.6116
557.0000 552.6935 11.8037 35.6122
559.0000 554.6754 11.8036 35.6113
561.0000 556.6573 11.7781 35.6089
563.0000 558.6390 11.7734 35.6081
565.0000 560.6209 11.7612 35.6059
567.0000 562.6027 11.7402 35.6041
569.0000 564.5844 11.7145 35.5988
571.0000 566.5662 11.6811 35.5950
573.0000 568.5480 11.6435 35.5887
575.0000 570.5297 11.5984 35.5835
577.0000 572.5114 11.5719 35.5805
579.0000 574.4930 11.5589 35.5793
581.0000 576.4747 11.5304 35.5763
583.0000 578.4564 11.5158 35.5748
585.0000 580.4380 11.5008 35.5729
587.0000 582.4197 11.4816 35.5710
589.0000 584.4012 11.4711 35.5697
591.0000 586.3828 11.4618 35.5684
593.0000 588.3643 11.4491 35.5665
595.0000 590.3458 11.4167 35.5622
597.0000 592.3273 11.3766 35.5573
599.0000 594.3088 11.3390 35.5533
601.0000 596.2903 11.3137 35.5504
603.0000 598.2718 11.2969 35.5486
605.0000 600.2532 11.2777 35.5460
607.0000 602.2346 11.2862 35.5477
609.0000 604.2160 11.2638 35.5435
611.0000 606.1974 11.2233 35.5400
613.0000 608.1787 11.1996 35.5369
615.0000 610.1602 11.1991 35.5370
617.0000 612.1415 11.1620 35.5334
619.0000 614.1227 11.1460 35.5308
621.0000 616.1040 11.1131 35.5280
623.0000 618.0853 11.0970 35.5277
625.0000 620.0665 11.0515 35.5215
627.0000 622.0477 11.0084 35.5158
629.0000 624.0289 10.9616 35.5092
631.0000 626.0101 10.9017 35.5014
633.0000 627.9913 10.8643 35.4975
635.0000 629.9724 10.8302 35.4946
637.0000 631.9536 10.8019 35.4919
639.0000 633.9347 10.7737 35.4882
641.0000 635.9158 10.7357 35.4841
643.0000 637.8969 10.6796 35.4776
645.0000 639.8779 10.6337 35.4725
647.0000 641.8589 10.5872 35.4670
649.0000 643.8400 10.5599 35.4636
651.0000 645.8210 10.5325 35.4607
653.0000 647.8019 10.5164 35.4589
655.0000 649.7829 10.5038 35.4582
657.0000 651.7639 10.4657 35.4562
659.0000 653.7448 10.4502 35.4544
661.0000 655.7257 10.4359 35.4527
663.0000 657.7066 10.4104 35.4486
665.0000 659.6874 10.3714 35.4421
667.0000 661.6683 10.3635 35.4415
669.0000 663.6491 10.3255 35.4377
671.0000 665.6299 10.2934 35.4344
673.0000 667.6107 10.2689 35.4320
675.0000 669.5915 10.2815 35.4337
677.0000 671.5723 10.2333 35.4276
679.0000 673.5530 10.2041 35.4246
681.0000 675.5337 10.2045 35.4249
683.0000 677.5144 10.1600 35.4208
685.0000 679.4951 10.1371 35.4205
687.0000 681.4757 10.1142 35.4191
689.0000 683.4564 10.1035 35.4184
691.0000 685.4370 10.0706 35.4132
693.0000 687.4175 10.0505 35.4112
695.0000 689.3982 10.0193 35.4078
697.0000 691.3787 9.9917 35.4085
699.0000 693.3594 9.9592 35.4026
701.0000 695.3398 9.9175 35.3955
703.0000 697.3203 9.8709 35.3891
705.0000 699.3008 9.8638 35.3893
707.0000 701.2812 9.8666 35.3903
709.0000 703.2617 9.8542 35.3872
711.0000 705.2422 9.7586 35.3787
713.0000 707.2226 9.6994 35.3736
715.0000 709.2030 9.7106 35.3762
717.0000 711.1833 9.6407 35.3684
719.0000 713.1637 9.5948 35.3641
721.0000 715.1440 9.5897 35.3639
723.0000 717.1243 9.5733 35.3621
725.0000 719.1047 9.5431 35.3589
727.0000 721.0850 9.5083 35.3557
729.0000 723.0652 9.4961 35.3545
731.0000 725.0455 9.5236 35.3683
733.0000 727.0257 9.5145 35.3695
735.0000 729.0059 9.5104 35.3748
737.0000 730.9861 9.5062 35.3745
739.0000 732.9662 9.4918 35.3723
741.0000 734.9465 9.4594 35.3680
743.0000 736.9265 9.4494 35.3678
745.0000 738.9066 9.4345 35.3659
747.0000 740.8868 9.4106 35.3631
749.0000 742.8668 9.3656 35.3559
751.0000 744.8469 9.3297 35.3533
753.0000 746.8269 9.2712 35.3430
755.0000 748.8068 9.2595 35.3416
757.0000 750.7869 9.2361 35.3380
759.0000 752.7669 9.1928 35.3301
761.0000 754.7469 9.2329 35.3381
763.0000 756.7267 9.1225 35.3222
765.0000 758.7067 9.0962 35.3192
767.0000 760.6866 9.0663 35.3158
769.0000 762.6664 9.0232 35.3105
771.0000 764.6463 9.0070 35.3104
773.0000 766.6262 8.9879 35.3088
775.0000 768.6061 8.9531 35.3051
777.0000 770.5858 8.9356 35.3036
779.0000 772.5656 8.9362 35.3051
781.0000 774.5454 8.9434 35.3079
783.0000 776.5251 8.9455 35.3098
785.0000 778.5049 8.9234 35.3071
787.0000 780.4847 8.9052 35.3053
789.0000 782.4644 8.8943 35.3049
791.0000 784.4440 8.8906 35.3044
793.0000 786.4236 8.8535 35.2988
795.0000 788.4033 8.8331 35.2981
797.0000 790.3829 8.8079 35.2936
799.0000 792.3625 8.7764 35.2897
801.0000 794.3420 8.7382 35.2846
803.0000 796.3217 8.7178 35.2828
805.0000 798.3011 8.7128 35.2824
807.0000 800.2808 8.6824 35.2757
809.0000 802.2603 8.6255 35.2701
811.0000 804.2397 8.6363 35.2722
813.0000 806.2192 8.6235 35.2693
815.0000 808.1987 8.5915 35.2668
817.0000 810.1780 8.5838 35.2651
819.0000 812.1574 8.5683 35.2626
821.0000 814.1369 8.5439 35.2614
823.0000 816.1163 8.5418 35.2657
825.0000 818.0956 8.5428 35.2659
827.0000 820.0750 8.5452 35.2657
829.0000 822.0543 8.5394 35.2657
831.0000 824.0336 8.5279 35.2651
833.0000 826.0128 8.5032 35.2600
835.0000 827.9921 8.4638 35.2559
837.0000 829.9714 8.4795 35.2583
839.0000 831.9506 8.4507 35.2559
841.0000 833.9299 8.4376 35.2544
843.0000 835.9090 8.3954 35.2513
845.0000 837.8881 8.4182 35.2531
847.0000 839.8673 8.3705 35.2491
849.0000 841.8465 8.3566 35.2476
851.0000 843.8257 8.3363 35.2457
853.0000 845.8046 8.3129 35.2428
855.0000 847.7837 8.2953 35.2413
857.0000 849.7628 8.2973 35.2417
859.0000 851.7418 8.2876 35.2412
861.0000 853.7209 8.2914 35.2464
863.0000 855.6999 8.3228 35.2544
865.0000 857.6788 8.3394 35.2596
867.0000 859.6577 8.4650 35.2987
869.0000 861.6368 8.6061 35.3314
871.0000 863.6158 8.7446 35.3707
873.0000 865.5945 8.7325 35.3690
875.0000 867.5735 8.7321 35.3694
877.0000 869.5524 8.7443 35.3731
879.0000 871.5312 8.7618 35.3775
881.0000 873.5100 8.7790 35.3846
883.0000 875.4888 8.8722 35.4131
885.0000 877.4677 8.8783 35.4164
887.0000 879.4464 8.8618 35.4141
889.0000 881.4251 8.8245 35.4052
891.0000 883.4040 8.7518 35.3945
893.0000 885.3825 8.7496 35.3938
895.0000 887.3613 8.7109 35.3833
897.0000 889.3400 8.6375 35.3717
899.0000 891.3187 8.6276 35.3696
901.0000 893.2972 8.5336 35.3484
903.0000 895.2759 8.3738 35.3219
905.0000 897.2545 8.2998 35.3100
907.0000 899.2331 8.2709 35.3041
909.0000 901.2117 8.2338 35.3014
911.0000 903.1902 8.2214 35.3006
913.0000 905.1688 8.1762 35.2961
915.0000 907.1473 8.1343 35.2844
917.0000 909.1257 8.0154 35.2672
919.0000 911.1043 8.0175 35.2681
921.0000 913.0827 8.0094 35.2648
923.0000 915.0611 7.8634 35.2354
925.0000 917.0396 7.8839 35.2453
927.0000 919.0179 7.8536 35.2351
929.0000 920.9963 7.7225 35.2076
931.0000 922.9747 7.6610 35.1987
933.0000 924.9531 7.6331 35.1957
935.0000 926.9313 7.5977 35.1880
937.0000 928.9097 7.5324 35.1796
939.0000 930.8880 7.5278 35.1784
941.0000 932.8662 7.5051 35.1754
943.0000 934.8445 7.5028 35.1741
945.0000 936.8227 7.3447 35.1544
947.0000 938.8009 7.3334 35.1549
949.0000 940.7791 7.3385 35.1578
951.0000 942.7573 7.3563 35.1596
953.0000 944.7354 7.3569 35.1581
955.0000 946.7136 7.2715 35.1511
957.0000 948.6917 7.2402 35.1461
959.0000 950.6697 7.2224 35.1431
961.0000 952.6478 7.1767 35.1373
963.0000 954.6259 7.1475 35.1343
965.0000 956.6039 7.1505 35.1331
967.0000 958.5820 7.1028 35.1296
969.0000 960.5599 7.0899 35.1287
971.0000 962.5380 7.0726 35.1273
973.0000 964.5159 7.0912 35.1288
975.0000 966.4939 7.0531 35.1280
977.0000 968.4719 7.0880 35.1394
979.0000 970.4496 7.0876 35.1396
981.0000 972.4277 7.0874 35.1396
983.0000 974.4055 7.0957 35.1432
985.0000 976.3834 7.1159 35.1476
987.0000 978.3611 7.0160 35.1305
989.0000 980.3391 6.9580 35.1233
991.0000 982.3168 6.9527 35.1235
993.0000 984.2946 6.9591 35.1250
995.0000 986.2724 6.9363 35.1234
997.0000 988.2501 6.9356 35.1236
999.0000 990.2278 6.9462 35.1282
1001.0000 992.2055 6.9489 35.1294
1003.0000 994.1832 6.9427 35.1294
1005.0000 996.1608 6.9389 35.1285
1007.0000 998.1385 6.9253 35.1290
1009.0000 1000.1161 6.9238 35.1320
1011.0000 1002.0938 6.9219 35.1321
1013.0000 1004.0714 6.9211 35.1313
1015.0000 1006.0490 6.9110 35.1325
1017.0000 1008.0264 6.9124 35.1342
1019.0000 1010.0040 6.8955 35.1334
1021.0000 1011.9816 6.8855 35.1336
1023.0000 1013.9591 6.8525 35.1289
1025.0000 1015.9365 6.8514 35.1303
1027.0000 1017.9140 6.8500 35.1328
1029.0000 1019.8915 6.8792 35.1421
1031.0000 1021.8689 6.8806 35.1443
1033.0000 1023.8462 6.8757 35.1438
1035.0000 1025.8237 6.8552 35.1401
1037.0000 1027.8010 6.8204 35.1362
1039.0000 1029.7783 6.8140 35.1370
1041.0000 1031.7556 6.7958 35.1359
1043.0000 1033.7329 6.7748 35.1331
1045.0000 1035.7102 6.7571 35.1315
1047.0000 1037.6875 6.7738 35.1334
1049.0000 1039.6649 6.7615 35.1338
1051.0000 1041.6421 6.7767 35.1406
1053.0000 1043.6193 6.7763 35.1408
1055.0000 1045.5966 6.7757 35.1408
1057.0000 1047.5737 6.7667 35.1398
1059.0000 1049.5508 6.7654 35.1409
1061.0000 1051.5280 6.7457 35.1396
1063.0000 1053.5051 6.7296 35.1390
1065.0000 1055.4823 6.7429 35.1455
1067.0000 1057.4594 6.7510 35.1494
1069.0000 1059.4363 6.7571 35.1522
1071.0000 1061.4133 6.7530 35.1526
1073.0000 1063.3904 6.7279 35.1497
1075.0000 1065.3674 6.7175 35.1490
1077.0000 1067.3445 6.7054 35.1477
1079.0000 1069.3213 6.6845 35.1461
1081.0000 1071.2983 6.7027 35.1546
1083.0000 1073.2754 6.7154 35.1573
1085.0000 1075.2523 6.7127 35.1567
1087.0000 1077.2291 6.7084 35.1545
1089.0000 1079.2061 6.6635 35.1531
1091.0000 1081.1829 6.6577 35.1515
1093.0000 1083.1597 6.6558 35.1511
1095.0000 1085.1366 6.6295 35.1477
1097.0000 1087.1134 6.6298 35.1493
1099.0000 1089.0902 6.6325 35.1496
1101.0000 1091.0668 6.6554 35.1579
1103.0000 1093.0437 6.6247 35.1535
1105.0000 1095.0205 6.6165 35.1540
1107.0000 1096.9971 6.6189 35.1549
1109.0000 1098.9739 6.6122 35.1527
1111.0000 1100.9506 6.5695 35.1519
1113.0000 1102.9271 6.5611 35.1537
1115.0000 1104.9038 6.5658 35.1583
1117.0000 1106.8805 6.5699 35.1601
1119.0000 1108.8571 6.5626 35.1610
1121.0000 1110.8335 6.5556 35.1606
1123.0000 1112.8102 6.5540 35.1606
1125.0000 1114.7866 6.5480 35.1613
1127.0000 1116.7632 6.5437 35.1616
1129.0000 1118.7397 6.5421 35.1615
1131.0000 1120.7163 6.5419 35.1618
1133.0000 1122.6929 6.5425 35.1618
1135.0000 1124.6692 6.5360 35.1645
1137.0000 1126.6456 6.5311 35.1658
1139.0000 1128.6219 6.5304 35.1663
1141.0000 1130.5984 6.5303 35.1663
1143.0000 1132.5748 6.5292 35.1689
1145.0000 1134.5511 6.5266 35.1720
1147.0000 1136.5276 6.5217 35.1720
1149.0000 1138.5038 6.5166 35.1726
1151.0000 1140.4802 6.5155 35.1743
1153.0000 1142.4565 6.5165 35.1738
1155.0000 1144.4326 6.5065 35.1746
1157.0000 1146.4089 6.5033 35.1747
1159.0000 1148.3851 6.4890 35.1731
1161.0000 1150.3615 6.4922 35.1723
1163.0000 1152.3375 6.4268 35.1650
1165.0000 1154.3138 6.4408 35.1702
1167.0000 1156.2899 6.4290 35.1688
1169.0000 1158.2660 6.4352 35.1683
1171.0000 1160.2422 6.4089 35.1678
1173.0000 1162.2183 6.3863 35.1657
1175.0000 1164.1943 6.3924 35.1671
1177.0000 1166.1703 6.3971 35.1681
1179.0000 1168.1464 6.3943 35.1712
1181.0000 1170.1226 6.3906 35.1704
1183.0000 1172.0984 6.3791 35.1692
1185.0000 1174.0745 6.3852 35.1719
1187.0000 1176.0505 6.4041 35.1780
1189.0000 1178.0265 6.4262 35.1867
1191.0000 1180.0023 6.4326 35.1915
1193.0000 1181.9781 6.4288 35.1892
1195.0000 1183.9541 6.4207 35.1915
1197.0000 1185.9298 6.4185 35.1917
1199.0000 1187.9058 6.4251 35.1946
1201.0000 1189.8817 6.4376 35.1976
1203.0000 1191.8575 6.4286 35.1951
1205.0000 1193.8333 6.3950 35.1896
1207.0000 1195.8091 6.4077 35.1936
1209.0000 1197.7849 6.4250 35.1988
1211.0000 1199.7605 6.4438 35.2039
1213.0000 1201.7363 6.4428 35.2041
1215.0000 1203.7120 6.4444 35.2051
1217.0000 1205.6877 6.4430 35.2054
1219.0000 1207.6633 6.4349 35.2053
1221.0000 1209.6389 6.4390 35.2090
1223.0000 1211.6146 6.4464 35.2113
1225.0000 1213.5902 6.4431 35.2096
1227.0000 1215.5658 6.4486 35.2137
1229.0000 1217.5414 6.4566 35.2178
1231.0000 1219.5170 6.4615 35.2194
1233.0000 1221.4926 6.4603 35.2195
1235.0000 1223.4680 6.4423 35.2163
1237.0000 1225.4437 6.3969 35.2100
1239.0000 1227.4191 6.3886 35.2102
1241.0000 1229.3945 6.4012 35.2158
1243.0000 1231.3700 6.3904 35.2155
1245.0000 1233.3453 6.3877 35.2153
1247.0000 1235.3208 6.3871 35.2148
1249.0000 1237.2963 6.3719 35.2157
1251.0000 1239.2716 6.3696 35.2163
1253.0000 1241.2469 6.3691 35.2163
1255.0000 1243.2223 6.3693 35.2163
1257.0000 1245.1976 6.3629 35.2158
1259.0000 1247.1729 6.3672 35.2159
1261.0000 1249.1482 6.3506 35.2160
1263.0000 1251.1234 6.3307 35.2148
1265.0000 1253.0988 6.3345 35.2171
1267.0000 1255.0740 6.3470 35.2200
1269.0000 1257.0491 6.3166 35.2155
1271.0000 1259.0243 6.2904 35.2116
1273.0000 1260.9994 6.2771 35.2109
1275.0000 1262.9745 6.2569 35.2090
1277.0000 1264.9497 6.2337 35.2078
1279.0000 1266.9247 6.2188 35.2063
1281.0000 1268.8998 6.2045 35.2065
1283.0000 1270.8749 6.2099 35.2102
1285.0000 1272.8500 6.2394 35.2174
1287.0000 1274.8250 6.2431 35.2186
1289.0000 1276.8000 6.2459 35.2190
1291.0000 1278.7750 6.2473 35.2202
1293.0000 1280.7500 6.2544 35.2242
1295.0000 1282.7250 6.2538 35.2241
1297.0000 1284.7000 6.2511 35.2236
1299.0000 1286.6749 6.2463 35.2230
1301.0000 1288.6497 6.2491 35.2227
1303.0000 1290.6248 6.2422 35.2213
1305.0000 1292.5996 6.2537 35.2269
1307.0000 1294.5745 6.2867 35.2346
1309.0000 1296.5493 6.2740 35.2317
1311.0000 1298.5243 6.2630 35.2309
1313.0000 1300.4990 6.2522 35.2319
1315.0000 1302.4736 6.2584 35.2360
1317.0000 1304.4485 6.2896 35.2441
1319.0000 1306.4232 6.2834 35.2415
1321.0000 1308.3979 6.3378 35.2575
1323.0000 1310.3726 6.3754 35.2686
1325.0000 1312.3474 6.3866 35.2709
1327.0000 1314.3220 6.3897 35.2715
1329.0000 1316.2966 6.4011 35.2737
1331.0000 1318.2712 6.3918 35.2735
1333.0000 1320.2458 6.3944 35.2748
1335.0000 1322.2205 6.3414 35.2636
1337.0000 1324.1951 6.3226 35.2641
1339.0000 1326.1696 6.3263 35.2662
1341.0000 1328.1440 6.3274 35.2666
1343.0000 1330.1187 6.3221 35.2662
1345.0000 1332.0931 6.3105 35.2655
1347.0000 1334.0676 6.3090 35.2668
1349.0000 1336.0420 6.3135 35.2687
1351.0000 1338.0165 6.3181 35.2714
1353.0000 1339.9910 6.3087 35.2697
1355.0000 1341.9652 6.2925 35.2685
1357.0000 1343.9398 6.2975 35.2688
1359.0000 1345.9142 6.2530 35.2584
1361.0000 1347.8885 6.1281 35.2395
1363.0000 1349.8628 6.1245 35.2381
1365.0000 1351.8372 6.1199 35.2377
1367.0000 1353.8115 6.1266 35.2399
1369.0000 1355.7856 6.1115 35.2402
1371.0000 1357.7600 6.1379 35.2485
1373.0000 1359.7343 6.1471 35.2514
1375.0000 1361.7084 6.1435 35.2516
1377.0000 1363.6825 6.1443 35.2523
1379.0000 1365.6569 6.1309 35.2498
1381.0000 1367.6310 6.1032 35.2452
1383.0000 1369.6051 6.0927 35.2448
1385.0000 1371.5792 6.0828 35.2434
1387.0000 1373.5535 6.0685 35.2409
1389.0000 1375.5276 6.0419 35.2372
1391.0000 1377.5015 6.0241 35.2364
1393.0000 1379.4756 6.0321 35.2366
1395.0000 1381.4496 6.0118 35.2347
1397.0000 1383.4236 6.0088 35.2341
1399.0000 1385.3976 5.9921 35.2316
1401.0000 1387.3716 5.9787 35.2307
1403.0000 1389.3457 5.9766 35.2310
1405.0000 1391.3195 5.9729 35.2304
1407.0000 1393.2935 5.9698 35.2303
1409.0000 1395.2675 5.9687 35.2303
1411.0000 1397.2412 5.9633 35.2302
1413.0000 1399.2151 5.9600 35.2305
1415.0000 1401.1890 5.9599 35.2317
1417.0000 1403.1627 5.9556 35.2310
1419.0000 1405.1366 5.9360 35.2308
1421.0000 1407.1105 5.9307 35.2305
1423.0000 1409.0842 5.9209 35.2299
1425.0000 1411.0580 5.9098 35.2294
1427.0000 1413.0317 5.9040 35.2292
1429.0000 1415.0055 5.8977 35.2285
1431.0000 1416.9791 5.8857 35.2274
1433.0000 1418.9528 5.8758 35.2265
1435.0000 1420.9265 5.8640 35.2251
1437.0000 1422.9001 5.8623 35.2250
1439.0000 1424.8738 5.8492 35.2231
1441.0000 1426.8474 5.8371 35.2223
1443.0000 1428.8209 5.8209 35.2208
1445.0000 1430.7944 5.8006 35.2181
1447.0000 1432.7679 5.7894 35.2173
1449.0000 1434.7417 5.7886 35.2174
1451.0000 1436.7153 5.7714 35.2150
1453.0000 1438.6887 5.7515 35.2126
1455.0000 1440.6621 5.7068 35.2050
1457.0000 1442.6356 5.6471 35.1972
1459.0000 1444.6089 5.6289 35.1946
1461.0000 1446.5824 5.6109 35.1916
1463.0000 1448.5560 5.5904 35.1895
1465.0000 1450.5294 5.5811 35.1882
1467.0000 1452.5026 5.5766 35.1877
1469.0000 1454.4761 5.5689 35.1860
1471.0000 1456.4493 5.5665 35.1860
1473.0000 1458.4225 5.5476 35.1843
1475.0000 1460.3960 5.5479 35.1869
1477.0000 1462.3693 5.5337 35.1828
1479.0000 1464.3424 5.4269 35.1673
1481.0000 1466.3157 5.4001 35.1651
1483.0000 1468.2889 5.3902 35.1635
1485.0000 1470.2622 5.3960 35.1646
1487.0000 1472.2354 5.3763 35.1620
1489.0000 1474.2085 5.3667 35.1609
1491.0000 1476.1816 5.3579 35.1598
1493.0000 1478.1548 5.3481 35.1586
1495.0000 1480.1278 5.3352 35.1568
1497.0000 1482.1011 5.3211 35.1549
1499.0000 1484.0742 5.2929 35.1511
1501.0000 1486.0470 5.2486 35.1457
1503.0000 1488.0201 5.2710 35.1488
1505.0000 1489.9932 5.2497 35.1455
1507.0000 1491.9662 5.2093 35.1414
1509.0000 1493.9392 5.2065 35.1419
1511.0000 1495.9121 5.2073 35.1424
1513.0000 1497.8851 5.2124 35.1430
1515.0000 1499.8579 5.2166 35.1455
1517.0000 1501.8309 5.2106 35.1459
1519.0000 1503.8038 5.2004 35.1452
1521.0000 1505.7766 5.1976 35.1451
1523.0000 1507.7495 5.1958 35.1448
1525.0000 1509.7224 5.1875 35.1439
1527.0000 1511.6953 5.1803 35.1433
1529.0000 1513.6680 5.1708 35.1429
1531.0000 1515.6407 5.1652 35.1423
1533.0000 1517.6135 5.1583 35.1416
1535.0000 1519.5863 5.1369 35.1391
1537.0000 1521.5591 5.1271 35.1385
1539.0000 1523.5317 5.1226 35.1380
1541.0000 1525.5043 5.1134 35.1366
1543.0000 1527.4771 5.1121 35.1366
1545.0000 1529.4498 5.1084 35.1353
1547.0000 1531.4224 5.0758 35.1325
1549.0000 1533.3949 5.0770 35.1350
1551.0000 1535.3677 5.0739 35.1357
1553.0000 1537.3402 5.0618 35.1344
1555.0000 1539.3126 5.0487 35.1328
1557.0000 1541.2852 5.0557 35.1336
1559.0000 1543.2578 5.0316 35.1306
1561.0000 1545.2303 5.0298 35.1307
1563.0000 1547.2026 5.0332 35.1306
1565.0000 1549.1752 5.0149 35.1281
1567.0000 1551.1478 4.9999 35.1257
1569.0000 1553.1201 4.9809 35.1234
1571.0000 1555.0925 4.9903 35.1244
1573.0000 1557.0649 4.9270 35.1135
1575.0000 1559.0374 4.8874 35.1082
1577.0000 1561.0096 4.8679 35.1061
1579.0000 1562.9819 4.8579 35.1056
1581.0000 1564.9542 4.8532 35.1047
1583.0000 1566.9266 4.8198 35.1025
1585.0000 1568.8989 4.8183 35.1026
1587.0000 1570.8712 4.8245 35.1030
1589.0000 1572.8435 4.8150 35.1027
1591.0000 1574.8156 4.8134 35.1026
1593.0000 1576.7878 4.8067 35.1021
1595.0000 1578.7600 4.8014 35.1019
1597.0000 1580.7322 4.7982 35.1016
1599.0000 1582.7043 4.7941 35.1014
1601.0000 1584.6765 4.7882 35.1013
1603.0000 1586.6487 4.7877 35.1013
1605.0000 1588.6207 4.7877 35.1013
1607.0000 1590.5928 4.7850 35.1009
1609.0000 1592.5648 4.7888 35.1012
1611.0000 1594.5369 4.7753 35.1006
1613.0000 1596.5089 4.7753 35.1020
1615.0000 1598.4810 4.7735 35.1029
1617.0000 1600.4529 4.7743 35.1034
1619.0000 1602.4249 4.7750 35.1027
1621.0000 1604.3969 4.7746 35.1028
1623.0000 1606.3689 4.7702 35.1041
1625.0000 1608.3407 4.7697 35.1051
1627.0000 1610.3125 4.7705 35.1059
1629.0000 1612.2844 4.7695 35.1049
1631.0000 1614.2562 4.7624 35.1055
1633.0000 1616.2281 4.7611 35.1061
1635.0000 1618.2000 4.7619 35.1064
1637.0000 1620.1719 4.7645 35.1071
1639.0000 1622.1436 4.7646 35.1071
1641.0000 1624.1154 4.7650 35.1070
1643.0000 1626.0872 4.7665 35.1080
1645.0000 1628.0588 4.7667 35.1082
1647.0000 1630.0304 4.7637 35.1085
1649.0000 1632.0023 4.7643 35.1087
1651.0000 1633.9740 4.7783 35.1133
1653.0000 1635.9454 4.7921 35.1167
1655.0000 1637.9172 4.7911 35.1165
1657.0000 1639.8889 4.7933 35.1183
1659.0000 1641.8602 4.7958 35.1194
1661.0000 1643.8320 4.7949 35.1187
1663.0000 1645.8036 4.7921 35.1185
1665.0000 1647.7751 4.7795 35.1172
1667.0000 1649.7466 4.7653 35.1148
1669.0000 1651.7181 4.7620 35.1145
1671.0000 1653.6896 4.7659 35.1168
1673.0000 1655.6611 4.7637 35.1168
1675.0000 1657.6326 4.7600 35.1167
1677.0000 1659.6041 4.7536 35.1158
1679.0000 1661.5753 4.7548 35.1175
1681.0000 1663.5469 4.7526 35.1184
1683.0000 1665.5183 4.7510 35.1182
1685.0000 1667.4896 4.7469 35.1182
1687.0000 1669.4608 4.7382 35.1177
1689.0000 1671.4324 4.7425 35.1179
1691.0000 1673.4037 4.7371 35.1177
1693.0000 1675.3749 4.7350 35.1178
1695.0000 1677.3462 4.7309 35.1174
1697.0000 1679.3174 4.7255 35.1172
1699.0000 1681.2887 4.7276 35.1172
1701.0000 1683.2599 4.7239 35.1167
1703.0000 1685.2310 4.7153 35.1164
1705.0000 1687.2023 4.7108 35.1159
1707.0000 1689.1732 4.7054 35.1156
1709.0000 1691.1447 4.7022 35.1153
1711.0000 1693.1157 4.7007 35.1153
1713.0000 1695.0869 4.6989 35.1151
1715.0000 1697.0579 4.6959 35.1148
1717.0000 1699.0289 4.6889 35.1143
1719.0000 1701.0001 4.6821 35.1140
1721.0000 1702.9708 4.6830 35.1136
1723.0000 1704.9420 4.6713 35.1131
1725.0000 1706.9131 4.6708 35.1130
1727.0000 1708.8840 4.6641 35.1123
1729.0000 1710.8550 4.6639 35.1125
1731.0000 1712.8259 4.6667 35.1125
1733.0000 1714.7969 4.6539 35.1116
1735.0000 1716.7676 4.6514 35.1112
1737.0000 1718.7385 4.6421 35.1105
1739.0000 1720.7097 4.6411 35.1105
1741.0000 1722.6802 4.6406 35.1104
1743.0000 1724.6511 4.6436 35.1106
1745.0000 1726.6221 4.6366 35.1099
1747.0000 1728.5928 4.6339 35.1098
1749.0000 1730.5635 4.6302 35.1092
1751.0000 1732.5343 4.6219 35.1084
1753.0000 1734.5051 4.6150 35.1079
1755.0000 1736.4757 4.6089 35.1075
1757.0000 1738.4464 4.5959 35.1066
1759.0000 1740.4171 4.5884 35.1062
1761.0000 1742.3878 4.5873 35.1060
1763.0000 1744.3584 4.5786 35.1051
1765.0000 1746.3291 4.5786 35.1053
1767.0000 1748.2998 4.5706 35.1046
1769.0000 1750.2701 4.5684 35.1045
1771.0000 1752.2408 4.5680 35.1045
1773.0000 1754.2115 4.5674 35.1044
1775.0000 1756.1821 4.5597 35.1035
1777.0000 1758.1525 4.5450 35.1019
1779.0000 1760.1229 4.5386 35.1014
1781.0000 1762.0936 4.5337 35.1007
1783.0000 1764.0637 4.5246 35.1000
1785.0000 1766.0344 4.5193 35.0993
1787.0000 1768.0048 4.5131 35.0988
1789.0000 1769.9755 4.5058 35.0980
1791.0000 1771.9456 4.4948 35.0971
1793.0000 1773.9161 4.4904 35.0967
1795.0000 1775.8865 4.4897 35.0965
1797.0000 1777.8566 4.4863 35.0960
1799.0000 1779.8270 4.4784 35.0955
1801.0000 1781.7974 4.4806 35.0956
1803.0000 1783.7675 4.4733 35.0954
1805.0000 1785.7378 4.4706 35.0950
1807.0000 1787.7083 4.4603 35.0940
1809.0000 1789.6783 4.4562 35.0940
1811.0000 1791.6484 4.4553 35.0939
1813.0000 1793.6188 4.4549 35.0940
1815.0000 1795.5891 4.4533 35.0938
1817.0000 1797.5590 4.4536 35.0938
1819.0000 1799.5293 4.4520 35.0936
1821.0000 1801.4994 4.4427 35.0931
1823.0000 1803.4696 4.4400 35.0927
1825.0000 1805.4393 4.4379 35.0928
1827.0000 1807.4097 4.4334 35.0925
1829.0000 1809.3795 4.4283 35.0924
1831.0000 1811.3496 4.4229 35.0920
1833.0000 1813.3196 4.4200 35.0923
1835.0000 1815.2898 4.4171 35.0922
1837.0000 1817.2596 4.4165 35.0919
1839.0000 1819.2296 4.4062 35.0911
1841.0000 1821.1995 4.4005 35.0907
1843.0000 1823.1696 4.3959 35.0904
1845.0000 1825.1393 4.3998 35.0903
1847.0000 1827.1091 4.3854 35.0890
1849.0000 1829.0790 4.3790 35.0884
1851.0000 1831.0491 4.3720 35.0874
1853.0000 1833.0186 4.3594 35.0859
1855.0000 1834.9885 4.3523 35.0855
1857.0000 1836.9584 4.3470 35.0853
1859.0000 1838.9281 4.3445 35.0858
1861.0000 1840.8977 4.3443 35.0858
1863.0000 1842.8676 4.3401 35.0855
1865.0000 1844.8372 4.3340 35.0851
1867.0000 1846.8070 4.3315 35.0852
1869.0000 1848.7769 4.3330 35.0852
1871.0000 1850.7463 4.3262 35.0846
1873.0000 1852.7161 4.3193 35.0840
1875.0000 1854.6854 4.3149 35.0836
1877.0000 1856.6554 4.3173 35.0837
1879.0000 1858.6246 4.3093 35.0832
1881.0000 1860.5944 4.3079 35.0829
1883.0000 1862.5640 4.2998 35.0821
1885.0000 1864.5337 4.2963 35.0820
1887.0000 1866.5029 4.2900 35.0812
1889.0000 1868.4724 4.2947 35.0818
1891.0000 1870.4420 4.2939 35.0820
1893.0000 1872.4114 4.2904 35.0826
1895.0000 1874.3810 4.2902 35.0825
1897.0000 1876.3502 4.2841 35.0820
1899.0000 1878.3197 4.2833 35.0818
1901.0000 1880.2889 4.2797 35.0819
1903.0000 1882.2584 4.2734 35.0813
1905.0000 1884.2277 4.2717 35.0815
1907.0000 1886.1970 4.2738 35.0822
1909.0000 1888.1664 4.2688 35.0819
1911.0000 1890.1357 4.2659 35.0817
1913.0000 1892.1051 4.2614 35.0813
1915.0000 1894.0742 4.2577 35.0810
1917.0000 1896.0435 4.2550 35.0808
1919.0000 1898.0127 4.2533 35.0807
1921.0000 1899.9818 4.2412 35.0796
1923.0000 1901.9513 4.2381 35.0795
1925.0000 1903.9203 4.2322 35.0783
1927.0000 1905.8894 4.2205 35.0764
1929.0000 1907.8584 4.2093 35.0757
1931.0000 1909.8276 4.2101 35.0758
1933.0000 1911.7969 4.2131 35.0759
1935.0000 1913.7657 4.1997 35.0754
1937.0000 1915.7350 4.2018 35.0765
1939.0000 1917.7039 4.1944 35.0754
1941.0000 1919.6729 4.1927 35.0764
1943.0000 1921.6420 4.1933 35.0767
1945.0000 1923.6110 4.1926 35.0769
1947.0000 1925.5801 4.1947 35.0780
1949.0000 1927.5487 4.1945 35.0780
1951.0000 1929.5179 4.1905 35.0776
1953.0000 1931.4869 4.1874 35.0775
1955.0000 1933.4554 4.1891 35.0774
1957.0000 1935.4244 4.1844 35.0776
1959.0000 1937.3933 4.1816 35.0777
1961.0000 1939.3623 4.1795 35.0774
1963.0000 1941.3309 4.1760 35.0769
1965.0000 1943.2998 4.1715 35.0764
1967.0000 1945.2687 4.1686 35.0760
1969.0000 1947.2374 4.1633 35.0758
1971.0000 1949.2061 4.1588 35.0751
1973.0000 1951.1749 4.1592 35.0752
1975.0000 1953.1436 4.1517 35.0744
1977.0000 1955.1122 4.1509 35.0745
1979.0000 1957.0811 4.1418 35.0733
1981.0000 1959.0497 4.1324 35.0725
1983.0000 1961.0181 4.1374 35.0729
1985.0000 1962.9869 4.1256 35.0718
1987.0000 1964.9556 4.1197 35.0712
1989.0000 1966.9242 4.1147 35.0708
1991.0000 1968.8926 4.1075 35.0700
1993.0000 1970.8612 4.1046 35.0697
1995.0000 1972.8298 4.1049 35.0695
1997.0000 1974.7983 4.0891 35.0682
1999.0000 1976.7667 4.0846 35.0678
2001.0000 1978.7354 4.0805 35.0673
2003.0000 1980.7037 4.0789 35.0672
2005.0000 1982.6720 4.0733 35.0667
2007.0000 1984.6406 4.0706 35.0661
2009.0000 1986.6088 4.0653 35.0657
2011.0000 1988.5773 4.0613 35.0654
2013.0000 1990.5457 4.0575 35.0649
2015.0000 1992.5140 4.0542 35.0645
2017.0000 1994.4823 4.0497 35.0638
2019.0000 1996.4507 4.0414 35.0630
2021.0000 1998.4191 4.0344 35.0619
2023.0000 2000.3873 4.0226 35.0606
2025.0000 2002.3556 4.0205 35.0604
2027.0000 2004.3237 4.0202 35.0603
2029.0000 2006.2920 4.0121 35.0591
2031.0000 2008.2601 3.9971 35.0576
2033.0000 2010.2284 3.9902 35.0567
2035.0000 2012.1965 3.9821 35.0557
2037.0000 2014.1648 3.9751 35.0549
2039.0000 2016.1328 3.9660 35.0531
2041.0000 2018.1008 3.9502 35.0509
2043.0000 2020.0690 3.9407 35.0496
2045.0000 2022.0370 3.9360 35.0491
2047.0000 2024.0050 3.9338 35.0491
2049.0000 2025.9733 3.9357 35.0491
2051.0000 2027.9414 3.9279 35.0489
2053.0000 2029.9092 3.9273 35.0490
2055.0000 2031.8772 3.9285 35.0489
2057.0000 2033.8452 3.9252 35.0486
2059.0000 2035.8130 3.9209 35.0485
2061.0000 2037.7810 3.9220 35.0485
2063.0000 2039.7490 3.9190 35.0482
2065.0000 2041.7168 3.9124 35.0479
2067.0000 2043.6846 3.9091 35.0477
2069.0000 2045.6526 3.9058 35.0475
2071.0000 2047.6206 3.9010 35.0471
2073.0000 2049.5881 3.8988 35.0470
2075.0000 2051.5559 3.8917 35.0462
2077.0000 2053.5239 3.8874 35.0459
2079.0000 2055.4915 3.8883 35.0459
2081.0000 2057.4595 3.8879 35.0473
2083.0000 2059.4272 3.8892 35.0478
2085.0000 2061.3950 3.8875 35.0474
2087.0000 2063.3625 3.8882 35.0472
2089.0000 2065.3301 3.8829 35.0467
2091.0000 2067.2979 3.8749 35.0462
2093.0000 2069.2654 3.8728 35.0458
2095.0000 2071.2332 3.8613 35.0443
2097.0000 2073.2007 3.8535 35.0434
2099.0000 2075.1685 3.8481 35.0427
2101.0000 2077.1357 3.8597 35.0441
2103.0000 2079.1035 3.8434 35.0420
2105.0000 2081.0710 3.8351 35.0416
2107.0000 2083.0383 3.8374 35.0423
2109.0000 2085.0059 3.8391 35.0426
2111.0000 2086.9734 3.8395 35.0429
2113.0000 2088.9409 3.8386 35.0425
2115.0000 2090.9082 3.8249 35.0415
2117.0000 2092.8757 3.8175 35.0403
2119.0000 2094.8433 3.8102 35.0394
2121.0000 2096.8103 3.8099 35.0394
2123.0000 2098.7778 3.8021 35.0384
2125.0000 2100.7454 3.8018 35.0389
2127.0000 2102.7124 3.8012 35.0391
2129.0000 2104.6802 3.7938 35.0378
2131.0000 2106.6472 3.7965 35.0383
2133.0000 2108.6145 3.7919 35.0382
2135.0000 2110.5818 3.7901 35.0385
2137.0000 2112.5491 3.7886 35.0384
2139.0000 2114.5161 3.7843 35.0382
2141.0000 2116.4832 3.7833 35.0381
2143.0000 2118.4507 3.7881 35.0383
2145.0000 2120.4177 3.7815 35.0378
2147.0000 2122.3853 3.7752 35.0379
2149.0000 2124.3518 3.7745 35.0376
2151.0000 2126.3191 3.7726 35.0375
2153.0000 2128.2864 3.7776 35.0376
2155.0000 2130.2534 3.7668 35.0366
2157.0000 2132.2205 3.7568 35.0358
2159.0000 2134.1875 3.7557 35.0356
2161.0000 2136.1545 3.7475 35.0346
2163.0000 2138.1213 3.7415 35.0341
2165.0000 2140.0886 3.7378 35.0337
2167.0000 2142.0557 3.7419 35.0341
2169.0000 2144.0222 3.7330 35.0332
2171.0000 2145.9893 3.7277 35.0327
2173.0000 2147.9563 3.7246 35.0326
2175.0000 2149.9233 3.7292 35.0328
2177.0000 2151.8901 3.7205 35.0317
2179.0000 2153.8569 3.7165 35.0314
2181.0000 2155.8237 3.7124 35.0310
2183.0000 2157.7905 3.7075 35.0307
2185.0000 2159.7576 3.7046 35.0304
2187.0000 2161.7241 3.7021 35.0300
2189.0000 2163.6909 3.6990 35.0297
2191.0000 2165.6575 3.6952 35.0294
2193.0000 2167.6245 3.6936 35.0293
2195.0000 2169.5911 3.6875 35.0284
2197.0000 2171.5576 3.6876 35.0286
2199.0000 2173.5247 3.6857 35.0282
2201.0000 2175.4915 3.6783 35.0277
2203.0000 2177.4578 3.6718 35.0269
2205.0000 2179.4246 3.6677 35.0265
2207.0000 2181.3911 3.6661 35.0266
2209.0000 2183.3577 3.6695 35.0284
2211.0000 2185.3242 3.6679 35.0283
2213.0000 2187.2908 3.6682 35.0279
2215.0000 2189.2573 3.6646 35.0278
2217.0000 2191.2236 3.6587 35.0268
2219.0000 2193.1902 3.6512 35.0260
2221.0000 2195.1570 3.6486 35.0255
2223.0000 2197.1235 3.6498 35.0255
2225.0000 2199.0898 3.6400 35.0246
2227.0000 2201.0564 3.6399 35.0252
2229.0000 2203.0225 3.6396 35.0257
2231.0000 2204.9888 3.6387 35.0253
2233.0000 2206.9553 3.6390 35.0251
2235.0000 2208.9216 3.6314 35.0245
2237.0000 2210.8882 3.6207 35.0230
2239.0000 2212.8542 3.6112 35.0221
2241.0000 2214.8208 3.6034 35.0212
2243.0000 2216.7871 3.5980 35.0207
2245.0000 2218.7532 3.6022 35.0211
2247.0000 2220.7195 3.5956 35.0204
2249.0000 2222.6858 3.5920 35.0198
2251.0000 2224.6521 3.5865 35.0191
2253.0000 2226.6182 3.5834 35.0188
2255.0000 2228.5842 3.5776 35.0183
2257.0000 2230.5505 3.5818 35.0186
2259.0000 2232.5164 3.5735 35.0178
2261.0000 2234.4827 3.5674 35.0175
2263.0000 2236.4487 3.5655 35.0173
2265.0000 2238.4146 3.5641 35.0172
2267.0000 2240.3809 3.5657 35.0173
2269.0000 2242.3472 3.5625 35.0172
2271.0000 2244.3132 3.5596 35.0168
2273.0000 2246.2791 3.5584 35.0166
2275.0000 2248.2449 3.5509 35.0161
2277.0000 2250.2112 3.5468 35.0156
2279.0000 2252.1770 3.5491 35.0158
2281.0000 2254.1426 3.5399 35.0151
2283.0000 2256.1089 3.5363 35.0149
2285.0000 2258.0747 3.5344 35.0145
2287.0000 2260.0405 3.5327 35.0145
2289.0000 2262.0066 3.5333 35.0145
2291.0000 2263.9724 3.5293 35.0139
2293.0000 2265.9380 3.5242 35.0135
2295.0000 2267.9041 3.5196 35.0129
2297.0000 2269.8699 3.5129 35.0120
2299.0000 2271.8357 3.5061 35.0112
2301.0000 2273.8013 3.5011 35.0108
2303.0000 2275.7673 3.4927 35.0099
2305.0000 2277.7329 3.4859 35.0093
2307.0000 2279.6982 3.4884 35.0095
2309.0000 2281.6641 3.4836 35.0090
2311.0000 2283.6299 3.4789 35.0089
2313.0000 2285.5955 3.4774 35.0087
2315.0000 2287.5610 3.4760 35.0085
2317.0000 2289.5266 3.4754 35.0085
2319.0000 2291.4924 3.4752 35.0083
2321.0000 2293.4578 3.4705 35.0085
2323.0000 2295.4236 3.4684 35.0082
2325.0000 2297.3889 3.4617 35.0076
2327.0000 2299.3545 3.4662 35.0079
2329.0000 2301.3201 3.4556 35.0069
2331.0000 2303.2856 3.4532 35.0065
2333.0000 2305.2512 3.4521 35.0063
2335.0000 2307.2166 3.4467 35.0058
2337.0000 2309.1819 3.4470 35.0064
2339.0000 2311.1475 3.4456 35.0061
2341.0000 2313.1128 3.4390 35.0054
2343.0000 2315.0781 3.4373 35.0054
2345.0000 2317.0435 3.4375 35.0053
2347.0000 2319.0088 3.4331 35.0051
2349.0000 2320.9741 3.4323 35.0051
2351.0000 2322.9392 3.4318 35.0049
2353.0000 2324.9048 3.4291 35.0044
2355.0000 2326.8699 3.4247 35.0039
2357.0000 2328.8352 3.4259 35.0040
2359.0000 2330.8003 3.4218 35.0038
2361.0000 2332.7656 3.4182 35.0035
2363.0000 2334.7307 3.4152 35.0032
2365.0000 2336.6960 3.4184 35.0034
2367.0000 2338.6614 3.4104 35.0029
2369.0000 2340.6262 3.4086 35.0026
2371.0000 2342.5913 3.4067 35.0024
2373.0000 2344.5566 3.4040 35.0021
2375.0000 2346.5217 3.4081 35.0025
2377.0000 2348.4868 3.4016 35.0017
2379.0000 2350.4519 3.3900 35.0010
2381.0000 2352.4170 3.3884 35.0008
2383.0000 2354.3818 3.3867 35.0008
2385.0000 2356.3469 3.3865 35.0008
2387.0000 2358.3120 3.3884 35.0007
2389.0000 2360.2769 3.3777 35.0000
2391.0000 2362.2419 3.3748 34.9996
2393.0000 2364.2068 3.3708 34.9993
2395.0000 2366.1719 3.3673 34.9991
2397.0000 2368.1365 3.3732 34.9995
2399.0000 2370.1016 3.3647 34.9988
2401.0000 2372.0664 3.3625 34.9985
2403.0000 2374.0310 3.3574 34.9981
2405.0000 2375.9958 3.3561 34.9981
2407.0000 2377.9607 3.3531 34.9977
2409.0000 2379.9255 3.3546 34.9977
2411.0000 2381.8901 3.3494 34.9974
2413.0000 2383.8550 3.3484 34.9971
2415.0000 2385.8198 3.3444 34.9967
2417.0000 2387.7844 3.3425 34.9963
2419.0000 2389.7495 3.3389 34.9959
2421.0000 2391.7141 3.3353 34.9957
2423.0000 2393.6787 3.3342 34.9955
2425.0000 2395.6433 3.3294 34.9951
2427.0000 2397.6079 3.3267 34.9949
2429.0000 2399.5728 3.3263 34.9949
2431.0000 2401.5371 3.3243 34.9946
2433.0000 2403.5017 3.3232 34.9945
2435.0000 2405.4663 3.3209 34.9942
2437.0000 2407.4309 3.3162 34.9939
2439.0000 2409.3953 3.3132 34.9936
2441.0000 2411.3596 3.3119 34.9934
2443.0000 2413.3245 3.3109 34.9934
2445.0000 2415.2886 3.3081 34.9932
2447.0000 2417.2529 3.3068 34.9930
2449.0000 2419.2178 3.3031 34.9925
2451.0000 2421.1819 3.3004 34.9924
2453.0000 2423.1462 3.2949 34.9917
2455.0000 2425.1108 3.2896 34.9915
2457.0000 2427.0754 3.2883 34.9912
2459.0000 2429.0393 3.2871 34.9911
2461.0000 2431.0039 3.2885 34.9911
2463.0000 2432.9683 3.2841 34.9908
2465.0000 2434.9324 3.2812 34.9905
2467.0000 2436.8965 3.2774 34.9901
2469.0000 2438.8611 3.2763 34.9899
2471.0000 2440.8252 3.2779 34.9900
2473.0000 2442.7893 3.2766 34.9900
2475.0000 2444.7534 3.2744 34.9896
2477.0000 2446.7178 3.2708 34.9892
2479.0000 2448.6816 3.2721 34.9892
2481.0000 2450.6460 3.2650 34.9887
2483.0000 2452.6104 3.2634 34.9886
2485.0000 2454.5745 3.2601 34.9880
2487.0000 2456.5383 3.2574 34.9880
2489.0000 2458.5024 3.2568 34.9875
2491.0000 2460.4666 3.2518 34.9873
2493.0000 2462.4304 3.2482 34.9868
2495.0000 2464.3945 3.2436 34.9864
2497.0000 2466.3584 3.2417 34.9863
2499.0000 2468.3225 3.2334 34.9854
2501.0000 2470.2864 3.2289 34.9851
2503.0000 2472.2505 3.2272 34.9849
2505.0000 2474.2146 3.2246 34.9847
2507.0000 2476.1782 3.2239 34.9847
2509.0000 2478.1421 3.2243 34.9846
2511.0000 2480.1060 3.2190 34.9839
2513.0000 2482.0701 3.2112 34.9834
2515.0000 2484.0337 3.2107 34.9834
2517.0000 2485.9973 3.2071 34.9829
2519.0000 2487.9612 3.2109 34.9834
2521.0000 2489.9250 3.2056 34.9828
2523.0000 2491.8889 3.2009 34.9826
2525.0000 2493.8525 3.1993 34.9823
2527.0000 2495.8162 3.1968 34.9821
2529.0000 2497.7800 3.1909 34.9815
2531.0000 2499.7437 3.1929 34.9816
2533.0000 2501.7075 3.1884 34.9811
2535.0000 2503.6711 3.1834 34.9810
2537.0000 2505.6348 3.1820 34.9807
2539.0000 2507.5984 3.1800 34.9806
2541.0000 2509.5618 3.1829 34.9807
2543.0000 2511.5254 3.1808 34.9805
2545.0000 2513.4890 3.1772 34.9803
2547.0000 2515.4526 3.1742 34.9799
2549.0000 2517.4163 3.1709 34.9796
2551.0000 2519.3799 3.1689 34.9795
2553.0000 2521.3433 3.1692 34.9795
2555.0000 2523.3066 3.1671 34.9790
2557.0000 2525.2700 3.1576 34.9784
2559.0000 2527.2334 3.1574 34.9786
2561.0000 2529.1970 3.1561 34.9783
2563.0000 2531.1604 3.1573 34.9783
2565.0000 2533.1238 3.1585 34.9785
2567.0000 2535.0872 3.1591 34.9783
2569.0000 2537.0503 3.1484 34.9775
2571.0000 2539.0137 3.1405 34.9768
2573.0000 2540.9771 3.1367 34.9763
2575.0000 2542.9407 3.1339 34.9761
2577.0000 2544.9036 3.1371 34.9762
2579.0000 2546.8669 3.1260 34.9754
2581.0000 2548.8303 3.1242 34.9754
2583.0000 2550.7932 3.1241 34.9752
2585.0000 2552.7568 3.1250 34.9750
2587.0000 2554.7200 3.1181 34.9745
2589.0000 2556.6829 3.1180 34.9746
2591.0000 2558.6460 3.1148 34.9742
2593.0000 2560.6094 3.1118 34.9741
2595.0000 2562.5725 3.1106 34.9738
2597.0000 2564.5356 3.1107 34.9738
2599.0000 2566.4985 3.1051 34.9733
2601.0000 2568.4619 3.1025 34.9732
2603.0000 2570.4246 3.1003 34.9729
2605.0000 2572.3875 3.0978 34.9727
2607.0000 2574.3508 3.0928 34.9721
2609.0000 2576.3140 3.0984 34.9727
2611.0000 2578.2766 3.0926 34.9718
2613.0000 2580.2395 3.0835 34.9714
2615.0000 2582.2029 3.0801 34.9708
2617.0000 2584.1655 3.0748 34.9706
2619.0000 2586.1284 3.0816 34.9709
2621.0000 2588.0913 3.0717 34.9700
2623.0000 2590.0542 3.0696 34.9699
2625.0000 2592.0171 3.0673 34.9696
2627.0000 2593.9800 3.0648 34.9694
2629.0000 2595.9429 3.0663 34.9695
2631.0000 2597.9055 3.0633 34.9691
2633.0000 2599.8682 3.0587 34.9686
2635.0000 2601.8313 3.0542 34.9683
2637.0000 2603.7939 3.0521 34.9680
2639.0000 2605.7566 3.0515 34.9680
2641.0000 2607.7190 3.0510 34.9680
2643.0000 2609.6821 3.0504 34.9680
2645.0000 2611.6445 3.0503 34.9678
2647.0000 2613.6074 3.0493 34.9677
2649.0000 2615.5698 3.0471 34.9676
2651.0000 2617.5327 3.0459 34.9674
2653.0000 2619.4951 3.0447 34.9672
2655.0000 2621.4578 3.0469 34.9672
2657.0000 2623.4204 3.0388 34.9666
2659.0000 2625.3828 3.0362 34.9663
2661.0000 2627.3455 3.0344 34.9662
2663.0000 2629.3079 3.0303 34.9657
2665.0000 2631.2703 3.0278 34.9656
2667.0000 2633.2329 3.0313 34.9656
2669.0000 2635.1953 3.0209 34.9648
2671.0000 2637.1577 3.0162 34.9645
2673.0000 2639.1201 3.0190 34.9646
2675.0000 2641.0825 3.0127 34.9641
2677.0000 2643.0452 3.0098 34.9640
2679.0000 2645.0073 3.0098 34.9641
2681.0000 2646.9697 3.0080 34.9637
2683.0000 2648.9321 3.0045 34.9634
2685.0000 2650.8945 3.0055 34.9634
2687.0000 2652.8564 2.9995 34.9628
2689.0000 2654.8191 2.9938 34.9624
2691.0000 2656.7812 2.9927 34.9623
2693.0000 2658.7432 2.9902 34.9619
2695.0000 2660.7056 2.9891 34.9620
2697.0000 2662.6680 2.9916 34.9619
2699.0000 2664.6304 2.9862 34.9614
2701.0000 2666.5923 2.9823 34.9611
2703.0000 2668.5544 2.9799 34.9609
2705.0000 2670.5166 2.9761 34.9604
2707.0000 2672.4785 2.9734 34.9604
2709.0000 2674.4407 2.9731 34.9603
2711.0000 2676.4031 2.9724 34.9602
2713.0000 2678.3647 2.9726 34.9602
2715.0000 2680.3269 2.9730 34.9602
2717.0000 2682.2893 2.9710 34.9600
2719.0000 2684.2512 2.9700 34.9598
2721.0000 2686.2129 2.9675 34.9597
2723.0000 2688.1748 2.9697 34.9597
2725.0000 2690.1372 2.9633 34.9593
2727.0000 2692.0989 2.9603 34.9589
2729.0000 2694.0608 2.9562 34.9584
2731.0000 2696.0229 2.9555 34.9585
2733.0000 2697.9849 2.9530 34.9579
2735.0000 2699.9463 2.9461 34.9576
2737.0000 2701.9084 2.9437 34.9573
2739.0000 2703.8704 2.9417 34.9571
2741.0000 2705.8318 2.9405 34.9572
2743.0000 2707.7939 2.9374 34.9568
2745.0000 2709.7556 2.9335 34.9566
2747.0000 2711.7175 2.9317 34.9563
2749.0000 2713.6792 2.9282 34.9561
2751.0000 2715.6409 2.9265 34.9559
2753.0000 2717.6025 2.9235 34.9559
2755.0000 2719.5642 2.9214 34.9556
2757.0000 2721.5259 2.9222 34.9556
2759.0000 2723.4875 2.9197 34.9553
2761.0000 2725.4495 2.9192 34.9552
2763.0000 2727.4109 2.9197 34.9551
2765.0000 2729.3723 2.9136 34.9546
2767.0000 2731.3342 2.9103 34.9543
2769.0000 2733.2957 2.9089 34.9541
2771.0000 2735.2571 2.9112 34.9542
2773.0000 2737.2188 2.9064 34.9539
2775.0000 2739.1802 2.9046 34.9538
2777.0000 2741.1416 2.9033 34.9537
2779.0000 2743.1033 2.9042 34.9537
2781.0000 2745.0647 2.9040 34.9538
2783.0000 2747.0259 2.8986 34.9532
2785.0000 2748.9875 2.8972 34.9531
2787.0000 2750.9490 2.8957 34.9529
2789.0000 2752.9104 2.8930 34.9527
2791.0000 2754.8716 2.8975 34.9529
2793.0000 2756.8330 2.8892 34.9522
2795.0000 2758.7944 2.8834 34.9517
2797.0000 2760.7556 2.8805 34.9515
2799.0000 2762.7168 2.8801 34.9515
2801.0000 2764.6785 2.8813 34.9514
2803.0000 2766.6394 2.8791 34.9513
2805.0000 2768.6008 2.8753 34.9510
2807.0000 2770.5620 2.8728 34.9507
2809.0000 2772.5234 2.8717 34.9506
2811.0000 2774.4844 2.8683 34.9503
2813.0000 2776.4456 2.8701 34.9503
2815.0000 2778.4067 2.8665 34.9500
2817.0000 2780.3679 2.8607 34.9497
2819.0000 2782.3289 2.8605 34.9496
2821.0000 2784.2903 2.8600 34.9496
2823.0000 2786.2512 2.8612 34.9494
2825.0000 2788.2122 2.8588 34.9494
2827.0000 2790.1733 2.8594 34.9493
2829.0000 2792.1343 2.8562 34.9491
2831.0000 2794.0955 2.8550 34.9490
2833.0000 2796.0564 2.8545 34.9490
2835.0000 2798.0173 2.8557 34.9489
2837.0000 2799.9785 2.8567 34.9489
2839.0000 2801.9392 2.8531 34.9487
2841.0000 2803.9004 2.8488 34.9482
2843.0000 2805.8613 2.8478 34.9480
2845.0000 2807.8220 2.8484 34.9481
2847.0000 2809.7830 2.8477 34.9477
2849.0000 2811.7437 2.8414 34.9475
2851.0000 2813.7046 2.8406 34.9475
2853.0000 2815.6653 2.8397 34.9473
2855.0000 2817.6265 2.8386 34.9472
2857.0000 2819.5872 2.8378 34.9470
2859.0000 2821.5476 2.8373 34.9469
2861.0000 2823.5088 2.8340 34.9468
2863.0000 2825.4692 2.8327 34.9466
2865.0000 2827.4299 2.8276 34.9462
2867.0000 2829.3906 2.8285 34.9463
2869.0000 2831.3516 2.8267 34.9459
2871.0000 2833.3123 2.8191 34.9455
2873.0000 2835.2727 2.8164 34.9451
2875.0000 2837.2334 2.8139 34.9450
2877.0000 2839.1941 2.8148 34.9450
2879.0000 2841.1543 2.8119 34.9448
2881.0000 2843.1150 2.8112 34.9449
2883.0000 2845.0757 2.8098 34.9446
2885.0000 2847.0361 2.8084 34.9445
2887.0000 2848.9968 2.8066 34.9441
2889.0000 2850.9573 2.8000 34.9438
2891.0000 2852.9180 2.7996 34.9438
2893.0000 2854.8779 2.7977 34.9435
2895.0000 2856.8384 2.7959 34.9434
2897.0000 2858.7991 2.7975 34.9434
2899.0000 2860.7595 2.7940 34.9433
2901.0000 2862.7197 2.7924 34.9431
2903.0000 2864.6802 2.7906 34.9428
2905.0000 2866.6406 2.7886 34.9427
2907.0000 2868.6008 2.7882 34.9426
2909.0000 2870.5613 2.7876 34.9427
2911.0000 2872.5217 2.7858 34.9424
2913.0000 2874.4819 2.7841 34.9423
2915.0000 2876.4421 2.7839 34.9422
2917.0000 2878.4026 2.7823 34.9421
2919.0000 2880.3625 2.7818 34.9423
2921.0000 2882.3228 2.7813 34.9420
2923.0000 2884.2832 2.7803 34.9420
2925.0000 2886.2437 2.7792 34.9417
2927.0000 2888.2034 2.7780 34.9417
2929.0000 2890.1636 2.7764 34.9415
2931.0000 2892.1235 2.7748 34.9414
2933.0000 2894.0842 2.7738 34.9412
2935.0000 2896.0439 2.7745 34.9412
2937.0000 2898.0042 2.7726 34.9412
2939.0000 2899.9641 2.7717 34.9409
2941.0000 2901.9241 2.7703 34.9408
2943.0000 2903.8840 2.7675 34.9406
2945.0000 2905.8442 2.7661 34.9404
2947.0000 2907.8042 2.7664 34.9404
2949.0000 2909.7642 2.7622 34.9401
2951.0000 2911.7239 2.7599 34.9399
2953.0000 2913.6843 2.7582 34.9398
2955.0000 2915.6438 2.7575 34.9396
2957.0000 2917.6038 2.7575 34.9396
2959.0000 2919.5637 2.7552 34.9395
2961.0000 2921.5237 2.7551 34.9394
2963.0000 2923.4834 2.7551 34.9394
2965.0000 2925.4434 2.7547 34.9393
2967.0000 2927.4031 2.7539 34.9390
2969.0000 2929.3628 2.7500 34.9389
2971.0000 2931.3225 2.7489 34.9387
2973.0000 2933.2825 2.7489 34.9388
2975.0000 2935.2419 2.7484 34.9385
2977.0000 2937.2019 2.7490 34.9386
2979.0000 2939.1614 2.7463 34.9383
2981.0000 2941.1213 2.7413 34.9379
2983.0000 2943.0806 2.7405 34.9380
2985.0000 2945.0405 2.7391 34.9377
2987.0000 2947.0002 2.7388 34.9377
2989.0000 2948.9597 2.7338 34.9370
2991.0000 2950.9194 2.7283 34.9367
2993.0000 2952.8789 2.7274 34.9366
2995.0000 2954.8389 2.7270 34.9365
2997.0000 2956.7979 2.7263 34.9365
2999.0000 2958.7578 2.7245 34.9362
3001.0000 2960.7173 2.7224 34.9361
3003.0000 2962.6765 2.7193 34.9358
3005.0000 2964.6360 2.7183 34.9358
3007.0000 2966.5957 2.7181 34.9357
3009.0000 2968.5552 2.7187 34.9357
3011.0000 2970.5144 2.7177 34.9357
3013.0000 2972.4741 2.7169 34.9355
3015.0000 2974.4333 2.7167 34.9355
3017.0000 2976.3926 2.7152 34.9353
3019.0000 2978.3518 2.7142 34.9352
3021.0000 2980.3115 2.7123 34.9351
3023.0000 2982.2710 2.7119 34.9350
3025.0000 2984.2297 2.7119 34.9349
3027.0000 2986.1892 2.7085 34.9346
3029.0000 2988.1484 2.7082 34.9347
3031.0000 2990.1077 2.7078 34.9346
3033.0000 2992.0669 2.7088 34.9345
3035.0000 2994.0261 2.7068 34.9344
3037.0000 2995.9854 2.7055 34.9342
3039.0000 2997.9443 2.7041 34.9341
3041.0000 2999.9038 2.7011 34.9339
3043.0000 3001.8628 2.7050 34.9340
3045.0000 3003.8220 2.6993 34.9335
3047.0000 3005.7812 2.6967 34.9334
3049.0000 3007.7402 2.6954 34.9333
3051.0000 3009.6990 2.6936 34.9330
3053.0000 3011.6582 2.6909 34.9328
3055.0000 3013.6172 2.6929 34.9328
3057.0000 3015.5764 2.6899 34.9326
3059.0000 3017.5352 2.6861 34.9322
3061.0000 3019.4944 2.6833 34.9320
3063.0000 3021.4534 2.6826 34.9319
3065.0000 3023.4121 2.6821 34.9319
3067.0000 3025.3711 2.6774 34.9314
3069.0000 3027.3301 2.6752 34.9313
3071.0000 3029.2893 2.6749 34.9312
3073.0000 3031.2478 2.6748 34.9311
3075.0000 3033.2068 2.6738 34.9310
3077.0000 3035.1658 2.6734 34.9310
3079.0000 3037.1243 2.6711 34.9308
3081.0000 3039.0833 2.6699 34.9307
3083.0000 3041.0422 2.6693 34.9306
3085.0000 3043.0007 2.6688 34.9306
3087.0000 3044.9595 2.6687 34.9305
3089.0000 3046.9182 2.6681 34.9305
3091.0000 3048.8772 2.6684 34.9303
3093.0000 3050.8357 2.6653 34.9302
3095.0000 3052.7942 2.6649 34.9301
3097.0000 3054.7529 2.6645 34.9301
3099.0000 3056.7119 2.6648 34.9300
3101.0000 3058.6702 2.6647 34.9300
3103.0000 3060.6289 2.6622 34.9298
3105.0000 3062.5876 2.6583 34.9294
3107.0000 3064.5459 2.6552 34.9291
3109.0000 3066.5046 2.6544 34.9291
3111.0000 3068.4634 2.6524 34.9288
3113.0000 3070.4214 2.6516 34.9287
3115.0000 3072.3804 2.6510 34.9286
3117.0000 3074.3386 2.6524 34.9286
3119.0000 3076.2971 2.6511 34.9286
3121.0000 3078.2556 2.6482 34.9284
3123.0000 3080.2139 2.6481 34.9283
3125.0000 3082.1724 2.6476 34.9283
3127.0000 3084.1309 2.6486 34.9282
3129.0000 3086.0891 2.6478 34.9282
3131.0000 3088.0476 2.6467 34.9281
3133.0000 3090.0061 2.6458 34.9280
3135.0000 3091.9641 2.6449 34.9279
3137.0000 3093.9226 2.6425 34.9277
3139.0000 3095.8809 2.6412 34.9275
3141.0000 3097.8394 2.6394 34.9274
3143.0000 3099.7974 2.6382 34.9273
3145.0000 3101.7559 2.6378 34.9273
3147.0000 3103.7141 2.6379 34.9273
3149.0000 3105.6721 2.6358 34.9270
3151.0000 3107.6304 2.6364 34.9269
3153.0000 3109.5889 2.6343 34.9267
3155.0000 3111.5464 2.6337 34.9268
3157.0000 3113.5049 2.6338 34.9269
3159.0000 3115.4629 2.6338 34.9268
3161.0000 3117.4209 2.6333 34.9267
3163.0000 3119.3792 2.6336 34.9266
3165.0000 3121.3372 2.6325 34.9266
3167.0000 3123.2952 2.6324 34.9265
3169.0000 3125.2529 2.6316 34.9265
3171.0000 3127.2112 2.6294 34.9262
3173.0000 3129.1694 2.6275 34.9260
3175.0000 3131.1270 2.6290 34.9261
3177.0000 3133.0852 2.6278 34.9260
3179.0000 3135.0432 2.6251 34.9257
3181.0000 3137.0010 2.6245 34.9257
3183.0000 3138.9587 2.6243 34.9256
3185.0000 3140.9170 2.6240 34.9257
3187.0000 3142.8750 2.6271 34.9258
3189.0000 3144.8323 2.6244 34.9253
3191.0000 3146.7903 2.6189 34.9251
3193.0000 3148.7483 2.6184 34.9250
3195.0000 3150.7061 2.6179 34.9250
3197.0000 3152.6638 2.6214 34.9251
3199.0000 3154.6216 2.6190 34.9250
3201.0000 3156.5796 2.6163 34.9247
3203.0000 3158.5369 2.6154 34.9248
3205.0000 3160.4949 2.6165 34.9246
3207.0000 3162.4526 2.6142 34.9244
3209.0000 3164.4106 2.6134 34.9243
3211.0000 3166.3677 2.6140 34.9244
3213.0000 3168.3254 2.6107 34.9241
3215.0000 3170.2832 2.6095 34.9240
3217.0000 3172.2407 2.6083 34.9239
3219.0000 3174.1982 2.6103 34.9239
3221.0000 3176.1560 2.6071 34.9239
3223.0000 3178.1138 2.6064 34.9237
3225.0000 3180.0710 2.6058 34.9236
3227.0000 3182.0283 2.6053 34.9235
3229.0000 3183.9861 2.6040 34.9234
3231.0000 3185.9436 2.6023 34.9233
3233.0000 3187.9011 2.6038 34.9232
3235.0000 3189.8584 2.6015 34.9231
3237.0000 3191.8157 2.6012 34.9230
3239.0000 3193.7732 2.6014 34.9230
3241.0000 3195.7307 2.6012 34.9230
3243.0000 3197.6880 2.6005 34.9230
3245.0000 3199.6453 2.6002 34.9230
3247.0000 3201.6028 2.5997 34.9229
3249.0000 3203.5603 2.5974 34.9226
3251.0000 3205.5171 2.5970 34.9226
3253.0000 3207.4746 2.5985 34.9226
3255.0000 3209.4321 2.5973 34.9226
3257.0000 3211.3894 2.5976 34.9226
3259.0000 3213.3464 2.5979 34.9226
3261.0000 3215.3035 2.5984 34.9225
3263.0000 3217.2610 2.5981 34.9225
3265.0000 3219.2178 2.5950 34.9223
3267.0000 3221.1753 2.5942 34.9221
3269.0000 3223.1326 2.5961 34.9222
3271.0000 3225.0896 2.5951 34.9221
3273.0000 3227.0464 2.5938 34.9222
3275.0000 3229.0039 2.5931 34.9219
3277.0000 3230.9609 2.5925 34.9219
3279.0000 3232.9180 2.5913 34.9218
3281.0000 3234.8750 2.5907 34.9217
3283.0000 3236.8320 2.5908 34.9217
3285.0000 3238.7891 2.5910 34.9217
3287.0000 3240.7458 2.5907 34.9217
3289.0000 3242.7031 2.5907 34.9216
3291.0000 3244.6599 2.5903 34.9216
3293.0000 3246.6167 2.5900 34.9215
3295.0000 3248.5737 2.5901 34.9215
3297.0000 3250.5308 2.5893 34.9214
3299.0000 3252.4875 2.5904 34.9213
3301.0000 3254.4443 2.5880 34.9212
3303.0000 3256.4014 2.5856 34.9210
3305.0000 3258.3584 2.5843 34.9208
3307.0000 3260.3149 2.5836 34.9208
3309.0000 3262.2720 2.5845 34.9207
3311.0000 3264.2288 2.5826 34.9206
3313.0000 3266.1853 2.5826 34.9207
3315.0000 3268.1418 2.5822 34.9206
3317.0000 3270.0989 2.5816 34.9204
3319.0000 3272.0557 2.5829 34.9204
3321.0000 3274.0122 2.5806 34.9203
3323.0000 3275.9690 2.5759 34.9199
3325.0000 3277.9255 2.5753 34.9197
3327.0000 3279.8821 2.5749 34.9198
3329.0000 3281.8389 2.5785 34.9200
3331.0000 3283.7957 2.5727 34.9193
3333.0000 3285.7522 2.5703 34.9194
3335.0000 3287.7087 2.5702 34.9192
3337.0000 3289.6650 2.5702 34.9193
3339.0000 3291.6218 2.5706 34.9192
3341.0000 3293.5781 2.5704 34.9193
3343.0000 3295.5347 2.5703 34.9193
3345.0000 3297.4915 2.5689 34.9191
3347.0000 3299.4480 2.5668 34.9189
3349.0000 3301.4043 2.5657 34.9188
3351.0000 3303.3606 2.5632 34.9185
3353.0000 3305.3171 2.5622 34.9184
3355.0000 3307.2732 2.5616 34.9184
3357.0000 3309.2297 2.5616 34.9185
3359.0000 3311.1863 2.5612 34.9183
3361.0000 3313.1428 2.5606 34.9182
3363.0000 3315.0989 2.5604 34.9181
3365.0000 3317.0554 2.5580 34.9179
3367.0000 3319.0115 2.5573 34.9179
3369.0000 3320.9675 2.5571 34.9177
3371.0000 3322.9241 2.5552 34.9177
3373.0000 3324.8804 2.5558 34.9175
3375.0000 3326.8364 2.5525 34.9173
3377.0000 3328.7927 2.5510 34.9171
3379.0000 3330.7490 2.5507 34.9171
3381.0000 3332.7053 2.5506 34.9172
3383.0000 3334.6611 2.5504 34.9172
3385.0000 3336.6174 2.5519 34.9171
3387.0000 3338.5735 2.5509 34.9171
3389.0000 3340.5293 2.5508 34.9169
3391.0000 3342.4856 2.5505 34.9171
3393.0000 3344.4417 2.5503 34.9169
3395.0000 3346.3979 2.5497 34.9168
3397.0000 3348.3540 2.5514 34.9169
3399.0000 3350.3098 2.5494 34.9168
3401.0000 3352.2661 2.5488 34.9167
3403.0000 3354.2217 2.5472 34.9165
3405.0000 3356.1775 2.5435 34.9162
3407.0000 3358.1338 2.5463 34.9162
3409.0000 3360.0896 2.5429 34.9159
3411.0000 3362.0452 2.5419 34.9158
3413.0000 3364.0015 2.5412 34.9158
3415.0000 3365.9575 2.5402 34.9157
3417.0000 3367.9128 2.5391 34.9156
3419.0000 3369.8691 2.5389 34.9155
3421.0000 3371.8252 2.5376 34.9154
3423.0000 3373.7810 2.5361 34.9153
3425.0000 3375.7366 2.5348 34.9151
3427.0000 3377.6924 2.5344 34.9151
3429.0000 3379.6479 2.5339 34.9150
3431.0000 3381.6033 2.5333 34.9149
3433.0000 3383.5593 2.5332 34.9149
3435.0000 3385.5151 2.5329 34.9148
3437.0000 3387.4707 2.5314 34.9147
3439.0000 3389.4265 2.5316 34.9146
3441.0000 3391.3821 2.5319 34.9146
3443.0000 3393.3379 2.5317 34.9145
3445.0000 3395.2935 2.5306 34.9145
3447.0000 3397.2488 2.5297 34.9144
3449.0000 3399.2046 2.5286 34.9144
3451.0000 3401.1602 2.5277 34.9142
3453.0000 3403.1157 2.5265 34.9140
3455.0000 3405.0715 2.5257 34.9139
3457.0000 3407.0271 2.5257 34.9138
3459.0000 3408.9822 2.5233 34.9137
3461.0000 3410.9380 2.5227 34.9135
3463.0000 3412.8933 2.5217 34.9135
3465.0000 3414.8486 2.5222 34.9133
3467.0000 3416.8040 2.5183 34.9132
3469.0000 3418.7595 2.5173 34.9131
3471.0000 3420.7148 2.5166 34.9130
3473.0000 3422.6699 2.5157 34.9129
3475.0000 3424.6255 2.5168 34.9128
3477.0000 3426.5808 2.5175 34.9130
3479.0000 3428.5361 2.5143 34.9125
3481.0000 3430.4915 2.5131 34.9126
3483.0000 3432.4470 2.5127 34.9125
3485.0000 3434.4021 2.5147 34.9124
3487.0000 3436.3572 2.5108 34.9122
3489.0000 3438.3125 2.5102 34.9121
3491.0000 3440.2676 2.5092 34.9119
3493.0000 3442.2227 2.5082 34.9119
3495.0000 3444.1782 2.5083 34.9119
3497.0000 3446.1333 2.5079 34.9119
3499.0000 3448.0884 2.5082 34.9117
3501.0000 3450.0432 2.5061 34.9117
3503.0000 3451.9988 2.5054 34.9116
3505.0000 3453.9539 2.5038 34.9114
3507.0000 3455.9084 2.5032 34.9114
3509.0000 3457.8640 2.5034 34.9114
3511.0000 3459.8191 2.5033 34.9113
3513.0000 3461.7737 2.5033 34.9113
3515.0000 3463.7288 2.5029 34.9112
3517.0000 3465.6838 2.5025 34.9113
3519.0000 3467.6387 2.5021 34.9112
3521.0000 3469.5940 2.4999 34.9109
3523.0000 3471.5488 2.4984 34.9107
3525.0000 3473.5034 2.4977 34.9106
3527.0000 3475.4583 2.4973 34.9107
3529.0000 3477.4133 2.4971 34.9105
3531.0000 3479.3684 2.4969 34.9106
3533.0000 3481.3232 2.4970 34.9106
3535.0000 3483.2781 2.4969 34.9105
3537.0000 3485.2327 2.4975 34.9104
3539.0000 3487.1877 2.4969 34.9105
3541.0000 3489.1423 2.4964 34.9104
3543.0000 3491.0969 2.4965 34.9104
3545.0000 3493.0520 2.4961 34.9104
3547.0000 3495.0071 2.4964 34.9103
3549.0000 3496.9612 2.4957 34.9103
3551.0000 3498.9163 2.4967 34.9102
3553.0000 3500.8708 2.4954 34.9101
3555.0000 3502.8252 2.4941 34.9100
3557.0000 3504.7803 2.4936 34.9099
3559.0000 3506.7349 2.4944 34.9099
3561.0000 3508.6892 2.4931 34.9100
3563.0000 3510.6438 2.4933 34.9097
3565.0000 3512.5984 2.4924 34.9097
3567.0000 3514.5530 2.4909 34.9095
3569.0000 3516.5073 2.4905 34.9096
3571.0000 3518.4619 2.4923 34.9095
3573.0000 3520.4165 2.4916 34.9095
3575.0000 3522.3708 2.4896 34.9094
3577.0000 3524.3254 2.4890 34.9093
3579.0000 3526.2800 2.4897 34.9092
3581.0000 3528.2341 2.4889 34.9090
3583.0000 3530.1885 2.4871 34.9090
3585.0000 3532.1431 2.4863 34.9089
3587.0000 3534.0977 2.4852 34.9088
3589.0000 3536.0520 2.4837 34.9087
3591.0000 3538.0061 2.4863 34.9087
3593.0000 3539.9607 2.4826 34.9084
3595.0000 3541.9150 2.4817 34.9085
3597.0000 3543.8691 2.4804 34.9083
3599.0000 3545.8235 2.4829 34.9083
3601.0000 3547.7776 2.4833 34.9084
3603.0000 3549.7319 2.4810 34.9084
3605.0000 3551.6860 2.4803 34.9082
3607.0000 3553.6401 2.4787 34.9081
3609.0000 3555.5945 2.4800 34.9081
3611.0000 3557.5486 2.4774 34.9079
3613.0000 3559.5029 2.4762 34.9078
3615.0000 3561.4570 2.4760 34.9078
3617.0000 3563.4109 2.4762 34.9078
3619.0000 3565.3652 2.4763 34.9077
3621.0000 3567.3193 2.4759 34.9076
3623.0000 3569.2734 2.4754 34.9077
3625.0000 3571.2273 2.4748 34.9076
3627.0000 3573.1816 2.4744 34.9075
3629.0000 3575.1353 2.4742 34.9074
3631.0000 3577.0896 2.4737 34.9074
3633.0000 3579.0435 2.4733 34.9073
3635.0000 3580.9976 2.4727 34.9073
3637.0000 3582.9514 2.4722 34.9072
3639.0000 3584.9053 2.4720 34.9072
3641.0000 3586.8594 2.4714 34.9072
3643.0000 3588.8132 2.4707 34.9070
3645.0000 3590.7666 2.4695 34.9069
3647.0000 3592.7207 2.4702 34.9068
3649.0000 3594.6750 2.4684 34.9067
3651.0000 3596.6284 2.4680 34.9066
3653.0000 3598.5823 2.4675 34.9066
3655.0000 3600.5359 2.4673 34.9066
3657.0000 3602.4902 2.4666 34.9065
3659.0000 3604.4436 2.4678 34.9064
3661.0000 3606.3975 2.4660 34.9063
3663.0000 3608.3511 2.4659 34.9063
3665.0000 3610.3044 2.4657 34.9063
3667.0000 3612.2583 2.4652 34.9061
3669.0000 3614.2122 2.4658 34.9060
3671.0000 3616.1658 2.4617 34.9058
3673.0000 3618.1194 2.4607 34.9057
3675.0000 3620.0730 2.4617 34.9057
3677.0000 3622.0269 2.4603 34.9056
3679.0000 3623.9802 2.4594 34.9055
3681.0000 3625.9336 2.4584 34.9055
3683.0000 3627.8875 2.4579 34.9054
3685.0000 3629.8408 2.4590 34.9053
3687.0000 3631.7942 2.4574 34.9053
3689.0000 3633.7476 2.4572 34.9052
3691.0000 3635.7017 2.4572 34.9052
3693.0000 3637.6548 2.4565 34.9051
3695.0000 3639.6082 2.4573 34.9050
3697.0000 3641.5618 2.4566 34.9051
3699.0000 3643.5149 2.4558 34.9049
3701.0000 3645.4683 2.4553 34.9049
3703.0000 3647.4221 2.4556 34.9048
3705.0000 3649.3755 2.4535 34.9047
3707.0000 3651.3284 2.4532 34.9046
3709.0000 3653.2817 2.4528 34.9045
3711.0000 3655.2351 2.4531 34.9045
3713.0000 3657.1880 2.4522 34.9045
3715.0000 3659.1418 2.4519 34.9044
3717.0000 3661.0952 2.4518 34.9044
3719.0000 3663.0481 2.4513 34.9043
3721.0000 3665.0012 2.4520 34.9043
3723.0000 3666.9546 2.4505 34.9043
3725.0000 3668.9080 2.4499 34.9042
3727.0000 3670.8608 2.4504 34.9041
3729.0000 3672.8142 2.4493 34.9039
3731.0000 3674.7671 2.4481 34.9040
3733.0000 3676.7205 2.4479 34.9039
3735.0000 3678.6736 2.4476 34.9040
3737.0000 3680.6265 2.4483 34.9038
3739.0000 3682.5798 2.4475 34.9038
3741.0000 3684.5325 2.4473 34.9038
3743.0000 3686.4854 2.4470 34.9037
3745.0000 3688.4387 2.4468 34.9038
3747.0000 3690.3921 2.4467 34.9036
3749.0000 3692.3447 2.4465 34.9036
3751.0000 3694.2976 2.4456 34.9034
3753.0000 3696.2505 2.4443 34.9034
3755.0000 3698.2036 2.4440 34.9033
3757.0000 3700.1565 2.4448 34.9032
3759.0000 3702.1094 2.4442 34.9034
3761.0000 3704.0620 2.4440 34.9032
3763.0000 3706.0149 2.4422 34.9031
3765.0000 3707.9678 2.4419 34.9030
3767.0000 3709.9209 2.4425 34.9030
3769.0000 3711.8733 2.4422 34.9029
3771.0000 3713.8259 2.4424 34.9029
3773.0000 3715.7793 2.4418 34.9029
3775.0000 3717.7314 2.4418 34.9030
3777.0000 3719.6843 2.4421 34.9028
3779.0000 3721.6370 2.4418 34.9029
3781.0000 3723.5901 2.4422 34.9027
3783.0000 3725.5425 2.4411 34.9027
3785.0000 3727.4954 2.4403 34.9026
3787.0000 3729.4478 2.4400 34.9026
3789.0000 3731.4004 2.4396 34.9025
3791.0000 3733.3530 2.4394 34.9025
3793.0000 3735.3059 2.4394 34.9025
3795.0000 3737.2583 2.4391 34.9024
3797.0000 3739.2109 2.4391 34.9023
3799.0000 3741.1636 2.4394 34.9023
3801.0000 3743.1160 2.4381 34.9023
3803.0000 3745.0681 2.4376 34.9022
3805.0000 3747.0210 2.4367 34.9021
3807.0000 3748.9736 2.4376 34.9020
3809.0000 3750.9260 2.4368 34.9019
3811.0000 3752.8779 2.4356 34.9019
3813.0000 3754.8308 2.4350 34.9018
3815.0000 3756.7832 2.4354 34.9018
3817.0000 3758.7351 2.4350 34.9018
3819.0000 3760.6875 2.4340 34.9017
3821.0000 3762.6406 2.4333 34.9016
3823.0000 3764.5923 2.4332 34.9016
3825.0000 3766.5447 2.4331 34.9017
3827.0000 3768.4973 2.4327 34.9015
3829.0000 3770.4497 2.4327 34.9013
3831.0000 3772.4016 2.4325 34.9013
3833.0000 3774.3538 2.4317 34.9014
3835.0000 3776.3062 2.4314 34.9012
3837.0000 3778.2583 2.4301 34.9011
3839.0000 3780.2104 2.4313 34.9011
3841.0000 3782.1628 2.4297 34.9010
3843.0000 3784.1150 2.4293 34.9009
3845.0000 3786.0669 2.4294 34.9010
3847.0000 3788.0188 2.4286 34.9008
3849.0000 3789.9714 2.4291 34.9008
3851.0000 3791.9231 2.4278 34.9008
3853.0000 3793.8752 2.4275 34.9007
3855.0000 3795.8276 2.4276 34.9007
3857.0000 3797.7798 2.4281 34.9007
3859.0000 3799.7317 2.4283 34.9007
3861.0000 3801.6836 2.4285 34.9006
3863.0000 3803.6357 2.4282 34.9006
3865.0000 3805.5874 2.4273 34.9005
3867.0000 3807.5396 2.4272 34.9005
3869.0000 3809.4917 2.4271 34.9006
3871.0000 3811.4434 2.4279 34.9004
3873.0000 3813.3950 2.4273 34.9004
3875.0000 3815.3472 2.4258 34.9003
3877.0000 3817.2993 2.4254 34.9002
3879.0000 3819.2507 2.4251 34.9001
3881.0000 3821.2026 2.4261 34.9001
3883.0000 3823.1545 2.4242 34.9001
3885.0000 3825.1064 2.4241 34.9000
3887.0000 3827.0583 2.4241 34.8999
3889.0000 3829.0100 2.4242 34.9001
3891.0000 3830.9617 2.4234 34.8998
3893.0000 3832.9133 2.4241 34.8998
3895.0000 3834.8650 2.4233 34.8998
3897.0000 3836.8167 2.4219 34.8998
3899.0000 3838.7686 2.4212 34.8996
3901.0000 3840.7202 2.4211 34.8995
3903.0000 3842.6719 2.4206 34.8994
3905.0000 3844.6235 2.4198 34.8994
3907.0000 3846.5747 2.4200 34.8994
3909.0000 3848.5264 2.4200 34.8994
3911.0000 3850.4785 2.4199 34.8994
3913.0000 3852.4294 2.4198 34.8992
3915.0000 3854.3816 2.4188 34.8992
3917.0000 3856.3328 2.4187 34.8992
3919.0000 3858.2844 2.4183 34.8991
3921.0000 3860.2358 2.4189 34.8990
3923.0000 3862.1875 2.4186 34.8990
3925.0000 3864.1387 2.4180 34.8990
3927.0000 3866.0901 2.4168 34.8989
3929.0000 3868.0417 2.4174 34.8987
3931.0000 3869.9929 2.4161 34.8988
3933.0000 3871.9446 2.4159 34.8988
3935.0000 3873.8955 2.4161 34.8988
3937.0000 3875.8472 2.4162 34.8989
3939.0000 3877.7986 2.4157 34.8987
3941.0000 3879.7495 2.4154 34.8985
3943.0000 3881.7012 2.4147 34.8985
3945.0000 3883.6523 2.4142 34.8984
3947.0000 3885.6038 2.4139 34.8984
3949.0000 3887.5549 2.4134 34.8984
3951.0000 3889.5061 2.4130 34.8984
3953.0000 3891.4575 2.4129 34.8983
3955.0000 3893.4084 2.4125 34.8982
3957.0000 3895.3596 2.4126 34.8983
3959.0000 3897.3108 2.4127 34.8981
3961.0000 3899.2617 2.4123 34.8981
3963.0000 3901.2134 2.4119 34.8981
3965.0000 3903.1643 2.4106 34.8979
3967.0000 3905.1155 2.4103 34.8979
3969.0000 3907.0664 2.4102 34.8978
3971.0000 3909.0173 2.4098 34.8978
3973.0000 3910.9690 2.4092 34.8977
3975.0000 3912.9194 2.4092 34.8977
3977.0000 3914.8704 2.4085 34.8975
3979.0000 3916.8215 2.4081 34.8975
3981.0000 3918.7727 2.4080 34.8975
3983.0000 3920.7236 2.4080 34.8975
3985.0000 3922.6746 2.4079 34.8975
3987.0000 3924.6255 2.4079 34.8975
3989.0000 3926.5762 2.4085 34.8974
3991.0000 3928.5271 2.4077 34.8973
3993.0000 3930.4783 2.4069 34.8973
3995.0000 3932.4292 2.4060 34.8972
3997.0000 3934.3796 2.4051 34.8972
3999.0000 3936.3306 2.4045 34.8971
4001.0000 3938.2812 2.4052 34.8971
4003.0000 3940.2322 2.4040 34.8971
4005.0000 3942.1826 2.4031 34.8970
4007.0000 3944.1340 2.4024 34.8970
4009.0000 3946.0845 2.4023 34.8969
4011.0000 3948.0352 2.4021 34.8968
4013.0000 3949.9856 2.4006 34.8966
4015.0000 3951.9365 2.3999 34.8966
4017.0000 3953.8870 2.4002 34.8965
4019.0000 3955.8379 2.4003 34.8967
4021.0000 3957.7886 2.4001 34.8966
4023.0000 3959.7388 2.3997 34.8964
4025.0000 3961.6895 2.3997 34.8964
4027.0000 3963.6404 2.3988 34.8964
4029.0000 3965.5913 2.3983 34.8963
4031.0000 3967.5413 2.3989 34.8962
4033.0000 3969.4922 2.3982 34.8962
4035.0000 3971.4426 2.3983 34.8962
4037.0000 3973.3926 2.3980 34.8962
4039.0000 3975.3435 2.3974 34.8961
4041.0000 3977.2939 2.3972 34.8960
4043.0000 3979.2446 2.3972 34.8960
4045.0000 3981.1943 2.3972 34.8962
4047.0000 3983.1453 2.3972 34.8960
4049.0000 3985.0957 2.3972 34.8960
4051.0000 3987.0461 2.3974 34.8959
4053.0000 3988.9961 2.3976 34.8959
4055.0000 3990.9468 2.3977 34.8958
4057.0000 3992.8970 2.3969 34.8958
4059.0000 3994.8474 2.3960 34.8958
4061.0000 3996.7974 2.3948 34.8956
4063.0000 3998.7483 2.3944 34.8955
4065.0000 4000.6978 2.3940 34.8955
4067.0000 4002.6482 2.3937 34.8954
4069.0000 4004.5986 2.3935 34.8954
4071.0000 4006.5491 2.3935 34.8953
4073.0000 4008.4988 2.3930 34.8953
4075.0000 4010.4492 2.3927 34.8952
4077.0000 4012.3992 2.3930 34.8952
4079.0000 4014.3496 2.3931 34.8952
4081.0000 4016.2996 2.3927 34.8951
4083.0000 4018.2500 2.3930 34.8951
4085.0000 4020.1997 2.3917 34.8951
4087.0000 4022.1497 2.3915 34.8950
4089.0000 4024.0996 2.3915 34.8950
4091.0000 4026.0500 2.3914 34.8950
4093.0000 4027.9998 2.3913 34.8949
4095.0000 4029.9502 2.3917 34.8949
4097.0000 4031.8997 2.3922 34.8950
4099.0000 4033.8499 2.3922 34.8950
4101.0000 4035.7998 2.3923 34.8949
4103.0000 4037.7498 2.3922 34.8949
4105.0000 4039.6997 2.3917 34.8949
4107.0000 4041.6494 2.3916 34.8949
4109.0000 4043.5994 2.3915 34.8948
4111.0000 4045.5493 2.3921 34.8947
4113.0000 4047.4985 2.3915 34.8947
4115.0000 4049.4490 2.3915 34.8945
4117.0000 4051.3987 2.3908 34.8946
4119.0000 4053.3486 2.3903 34.8945
4121.0000 4055.2979 2.3905 34.8945
4123.0000 4057.2483 2.3903 34.8944
4125.0000 4059.1978 2.3901 34.8944
4127.0000 4061.1475 2.3896 34.8943
4129.0000 4063.0974 2.3891 34.8942
4131.0000 4065.0471 2.3893 34.8941
4133.0000 4066.9971 2.3885 34.8942
4135.0000 4068.9463 2.3888 34.8942
4137.0000 4070.8958 2.3888 34.8942
4139.0000 4072.8455 2.3894 34.8941
4141.0000 4074.7949 2.3894 34.8941
4143.0000 4076.7446 2.3889 34.8940
4145.0000 4078.6941 2.3890 34.8940
4147.0000 4080.6433 2.3889 34.8940
4149.0000 4082.5935 2.3894 34.8939
4151.0000 4084.5430 2.3884 34.8937
4153.0000 4086.4927 2.3863 34.8936
4155.0000 4088.4417 2.3862 34.8936
4157.0000 4090.3914 2.3862 34.8936
4159.0000 4092.3408 2.3876 34.8935
4161.0000 4094.2898 2.3884 34.8937
4163.0000 4096.2397 2.3861 34.8936
4165.0000 4098.1895 2.3858 34.8935
4167.0000 4100.1387 2.3856 34.8935
4169.0000 4102.0879 2.3857 34.8934
4171.0000 4104.0366 2.3859 34.8934
4173.0000 4105.9863 2.3861 34.8935
4175.0000 4107.9351 2.3860 34.8933
4177.0000 4109.8848 2.3860 34.8933
4179.0000 4111.8345 2.3859 34.8934
4181.0000 4113.7837 2.3856 34.8933
4183.0000 4115.7329 2.3848 34.8932
4185.0000 4117.6821 2.3843 34.8931
4187.0000 4119.6313 2.3839 34.8931
4189.0000 4121.5801 2.3840 34.8931
4191.0000 4123.5293 2.3840 34.8931
4193.0000 4125.4790 2.3842 34.8930
4195.0000 4127.4282 2.3845 34.8931
4197.0000 4129.3770 2.3847 34.8931
4199.0000 4131.3262 2.3851 34.8930
4201.0000 4133.2754 2.3853 34.8931
4203.0000 4135.2246 2.3855 34.8931
4205.0000 4137.1733 2.3855 34.8931
4207.0000 4139.1226 2.3856 34.8930
4209.0000 4141.0718 2.3859 34.8930
4211.0000 4143.0205 2.3859 34.8932
4213.0000 4144.9697 2.3860 34.8931
4215.0000 4146.9185 2.3860 34.8930
4217.0000 4148.8672 2.3861 34.8930
4219.0000 4150.8164 2.3860 34.8930
4221.0000 4152.7651 2.3853 34.8928
4223.0000 4154.7139 2.3850 34.8928
4225.0000 4156.6631 2.3846 34.8927
4227.0000 4158.6118 2.3845 34.8927
4229.0000 4160.5610 2.3849 34.8925
4231.0000 4162.5093 2.3841 34.8924
4233.0000 4164.4585 2.3831 34.8924
4235.0000 4166.4072 2.3827 34.8923
4237.0000 4168.3560 2.3825 34.8923
4239.0000 4170.3047 2.3823 34.8922
4241.0000 4172.2534 2.3822 34.8922
4243.0000 4174.2026 2.3827 34.8921
4245.0000 4176.1509 2.3818 34.8922
4247.0000 4178.0996 2.3816 34.8921
4249.0000 4180.0483 2.3813 34.8920
4251.0000 4181.9971 2.3803 34.8920
4253.0000 4183.9453 2.3816 34.8918
4255.0000 4185.8940 2.3802 34.8918
4257.0000 4187.8433 2.3798 34.8918
4259.0000 4189.7915 2.3797 34.8918
4261.0000 4191.7402 2.3793 34.8918
4263.0000 4193.6890 2.3793 34.8917
4265.0000 4195.6367 2.3796 34.8917
4267.0000 4197.5859 2.3798 34.8916
4269.0000 4199.5347 2.3797 34.8917
4271.0000 4201.4829 2.3796 34.8917
4273.0000 4203.4312 2.3794 34.8917
4275.0000 4205.3799 2.3794 34.8916
4277.0000 4207.3281 2.3799 34.8915
4279.0000 4209.2764 2.3795 34.8916
4281.0000 4211.2251 2.3794 34.8916
4283.0000 4213.1733 2.3789 34.8915
4285.0000 4215.1216 2.3790 34.8914
4287.0000 4217.0698 2.3795 34.8913
4289.0000 4219.0186 2.3778 34.8913
4291.0000 4220.9668 2.3774 34.8913
4293.0000 4222.9150 2.3773 34.8913
4295.0000 4224.8628 2.3771 34.8912
4297.0000 4226.8115 2.3778 34.8911
4299.0000 4228.7598 2.3771 34.8910
4301.0000 4230.7080 2.3770 34.8910
4303.0000 4232.6562 2.3768 34.8910
4305.0000 4234.6045 2.3765 34.8910
4307.0000 4236.5527 2.3768 34.8909
4309.0000 4238.5010 2.3764 34.8909
4311.0000 4240.4492 2.3762 34.8909
4313.0000 4242.3970 2.3765 34.8910
4315.0000 4244.3452 2.3768 34.8909
4317.0000 4246.2935 2.3766 34.8909
4319.0000 4248.2417 2.3765 34.8908
4321.0000 4250.1895 2.3769 34.8907
4323.0000 4252.1377 2.3769 34.8907
4325.0000 4254.0859 2.3759 34.8907
4327.0000 4256.0332 2.3759 34.8907
4329.0000 4257.9819 2.3758 34.8907
4331.0000 4259.9297 2.3757 34.8906
4333.0000 4261.8779 2.3769 34.8905
4335.0000 4263.8252 2.3752 34.8906
4337.0000 4265.7734 2.3751 34.8905
4339.0000 4267.7217 2.3747 34.8905
4341.0000 4269.6689 2.3746 34.8904
4343.0000 4271.6172 2.3748 34.8905
4345.0000 4273.5649 2.3751 34.8904
4347.0000 4275.5127 2.3750 34.8903
4349.0000 4277.4604 2.3753 34.8902
4351.0000 4279.4087 2.3747 34.8903
4353.0000 4281.3564 2.3746 34.8903
4355.0000 4283.3042 2.3748 34.8902
4357.0000 4285.2515 2.3746 34.8902
4359.0000 4287.1997 2.3756 34.8901
4361.0000 4289.1475 2.3754 34.8902
4363.0000 4291.0947 2.3754 34.8901
4365.0000 4293.0430 2.3754 34.8901
4367.0000 4294.9907 2.3759 34.8900
4369.0000 4296.9385 2.3762 34.8900
4371.0000 4298.8853 2.3757 34.8900
4373.0000 4300.8335 2.3752 34.8900
4375.0000 4302.7808 2.3746 34.8900
4377.0000 4304.7285 2.3758 34.8899
4379.0000 4306.6763 2.3751 34.8899
4381.0000 4308.6235 2.3747 34.8899
4383.0000 4310.5713 2.3749 34.8898
4385.0000 4312.5190 2.3749 34.8899
4387.0000 4314.4668 2.3744 34.8898
4389.0000 4316.4136 2.3751 34.8896
4391.0000 4318.3613 2.3746 34.8897
4393.0000 4320.3091 2.3744 34.8898
4395.0000 4322.2563 2.3746 34.8897
4397.0000 4324.2031 2.3743 34.8897
4399.0000 4326.1509 2.3743 34.8896
4401.0000 4328.0986 2.3751 34.8895
4403.0000 4330.0459 2.3742 34.8895
4405.0000 4331.9927 2.3741 34.8895
4407.0000 4333.9404 2.3741 34.8895
4409.0000 4335.8877 2.3740 34.8893
4411.0000 4337.8354 2.3743 34.8896
4413.0000 4339.7827 2.3742 34.8894
4415.0000 4341.7300 2.3743 34.8894
4417.0000 4343.6768 2.3746 34.8894
4419.0000 4345.6240 2.3747 34.8895
4421.0000 4347.5713 2.3749 34.8895
4423.0000 4349.5186 2.3749 34.8894
4425.0000 4351.4658 2.3753 34.8893
4427.0000 4353.4131 2.3754 34.8894
4429.0000 4355.3604 2.3752 34.8894
4431.0000 4357.3071 2.3753 34.8893
4433.0000 4359.2549 2.3744 34.8892
4435.0000 4361.2012 2.3735 34.8891
4437.0000 4363.1484 2.3733 34.8891
4439.0000 4365.0957 2.3731 34.8890
4441.0000 4367.0430 2.3728 34.8890
4443.0000 4368.9902 2.3728 34.8890
4445.0000 4370.9365 2.3726 34.8889
4447.0000 4372.8838 2.3728 34.8888
4449.0000 4374.8311 2.3730 34.8888
4451.0000 4376.7773 2.3728 34.8888
4453.0000 4378.7246 2.3724 34.8888
4455.0000 4380.6714 2.3723 34.8887
4457.0000 4382.6182 2.3724 34.8888
4459.0000 4384.5649 2.3724 34.8887
4461.0000 4386.5122 2.3724 34.8886
4463.0000 4388.4590 2.3722 34.8885
4465.0000 4390.4058 2.3723 34.8887
4467.0000 4392.3525 2.3726 34.8886
4469.0000 4394.2993 2.3727 34.8885
4471.0000 4396.2466 2.3726 34.8885
4473.0000 4398.1934 2.3727 34.8885
4475.0000 4400.1396 2.3729 34.8885
4477.0000 4402.0869 2.3731 34.8885
4479.0000 4404.0332 2.3732 34.8886
4481.0000 4405.9800 2.3734 34.8886
4483.0000 4407.9268 2.3730 34.8885
4485.0000 4409.8730 2.3729 34.8884
4487.0000 4411.8203 2.3726 34.8882
4489.0000 4413.7671 2.3722 34.8883
4491.0000 4415.7134 2.3726 34.8883
4493.0000 4417.6597 2.3727 34.8882
4495.0000 4419.6064 2.3723 34.8882
4497.0000 4421.5532 2.3730 34.8881
4499.0000 4423.4995 2.3720 34.8880
4501.0000 4425.4463 2.3714 34.8880
4503.0000 4427.3931 2.3712 34.8879
4505.0000 4429.3394 2.3711 34.8879
4507.0000 4431.2856 2.3720 34.8878
4509.0000 4433.2319 2.3721 34.8878
4511.0000 4435.1787 2.3712 34.8878
4513.0000 4437.1250 2.3714 34.8877
4515.0000 4439.0718 2.3712 34.8877
4517.0000 4441.0181 2.3718 34.8876
4519.0000 4442.9648 2.3719 34.8877
4521.0000 4444.9102 2.3715 34.8877
4523.0000 4446.8569 2.3716 34.8878
4525.0000 4448.8037 2.3716 34.8877
4527.0000 4450.7495 2.3720 34.8875
4529.0000 4452.6963 2.3722 34.8876
4531.0000 4454.6426 2.3724 34.8876
4533.0000 4456.5889 2.3723 34.8876
4535.0000 4458.5347 2.3721 34.8876
4537.0000 4460.4810 2.3719 34.8876
4539.0000 4462.4272 2.3720 34.8875
4541.0000 4464.3730 2.3723 34.8875
4543.0000 4466.3198 2.3721 34.8874
4545.0000 4468.2661 2.3720 34.8874
4547.0000 4470.2119 2.3723 34.8875
4549.0000 4472.1582 2.3719 34.8874
4551.0000 4474.1045 2.3723 34.8872
4553.0000 4476.0508 2.3720 34.8874
4555.0000 4477.9966 2.3721 34.8873
4557.0000 4479.9424 2.3719 34.8873
4559.0000 4481.8882 2.3723 34.8871
4561.0000 4483.8340 2.3722 34.8873
4563.0000 4485.7803 2.3725 34.8872
4565.0000 4487.7266 2.3725 34.8873
4567.0000 4489.6729 2.3725 34.8872
4569.0000 4491.6187 2.3727 34.8871
4571.0000 4493.5645 2.3731 34.8872
4573.0000 4495.5107 2.3732 34.8872
4575.0000 4497.4565 2.3730 34.8871
4577.0000 4499.4023 2.3728 34.8871
4579.0000 4501.3486 2.3729 34.8870
4581.0000 4503.2939 2.3729 34.8870
4583.0000 4505.2397 2.3726 34.8869
4585.0000 4507.1855 2.3727 34.8869
4587.0000 4509.1313 2.3727 34.8869
4589.0000 4511.0771 2.3727 34.8868
4591.0000 4513.0229 2.3730 34.8869
4593.0000 4514.9688 2.3736 34.8868
4595.0000 4516.9146 2.3737 34.8869
4597.0000 4518.8604 2.3736 34.8868
4599.0000 4520.8062 2.3740 34.8867
4601.0000 4522.7520 2.3738 34.8868
4603.0000 4524.6973 2.3739 34.8868
4605.0000 4526.6431 2.3739 34.8868
4607.0000 4528.5889 2.3738 34.8867
4609.0000 4530.5347 2.3737 34.8867
4611.0000 4532.4805 2.3741 34.8865
4613.0000 4534.4258 2.3744 34.8867
4615.0000 4536.3711 2.3744 34.8866
4617.0000 4538.3164 2.3748 34.8865
4619.0000 4540.2622 2.3750 34.8867
4621.0000 4542.2075 2.3750 34.8867
4623.0000 4544.1528 2.3748 34.8866
4625.0000 4546.0986 2.3749 34.8865
4627.0000 4548.0444 2.3752 34.8866
4629.0000 4549.9897 2.3755 34.8866
4631.0000 4551.9351 2.3757 34.8867
4633.0000 4553.8804 2.3759 34.8866
4635.0000 4555.8262 2.3759 34.8866
4637.0000 4557.7710 2.3764 34.8864
4639.0000 4559.7168 2.3765 34.8865
4641.0000 4561.6626 2.3768 34.8866
4643.0000 4563.6079 2.3768 34.8864
4645.0000 4565.5527 2.3767 34.8865
4647.0000 4567.4980 2.3770 34.8863
4649.0000 4569.4434 2.3774 34.8864
4651.0000 4571.3887 2.3773 34.8865
4653.0000 4573.3340 2.3773 34.8864
4655.0000 4575.2793 2.3770 34.8863
4657.0000 4577.2246 2.3775 34.8862
4659.0000 4579.1699 2.3771 34.8862
4661.0000 4581.1152 2.3772 34.8863
4663.0000 4583.0601 2.3773 34.8863
4665.0000 4585.0049 2.3773 34.8862
4667.0000 4586.9502 2.3776 34.8861
4669.0000 4588.8955 2.3774 34.8862
4671.0000 4590.8403 2.3774 34.8862
4673.0000 4592.7856 2.3775 34.8862
4675.0000 4594.7310 2.3774 34.8862
4677.0000 4596.6763 2.3775 34.8861
4679.0000 4598.6206 2.3777 34.8861
4681.0000 4600.5659 2.3778 34.8862
4683.0000 4602.5112 2.3778 34.8861
4685.0000 4604.4556 2.3779 34.8860
4687.0000 4606.4004 2.3780 34.8860
4689.0000 4608.3457 2.3783 34.8860
4691.0000 4610.2910 2.3786 34.8860
4693.0000 4612.2354 2.3785 34.8859
4695.0000 4614.1807 2.3788 34.8859
4697.0000 4616.1255 2.3791 34.8860
4699.0000 4618.0698 2.3792 34.8860
4701.0000 4620.0151 2.3795 34.8859
4703.0000 4621.9600 2.3796 34.8859
4705.0000 4623.9048 2.3798 34.8860
4707.0000 4625.8496 2.3799 34.8859
4709.0000 4627.7944 2.3801 34.8858
4711.0000 4629.7393 2.3803 34.8859
4713.0000 4631.6836 2.3806 34.8859
4715.0000 4633.6284 2.3807 34.8858
4717.0000 4635.5732 2.3809 34.8858
4719.0000 4637.5186 2.3810 34.8858
4721.0000 4639.4629 2.3810 34.8858
4723.0000 4641.4077 2.3811 34.8859
4725.0000 4643.3525 2.3814 34.8858
4727.0000 4645.2964 2.3817 34.8859
4729.0000 4647.2417 2.3817 34.8859
4731.0000 4649.1860 2.3821 34.8857
4733.0000 4651.1309 2.3823 34.8858
4735.0000 4653.0752 2.3825 34.8859
4737.0000 4655.0195 2.3827 34.8859
4739.0000 4656.9644 2.3830 34.8859
4741.0000 4658.9082 2.3831 34.8859
4743.0000 4660.8530 2.3834 34.8857
4745.0000 4662.7974 2.3836 34.8858
4747.0000 4664.7417 2.3837 34.8859
4749.0000 4666.6860 2.3837 34.8858
4751.0000 4668.6309 2.3839 34.8858
4753.0000 4670.5757 2.3839 34.8858
4755.0000 4672.5200 2.3843 34.8856
4757.0000 4674.4644 2.3845 34.8858
4759.0000 4676.4092 2.3849 34.8858
4761.0000 4678.3525 2.3848 34.8857
4763.0000 4680.2974 2.3849 34.8856
4765.0000 4682.2417 2.3852 34.8857
4767.0000 4684.1860 2.3854 34.8856
4769.0000 4686.1299 2.3854 34.8856
4771.0000 4688.0742 2.3853 34.8856
4773.0000 4690.0186 2.3855 34.8856
4775.0000 4691.9624 2.3859 34.8855
4777.0000 4693.9072 2.3859 34.8856
4779.0000 4695.8516 2.3859 34.8856
4781.0000 4697.7959 2.3857 34.8856
4783.0000 4699.7397 2.3860 34.8856
4785.0000 4701.6841 2.3863 34.8856
4787.0000 4703.6279 2.3863 34.8856
4789.0000 4705.5718 2.3868 34.8854
4791.0000 4707.5161 2.3868 34.8855
4793.0000 4709.4600 2.3870 34.8855
4795.0000 4711.4043 2.3872 34.8856
4797.0000 4713.3486 2.3875 34.8855
4799.0000 4715.2930 2.3877 34.8856
4801.0000 4717.2363 2.3879 34.8855
4803.0000 4719.1802 2.3882 34.8853
4805.0000 4721.1245 2.3885 34.8855
4807.0000 4723.0684 2.3890 34.8854
4809.0000 4725.0122 2.3890 34.8854
4811.0000 4726.9561 2.3892 34.8853
4813.0000 4728.8999 2.3894 34.8854
4815.0000 4730.8447 2.3893 34.8856
4817.0000 4732.7881 2.3897 34.8855
4819.0000 4734.7319 2.3899 34.8855
4821.0000 4736.6758 2.3900 34.8853
4823.0000 4738.6196 2.3902 34.8853
4825.0000 4740.5630 2.3904 34.8854
4827.0000 4742.5068 2.3905 34.8855
4829.0000 4744.4517 2.3907 34.8854
4831.0000 4746.3945 2.3909 34.8855
4833.0000 4748.3384 2.3910 34.8854
4835.0000 4750.2822 2.3913 34.8852
4837.0000 4752.2256 2.3914 34.8854
4839.0000 4754.1694 2.3916 34.8854
4841.0000 4756.1133 2.3918 34.8854
4843.0000 4758.0576 2.3918 34.8853
4845.0000 4760.0005 2.3923 34.8852
4847.0000 4761.9443 2.3923 34.8853
4849.0000 4763.8882 2.3924 34.8853
4851.0000 4765.8311 2.3929 34.8852
4853.0000 4767.7749 2.3931 34.8854
4855.0000 4769.7183 2.3935 34.8852
4857.0000 4771.6626 2.3937 34.8853
4859.0000 4773.6060 2.3941 34.8853
4861.0000 4775.5493 2.3942 34.8854
4863.0000 4777.4927 2.3944 34.8854
4865.0000 4779.4355 2.3946 34.8852
4867.0000 4781.3794 2.3949 34.8852
4869.0000 4783.3232 2.3953 34.8853
4871.0000 4785.2661 2.3955 34.8853
4873.0000 4787.2095 2.3953 34.8852
4875.0000 4789.1533 2.3956 34.8853
4877.0000 4791.0967 2.3960 34.8853
4879.0000 4793.0400 2.3960 34.8852
4881.0000 4794.9834 2.3962 34.8852
4883.0000 4796.9268 2.3963 34.8853
4885.0000 4798.8696 2.3965 34.8852
4887.0000 4800.8130 2.3966 34.8852
4889.0000 4802.7563 2.3967 34.8852
4891.0000 4804.7002 2.3969 34.8852
4893.0000 4806.6431 2.3972 34.8851
4895.0000 4808.5864 2.3975 34.8852
4897.0000 4810.5298 2.3979 34.8853
4899.0000 4812.4722 2.3982 34.8853
4901.0000 4814.4160 2.3984 34.8853
4903.0000 4816.3589 2.3986 34.8851
4905.0000 4818.3022 2.3989 34.8851
4907.0000 4820.2451 2.3989 34.8852
4909.0000 4822.1880 2.3991 34.8852
4911.0000 4824.1318 2.3991 34.8852
4913.0000 4826.0747 2.3995 34.8852
4915.0000 4828.0176 2.3998 34.8852
4917.0000 4829.9609 2.3998 34.8852
4919.0000 4831.9038 2.4003 34.8850
4921.0000 4833.8467 2.4005 34.8852
4923.0000 4835.7896 2.4006 34.8851
4925.0000 4837.7324 2.4007 34.8852
4927.0000 4839.6753 2.4008 34.8852
4929.0000 4841.6187 2.4010 34.8851
4931.0000 4843.5615 2.4012 34.8851
4933.0000 4845.5039 2.4015 34.8851
4935.0000 4847.4468 2.4016 34.8851
4937.0000 4849.3896 2.4020 34.8851
4939.0000 4851.3330 2.4022 34.8851
4941.0000 4853.2754 2.4025 34.8850
4943.0000 4855.2183 2.4027 34.8850
4945.0000 4857.1611 2.4031 34.8850
4947.0000 4859.1040 2.4033 34.8852
4949.0000 4861.0469 2.4033 34.8850
4951.0000 4862.9897 2.4037 34.8849
4953.0000 4864.9326 2.4040 34.8851
4955.0000 4866.8750 2.4043 34.8851
4957.0000 4868.8179 2.4043 34.8851
4959.0000 4870.7607 2.4043 34.8850
4961.0000 4872.7031 2.4046 34.8849
4963.0000 4874.6465 2.4049 34.8851
4965.0000 4876.5889 2.4052 34.8851
4967.0000 4878.5317 2.4053 34.8850
4969.0000 4880.4736 2.4055 34.8850
4971.0000 4882.4165 2.4057 34.8850
4973.0000 4884.3594 2.4061 34.8851
4975.0000 4886.3013 2.4067 34.8851
4977.0000 4888.2437 2.4069 34.8850
4979.0000 4890.1870 2.4068 34.8850
4981.0000 4892.1294 2.4072 34.8849
4983.0000 4894.0718 2.4072 34.8849
4985.0000 4896.0142 2.4074 34.8850
4987.0000 4897.9570 2.4076 34.8850
4989.0000 4899.8989 2.4077 34.8849
4991.0000 4901.8413 2.4078 34.8849
4993.0000 4903.7842 2.4080 34.8849
4995.0000 4905.7261 2.4083 34.8849
4997.0000 4907.6689 2.4084 34.8849
4999.0000 4909.6108 2.4086 34.8850
5001.0000 4911.5537 2.4087 34.8848
5003.0000 4913.4956 2.4089 34.8849
5005.0000 4915.4375 2.4091 34.8849
5007.0000 4917.3804 2.4093 34.8849
5009.0000 4919.3228 2.4095 34.8848
5011.0000 4921.2646 2.4099 34.8849
5013.0000 4923.2070 2.4100 34.8849
5015.0000 4925.1494 2.4101 34.8849
5017.0000 4927.0913 2.4103 34.8849
5019.0000 4929.0337 2.4105 34.8849
5021.0000 4930.9761 2.4108 34.8849
5023.0000 4932.9180 2.4111 34.8848
5025.0000 4934.8599 2.4112 34.8848
5027.0000 4936.8022 2.4115 34.8848
5029.0000 4938.7446 2.4119 34.8849
5031.0000 4940.6860 2.4119 34.8848
5033.0000 4942.6284 2.4122 34.8848
5035.0000 4944.5708 2.4128 34.8848
5037.0000 4946.5127 2.4131 34.8849
5039.0000 4948.4546 2.4127 34.8848
5041.0000 4950.3970 2.4128 34.8846
5043.0000 4952.3389 2.4132 34.8847
5045.0000 4954.2803 2.4132 34.8846
5047.0000 4956.2227 2.4133 34.8847
5049.0000 4958.1650 2.4132 34.8847
5051.0000 4960.1060 2.4133 34.8846
5053.0000 4962.0483 2.4134 34.8847
5055.0000 4963.9902 2.4137 34.8846
5057.0000 4965.9321 2.4139 34.8845
5059.0000 4967.8740 2.4141 34.8846
5061.0000 4969.8159 2.4142 34.8846
5063.0000 4971.7578 2.4140 34.8846
5065.0000 4973.6997 2.4144 34.8845
5067.0000 4975.6411 2.4145 34.8846
5069.0000 4977.5830 2.4150 34.8845
5071.0000 4979.5249 2.4149 34.8846
5073.0000 4981.4668 2.4151 34.8846
5075.0000 4983.4082 2.4155 34.8844
5077.0000 4985.3501 2.4157 34.8846
5079.0000 4987.2915 2.4159 34.8844
5081.0000 4989.2329 2.4165 34.8846
5083.0000 4991.1753 2.4167 34.8845
5085.0000 4993.1167 2.4169 34.8845
5087.0000 4995.0576 2.4168 34.8845
5089.0000 4997.0005 2.4166 34.8844
5091.0000 4998.9414 2.4173 34.8844
5093.0000 5000.8828 2.4170 34.8843
5095.0000 5002.8247 2.4172 34.8844
5097.0000 5004.7661 2.4175 34.8845
5099.0000 5006.7080 2.4178 34.8843
5101.0000 5008.6489 2.4182 34.8844
5103.0000 5010.5908 2.4187 34.8845
5105.0000 5012.5327 2.4191 34.8845
5107.0000 5014.4736 2.4191 34.8844
5109.0000 5016.4146 2.4194 34.8844
5111.0000 5018.3569 2.4195 34.8846
5113.0000 5020.2974 2.4193 34.8844
5115.0000 5022.2393 2.4196 34.8844
5117.0000 5024.1807 2.4197 34.8844
5119.0000 5026.1221 2.4199 34.8843
5121.0000 5028.0635 2.4202 34.8843
5123.0000 5030.0049 2.4207 34.8843
5125.0000 5031.9458 2.4208 34.8843
5127.0000 5033.8872 2.4210 34.8843
5129.0000 5035.8286 2.4211 34.8842
5131.0000 5037.7700 2.4215 34.8842
5133.0000 5039.7109 2.4221 34.8844
5135.0000 5041.6523 2.4225 34.8844
5137.0000 5043.5938 2.4226 34.8843
5139.0000 5045.5347 2.4225 34.8843
5141.0000 5047.4761 2.4230 34.8842
5143.0000 5049.4170 2.4231 34.8843
5145.0000 5051.3579 2.4235 34.8844
5147.0000 5053.2993 2.4239 34.8844
5149.0000 5055.2402 2.4240 34.8843
5151.0000 5057.1816 2.4242 34.8842
5153.0000 5059.1230 2.4245 34.8843
5155.0000 5061.0630 2.4250 34.8844
5157.0000 5063.0049 2.4251 34.8843
5159.0000 5064.9458 2.4252 34.8842
5161.0000 5066.8867 2.4254 34.8843
5163.0000 5068.8276 2.4255 34.8844
5165.0000 5070.7681 2.4259 34.8844
5167.0000 5072.7100 2.4264 34.8843
5169.0000 5074.6504 2.4261 34.8843
5171.0000 5076.5918 2.4265 34.8842
5173.0000 5078.5327 2.4266 34.8842
5175.0000 5080.4731 2.4269 34.8843
5177.0000 5082.4141 2.4272 34.8842
5179.0000 5084.3550 2.4273 34.8843
5181.0000 5086.2959 2.4275 34.8843
5183.0000 5088.2363 2.4281 34.8842
5185.0000 5090.1777 2.4287 34.8844
5187.0000 5092.1182 2.4289 34.8844
5189.0000 5094.0591 2.4290 34.8843
5191.0000 5096.0000 2.4292 34.8843
5193.0000 5097.9409 2.4296 34.8843
5195.0000 5099.8809 2.4299 34.8844
5197.0000 5101.8218 2.4300 34.8843
5199.0000 5103.7632 2.4301 34.8843
5201.0000 5105.7031 2.4303 34.8842
5203.0000 5107.6440 2.4308 34.8843
5205.0000 5109.5845 2.4313 34.8843
5207.0000 5111.5254 2.4316 34.8843
5209.0000 5113.4653 2.4318 34.8842
5211.0000 5115.4067 2.4324 34.8844
5213.0000 5117.3472 2.4327 34.8842
5215.0000 5119.2881 2.4329 34.8843
5217.0000 5121.2280 2.4331 34.8843
5219.0000 5123.1685 2.4335 34.8841
5221.0000 5125.1094 2.4337 34.8841
5223.0000 5127.0493 2.4338 34.8842
5225.0000 5128.9902 2.4338 34.8841
5227.0000 5130.9307 2.4339 34.8841
5229.0000 5132.8716 2.4343 34.8842
5231.0000 5134.8115 2.4348 34.8843
5233.0000 5136.7520 2.4349 34.8842
5235.0000 5138.6924 2.4349 34.8843
5237.0000 5140.6328 2.4351 34.8843
5239.0000 5142.5728 2.4353 34.8842
5241.0000 5144.5137 2.4357 34.8843
5243.0000 5146.4541 2.4361 34.8843
5245.0000 5148.3940 2.4365 34.8844
5247.0000 5150.3345 2.4368 34.8842
5249.0000 5152.2749 2.4370 34.8844
5251.0000 5154.2148 2.4372 34.8844
5253.0000 5156.1553 2.4373 34.8842
5255.0000 5158.0957 2.4375 34.8842
5257.0000 5160.0352 2.4379 34.8842
5259.0000 5161.9756 2.4383 34.8843
5261.0000 5163.9160 2.4384 34.8843
5263.0000 5165.8564 2.4388 34.8841
5265.0000 5167.7964 2.4394 34.8843
5267.0000 5169.7363 2.4395 34.8843
5269.0000 5171.6772 2.4399 34.8842
5271.0000 5173.6167 2.4402 34.8843
5273.0000 5175.5571 2.4404 34.8841
5275.0000 5177.4971 2.4404 34.8842
5277.0000 5179.4370 2.4403 34.8842
5279.0000 5181.3765 2.4406 34.8842
5281.0000 5183.3169 2.4411 34.8842
5283.0000 5185.2568 2.4415 34.8843
5285.0000 5187.1968 2.4417 34.8844
5287.0000 5189.1367 2.4421 34.8842
5289.0000 5191.0771 2.4424 34.8842
5291.0000 5193.0166 2.4426 34.8843
5293.0000 5194.9565 2.4432 34.8842
5295.0000 5196.8965 2.4434 34.8841
5297.0000 5198.8364 2.4437 34.8842
5299.0000 5200.7759 2.4433 34.8842
5301.0000 5202.7163 2.4438 34.8841
5303.0000 5204.6558 2.4439 34.8842
5305.0000 5206.5962 2.4440 34.8842
5307.0000 5208.5356 2.4444 34.8841
5309.0000 5210.4756 2.4448 34.8841
5311.0000 5212.4155 2.4451 34.8843
5313.0000 5214.3545 2.4454 34.8843
5315.0000 5216.2949 2.4458 34.8841
5317.0000 5218.2344 2.4461 34.8842
5319.0000 5220.1743 2.4462 34.8841
5321.0000 5222.1133 2.4465 34.8841
5323.0000 5224.0532 2.4472 34.8841
5325.0000 5225.9927 2.4473 34.8841
5327.0000 5227.9321 2.4477 34.8841
5329.0000 5229.8726 2.4482 34.8843
5331.0000 5231.8120 2.4479 34.8842
5333.0000 5233.7510 2.4485 34.8842
5335.0000 5235.6909 2.4483 34.8842
5337.0000 5237.6309 2.4489 34.8841
5339.0000 5239.5703 2.4489 34.8842
5341.0000 5241.5098 2.4492 34.8844
5343.0000 5243.4497 2.4495 34.8842
5345.0000 5245.3887 2.4497 34.8841
5347.0000 5247.3281 2.4497 34.8843
5349.0000 5249.2671 2.4501 34.8843
5351.0000 5251.2070 2.4506 34.8841
5353.0000 5253.1465 2.4511 34.8842
5355.0000 5255.0859 2.4516 34.8842
5357.0000 5257.0254 2.4516 34.8841
5359.0000 5258.9648 2.4518 34.8842
5361.0000 5260.9038 2.4522 34.8841
5363.0000 5262.8428 2.4523 34.8843
5365.0000 5264.7827 2.4523 34.8843
5367.0000 5266.7222 2.4529 34.8841
5369.0000 5268.6611 2.4531 34.8842
5371.0000 5270.6006 2.4531 34.8842
5373.0000 5272.5396 2.4537 34.8841
5375.0000 5274.4785 2.4538 34.8841
5377.0000 5276.4180 2.4542 34.8844
5379.0000 5278.3574 2.4542 34.8843
5381.0000 5280.2969 2.4549 34.8841
5383.0000 5282.2354 2.4553 34.8843
5385.0000 5284.1748 2.4552 34.8843
5387.0000 5286.1143 2.4556 34.8842
5389.0000 5288.0532 2.4557 34.8843
5391.0000 5289.9927 2.4559 34.8842
5393.0000 5291.9312 2.4563 34.8841
5395.0000 5293.8701 2.4564 34.8842
5397.0000 5295.8096 2.4567 34.8842
5399.0000 5297.7485 2.4569 34.8843
5401.0000 5299.6880 2.4575 34.8841
5403.0000 5301.6265 2.4578 34.8841
5405.0000 5303.5654 2.4580 34.8842
5407.0000 5305.5049 2.4581 34.8843
5409.0000 5307.4429 2.4584 34.8841
5411.0000 5309.3823 2.4587 34.8843
5413.0000 5311.3213 2.4587 34.8843
5415.0000 5313.2603 2.4593 34.8841
5417.0000 5315.1987 2.4596 34.8844
5419.0000 5317.1377 2.4599 34.8843
5421.0000 5319.0771 2.4604 34.8841
5423.0000 5321.0156 2.4605 34.8841
5425.0000 5322.9546 2.4607 34.8841
