CTD cast

DATE:  16-Jan-2016 05:45:59
latitude:  24.4998
longitude:  -23.5003
  P (db)  z (m)    T (^oC)  S (psu)
3.0000 2.9808 22.0472 37.0156
5.0000 4.9680 22.0460 37.0156
7.0000 6.9551 22.0489 37.0156
9.0000 8.9422 22.0502 37.0156
11.0000 10.9293 22.0504 37.0156
13.0000 12.9164 22.0501 37.0156
15.0000 14.9035 22.0494 37.0157
17.0000 16.8906 22.0493 37.0156
19.0000 18.8776 22.0477 37.0158
21.0000 20.8646 22.0482 37.0157
23.0000 22.8516 22.0422 37.0157
25.0000 24.8386 22.0315 37.0160
27.0000 26.8255 22.0332 37.0158
29.0000 28.8125 22.0366 37.0159
31.0000 30.7994 22.0342 37.0183
33.0000 32.7863 22.0334 37.0193
35.0000 34.7732 22.0340 37.0186
37.0000 36.7600 22.0344 37.0187
39.0000 38.7469 22.0371 37.0267
41.0000 40.7337 22.0403 37.0341
43.0000 42.7205 22.0378 37.0266
45.0000 44.7073 22.0374 37.0261
47.0000 46.6941 22.0333 37.0189
49.0000 48.6808 22.0352 37.0220
51.0000 50.6675 22.0393 37.0314
53.0000 52.6542 22.0406 37.0301
55.0000 54.6409 22.0738 37.0619
57.0000 56.6276 22.0775 37.0604
59.0000 58.6142 22.0871 37.0744
61.0000 60.6009 22.0680 37.0743
63.0000 62.5875 22.0827 37.0895
65.0000 64.5741 22.0624 37.0881
67.0000 66.5606 22.0568 37.0883
69.0000 68.5472 22.0426 37.0873
71.0000 70.5337 21.9957 37.0783
73.0000 72.5202 21.9250 37.0708
75.0000 74.5067 21.8451 37.0559
77.0000 76.4932 21.6892 37.0209
79.0000 78.4797 21.5585 36.9904
81.0000 80.4661 20.8112 36.8581
83.0000 82.4525 20.6376 36.8416
85.0000 84.4389 20.5299 36.8263
87.0000 86.4253 20.4354 36.8112
89.0000 88.4117 20.0229 36.7554
91.0000 90.3980 19.8953 36.7363
93.0000 92.3843 19.7804 36.7199
95.0000 94.3706 19.8345 36.7324
97.0000 96.3569 19.6369 36.7029
99.0000 98.3432 19.5444 36.6971
101.0000 100.3294 19.4202 36.6736
103.0000 102.3157 19.4854 36.6856
105.0000 104.3018 19.1316 36.6394
107.0000 106.2880 19.0260 36.6396
109.0000 108.2742 18.9488 36.6388
111.0000 110.2604 18.8535 36.6453
113.0000 112.2465 18.8255 36.6538
115.0000 114.2326 18.8171 36.6598
117.0000 116.2187 18.7705 36.6629
119.0000 118.2048 18.7935 36.6726
121.0000 120.1908 18.8862 36.7205
123.0000 122.1768 18.9645 36.7647
125.0000 124.1629 19.0060 36.7765
127.0000 126.1489 19.0336 36.8029
129.0000 128.1348 18.9479 36.7821
131.0000 130.1208 18.9287 36.7867
133.0000 132.1067 18.9250 36.7995
135.0000 134.0927 18.9043 36.7984
137.0000 136.0786 18.8079 36.7858
139.0000 138.0644 18.8019 36.7879
141.0000 140.0503 18.7624 36.7799
143.0000 142.0361 18.6685 36.7547
145.0000 144.0219 18.5694 36.7339
147.0000 146.0078 18.5662 36.7395
149.0000 147.9935 18.5100 36.7334
151.0000 149.9793 18.5714 36.7605
153.0000 151.9650 18.5345 36.7598
155.0000 153.9508 18.4765 36.7474
157.0000 155.9365 18.4239 36.7354
159.0000 157.9222 18.3333 36.7111
161.0000 159.9078 18.3136 36.7071
163.0000 161.8935 18.2802 36.6975
165.0000 163.8791 18.2164 36.6749
167.0000 165.8647 18.0692 36.6411
169.0000 167.8503 18.0377 36.6307
171.0000 169.8359 17.9899 36.6222
173.0000 171.8214 17.9587 36.6184
175.0000 173.8070 17.9702 36.6278
177.0000 175.7925 17.9989 36.6413
179.0000 177.7780 18.0066 36.6469
181.0000 179.7635 17.9797 36.6404
183.0000 181.7489 17.9166 36.6227
185.0000 183.7344 17.8405 36.6024
187.0000 185.7198 17.8221 36.5988
189.0000 187.7052 17.7751 36.5907
191.0000 189.6906 17.7480 36.5871
193.0000 191.6759 17.7360 36.5858
195.0000 193.6613 17.7116 36.5834
197.0000 195.6466 17.6917 36.5794
199.0000 197.6319 17.7023 36.5814
201.0000 199.6172 17.6106 36.5606
203.0000 201.6024 17.5237 36.5434
205.0000 203.5877 17.4700 36.5310
207.0000 205.5729 17.4465 36.5266
209.0000 207.5581 17.4543 36.5316
211.0000 209.5433 17.4433 36.5305
213.0000 211.5285 17.4164 36.5258
215.0000 213.5136 17.3715 36.5132
217.0000 215.4988 17.2706 36.4925
219.0000 217.4839 17.2599 36.4915
221.0000 219.4690 17.2395 36.4896
223.0000 221.4540 17.2178 36.4883
225.0000 223.4391 17.1891 36.4837
227.0000 225.4241 17.1558 36.4756
229.0000 227.4092 17.0897 36.4580
231.0000 229.3941 16.9823 36.4337
233.0000 231.3791 16.9253 36.4214
235.0000 233.3641 16.9118 36.4200
237.0000 235.3490 16.9103 36.4213
239.0000 237.3339 16.9158 36.4248
241.0000 239.3188 16.9045 36.4217
243.0000 241.3037 16.8348 36.4063
245.0000 243.2886 16.8308 36.4085
247.0000 245.2734 16.8305 36.4101
249.0000 247.2583 16.7671 36.3937
251.0000 249.2431 16.6970 36.3811
253.0000 251.2278 16.7422 36.4031
255.0000 253.2126 16.7279 36.3978
257.0000 255.1974 16.6450 36.3788
259.0000 257.1821 16.6094 36.3718
261.0000 259.1668 16.5143 36.3464
263.0000 261.1515 16.4938 36.3450
265.0000 263.1362 16.4321 36.3304
267.0000 265.1208 16.4011 36.3243
269.0000 267.1054 16.3352 36.3093
271.0000 269.0901 16.2849 36.3000
273.0000 271.0746 16.2477 36.2934
275.0000 273.0593 16.2029 36.2835
277.0000 275.0438 16.1348 36.2703
279.0000 277.0284 16.0844 36.2620
281.0000 279.0128 16.0523 36.2566
283.0000 280.9974 16.0308 36.2527
285.0000 282.9818 16.0173 36.2518
287.0000 284.9663 16.0160 36.2558
289.0000 286.9507 16.0186 36.2605
291.0000 288.9352 15.9982 36.2575
293.0000 290.9196 15.9595 36.2512
295.0000 292.9040 15.9535 36.2529
297.0000 294.8883 15.9310 36.2487
299.0000 296.8727 15.9055 36.2422
301.0000 298.8570 15.8706 36.2336
303.0000 300.8413 15.8163 36.2245
305.0000 302.8256 15.7962 36.2259
307.0000 304.8099 15.7736 36.2235
309.0000 306.7941 15.7423 36.2179
311.0000 308.7784 15.7341 36.2161
313.0000 310.7626 15.7007 36.2092
315.0000 312.7467 15.6367 36.1972
317.0000 314.7309 15.5718 36.1833
319.0000 316.7151 15.5585 36.1807
321.0000 318.6992 15.4579 36.1602
323.0000 320.6833 15.4166 36.1525
325.0000 322.6674 15.3656 36.1407
327.0000 324.6515 15.2784 36.1182
329.0000 326.6356 15.2110 36.1021
331.0000 328.6196 15.1504 36.0872
333.0000 330.6036 15.0888 36.0762
335.0000 332.5876 15.0407 36.0659
337.0000 334.5716 14.9894 36.0569
339.0000 336.5556 14.9316 36.0444
341.0000 338.5396 14.8789 36.0364
343.0000 340.5235 14.8305 36.0274
345.0000 342.5074 14.7630 36.0154
347.0000 344.4913 14.7322 36.0122
349.0000 346.4751 14.7236 36.0124
351.0000 348.4590 14.6839 36.0049
353.0000 350.4428 14.6782 36.0115
355.0000 352.4266 14.6574 36.0097
357.0000 354.4104 14.6012 36.0010
359.0000 356.3942 14.5425 35.9904
361.0000 358.3779 14.5104 35.9852
363.0000 360.3617 14.5000 35.9834
365.0000 362.3454 14.4720 35.9774
367.0000 364.3291 14.4092 35.9664
369.0000 366.3127 14.3811 35.9640
371.0000 368.2964 14.3670 35.9633
373.0000 370.2801 14.3425 35.9600
375.0000 372.2637 14.4181 35.9711
377.0000 374.2473 14.2377 35.9429
379.0000 376.2309 14.1696 35.9309
381.0000 378.2145 14.1286 35.9233
383.0000 380.1980 14.1012 35.9201
385.0000 382.1815 14.0822 35.9193
387.0000 384.1650 14.0739 35.9184
389.0000 386.1485 14.0545 35.9139
391.0000 388.1320 13.9861 35.9028
393.0000 390.1154 13.9580 35.8977
395.0000 392.0989 13.9772 35.9106
397.0000 394.0822 13.9654 35.9098
399.0000 396.0656 13.9385 35.9064
401.0000 398.0490 13.9049 35.9012
403.0000 400.0324 13.8536 35.8932
405.0000 402.0157 13.8080 35.8848
407.0000 403.9990 13.7727 35.8780
409.0000 405.9823 13.7631 35.8774
411.0000 407.9656 13.7547 35.8761
413.0000 409.9489 13.7442 35.8746
415.0000 411.9321 13.7193 35.8706
417.0000 413.9154 13.6777 35.8654
419.0000 415.8985 13.6461 35.8606
421.0000 417.8817 13.6243 35.8575
423.0000 419.8649 13.5881 35.8523
425.0000 421.8480 13.5681 35.8499
427.0000 423.8311 13.5526 35.8479
429.0000 425.8143 13.5130 35.8423
431.0000 427.7973 13.4722 35.8372
433.0000 429.7804 13.4492 35.8336
435.0000 431.7635 13.4142 35.8285
437.0000 433.7465 13.3702 35.8227
439.0000 435.7295 13.3414 35.8201
441.0000 437.7125 13.3049 35.8158
443.0000 439.6955 13.2664 35.8107
445.0000 441.6784 13.2412 35.8072
447.0000 443.6614 13.2120 35.8034
449.0000 445.6443 13.1726 35.7977
451.0000 447.6272 13.1473 35.7947
453.0000 449.6100 13.0976 35.7866
455.0000 451.5929 13.0518 35.7801
457.0000 453.5757 13.0199 35.7766
459.0000 455.5585 12.9875 35.7721
461.0000 457.5414 12.9675 35.7698
463.0000 459.5242 12.9440 35.7669
465.0000 461.5069 12.9325 35.7653
467.0000 463.4897 12.9022 35.7602
469.0000 465.4724 12.8222 35.7485
471.0000 467.4551 12.7762 35.7423
473.0000 469.4378 12.7464 35.7379
475.0000 471.4204 12.7019 35.7321
477.0000 473.4031 12.6696 35.7280
479.0000 475.3858 12.6489 35.7253
481.0000 477.3683 12.6346 35.7232
483.0000 479.3510 12.6227 35.7216
485.0000 481.3335 12.6165 35.7206
487.0000 483.3161 12.5950 35.7167
489.0000 485.2986 12.5664 35.7117
491.0000 487.2811 12.5333 35.7072
493.0000 489.2636 12.4831 35.7018
495.0000 491.2461 12.4256 35.6959
497.0000 493.2286 12.3896 35.6915
499.0000 495.2110 12.3699 35.6892
501.0000 497.1934 12.3601 35.6882
503.0000 499.1758 12.3505 35.6871
505.0000 501.1582 12.3185 35.6820
507.0000 503.1405 12.2811 35.6779
509.0000 505.1229 12.2732 35.6768
511.0000 507.1053 12.2442 35.6725
513.0000 509.0876 12.2043 35.6677
515.0000 511.0698 12.1773 35.6641
517.0000 513.0521 12.1464 35.6597
519.0000 515.0344 12.1194 35.6562
521.0000 517.0165 12.0984 35.6533
523.0000 518.9988 12.0719 35.6504
525.0000 520.9810 12.0481 35.6471
527.0000 522.9632 12.0061 35.6420
529.0000 524.9453 11.9809 35.6393
531.0000 526.9275 11.9612 35.6357
533.0000 528.9096 11.9339 35.6323
535.0000 530.8917 11.9014 35.6277
537.0000 532.8737 11.8663 35.6240
539.0000 534.8558 11.8398 35.6206
541.0000 536.8379 11.8243 35.6190
543.0000 538.8199 11.8059 35.6163
545.0000 540.8019 11.7872 35.6138
547.0000 542.7839 11.7381 35.6075
549.0000 544.7658 11.7076 35.6046
551.0000 546.7478 11.6998 35.6036
553.0000 548.7297 11.6757 35.5998
555.0000 550.7115 11.6383 35.5955
557.0000 552.6935 11.6144 35.5929
559.0000 554.6754 11.5975 35.5928
561.0000 556.6573 11.5831 35.5915
563.0000 558.6390 11.5435 35.5863
565.0000 560.6209 11.4733 35.5766
567.0000 562.6027 11.4469 35.5733
569.0000 564.5844 11.4241 35.5706
571.0000 566.5662 11.4168 35.5702
573.0000 568.5480 11.4171 35.5703
575.0000 570.5297 11.4165 35.5704
577.0000 572.5114 11.4065 35.5696
579.0000 574.4930 11.3713 35.5655
581.0000 576.4747 11.3549 35.5633
583.0000 578.4564 11.3461 35.5621
585.0000 580.4380 11.3233 35.5586
587.0000 582.4197 11.2640 35.5526
589.0000 584.4012 11.2347 35.5483
591.0000 586.3828 11.1853 35.5399
593.0000 588.3643 11.1511 35.5359
595.0000 590.3458 11.1306 35.5360
597.0000 592.3273 11.1130 35.5340
599.0000 594.3088 11.0901 35.5314
601.0000 596.2903 11.0761 35.5305
603.0000 598.2718 11.0641 35.5297
605.0000 600.2532 11.0350 35.5253
607.0000 602.2346 11.0285 35.5256
609.0000 604.2160 11.0257 35.5253
611.0000 606.1974 11.0000 35.5236
613.0000 608.1787 10.9736 35.5244
615.0000 610.1602 10.9556 35.5227
617.0000 612.1415 10.9340 35.5211
619.0000 614.1227 10.9189 35.5195
621.0000 616.1040 10.9150 35.5188
623.0000 618.0853 10.9016 35.5172
625.0000 620.0665 10.8716 35.5142
627.0000 622.0477 10.8594 35.5131
629.0000 624.0289 10.8100 35.5049
631.0000 626.0101 10.7711 35.4993
633.0000 627.9913 10.7584 35.4966
635.0000 629.9724 10.7419 35.4944
637.0000 631.9536 10.7336 35.4939
639.0000 633.9347 10.7180 35.4917
641.0000 635.9158 10.7018 35.4903
643.0000 637.8969 10.6919 35.4887
645.0000 639.8779 10.6514 35.4845
647.0000 641.8589 10.6236 35.4854
649.0000 643.8400 10.6241 35.4884
651.0000 645.8210 10.6155 35.4876
653.0000 647.8019 10.5991 35.4860
655.0000 649.7829 10.5852 35.4847
657.0000 651.7639 10.5784 35.4840
659.0000 653.7448 10.5757 35.4838
661.0000 655.7257 10.5595 35.4809
663.0000 657.7066 10.5148 35.4755
665.0000 659.6874 10.4711 35.4707
667.0000 661.6683 10.4233 35.4658
669.0000 663.6491 10.4095 35.4643
671.0000 665.6299 10.3922 35.4618
673.0000 667.6107 10.3751 35.4599
675.0000 669.5915 10.3564 35.4570
677.0000 671.5723 10.3178 35.4524
679.0000 673.5530 10.2992 35.4499
681.0000 675.5337 10.2726 35.4464
683.0000 677.5144 10.2592 35.4454
685.0000 679.4951 10.2118 35.4389
687.0000 681.4757 10.1791 35.4358
689.0000 683.4564 10.1497 35.4328
691.0000 685.4370 10.1312 35.4305
693.0000 687.4175 10.1239 35.4295
695.0000 689.3982 10.0801 35.4242
697.0000 691.3787 10.0683 35.4230
699.0000 693.3594 10.0428 35.4195
701.0000 695.3398 10.0089 35.4165
703.0000 697.3203 9.9849 35.4140
705.0000 699.3008 9.9638 35.4114
707.0000 701.2812 9.9448 35.4094
709.0000 703.2617 9.9209 35.4069
711.0000 705.2422 9.8888 35.4030
713.0000 707.2226 9.8664 35.4007
715.0000 709.2030 9.8519 35.3990
717.0000 711.1833 9.8178 35.3950
719.0000 713.1637 9.7711 35.3903
721.0000 715.1440 9.7424 35.3874
723.0000 717.1243 9.7312 35.3868
725.0000 719.1047 9.7196 35.3853
727.0000 721.0850 9.7092 35.3844
729.0000 723.0652 9.6871 35.3820
731.0000 725.0455 9.6555 35.3787
733.0000 727.0257 9.6429 35.3779
735.0000 729.0059 9.6290 35.3767
737.0000 730.9861 9.6165 35.3755
739.0000 732.9662 9.5937 35.3733
741.0000 734.9465 9.5716 35.3709
743.0000 736.9265 9.5513 35.3687
745.0000 738.9066 9.5205 35.3648
747.0000 740.8868 9.4758 35.3591
749.0000 742.8668 9.4334 35.3548
751.0000 744.8469 9.4097 35.3528
753.0000 746.8269 9.3907 35.3504
755.0000 748.8068 9.3737 35.3488
757.0000 750.7869 9.3495 35.3451
759.0000 752.7669 9.2790 35.3381
761.0000 754.7469 9.2533 35.3357
763.0000 756.7267 9.2384 35.3337
765.0000 758.7067 9.2087 35.3292
767.0000 760.6866 9.1665 35.3248
769.0000 762.6664 9.1524 35.3234
771.0000 764.6463 9.1444 35.3229
773.0000 766.6262 9.1348 35.3221
775.0000 768.6061 9.1253 35.3214
777.0000 770.5858 9.1222 35.3210
779.0000 772.5656 9.1151 35.3203
781.0000 774.5454 9.0972 35.3187
783.0000 776.5251 9.0845 35.3176
785.0000 778.5049 9.0748 35.3166
787.0000 780.4847 9.0601 35.3148
789.0000 782.4644 9.0477 35.3134
791.0000 784.4440 9.0286 35.3117
793.0000 786.4236 9.0231 35.3112
795.0000 788.4033 9.0100 35.3101
797.0000 790.3829 8.9911 35.3092
799.0000 792.3625 8.9767 35.3084
801.0000 794.3420 8.9475 35.3050
803.0000 796.3217 8.9087 35.3013
805.0000 798.3011 8.9012 35.3007
807.0000 800.2808 8.8939 35.3008
809.0000 802.2603 8.8666 35.2986
811.0000 804.2397 8.8474 35.2972
813.0000 806.2192 8.8395 35.2963
815.0000 808.1987 8.8209 35.2945
817.0000 810.1780 8.8032 35.2925
819.0000 812.1574 8.7723 35.2888
821.0000 814.1369 8.7373 35.2860
823.0000 816.1163 8.7336 35.2857
825.0000 818.0956 8.7227 35.2844
827.0000 820.0750 8.6909 35.2796
829.0000 822.0543 8.6440 35.2756
831.0000 824.0336 8.6211 35.2732
833.0000 826.0128 8.6024 35.2717
835.0000 827.9921 8.5727 35.2693
837.0000 829.9714 8.5408 35.2658
839.0000 831.9506 8.5043 35.2623
841.0000 833.9299 8.4880 35.2609
843.0000 835.9090 8.4705 35.2589
845.0000 837.8881 8.4323 35.2553
847.0000 839.8673 8.3997 35.2527
849.0000 841.8465 8.3735 35.2505
851.0000 843.8257 8.3564 35.2492
853.0000 845.8046 8.3313 35.2474
855.0000 847.7837 8.2969 35.2452
857.0000 849.7628 8.2688 35.2426
859.0000 851.7418 8.2523 35.2408
861.0000 853.7209 8.2426 35.2398
863.0000 855.6999 8.2240 35.2371
865.0000 857.6788 8.2035 35.2347
867.0000 859.6577 8.1940 35.2343
869.0000 861.6368 8.1735 35.2347
871.0000 863.6158 8.1411 35.2308
873.0000 865.5945 8.0976 35.2262
875.0000 867.5735 8.0799 35.2251
877.0000 869.5524 8.0691 35.2246
879.0000 871.5312 8.0677 35.2258
881.0000 873.5100 8.0606 35.2257
883.0000 875.4888 8.0541 35.2254
885.0000 877.4677 8.0325 35.2244
887.0000 879.4464 8.0161 35.2231
889.0000 881.4251 8.0054 35.2227
891.0000 883.4040 7.9984 35.2229
893.0000 885.3825 7.9897 35.2225
895.0000 887.3613 7.9782 35.2218
897.0000 889.3400 7.9636 35.2201
899.0000 891.3187 7.9536 35.2203
901.0000 893.2972 7.9363 35.2190
903.0000 895.2759 7.9196 35.2179
905.0000 897.2545 7.9083 35.2168
907.0000 899.2331 7.8957 35.2153
909.0000 901.2117 7.8795 35.2146
911.0000 903.1902 7.8567 35.2128
913.0000 905.1688 7.8283 35.2107
915.0000 907.1473 7.8215 35.2103
917.0000 909.1257 7.8167 35.2100
919.0000 911.1043 7.8145 35.2098
921.0000 913.0827 7.8033 35.2085
923.0000 915.0611 7.7895 35.2080
925.0000 917.0396 7.7871 35.2082
927.0000 919.0179 7.7851 35.2082
929.0000 920.9963 7.7711 35.2066
931.0000 922.9747 7.7601 35.2064
933.0000 924.9531 7.7456 35.2060
935.0000 926.9313 7.7358 35.2053
937.0000 928.9097 7.7187 35.2050
939.0000 930.8880 7.7093 35.2047
941.0000 932.8662 7.7075 35.2052
943.0000 934.8445 7.6966 35.2047
945.0000 936.8227 7.6838 35.2037
947.0000 938.8009 7.6633 35.2018
949.0000 940.7791 7.6453 35.2009
951.0000 942.7573 7.6371 35.2003
953.0000 944.7354 7.6162 35.1992
955.0000 946.7136 7.6049 35.1990
957.0000 948.6917 7.5928 35.1990
959.0000 950.6697 7.5737 35.1987
961.0000 952.6478 7.5604 35.1987
963.0000 954.6259 7.5255 35.1971
965.0000 956.6039 7.5115 35.1969
967.0000 958.5820 7.5032 35.1966
969.0000 960.5599 7.4962 35.1965
971.0000 962.5380 7.4908 35.1964
973.0000 964.5159 7.4829 35.1962
975.0000 966.4939 7.4703 35.1954
977.0000 968.4719 7.4623 35.1951
979.0000 970.4496 7.4450 35.1954
981.0000 972.4277 7.4331 35.1960
983.0000 974.4055 7.4243 35.1967
985.0000 976.3834 7.4188 35.1966
987.0000 978.3611 7.4048 35.1961
989.0000 980.3391 7.3959 35.1966
991.0000 982.3168 7.3938 35.1980
993.0000 984.2946 7.3793 35.1973
995.0000 986.2724 7.3713 35.1974
997.0000 988.2501 7.3624 35.1971
999.0000 990.2278 7.3521 35.1979
1001.0000 992.2055 7.3440 35.1994
1003.0000 994.1832 7.3319 35.1998
1005.0000 996.1608 7.3267 35.2003
1007.0000 998.1385 7.3256 35.2010
1009.0000 1000.1161 7.3244 35.2015
1011.0000 1002.0938 7.3210 35.2020
1013.0000 1004.0714 7.3078 35.2028
1015.0000 1006.0490 7.2994 35.2040
1017.0000 1008.0264 7.2992 35.2044
1019.0000 1010.0040 7.2959 35.2050
1021.0000 1011.9816 7.2826 35.2046
1023.0000 1013.9591 7.2773 35.2051
1025.0000 1015.9365 7.2605 35.2039
1027.0000 1017.9140 7.2409 35.2031
1029.0000 1019.8915 7.2279 35.2024
1031.0000 1021.8689 7.2191 35.2019
1033.0000 1023.8462 7.2137 35.2033
1035.0000 1025.8237 7.2054 35.2040
1037.0000 1027.8010 7.2067 35.2087
1039.0000 1029.7783 7.2068 35.2117
1041.0000 1031.7556 7.2012 35.2129
1043.0000 1033.7329 7.1885 35.2126
1045.0000 1035.7102 7.1693 35.2104
1047.0000 1037.6875 7.1497 35.2081
1049.0000 1039.6649 7.1170 35.2050
1051.0000 1041.6421 7.0881 35.2033
1053.0000 1043.6193 7.0841 35.2035
1055.0000 1045.5966 7.0790 35.2037
1057.0000 1047.5737 7.0717 35.2036
1059.0000 1049.5508 7.0682 35.2034
1061.0000 1051.5280 7.0600 35.2032
1063.0000 1053.5051 7.0482 35.2030
1065.0000 1055.4823 7.0425 35.2028
1067.0000 1057.4594 7.0349 35.2030
1069.0000 1059.4363 7.0254 35.2055
1071.0000 1061.4133 7.0140 35.2063
1073.0000 1063.3904 6.9951 35.2056
1075.0000 1065.3674 6.9852 35.2052
1077.0000 1067.3445 6.9817 35.2059
1079.0000 1069.3213 6.9777 35.2068
1081.0000 1071.2983 6.9742 35.2077
1083.0000 1073.2754 6.9685 35.2092
1085.0000 1075.2523 6.9520 35.2086
1087.0000 1077.2291 6.9375 35.2079
1089.0000 1079.2061 6.9405 35.2128
1091.0000 1081.1829 6.9488 35.2166
1093.0000 1083.1597 6.9481 35.2170
1095.0000 1085.1366 6.9463 35.2177
1097.0000 1087.1134 6.9464 35.2205
1099.0000 1089.0902 6.9505 35.2240
1101.0000 1091.0668 6.9528 35.2255
1103.0000 1093.0437 6.9504 35.2261
1105.0000 1095.0205 6.9522 35.2272
1107.0000 1096.9971 6.9489 35.2275
1109.0000 1098.9739 6.9429 35.2281
1111.0000 1100.9506 6.9429 35.2282
1113.0000 1102.9271 6.9427 35.2281
1115.0000 1104.9038 6.9421 35.2280
1117.0000 1106.8805 6.9381 35.2284
1119.0000 1108.8571 6.9376 35.2308
1121.0000 1110.8335 6.9478 35.2358
1123.0000 1112.8102 6.9603 35.2404
1125.0000 1114.7866 6.9657 35.2422
1127.0000 1116.7632 6.9660 35.2429
1129.0000 1118.7397 6.9616 35.2447
1131.0000 1120.7163 6.9587 35.2448
1133.0000 1122.6929 6.9535 35.2446
1135.0000 1124.6692 6.9508 35.2455
1137.0000 1126.6456 6.9486 35.2456
1139.0000 1128.6219 6.9375 35.2445
1141.0000 1130.5984 6.9225 35.2422
1143.0000 1132.5748 6.9040 35.2423
1145.0000 1134.5511 6.9080 35.2429
1147.0000 1136.5276 6.9013 35.2424
1149.0000 1138.5038 6.8871 35.2400
1151.0000 1140.4802 6.8704 35.2387
1153.0000 1142.4565 6.8374 35.2329
1155.0000 1144.4326 6.7882 35.2251
1157.0000 1146.4089 6.7552 35.2219
1159.0000 1148.3851 6.7368 35.2199
1161.0000 1150.3615 6.7284 35.2211
1163.0000 1152.3375 6.7226 35.2215
1165.0000 1154.3138 6.7168 35.2222
1167.0000 1156.2899 6.7136 35.2238
1169.0000 1158.2660 6.7087 35.2246
1171.0000 1160.2422 6.7122 35.2262
1173.0000 1162.2183 6.6988 35.2254
1175.0000 1164.1943 6.6921 35.2277
1177.0000 1166.1703 6.6812 35.2266
1179.0000 1168.1464 6.6754 35.2268
1181.0000 1170.1226 6.6746 35.2270
1183.0000 1172.0984 6.6730 35.2280
1185.0000 1174.0745 6.6771 35.2305
1187.0000 1176.0505 6.6688 35.2318
1189.0000 1178.0265 6.6649 35.2330
1191.0000 1180.0023 6.6661 35.2358
1193.0000 1181.9781 6.6639 35.2394
1195.0000 1183.9541 6.6627 35.2415
1197.0000 1185.9298 6.6585 35.2435
1199.0000 1187.9058 6.6520 35.2438
1201.0000 1189.8817 6.6416 35.2440
1203.0000 1191.8575 6.6291 35.2439
1205.0000 1193.8333 6.6269 35.2437
1207.0000 1195.8091 6.6126 35.2423
1209.0000 1197.7849 6.6078 35.2419
1211.0000 1199.7605 6.5930 35.2408
1213.0000 1201.7363 6.5908 35.2422
1215.0000 1203.7120 6.6007 35.2425
1217.0000 1205.6877 6.5988 35.2457
1219.0000 1207.6633 6.5975 35.2460
1221.0000 1209.6389 6.5918 35.2456
1223.0000 1211.6146 6.5615 35.2415
1225.0000 1213.5902 6.5486 35.2410
1227.0000 1215.5658 6.5507 35.2442
1229.0000 1217.5414 6.5427 35.2448
1231.0000 1219.5170 6.5295 35.2445
1233.0000 1221.4926 6.5220 35.2448
1235.0000 1223.4680 6.5231 35.2473
1237.0000 1225.4437 6.5284 35.2497
1239.0000 1227.4191 6.5199 35.2487
1241.0000 1229.3945 6.5106 35.2475
1243.0000 1231.3700 6.5062 35.2465
1245.0000 1233.3453 6.4991 35.2458
1247.0000 1235.3208 6.4968 35.2463
1249.0000 1237.2963 6.5000 35.2496
1251.0000 1239.2716 6.5088 35.2529
1253.0000 1241.2469 6.5134 35.2545
1255.0000 1243.2223 6.5105 35.2552
1257.0000 1245.1976 6.4957 35.2553
1259.0000 1247.1729 6.4893 35.2552
1261.0000 1249.1482 6.4809 35.2545
1263.0000 1251.1234 6.4741 35.2539
1265.0000 1253.0988 6.4659 35.2539
1267.0000 1255.0740 6.4586 35.2531
1269.0000 1257.0491 6.4541 35.2527
1271.0000 1259.0243 6.4501 35.2523
1273.0000 1260.9994 6.4411 35.2519
1275.0000 1262.9745 6.4132 35.2501
1277.0000 1264.9497 6.4005 35.2508
1279.0000 1266.9247 6.3913 35.2499
1281.0000 1268.8998 6.3770 35.2485
1283.0000 1270.8749 6.3738 35.2486
1285.0000 1272.8500 6.3735 35.2491
1287.0000 1274.8250 6.3723 35.2492
1289.0000 1276.8000 6.3711 35.2495
1291.0000 1278.7750 6.3731 35.2531
1293.0000 1280.7500 6.3771 35.2560
1295.0000 1282.7250 6.3687 35.2557
1297.0000 1284.7000 6.3651 35.2563
1299.0000 1286.6749 6.3634 35.2562
1301.0000 1288.6497 6.3547 35.2563
1303.0000 1290.6248 6.3533 35.2562
1305.0000 1292.5996 6.3491 35.2562
1307.0000 1294.5745 6.3523 35.2572
1309.0000 1296.5493 6.3446 35.2569
1311.0000 1298.5243 6.3414 35.2575
1313.0000 1300.4990 6.3351 35.2575
1315.0000 1302.4736 6.3243 35.2573
1317.0000 1304.4485 6.3082 35.2552
1319.0000 1306.4232 6.2880 35.2535
1321.0000 1308.3979 6.2887 35.2541
1323.0000 1310.3726 6.2899 35.2550
1325.0000 1312.3474 6.2898 35.2556
1327.0000 1314.3220 6.2743 35.2533
1329.0000 1316.2966 6.2555 35.2504
1331.0000 1318.2712 6.2548 35.2522
1333.0000 1320.2458 6.2499 35.2525
1335.0000 1322.2205 6.2523 35.2533
1337.0000 1324.1951 6.2477 35.2525
1339.0000 1326.1696 6.2372 35.2513
1341.0000 1328.1440 6.2181 35.2481
1343.0000 1330.1187 6.1997 35.2452
1345.0000 1332.0931 6.1713 35.2412
1347.0000 1334.0676 6.1586 35.2404
1349.0000 1336.0420 6.1498 35.2388
1351.0000 1338.0165 6.1448 35.2383
1353.0000 1339.9910 6.1430 35.2385
1355.0000 1341.9652 6.1473 35.2416
1357.0000 1343.9398 6.1386 35.2416
1359.0000 1345.9142 6.1294 35.2404
1361.0000 1347.8885 6.1137 35.2376
1363.0000 1349.8628 6.0973 35.2355
1365.0000 1351.8372 6.0855 35.2346
1367.0000 1353.8115 6.1032 35.2418
1369.0000 1355.7856 6.1280 35.2463
1371.0000 1357.7600 6.1205 35.2452
1373.0000 1359.7343 6.0984 35.2417
1375.0000 1361.7084 6.0623 35.2369
1377.0000 1363.6825 6.0483 35.2356
1379.0000 1365.6569 6.0149 35.2321
1381.0000 1367.6310 5.9866 35.2291
1383.0000 1369.6051 5.9699 35.2272
1385.0000 1371.5792 5.9637 35.2270
1387.0000 1373.5535 5.9601 35.2274
1389.0000 1375.5276 5.9543 35.2280
1391.0000 1377.5015 5.9384 35.2273
1393.0000 1379.4756 5.9328 35.2276
1395.0000 1381.4496 5.9267 35.2273
1397.0000 1383.4236 5.9176 35.2267
1399.0000 1385.3976 5.9121 35.2264
1401.0000 1387.3716 5.9023 35.2254
1403.0000 1389.3457 5.8862 35.2247
1405.0000 1391.3195 5.8854 35.2261
1407.0000 1393.2935 5.8845 35.2266
1409.0000 1395.2675 5.8784 35.2269
1411.0000 1397.2412 5.8741 35.2281
1413.0000 1399.2151 5.8722 35.2281
1415.0000 1401.1890 5.8704 35.2281
1417.0000 1403.1627 5.8692 35.2282
1419.0000 1405.1366 5.8597 35.2271
1421.0000 1407.1105 5.8524 35.2268
1423.0000 1409.0842 5.8509 35.2264
1425.0000 1411.0580 5.8408 35.2248
1427.0000 1413.0317 5.8345 35.2239
1429.0000 1415.0055 5.8181 35.2216
1431.0000 1416.9791 5.8133 35.2215
1433.0000 1418.9528 5.8169 35.2222
1435.0000 1420.9265 5.8183 35.2223
1437.0000 1422.9001 5.8101 35.2212
1439.0000 1424.8738 5.7830 35.2177
1441.0000 1426.8474 5.7734 35.2172
1443.0000 1428.8209 5.7596 35.2152
1445.0000 1430.7944 5.7457 35.2142
1447.0000 1432.7679 5.7453 35.2144
1449.0000 1434.7417 5.7463 35.2149
1451.0000 1436.7153 5.7303 35.2133
1453.0000 1438.6887 5.7199 35.2126
1455.0000 1440.6621 5.7145 35.2128
1457.0000 1442.6356 5.7123 35.2128
1459.0000 1444.6089 5.7063 35.2126
1461.0000 1446.5824 5.6979 35.2119
1463.0000 1448.5560 5.6908 35.2117
1465.0000 1450.5294 5.6953 35.2142
1467.0000 1452.5026 5.6972 35.2146
1469.0000 1454.4761 5.7011 35.2158
1471.0000 1456.4493 5.7032 35.2164
1473.0000 1458.4225 5.7032 35.2168
1475.0000 1460.3960 5.7017 35.2168
1477.0000 1462.3693 5.6959 35.2164
1479.0000 1464.3424 5.6850 35.2159
1481.0000 1466.3157 5.6811 35.2158
1483.0000 1468.2889 5.6779 35.2155
1485.0000 1470.2622 5.6706 35.2150
1487.0000 1472.2354 5.6594 35.2148
1489.0000 1474.2085 5.6579 35.2146
1491.0000 1476.1816 5.6483 35.2143
1493.0000 1478.1548 5.6388 35.2149
1495.0000 1480.1278 5.6209 35.2142
1497.0000 1482.1011 5.6107 35.2135
1499.0000 1484.0742 5.5923 35.2125
1501.0000 1486.0470 5.5722 35.2114
1503.0000 1488.0201 5.5768 35.2120
1505.0000 1489.9932 5.5660 35.2110
1507.0000 1491.9662 5.5587 35.2102
1509.0000 1493.9392 5.5427 35.2089
1511.0000 1495.9121 5.5372 35.2082
1513.0000 1497.8851 5.5220 35.2071
1515.0000 1499.8579 5.5083 35.2059
1517.0000 1501.8309 5.4973 35.2048
1519.0000 1503.8038 5.4883 35.2041
1521.0000 1505.7766 5.4807 35.2030
1523.0000 1507.7495 5.4648 35.2012
1525.0000 1509.7224 5.4506 35.1998
1527.0000 1511.6953 5.4394 35.1987
1529.0000 1513.6680 5.4309 35.1980
1531.0000 1515.6407 5.4241 35.1973
1533.0000 1517.6135 5.4134 35.1967
1535.0000 1519.5863 5.4126 35.1964
1537.0000 1521.5591 5.3974 35.1949
1539.0000 1523.5317 5.3864 35.1943
1541.0000 1525.5043 5.3706 35.1924
1543.0000 1527.4771 5.3649 35.1921
1545.0000 1529.4498 5.3565 35.1912
1547.0000 1531.4224 5.3472 35.1905
1549.0000 1533.3949 5.3407 35.1898
1551.0000 1535.3677 5.3348 35.1896
1553.0000 1537.3402 5.3254 35.1880
1555.0000 1539.3126 5.3151 35.1878
1557.0000 1541.2852 5.3114 35.1873
1559.0000 1543.2578 5.3021 35.1861
1561.0000 1545.2303 5.2897 35.1847
1563.0000 1547.2026 5.2821 35.1842
1565.0000 1549.1752 5.2802 35.1840
1567.0000 1551.1478 5.2753 35.1836
1569.0000 1553.1201 5.2722 35.1833
1571.0000 1555.0925 5.2617 35.1820
1573.0000 1557.0649 5.2560 35.1815
1575.0000 1559.0374 5.2534 35.1813
1577.0000 1561.0096 5.2515 35.1812
1579.0000 1562.9819 5.2504 35.1812
1581.0000 1564.9542 5.2488 35.1808
1583.0000 1566.9266 5.2377 35.1795
1585.0000 1568.8989 5.2209 35.1780
1587.0000 1570.8712 5.2082 35.1769
1589.0000 1572.8435 5.2023 35.1765
1591.0000 1574.8156 5.2005 35.1765
1593.0000 1576.7878 5.1972 35.1762
1595.0000 1578.7600 5.1948 35.1762
1597.0000 1580.7322 5.1932 35.1761
1599.0000 1582.7043 5.1900 35.1757
1601.0000 1584.6765 5.1852 35.1751
1603.0000 1586.6487 5.1801 35.1745
1605.0000 1588.6207 5.1687 35.1741
1607.0000 1590.5928 5.1667 35.1743
1609.0000 1592.5648 5.1669 35.1748
1611.0000 1594.5369 5.1609 35.1740
1613.0000 1596.5089 5.1526 35.1731
1615.0000 1598.4810 5.1416 35.1720
1617.0000 1600.4529 5.1300 35.1708
1619.0000 1602.4249 5.1198 35.1699
1621.0000 1604.3969 5.1092 35.1687
1623.0000 1606.3689 5.0920 35.1669
1625.0000 1608.3407 5.0786 35.1653
1627.0000 1610.3125 5.0662 35.1640
1629.0000 1612.2844 5.0580 35.1629
1631.0000 1614.2562 5.0491 35.1623
1633.0000 1616.2281 5.0413 35.1613
1635.0000 1618.2000 5.0306 35.1606
1637.0000 1620.1719 5.0333 35.1611
1639.0000 1622.1436 5.0324 35.1620
1641.0000 1624.1154 5.0246 35.1608
1643.0000 1626.0872 5.0113 35.1596
1645.0000 1628.0588 5.0042 35.1587
1647.0000 1630.0304 4.9965 35.1582
1649.0000 1632.0023 4.9955 35.1580
1651.0000 1633.9740 4.9889 35.1572
1653.0000 1635.9454 4.9765 35.1560
1655.0000 1637.9172 4.9695 35.1553
1657.0000 1639.8889 4.9572 35.1542
1659.0000 1641.8602 4.9529 35.1537
1661.0000 1643.8320 4.9410 35.1524
1663.0000 1645.8036 4.9360 35.1520
1665.0000 1647.7751 4.9251 35.1507
1667.0000 1649.7466 4.9205 35.1504
1669.0000 1651.7181 4.9093 35.1488
1671.0000 1653.6896 4.8872 35.1464
1673.0000 1655.6611 4.8761 35.1452
1675.0000 1657.6326 4.8712 35.1447
1677.0000 1659.6041 4.8652 35.1444
1679.0000 1661.5753 4.8627 35.1444
1681.0000 1663.5469 4.8559 35.1437
1683.0000 1665.5183 4.8509 35.1432
1685.0000 1667.4896 4.8448 35.1428
1687.0000 1669.4608 4.8422 35.1426
1689.0000 1671.4324 4.8387 35.1425
1691.0000 1673.4037 4.8347 35.1423
1693.0000 1675.3749 4.8287 35.1417
1695.0000 1677.3462 4.8101 35.1403
1697.0000 1679.3174 4.8040 35.1397
1699.0000 1681.2887 4.7997 35.1393
1701.0000 1683.2599 4.7970 35.1389
1703.0000 1685.2310 4.7858 35.1376
1705.0000 1687.2023 4.7800 35.1371
1707.0000 1689.1732 4.7646 35.1348
1709.0000 1691.1447 4.7516 35.1332
1711.0000 1693.1157 4.7463 35.1326
1713.0000 1695.0869 4.7412 35.1317
1715.0000 1697.0579 4.7261 35.1301
1717.0000 1699.0289 4.7168 35.1292
1719.0000 1701.0001 4.7076 35.1284
1721.0000 1702.9708 4.7024 35.1282
1723.0000 1704.9420 4.7007 35.1281
1725.0000 1706.9131 4.6891 35.1264
1727.0000 1708.8840 4.6786 35.1254
1729.0000 1710.8550 4.6688 35.1244
1731.0000 1712.8259 4.6594 35.1235
1733.0000 1714.7969 4.6578 35.1235
1735.0000 1716.7676 4.6560 35.1232
1737.0000 1718.7385 4.6432 35.1219
1739.0000 1720.7097 4.6348 35.1213
1741.0000 1722.6802 4.6303 35.1209
1743.0000 1724.6511 4.6240 35.1203
1745.0000 1726.6221 4.6192 35.1199
1747.0000 1728.5928 4.6152 35.1194
1749.0000 1730.5635 4.6090 35.1190
1751.0000 1732.5343 4.6039 35.1184
1753.0000 1734.5051 4.6003 35.1185
1755.0000 1736.4757 4.5987 35.1184
1757.0000 1738.4464 4.5908 35.1173
1759.0000 1740.4171 4.5860 35.1176
1761.0000 1742.3878 4.5875 35.1182
1763.0000 1744.3584 4.5909 35.1195
1765.0000 1746.3291 4.5938 35.1200
1767.0000 1748.2998 4.5909 35.1197
1769.0000 1750.2701 4.5853 35.1190
1771.0000 1752.2408 4.5802 35.1183
1773.0000 1754.2115 4.5789 35.1182
1775.0000 1756.1821 4.5770 35.1179
1777.0000 1758.1525 4.5755 35.1177
1779.0000 1760.1229 4.5679 35.1163
1781.0000 1762.0936 4.5548 35.1152
1783.0000 1764.0637 4.5519 35.1149
1785.0000 1766.0344 4.5457 35.1137
1787.0000 1768.0048 4.5301 35.1120
1789.0000 1769.9755 4.5251 35.1119
1791.0000 1771.9456 4.5229 35.1116
1793.0000 1773.9161 4.5215 35.1114
1795.0000 1775.8865 4.5214 35.1118
1797.0000 1777.8566 4.5227 35.1129
1799.0000 1779.8270 4.5174 35.1121
1801.0000 1781.7974 4.5107 35.1114
1803.0000 1783.7675 4.4994 35.1099
1805.0000 1785.7378 4.4940 35.1097
1807.0000 1787.7083 4.4928 35.1093
1809.0000 1789.6783 4.4797 35.1078
1811.0000 1791.6484 4.4746 35.1075
1813.0000 1793.6188 4.4764 35.1082
1815.0000 1795.5891 4.4763 35.1083
1817.0000 1797.5590 4.4733 35.1079
1819.0000 1799.5293 4.4609 35.1061
1821.0000 1801.4994 4.4604 35.1064
1823.0000 1803.4696 4.4588 35.1062
1825.0000 1805.4393 4.4525 35.1055
1827.0000 1807.4097 4.4512 35.1053
1829.0000 1809.3795 4.4386 35.1031
1831.0000 1811.3496 4.4313 35.1024
1833.0000 1813.3196 4.4278 35.1016
1835.0000 1815.2898 4.4120 35.0995
1837.0000 1817.2596 4.4039 35.0988
1839.0000 1819.2296 4.3979 35.0978
1841.0000 1821.1995 4.3905 35.0966
1843.0000 1823.1696 4.3739 35.0944
1845.0000 1825.1393 4.3609 35.0927
1847.0000 1827.1091 4.3564 35.0921
1849.0000 1829.0790 4.3515 35.0914
1851.0000 1831.0491 4.3421 35.0900
1853.0000 1833.0186 4.3343 35.0890
1855.0000 1834.9885 4.3292 35.0885
1857.0000 1836.9584 4.3242 35.0880
1859.0000 1838.9281 4.3175 35.0875
1861.0000 1840.8977 4.3167 35.0875
1863.0000 1842.8676 4.3161 35.0879
1865.0000 1844.8372 4.3116 35.0873
1867.0000 1846.8070 4.3041 35.0865
1869.0000 1848.7769 4.3003 35.0860
1871.0000 1850.7463 4.2984 35.0858
1873.0000 1852.7161 4.2959 35.0855
1875.0000 1854.6854 4.2865 35.0844
1877.0000 1856.6554 4.2815 35.0839
1879.0000 1858.6246 4.2836 35.0848
1881.0000 1860.5944 4.2784 35.0840
1883.0000 1862.5640 4.2653 35.0822
1885.0000 1864.5337 4.2607 35.0818
1887.0000 1866.5029 4.2518 35.0805
1889.0000 1868.4724 4.2423 35.0793
1891.0000 1870.4420 4.2370 35.0789
1893.0000 1872.4114 4.2279 35.0780
1895.0000 1874.3810 4.2195 35.0772
1897.0000 1876.3502 4.2162 35.0769
1899.0000 1878.3197 4.2126 35.0767
1901.0000 1880.2889 4.2149 35.0782
1903.0000 1882.2584 4.2156 35.0795
1905.0000 1884.2277 4.2263 35.0818
1907.0000 1886.1970 4.2237 35.0816
1909.0000 1888.1664 4.2191 35.0809
1911.0000 1890.1357 4.2113 35.0800
1913.0000 1892.1051 4.2072 35.0795
1915.0000 1894.0742 4.1992 35.0785
1917.0000 1896.0435 4.1886 35.0772
1919.0000 1898.0127 4.1856 35.0770
1921.0000 1899.9818 4.1849 35.0772
1923.0000 1901.9513 4.1829 35.0770
1925.0000 1903.9203 4.1792 35.0766
1927.0000 1905.8894 4.1738 35.0757
1929.0000 1907.8584 4.1613 35.0744
1931.0000 1909.8276 4.1573 35.0740
1933.0000 1911.7969 4.1564 35.0739
1935.0000 1913.7657 4.1556 35.0738
1937.0000 1915.7350 4.1524 35.0735
1939.0000 1917.7039 4.1461 35.0726
1941.0000 1919.6729 4.1318 35.0706
1943.0000 1921.6420 4.1230 35.0697
1945.0000 1923.6110 4.1132 35.0682
1947.0000 1925.5801 4.1090 35.0682
1949.0000 1927.5487 4.1069 35.0679
1951.0000 1929.5179 4.0994 35.0671
1953.0000 1931.4869 4.0968 35.0669
1955.0000 1933.4554 4.0914 35.0667
1957.0000 1935.4244 4.0884 35.0665
1959.0000 1937.3933 4.0837 35.0666
1961.0000 1939.3623 4.0811 35.0666
1963.0000 1941.3309 4.0818 35.0671
1965.0000 1943.2998 4.0818 35.0672
1967.0000 1945.2687 4.0806 35.0669
1969.0000 1947.2374 4.0778 35.0665
1971.0000 1949.2061 4.0725 35.0657
1973.0000 1951.1749 4.0671 35.0657
1975.0000 1953.1436 4.0603 35.0647
1977.0000 1955.1122 4.0561 35.0644
1979.0000 1957.0811 4.0573 35.0650
1981.0000 1959.0497 4.0588 35.0656
1983.0000 1961.0181 4.0586 35.0658
1985.0000 1962.9869 4.0520 35.0651
1987.0000 1964.9556 4.0503 35.0649
1989.0000 1966.9242 4.0449 35.0644
1991.0000 1968.8926 4.0366 35.0634
1993.0000 1970.8612 4.0321 35.0631
1995.0000 1972.8298 4.0241 35.0621
1997.0000 1974.7983 4.0198 35.0618
1999.0000 1976.7667 4.0170 35.0615
2001.0000 1978.7354 4.0118 35.0609
2003.0000 1980.7037 4.0091 35.0607
2005.0000 1982.6720 4.0063 35.0604
2007.0000 1984.6406 4.0008 35.0595
2009.0000 1986.6088 3.9957 35.0594
2011.0000 1988.5773 3.9920 35.0586
2013.0000 1990.5457 3.9940 35.0589
2015.0000 1992.5140 3.9878 35.0582
2017.0000 1994.4823 3.9812 35.0577
2019.0000 1996.4507 3.9742 35.0570
2021.0000 1998.4191 3.9715 35.0567
2023.0000 2000.3873 3.9695 35.0567
2025.0000 2002.3556 3.9675 35.0563
2027.0000 2004.3237 3.9646 35.0565
2029.0000 2006.2920 3.9615 35.0562
2031.0000 2008.2601 3.9531 35.0551
2033.0000 2010.2284 3.9433 35.0540
2035.0000 2012.1965 3.9389 35.0537
2037.0000 2014.1648 3.9376 35.0536
2039.0000 2016.1328 3.9360 35.0533
2041.0000 2018.1008 3.9285 35.0523
2043.0000 2020.0690 3.9242 35.0519
2045.0000 2022.0370 3.9186 35.0512
2047.0000 2024.0050 3.9182 35.0513
2049.0000 2025.9733 3.9193 35.0517
2051.0000 2027.9414 3.9172 35.0515
2053.0000 2029.9092 3.9143 35.0512
2055.0000 2031.8772 3.9094 35.0507
2057.0000 2033.8452 3.9056 35.0506
2059.0000 2035.8130 3.9034 35.0503
2061.0000 2037.7810 3.9001 35.0500
2063.0000 2039.7490 3.8964 35.0496
2065.0000 2041.7168 3.8920 35.0486
2067.0000 2043.6846 3.8803 35.0470
2069.0000 2045.6526 3.8766 35.0465
2071.0000 2047.6206 3.8728 35.0459
2073.0000 2049.5881 3.8704 35.0457
2075.0000 2051.5559 3.8692 35.0457
2077.0000 2053.5239 3.8684 35.0458
2079.0000 2055.4915 3.8687 35.0461
2081.0000 2057.4595 3.8649 35.0457
2083.0000 2059.4272 3.8594 35.0451
2085.0000 2061.3950 3.8579 35.0450
2087.0000 2063.3625 3.8575 35.0452
2089.0000 2065.3301 3.8569 35.0457
2091.0000 2067.2979 3.8533 35.0451
2093.0000 2069.2654 3.8437 35.0440
2095.0000 2071.2332 3.8387 35.0432
2097.0000 2073.2007 3.8323 35.0424
2099.0000 2075.1685 3.8187 35.0406
2101.0000 2077.1357 3.8121 35.0399
2103.0000 2079.1035 3.8090 35.0396
2105.0000 2081.0710 3.7997 35.0386
2107.0000 2083.0383 3.7984 35.0389
2109.0000 2085.0059 3.7985 35.0390
2111.0000 2086.9734 3.7988 35.0394
2113.0000 2088.9409 3.7976 35.0393
2115.0000 2090.9082 3.7928 35.0387
2117.0000 2092.8757 3.7886 35.0383
2119.0000 2094.8433 3.7804 35.0375
2121.0000 2096.8103 3.7776 35.0371
2123.0000 2098.7778 3.7730 35.0364
2125.0000 2100.7454 3.7683 35.0359
2127.0000 2102.7124 3.7657 35.0356
2129.0000 2104.6802 3.7614 35.0351
2131.0000 2106.6472 3.7558 35.0343
2133.0000 2108.6145 3.7479 35.0335
2135.0000 2110.5818 3.7427 35.0328
2137.0000 2112.5491 3.7361 35.0321
2139.0000 2114.5161 3.7313 35.0314
2141.0000 2116.4832 3.7226 35.0300
2143.0000 2118.4507 3.7127 35.0287
2145.0000 2120.4177 3.7082 35.0282
2147.0000 2122.3853 3.7040 35.0278
2149.0000 2124.3518 3.7025 35.0277
2151.0000 2126.3191 3.7016 35.0276
2153.0000 2128.2864 3.7002 35.0275
2155.0000 2130.2534 3.6993 35.0274
2157.0000 2132.2205 3.6978 35.0271
2159.0000 2134.1875 3.6925 35.0266
2161.0000 2136.1545 3.6880 35.0262
2163.0000 2138.1213 3.6831 35.0255
2165.0000 2140.0886 3.6794 35.0252
2167.0000 2142.0557 3.6777 35.0251
2169.0000 2144.0222 3.6771 35.0250
2171.0000 2145.9893 3.6763 35.0250
2173.0000 2147.9563 3.6741 35.0247
2175.0000 2149.9233 3.6703 35.0248
2177.0000 2151.8901 3.6691 35.0248
2179.0000 2153.8569 3.6690 35.0248
2181.0000 2155.8237 3.6666 35.0245
2183.0000 2157.7905 3.6657 35.0243
2185.0000 2159.7576 3.6588 35.0233
2187.0000 2161.7241 3.6544 35.0233
2189.0000 2163.6909 3.6511 35.0229
2191.0000 2165.6575 3.6483 35.0227
2193.0000 2167.6245 3.6473 35.0226
2195.0000 2169.5911 3.6460 35.0226
2197.0000 2171.5576 3.6420 35.0219
2199.0000 2173.5247 3.6365 35.0214
2201.0000 2175.4915 3.6346 35.0213
2203.0000 2177.4578 3.6306 35.0208
2205.0000 2179.4246 3.6237 35.0198
2207.0000 2181.3911 3.6185 35.0192
2209.0000 2183.3577 3.6138 35.0185
2211.0000 2185.3242 3.6100 35.0183
2213.0000 2187.2908 3.6078 35.0179
2215.0000 2189.2573 3.6001 35.0171
2217.0000 2191.2236 3.6017 35.0172
2219.0000 2193.1902 3.5955 35.0169
2221.0000 2195.1570 3.5934 35.0166
2223.0000 2197.1235 3.5920 35.0169
2225.0000 2199.0898 3.5913 35.0169
2227.0000 2201.0564 3.5887 35.0167
2229.0000 2203.0225 3.5869 35.0165
2231.0000 2204.9888 3.5852 35.0164
2233.0000 2206.9553 3.5824 35.0160
2235.0000 2208.9216 3.5805 35.0160
2237.0000 2210.8882 3.5778 35.0156
2239.0000 2212.8542 3.5764 35.0154
2241.0000 2214.8208 3.5743 35.0150
2243.0000 2216.7871 3.5718 35.0148
2245.0000 2218.7532 3.5702 35.0148
2247.0000 2220.7195 3.5707 35.0150
2249.0000 2222.6858 3.5708 35.0150
2251.0000 2224.6521 3.5709 35.0151
2253.0000 2226.6182 3.5673 35.0147
2255.0000 2228.5842 3.5614 35.0141
2257.0000 2230.5505 3.5542 35.0135
2259.0000 2232.5164 3.5504 35.0130
2261.0000 2234.4827 3.5429 35.0123
2263.0000 2236.4487 3.5372 35.0121
2265.0000 2238.4146 3.5337 35.0120
2267.0000 2240.3809 3.5334 35.0120
2269.0000 2242.3472 3.5344 35.0122
2271.0000 2244.3132 3.5335 35.0123
2273.0000 2246.2791 3.5238 35.0111
2275.0000 2248.2449 3.5167 35.0107
2277.0000 2250.2112 3.5133 35.0102
2279.0000 2252.1770 3.5070 35.0095
2281.0000 2254.1426 3.5046 35.0092
2283.0000 2256.1089 3.5012 35.0088
2285.0000 2258.0747 3.4985 35.0085
2287.0000 2260.0405 3.4987 35.0086
2289.0000 2262.0066 3.4987 35.0086
2291.0000 2263.9724 3.4980 35.0086
2293.0000 2265.9380 3.4950 35.0083
2295.0000 2267.9041 3.4922 35.0080
2297.0000 2269.8699 3.4915 35.0080
2299.0000 2271.8357 3.4898 35.0078
2301.0000 2273.8013 3.4863 35.0077
2303.0000 2275.7673 3.4839 35.0072
2305.0000 2277.7329 3.4770 35.0066
2307.0000 2279.6982 3.4739 35.0062
2309.0000 2281.6641 3.4760 35.0065
2311.0000 2283.6299 3.4752 35.0062
2313.0000 2285.5955 3.4686 35.0059
2315.0000 2287.5610 3.4660 35.0057
2317.0000 2289.5266 3.4616 35.0055
2319.0000 2291.4924 3.4603 35.0055
2321.0000 2293.4578 3.4591 35.0053
2323.0000 2295.4236 3.4577 35.0054
2325.0000 2297.3889 3.4574 35.0054
2327.0000 2299.3545 3.4555 35.0052
2329.0000 2301.3201 3.4530 35.0051
2331.0000 2303.2856 3.4512 35.0050
2333.0000 2305.2512 3.4496 35.0050
2335.0000 2307.2166 3.4475 35.0049
2337.0000 2309.1819 3.4457 35.0048
2339.0000 2311.1475 3.4427 35.0044
2341.0000 2313.1128 3.4393 35.0040
2343.0000 2315.0781 3.4372 35.0037
2345.0000 2317.0435 3.4342 35.0035
2347.0000 2319.0088 3.4296 35.0028
2349.0000 2320.9741 3.4238 35.0024
2351.0000 2322.9392 3.4212 35.0021
2353.0000 2324.9048 3.4193 35.0019
2355.0000 2326.8699 3.4168 35.0019
2357.0000 2328.8352 3.4139 35.0016
2359.0000 2330.8003 3.4113 35.0013
2361.0000 2332.7656 3.4076 35.0007
2363.0000 2334.7307 3.4025 35.0003
2365.0000 2336.6960 3.4000 34.9998
2367.0000 2338.6614 3.3940 34.9996
2369.0000 2340.6262 3.3939 34.9996
2371.0000 2342.5913 3.3896 34.9993
2373.0000 2344.5566 3.3863 34.9991
2375.0000 2346.5217 3.3842 34.9989
2377.0000 2348.4868 3.3834 34.9988
2379.0000 2350.4519 3.3795 34.9985
2381.0000 2352.4170 3.3763 34.9983
2383.0000 2354.3818 3.3745 34.9982
2385.0000 2356.3469 3.3709 34.9978
2387.0000 2358.3120 3.3646 34.9975
2389.0000 2360.2769 3.3626 34.9974
2391.0000 2362.2419 3.3576 34.9967
2393.0000 2364.2068 3.3524 34.9964
2395.0000 2366.1719 3.3507 34.9963
2397.0000 2368.1365 3.3493 34.9964
2399.0000 2370.1016 3.3484 34.9964
2401.0000 2372.0664 3.3460 34.9961
2403.0000 2374.0310 3.3437 34.9960
2405.0000 2375.9958 3.3431 34.9958
2407.0000 2377.9607 3.3424 34.9959
2409.0000 2379.9255 3.3415 34.9957
2411.0000 2381.8901 3.3368 34.9955
2413.0000 2383.8550 3.3348 34.9955
2415.0000 2385.8198 3.3335 34.9952
2417.0000 2387.7844 3.3325 34.9952
2419.0000 2389.7495 3.3296 34.9949
2421.0000 2391.7141 3.3254 34.9944
2423.0000 2393.6787 3.3187 34.9941
2425.0000 2395.6433 3.3162 34.9938
2427.0000 2397.6079 3.3141 34.9937
2429.0000 2399.5728 3.3114 34.9936
2431.0000 2401.5371 3.3076 34.9935
2433.0000 2403.5017 3.3058 34.9931
2435.0000 2405.4663 3.3045 34.9929
2437.0000 2407.4309 3.3025 34.9929
2439.0000 2409.3953 3.2998 34.9928
2441.0000 2411.3596 3.2954 34.9923
2443.0000 2413.3245 3.2946 34.9922
2445.0000 2415.2886 3.2913 34.9918
2447.0000 2417.2529 3.2867 34.9915
2449.0000 2419.2178 3.2856 34.9913
2451.0000 2421.1819 3.2812 34.9910
2453.0000 2423.1462 3.2789 34.9907
2455.0000 2425.1108 3.2730 34.9903
2457.0000 2427.0754 3.2699 34.9900
2459.0000 2429.0393 3.2664 34.9895
2461.0000 2431.0039 3.2655 34.9895
2463.0000 2432.9683 3.2631 34.9894
2465.0000 2434.9324 3.2609 34.9890
2467.0000 2436.8965 3.2591 34.9890
2469.0000 2438.8611 3.2567 34.9886
2471.0000 2440.8252 3.2518 34.9881
2473.0000 2442.7893 3.2479 34.9878
2475.0000 2444.7534 3.2466 34.9876
2477.0000 2446.7178 3.2394 34.9869
2479.0000 2448.6816 3.2355 34.9866
2481.0000 2450.6460 3.2342 34.9865
2483.0000 2452.6104 3.2332 34.9864
2485.0000 2454.5745 3.2334 34.9863
2487.0000 2456.5383 3.2273 34.9858
2489.0000 2458.5024 3.2242 34.9854
2491.0000 2460.4666 3.2226 34.9853
2493.0000 2462.4304 3.2186 34.9850
2495.0000 2464.3945 3.2173 34.9848
2497.0000 2466.3584 3.2161 34.9847
2499.0000 2468.3225 3.2153 34.9846
2501.0000 2470.2864 3.2149 34.9845
2503.0000 2472.2505 3.2112 34.9839
2505.0000 2474.2146 3.2040 34.9831
2507.0000 2476.1782 3.2028 34.9829
2509.0000 2478.1421 3.2002 34.9828
2511.0000 2480.1060 3.1985 34.9828
2513.0000 2482.0701 3.1979 34.9827
2515.0000 2484.0337 3.1941 34.9823
2517.0000 2485.9973 3.1925 34.9822
2519.0000 2487.9612 3.1893 34.9818
2521.0000 2489.9250 3.1841 34.9811
2523.0000 2491.8889 3.1807 34.9806
2525.0000 2493.8525 3.1785 34.9803
2527.0000 2495.8162 3.1761 34.9802
2529.0000 2497.7800 3.1745 34.9800
2531.0000 2499.7437 3.1701 34.9795
2533.0000 2501.7075 3.1646 34.9787
2535.0000 2503.6711 3.1638 34.9790
2537.0000 2505.6348 3.1626 34.9791
2539.0000 2507.5984 3.1616 34.9790
2541.0000 2509.5618 3.1604 34.9789
2543.0000 2511.5254 3.1562 34.9783
2545.0000 2513.4890 3.1517 34.9779
2547.0000 2515.4526 3.1507 34.9777
2549.0000 2517.4163 3.1473 34.9774
2551.0000 2519.3799 3.1438 34.9770
2553.0000 2521.3433 3.1419 34.9768
2555.0000 2523.3066 3.1415 34.9769
2557.0000 2525.2700 3.1402 34.9767
2559.0000 2527.2334 3.1360 34.9762
2561.0000 2529.1970 3.1313 34.9756
2563.0000 2531.1604 3.1276 34.9754
2565.0000 2533.1238 3.1245 34.9751
2567.0000 2535.0872 3.1217 34.9749
2569.0000 2537.0503 3.1201 34.9747
2571.0000 2539.0137 3.1144 34.9740
2573.0000 2540.9771 3.1088 34.9736
2575.0000 2542.9407 3.1079 34.9734
2577.0000 2544.9036 3.1037 34.9731
2579.0000 2546.8669 3.1017 34.9729
2581.0000 2548.8303 3.1002 34.9728
2583.0000 2550.7932 3.0998 34.9728
2585.0000 2552.7568 3.0986 34.9726
2587.0000 2554.7200 3.0929 34.9721
2589.0000 2556.6829 3.0904 34.9719
2591.0000 2558.6460 3.0886 34.9716
2593.0000 2560.6094 3.0833 34.9713
2595.0000 2562.5725 3.0822 34.9713
2597.0000 2564.5356 3.0816 34.9714
2599.0000 2566.4985 3.0801 34.9712
2601.0000 2568.4619 3.0785 34.9711
2603.0000 2570.4246 3.0758 34.9708
2605.0000 2572.3875 3.0762 34.9708
2607.0000 2574.3508 3.0696 34.9700
2609.0000 2576.3140 3.0678 34.9700
2611.0000 2578.2766 3.0648 34.9694
2613.0000 2580.2395 3.0613 34.9690
2615.0000 2582.2029 3.0556 34.9685
2617.0000 2584.1655 3.0542 34.9684
2619.0000 2586.1284 3.0524 34.9682
2621.0000 2588.0913 3.0476 34.9679
2623.0000 2590.0542 3.0425 34.9673
2625.0000 2592.0171 3.0389 34.9671
2627.0000 2593.9800 3.0343 34.9667
2629.0000 2595.9429 3.0332 34.9666
2631.0000 2597.9055 3.0321 34.9665
2633.0000 2599.8682 3.0307 34.9663
2635.0000 2601.8313 3.0286 34.9661
2637.0000 2603.7939 3.0241 34.9656
2639.0000 2605.7566 3.0207 34.9654
2641.0000 2607.7190 3.0191 34.9652
2643.0000 2609.6821 3.0181 34.9651
2645.0000 2611.6445 3.0177 34.9651
2647.0000 2613.6074 3.0166 34.9650
2649.0000 2615.5698 3.0139 34.9647
2651.0000 2617.5327 3.0128 34.9645
2653.0000 2619.4951 3.0111 34.9643
2655.0000 2621.4578 3.0080 34.9641
2657.0000 2623.4204 3.0072 34.9639
2659.0000 2625.3828 3.0064 34.9639
2661.0000 2627.3455 3.0040 34.9636
2663.0000 2629.3079 3.0012 34.9633
2665.0000 2631.2703 2.9978 34.9630
2667.0000 2633.2329 2.9932 34.9626
2669.0000 2635.1953 2.9890 34.9623
2671.0000 2637.1577 2.9877 34.9622
2673.0000 2639.1201 2.9870 34.9621
2675.0000 2641.0825 2.9865 34.9621
2677.0000 2643.0452 2.9856 34.9621
2679.0000 2645.0073 2.9844 34.9620
2681.0000 2646.9697 2.9833 34.9618
2683.0000 2648.9321 2.9820 34.9617
2685.0000 2650.8945 2.9790 34.9614
2687.0000 2652.8564 2.9767 34.9612
2689.0000 2654.8191 2.9737 34.9608
2691.0000 2656.7812 2.9732 34.9608
2693.0000 2658.7432 2.9713 34.9607
2695.0000 2660.7056 2.9696 34.9603
2697.0000 2662.6680 2.9653 34.9599
2699.0000 2664.6304 2.9632 34.9597
2701.0000 2666.5923 2.9620 34.9596
2703.0000 2668.5544 2.9606 34.9596
2705.0000 2670.5166 2.9582 34.9593
2707.0000 2672.4785 2.9530 34.9588
2709.0000 2674.4407 2.9478 34.9583
2711.0000 2676.4031 2.9465 34.9581
2713.0000 2678.3647 2.9458 34.9581
2715.0000 2680.3269 2.9448 34.9580
2717.0000 2682.2893 2.9430 34.9578
2719.0000 2684.2512 2.9422 34.9576
2721.0000 2686.2129 2.9405 34.9575
2723.0000 2688.1748 2.9389 34.9575
2725.0000 2690.1372 2.9366 34.9571
2727.0000 2692.0989 2.9339 34.9569
2729.0000 2694.0608 2.9305 34.9566
2731.0000 2696.0229 2.9306 34.9566
2733.0000 2697.9849 2.9290 34.9563
2735.0000 2699.9463 2.9259 34.9561
2737.0000 2701.9084 2.9258 34.9558
2739.0000 2703.8704 2.9233 34.9558
2741.0000 2705.8318 2.9223 34.9558
2743.0000 2707.7939 2.9205 34.9557
2745.0000 2709.7556 2.9202 34.9556
2747.0000 2711.7175 2.9188 34.9554
2749.0000 2713.6792 2.9130 34.9547
2751.0000 2715.6409 2.9104 34.9544
2753.0000 2717.6025 2.9070 34.9539
2755.0000 2719.5642 2.9005 34.9534
2757.0000 2721.5259 2.8984 34.9533
2759.0000 2723.4875 2.8963 34.9531
2761.0000 2725.4495 2.8942 34.9530
2763.0000 2727.4109 2.8935 34.9529
2765.0000 2729.3723 2.8906 34.9527
2767.0000 2731.3342 2.8899 34.9527
2769.0000 2733.2957 2.8893 34.9526
2771.0000 2735.2571 2.8885 34.9525
2773.0000 2737.2188 2.8867 34.9523
2775.0000 2739.1802 2.8861 34.9522
2777.0000 2741.1416 2.8837 34.9520
2779.0000 2743.1033 2.8835 34.9520
2781.0000 2745.0647 2.8832 34.9519
2783.0000 2747.0259 2.8825 34.9520
2785.0000 2748.9875 2.8820 34.9518
2787.0000 2750.9490 2.8778 34.9513
2789.0000 2752.9104 2.8727 34.9509
2791.0000 2754.8716 2.8694 34.9506
2793.0000 2756.8330 2.8670 34.9505
2795.0000 2758.7944 2.8648 34.9503
2797.0000 2760.7556 2.8620 34.9500
2799.0000 2762.7168 2.8598 34.9498
2801.0000 2764.6785 2.8577 34.9497
2803.0000 2766.6394 2.8560 34.9497
2805.0000 2768.6008 2.8553 34.9495
2807.0000 2770.5620 2.8540 34.9494
2809.0000 2772.5234 2.8531 34.9493
2811.0000 2774.4844 2.8522 34.9492
2813.0000 2776.4456 2.8513 34.9492
2815.0000 2778.4067 2.8503 34.9491
2817.0000 2780.3679 2.8490 34.9489
2819.0000 2782.3289 2.8478 34.9488
2821.0000 2784.2903 2.8464 34.9487
2823.0000 2786.2512 2.8450 34.9486
2825.0000 2788.2122 2.8445 34.9485
2827.0000 2790.1733 2.8430 34.9483
2829.0000 2792.1343 2.8409 34.9481
2831.0000 2794.0955 2.8376 34.9478
2833.0000 2796.0564 2.8360 34.9476
2835.0000 2798.0173 2.8346 34.9474
2837.0000 2799.9785 2.8310 34.9471
2839.0000 2801.9392 2.8285 34.9469
2841.0000 2803.9004 2.8257 34.9467
2843.0000 2805.8613 2.8240 34.9465
2845.0000 2807.8220 2.8223 34.9463
2847.0000 2809.7830 2.8197 34.9460
2849.0000 2811.7437 2.8158 34.9455
2851.0000 2813.7046 2.8135 34.9454
2853.0000 2815.6653 2.8127 34.9452
2855.0000 2817.6265 2.8121 34.9453
2857.0000 2819.5872 2.8114 34.9452
2859.0000 2821.5476 2.8104 34.9451
2861.0000 2823.5088 2.8097 34.9451
2863.0000 2825.4692 2.8078 34.9448
2865.0000 2827.4299 2.8037 34.9443
2867.0000 2829.3906 2.8024 34.9443
2869.0000 2831.3516 2.8021 34.9443
2871.0000 2833.3123 2.8021 34.9442
2873.0000 2835.2727 2.8015 34.9441
2875.0000 2837.2334 2.7996 34.9439
2877.0000 2839.1941 2.7981 34.9439
2879.0000 2841.1543 2.7961 34.9436
2881.0000 2843.1150 2.7925 34.9432
2883.0000 2845.0757 2.7912 34.9430
2885.0000 2847.0361 2.7885 34.9428
2887.0000 2848.9968 2.7874 34.9427
2889.0000 2850.9573 2.7866 34.9426
2891.0000 2852.9180 2.7852 34.9425
2893.0000 2854.8779 2.7843 34.9423
2895.0000 2856.8384 2.7830 34.9422
2897.0000 2858.7991 2.7826 34.9422
2899.0000 2860.7595 2.7818 34.9421
2901.0000 2862.7197 2.7800 34.9419
2903.0000 2864.6802 2.7796 34.9418
2905.0000 2866.6406 2.7766 34.9415
2907.0000 2868.6008 2.7759 34.9416
2909.0000 2870.5613 2.7753 34.9413
2911.0000 2872.5217 2.7730 34.9412
2913.0000 2874.4819 2.7711 34.9409
2915.0000 2876.4421 2.7700 34.9408
2917.0000 2878.4026 2.7703 34.9408
2919.0000 2880.3625 2.7679 34.9406
2921.0000 2882.3228 2.7656 34.9404
2923.0000 2884.2832 2.7632 34.9402
2925.0000 2886.2437 2.7626 34.9401
2927.0000 2888.2034 2.7619 34.9400
2929.0000 2890.1636 2.7606 34.9400
2931.0000 2892.1235 2.7601 34.9399
2933.0000 2894.0842 2.7582 34.9396
2935.0000 2896.0439 2.7554 34.9394
2937.0000 2898.0042 2.7547 34.9394
2939.0000 2899.9641 2.7540 34.9393
2941.0000 2901.9241 2.7512 34.9389
2943.0000 2903.8840 2.7495 34.9388
2945.0000 2905.8442 2.7489 34.9387
2947.0000 2907.8042 2.7477 34.9386
2949.0000 2909.7642 2.7464 34.9384
2951.0000 2911.7239 2.7444 34.9384
2953.0000 2913.6843 2.7440 34.9383
2955.0000 2915.6438 2.7439 34.9382
2957.0000 2917.6038 2.7429 34.9379
2959.0000 2919.5637 2.7374 34.9376
2961.0000 2921.5237 2.7368 34.9376
2963.0000 2923.4834 2.7357 34.9375
2965.0000 2925.4434 2.7348 34.9373
2967.0000 2927.4031 2.7328 34.9371
2969.0000 2929.3628 2.7308 34.9369
2971.0000 2931.3225 2.7299 34.9369
2973.0000 2933.2825 2.7295 34.9368
2975.0000 2935.2419 2.7291 34.9369
2977.0000 2937.2019 2.7286 34.9368
2979.0000 2939.1614 2.7279 34.9367
2981.0000 2941.1213 2.7275 34.9366
2983.0000 2943.0806 2.7267 34.9365
2985.0000 2945.0405 2.7263 34.9364
2987.0000 2947.0002 2.7255 34.9365
2989.0000 2948.9597 2.7249 34.9363
2991.0000 2950.9194 2.7239 34.9361
2993.0000 2952.8789 2.7218 34.9359
2995.0000 2954.8389 2.7208 34.9359
2997.0000 2956.7979 2.7200 34.9358
2999.0000 2958.7578 2.7192 34.9357
3001.0000 2960.7173 2.7189 34.9356
3003.0000 2962.6765 2.7182 34.9356
3005.0000 2964.6360 2.7180 34.9355
3007.0000 2966.5957 2.7178 34.9355
3009.0000 2968.5552 2.7171 34.9354
3011.0000 2970.5144 2.7152 34.9352
3013.0000 2972.4741 2.7151 34.9353
3015.0000 2974.4333 2.7139 34.9351
3017.0000 2976.3926 2.7135 34.9350
3019.0000 2978.3518 2.7134 34.9350
3021.0000 2980.3115 2.7131 34.9348
3023.0000 2982.2710 2.7103 34.9345
3025.0000 2984.2297 2.7095 34.9345
3027.0000 2986.1892 2.7085 34.9344
3029.0000 2988.1484 2.7070 34.9343
3031.0000 2990.1077 2.7064 34.9343
3033.0000 2992.0669 2.7052 34.9341
3035.0000 2994.0261 2.7043 34.9341
3037.0000 2995.9854 2.7033 34.9340
3039.0000 2997.9443 2.7027 34.9339
3041.0000 2999.9038 2.7010 34.9338
3043.0000 3001.8628 2.7000 34.9336
3045.0000 3003.8220 2.6989 34.9335
3047.0000 3005.7812 2.6988 34.9336
3049.0000 3007.7402 2.6978 34.9334
3051.0000 3009.6990 2.6976 34.9334
3053.0000 3011.6582 2.6966 34.9333
3055.0000 3013.6172 2.6960 34.9332
3057.0000 3015.5764 2.6947 34.9332
3059.0000 3017.5352 2.6928 34.9329
3061.0000 3019.4944 2.6906 34.9327
3063.0000 3021.4534 2.6890 34.9325
3065.0000 3023.4121 2.6859 34.9321
3067.0000 3025.3711 2.6839 34.9319
3069.0000 3027.3301 2.6826 34.9318
3071.0000 3029.2893 2.6809 34.9316
3073.0000 3031.2478 2.6797 34.9315
3075.0000 3033.2068 2.6790 34.9314
3077.0000 3035.1658 2.6780 34.9313
3079.0000 3037.1243 2.6769 34.9311
3081.0000 3039.0833 2.6746 34.9309
3083.0000 3041.0422 2.6739 34.9308
3085.0000 3043.0007 2.6730 34.9308
3087.0000 3044.9595 2.6720 34.9307
3089.0000 3046.9182 2.6708 34.9305
3091.0000 3048.8772 2.6703 34.9304
3093.0000 3050.8357 2.6703 34.9304
3095.0000 3052.7942 2.6696 34.9303
3097.0000 3054.7529 2.6678 34.9301
3099.0000 3056.7119 2.6666 34.9300
3101.0000 3058.6702 2.6655 34.9299
3103.0000 3060.6289 2.6640 34.9298
3105.0000 3062.5876 2.6630 34.9297
3107.0000 3064.5459 2.6612 34.9296
3109.0000 3066.5046 2.6619 34.9298
3111.0000 3068.4634 2.6600 34.9296
3113.0000 3070.4214 2.6590 34.9296
3115.0000 3072.3804 2.6588 34.9295
3117.0000 3074.3386 2.6577 34.9294
3119.0000 3076.2971 2.6554 34.9291
3121.0000 3078.2556 2.6563 34.9291
3123.0000 3080.2139 2.6527 34.9290
3125.0000 3082.1724 2.6522 34.9289
3127.0000 3084.1309 2.6501 34.9286
3129.0000 3086.0891 2.6467 34.9282
3131.0000 3088.0476 2.6436 34.9280
3133.0000 3090.0061 2.6415 34.9279
3135.0000 3091.9641 2.6413 34.9279
3137.0000 3093.9226 2.6409 34.9279
3139.0000 3095.8809 2.6409 34.9279
3141.0000 3097.8394 2.6407 34.9278
3143.0000 3099.7974 2.6402 34.9277
3145.0000 3101.7559 2.6394 34.9277
3147.0000 3103.7141 2.6382 34.9275
3149.0000 3105.6721 2.6371 34.9274
3151.0000 3107.6304 2.6359 34.9272
3153.0000 3109.5889 2.6345 34.9272
3155.0000 3111.5464 2.6332 34.9269
3157.0000 3113.5049 2.6316 34.9268
3159.0000 3115.4629 2.6305 34.9266
3161.0000 3117.4209 2.6300 34.9266
3163.0000 3119.3792 2.6289 34.9265
3165.0000 3121.3372 2.6285 34.9264
3167.0000 3123.2952 2.6273 34.9263
3169.0000 3125.2529 2.6269 34.9263
3171.0000 3127.2112 2.6258 34.9262
3173.0000 3129.1694 2.6246 34.9260
3175.0000 3131.1270 2.6235 34.9260
3177.0000 3133.0852 2.6217 34.9256
3179.0000 3135.0432 2.6200 34.9255
3181.0000 3137.0010 2.6189 34.9254
3183.0000 3138.9587 2.6179 34.9253
3185.0000 3140.9170 2.6157 34.9252
3187.0000 3142.8750 2.6156 34.9250
3189.0000 3144.8323 2.6132 34.9247
3191.0000 3146.7903 2.6120 34.9247
3193.0000 3148.7483 2.6102 34.9243
3195.0000 3150.7061 2.6080 34.9241
3197.0000 3152.6638 2.6075 34.9241
3199.0000 3154.6216 2.6074 34.9241
3201.0000 3156.5796 2.6063 34.9240
3203.0000 3158.5369 2.6042 34.9236
3205.0000 3160.4949 2.6031 34.9236
3207.0000 3162.4526 2.6029 34.9235
3209.0000 3164.4106 2.6018 34.9234
3211.0000 3166.3677 2.6013 34.9233
3213.0000 3168.3254 2.6008 34.9232
3215.0000 3170.2832 2.5990 34.9232
3217.0000 3172.2407 2.5993 34.9234
3219.0000 3174.1982 2.5995 34.9234
3221.0000 3176.1560 2.5990 34.9233
3223.0000 3178.1138 2.5978 34.9232
3225.0000 3180.0710 2.5964 34.9232
3227.0000 3182.0283 2.5957 34.9231
3229.0000 3183.9861 2.5944 34.9229
3231.0000 3185.9436 2.5936 34.9228
3233.0000 3187.9011 2.5936 34.9227
3235.0000 3189.8584 2.5931 34.9226
3237.0000 3191.8157 2.5926 34.9226
3239.0000 3193.7732 2.5923 34.9226
3241.0000 3195.7307 2.5917 34.9225
3243.0000 3197.6880 2.5906 34.9224
3245.0000 3199.6453 2.5895 34.9221
3247.0000 3201.6028 2.5883 34.9221
3249.0000 3203.5603 2.5874 34.9219
3251.0000 3205.5171 2.5861 34.9217
3253.0000 3207.4746 2.5852 34.9217
3255.0000 3209.4321 2.5851 34.9218
3257.0000 3211.3894 2.5848 34.9216
3259.0000 3213.3464 2.5833 34.9214
3261.0000 3215.3035 2.5818 34.9213
3263.0000 3217.2610 2.5805 34.9212
3265.0000 3219.2178 2.5798 34.9211
3267.0000 3221.1753 2.5792 34.9212
3269.0000 3223.1326 2.5762 34.9208
3271.0000 3225.0896 2.5749 34.9207
3273.0000 3227.0464 2.5736 34.9206
3275.0000 3229.0039 2.5744 34.9206
3277.0000 3230.9609 2.5731 34.9203
3279.0000 3232.9180 2.5707 34.9201
3281.0000 3234.8750 2.5706 34.9203
3283.0000 3236.8320 2.5708 34.9203
3285.0000 3238.7891 2.5707 34.9202
3287.0000 3240.7458 2.5702 34.9201
3289.0000 3242.7031 2.5689 34.9201
3291.0000 3244.6599 2.5661 34.9196
3293.0000 3246.6167 2.5670 34.9196
3295.0000 3248.5737 2.5645 34.9195
3297.0000 3250.5308 2.5639 34.9195
3299.0000 3252.4875 2.5636 34.9194
3301.0000 3254.4443 2.5632 34.9194
3303.0000 3256.4014 2.5631 34.9193
3305.0000 3258.3584 2.5635 34.9192
3307.0000 3260.3149 2.5621 34.9193
3309.0000 3262.2720 2.5619 34.9193
3311.0000 3264.2288 2.5615 34.9193
3313.0000 3266.1853 2.5603 34.9190
3315.0000 3268.1418 2.5589 34.9188
3317.0000 3270.0989 2.5581 34.9188
3319.0000 3272.0557 2.5564 34.9185
3321.0000 3274.0122 2.5556 34.9185
3323.0000 3275.9690 2.5543 34.9183
3325.0000 3277.9255 2.5522 34.9181
3327.0000 3279.8821 2.5499 34.9178
3329.0000 3281.8389 2.5479 34.9176
3331.0000 3283.7957 2.5474 34.9175
3333.0000 3285.7522 2.5470 34.9174
3335.0000 3287.7087 2.5466 34.9174
3337.0000 3289.6650 2.5466 34.9174
3339.0000 3291.6218 2.5455 34.9172
3341.0000 3293.5781 2.5438 34.9170
3343.0000 3295.5347 2.5418 34.9168
3345.0000 3297.4915 2.5418 34.9169
3347.0000 3299.4480 2.5417 34.9168
3349.0000 3301.4043 2.5410 34.9167
3351.0000 3303.3606 2.5403 34.9167
3353.0000 3305.3171 2.5401 34.9166
3355.0000 3307.2732 2.5395 34.9165
3357.0000 3309.2297 2.5389 34.9164
3359.0000 3311.1863 2.5386 34.9164
3361.0000 3313.1428 2.5367 34.9163
3363.0000 3315.0989 2.5353 34.9160
3365.0000 3317.0554 2.5343 34.9159
3367.0000 3319.0115 2.5333 34.9157
3369.0000 3320.9675 2.5313 34.9155
3371.0000 3322.9241 2.5313 34.9155
3373.0000 3324.8804 2.5309 34.9154
3375.0000 3326.8364 2.5300 34.9152
3377.0000 3328.7927 2.5295 34.9152
3379.0000 3330.7490 2.5273 34.9149
3381.0000 3332.7053 2.5254 34.9147
3383.0000 3334.6611 2.5249 34.9149
3385.0000 3336.6174 2.5235 34.9146
3387.0000 3338.5735 2.5221 34.9143
3389.0000 3340.5293 2.5211 34.9142
3391.0000 3342.4856 2.5205 34.9142
3393.0000 3344.4417 2.5199 34.9142
3395.0000 3346.3979 2.5200 34.9141
3397.0000 3348.3540 2.5201 34.9142
3399.0000 3350.3098 2.5199 34.9141
3401.0000 3352.2661 2.5198 34.9140
3403.0000 3354.2217 2.5199 34.9140
3405.0000 3356.1775 2.5198 34.9140
3407.0000 3358.1338 2.5189 34.9138
3409.0000 3360.0896 2.5176 34.9137
3411.0000 3362.0452 2.5162 34.9135
3413.0000 3364.0015 2.5160 34.9135
3415.0000 3365.9575 2.5155 34.9134
3417.0000 3367.9128 2.5143 34.9133
3419.0000 3369.8691 2.5130 34.9130
3421.0000 3371.8252 2.5113 34.9128
3423.0000 3373.7810 2.5105 34.9128
3425.0000 3375.7366 2.5101 34.9127
3427.0000 3377.6924 2.5092 34.9125
3429.0000 3379.6479 2.5089 34.9125
3431.0000 3381.6033 2.5082 34.9125
3433.0000 3383.5593 2.5070 34.9124
3435.0000 3385.5151 2.5066 34.9122
3437.0000 3387.4707 2.5052 34.9121
3439.0000 3389.4265 2.5049 34.9120
3441.0000 3391.3821 2.5042 34.9120
3443.0000 3393.3379 2.5036 34.9119
3445.0000 3395.2935 2.5033 34.9119
3447.0000 3397.2488 2.5032 34.9118
3449.0000 3399.2046 2.5025 34.9117
3451.0000 3401.1602 2.5019 34.9115
3453.0000 3403.1157 2.5013 34.9116
3455.0000 3405.0715 2.5008 34.9115
3457.0000 3407.0271 2.5001 34.9115
3459.0000 3408.9822 2.4992 34.9112
3461.0000 3410.9380 2.4985 34.9112
3463.0000 3412.8933 2.4982 34.9111
3465.0000 3414.8486 2.4981 34.9110
3467.0000 3416.8040 2.4977 34.9110
3469.0000 3418.7595 2.4970 34.9110
3471.0000 3420.7148 2.4957 34.9108
3473.0000 3422.6699 2.4951 34.9107
3475.0000 3424.6255 2.4946 34.9106
3477.0000 3426.5808 2.4938 34.9106
3479.0000 3428.5361 2.4927 34.9104
3481.0000 3430.4915 2.4918 34.9103
3483.0000 3432.4470 2.4914 34.9104
3485.0000 3434.4021 2.4914 34.9103
3487.0000 3436.3572 2.4911 34.9102
3489.0000 3438.3125 2.4909 34.9101
3491.0000 3440.2676 2.4909 34.9101
3493.0000 3442.2227 2.4903 34.9100
3495.0000 3444.1782 2.4894 34.9100
3497.0000 3446.1333 2.4884 34.9098
3499.0000 3448.0884 2.4880 34.9098
3501.0000 3450.0432 2.4885 34.9097
3503.0000 3451.9988 2.4869 34.9097
3505.0000 3453.9539 2.4864 34.9096
3507.0000 3455.9084 2.4856 34.9095
3509.0000 3457.8640 2.4849 34.9094
3511.0000 3459.8191 2.4838 34.9092
3513.0000 3461.7737 2.4822 34.9090
3515.0000 3463.7288 2.4818 34.9090
3517.0000 3465.6838 2.4818 34.9090
3519.0000 3467.6387 2.4819 34.9089
3521.0000 3469.5940 2.4807 34.9089
3523.0000 3471.5488 2.4797 34.9087
3525.0000 3473.5034 2.4795 34.9088
3527.0000 3475.4583 2.4782 34.9085
3529.0000 3477.4133 2.4776 34.9084
3531.0000 3479.3684 2.4772 34.9085
3533.0000 3481.3232 2.4771 34.9085
3535.0000 3483.2781 2.4765 34.9083
3537.0000 3485.2327 2.4761 34.9082
3539.0000 3487.1877 2.4761 34.9083
3541.0000 3489.1423 2.4754 34.9082
3543.0000 3491.0969 2.4752 34.9081
3545.0000 3493.0520 2.4748 34.9081
3547.0000 3495.0071 2.4739 34.9079
3549.0000 3496.9612 2.4736 34.9079
3551.0000 3498.9163 2.4735 34.9079
3553.0000 3500.8708 2.4737 34.9079
3555.0000 3502.8252 2.4733 34.9078
3557.0000 3504.7803 2.4732 34.9079
3559.0000 3506.7349 2.4729 34.9077
3561.0000 3508.6892 2.4719 34.9076
3563.0000 3510.6438 2.4715 34.9075
3565.0000 3512.5984 2.4708 34.9074
3567.0000 3514.5530 2.4706 34.9075
3569.0000 3516.5073 2.4703 34.9074
3571.0000 3518.4619 2.4699 34.9073
3573.0000 3520.4165 2.4690 34.9072
3575.0000 3522.3708 2.4685 34.9071
3577.0000 3524.3254 2.4686 34.9072
3579.0000 3526.2800 2.4682 34.9071
3581.0000 3528.2341 2.4677 34.9070
3583.0000 3530.1885 2.4669 34.9069
3585.0000 3532.1431 2.4662 34.9069
3587.0000 3534.0977 2.4661 34.9068
3589.0000 3536.0520 2.4657 34.9068
3591.0000 3538.0061 2.4653 34.9068
3593.0000 3539.9607 2.4648 34.9066
3595.0000 3541.9150 2.4645 34.9065
3597.0000 3543.8691 2.4639 34.9065
3599.0000 3545.8235 2.4634 34.9065
3601.0000 3547.7776 2.4626 34.9064
3603.0000 3549.7319 2.4617 34.9062
3605.0000 3551.6860 2.4607 34.9061
3607.0000 3553.6401 2.4604 34.9062
3609.0000 3555.5945 2.4600 34.9060
3611.0000 3557.5486 2.4596 34.9060
3613.0000 3559.5029 2.4589 34.9059
3615.0000 3561.4570 2.4586 34.9059
3617.0000 3563.4109 2.4577 34.9057
3619.0000 3565.3652 2.4568 34.9056
3621.0000 3567.3193 2.4558 34.9055
3623.0000 3569.2734 2.4550 34.9054
3625.0000 3571.2273 2.4549 34.9054
3627.0000 3573.1816 2.4549 34.9055
3629.0000 3575.1353 2.4549 34.9054
3631.0000 3577.0896 2.4547 34.9053
3633.0000 3579.0435 2.4541 34.9053
3635.0000 3580.9976 2.4536 34.9053
3637.0000 3582.9514 2.4531 34.9052
3639.0000 3584.9053 2.4532 34.9052
3641.0000 3586.8594 2.4532 34.9052
3643.0000 3588.8132 2.4529 34.9052
3645.0000 3590.7666 2.4521 34.9050
3647.0000 3592.7207 2.4519 34.9051
3649.0000 3594.6750 2.4512 34.9050
3651.0000 3596.6284 2.4509 34.9049
3653.0000 3598.5823 2.4497 34.9047
3655.0000 3600.5359 2.4488 34.9047
3657.0000 3602.4902 2.4483 34.9047
3659.0000 3604.4436 2.4478 34.9045
3661.0000 3606.3975 2.4468 34.9044
3663.0000 3608.3511 2.4459 34.9042
3665.0000 3610.3044 2.4450 34.9042
3667.0000 3612.2583 2.4446 34.9041
3669.0000 3614.2122 2.4446 34.9042
3671.0000 3616.1658 2.4448 34.9042
3673.0000 3618.1194 2.4449 34.9041
3675.0000 3620.0730 2.4451 34.9041
3677.0000 3622.0269 2.4445 34.9041
3679.0000 3623.9802 2.4433 34.9039
3681.0000 3625.9336 2.4422 34.9037
3683.0000 3627.8875 2.4406 34.9036
3685.0000 3629.8408 2.4387 34.9033
3687.0000 3631.7942 2.4386 34.9033
3689.0000 3633.7476 2.4383 34.9033
3691.0000 3635.7017 2.4375 34.9031
3693.0000 3637.6548 2.4365 34.9030
3695.0000 3639.6082 2.4364 34.9030
3697.0000 3641.5618 2.4359 34.9030
3699.0000 3643.5149 2.4351 34.9029
3701.0000 3645.4683 2.4339 34.9027
3703.0000 3647.4221 2.4335 34.9027
3705.0000 3649.3755 2.4329 34.9026
3707.0000 3651.3284 2.4324 34.9025
3709.0000 3653.2817 2.4320 34.9025
3711.0000 3655.2351 2.4316 34.9025
3713.0000 3657.1880 2.4309 34.9023
3715.0000 3659.1418 2.4300 34.9021
3717.0000 3661.0952 2.4296 34.9020
3719.0000 3663.0481 2.4292 34.9020
3721.0000 3665.0012 2.4293 34.9020
3723.0000 3666.9546 2.4287 34.9020
3725.0000 3668.9080 2.4287 34.9020
3727.0000 3670.8608 2.4285 34.9019
3729.0000 3672.8142 2.4287 34.9019
3731.0000 3674.7671 2.4288 34.9020
3733.0000 3676.7205 2.4285 34.9019
3735.0000 3678.6736 2.4283 34.9019
3737.0000 3680.6265 2.4281 34.9018
3739.0000 3682.5798 2.4272 34.9017
3741.0000 3684.5325 2.4268 34.9016
3743.0000 3686.4854 2.4264 34.9016
3745.0000 3688.4387 2.4264 34.9015
3747.0000 3690.3921 2.4259 34.9015
3749.0000 3692.3447 2.4243 34.9013
3751.0000 3694.2976 2.4239 34.9012
3753.0000 3696.2505 2.4234 34.9012
3755.0000 3698.2036 2.4231 34.9012
3757.0000 3700.1565 2.4227 34.9011
3759.0000 3702.1094 2.4223 34.9010
3761.0000 3704.0620 2.4217 34.9010
3763.0000 3706.0149 2.4214 34.9009
3765.0000 3707.9678 2.4209 34.9008
3767.0000 3709.9209 2.4202 34.9007
3769.0000 3711.8733 2.4189 34.9006
3771.0000 3713.8259 2.4178 34.9004
3773.0000 3715.7793 2.4174 34.9004
3775.0000 3717.7314 2.4171 34.9003
3777.0000 3719.6843 2.4171 34.9003
3779.0000 3721.6370 2.4171 34.9003
3781.0000 3723.5901 2.4170 34.9002
3783.0000 3725.5425 2.4167 34.9001
3785.0000 3727.4954 2.4167 34.9002
3787.0000 3729.4478 2.4168 34.9002
3789.0000 3731.4004 2.4166 34.9000
3791.0000 3733.3530 2.4156 34.9000
3793.0000 3735.3059 2.4151 34.8999
3795.0000 3737.2583 2.4147 34.8998
3797.0000 3739.2109 2.4145 34.8997
3799.0000 3741.1636 2.4145 34.8997
3801.0000 3743.1160 2.4140 34.8996
3803.0000 3745.0681 2.4127 34.8995
3805.0000 3747.0210 2.4125 34.8995
3807.0000 3748.9736 2.4120 34.8995
3809.0000 3750.9260 2.4109 34.8993
3811.0000 3752.8779 2.4100 34.8992
3813.0000 3754.8308 2.4092 34.8991
3815.0000 3756.7832 2.4088 34.8990
3817.0000 3758.7351 2.4084 34.8990
3819.0000 3760.6875 2.4076 34.8990
3821.0000 3762.6406 2.4074 34.8989
3823.0000 3764.5923 2.4074 34.8988
3825.0000 3766.5447 2.4074 34.8988
3827.0000 3768.4973 2.4068 34.8986
3829.0000 3770.4497 2.4063 34.8987
3831.0000 3772.4016 2.4065 34.8988
3833.0000 3774.3538 2.4062 34.8986
3835.0000 3776.3062 2.4061 34.8987
3837.0000 3778.2583 2.4060 34.8985
3839.0000 3780.2104 2.4052 34.8985
3841.0000 3782.1628 2.4052 34.8985
3843.0000 3784.1150 2.4046 34.8983
3845.0000 3786.0669 2.4043 34.8983
3847.0000 3788.0188 2.4038 34.8983
3849.0000 3789.9714 2.4038 34.8983
3851.0000 3791.9231 2.4036 34.8981
3853.0000 3793.8752 2.4034 34.8981
3855.0000 3795.8276 2.4032 34.8982
3857.0000 3797.7798 2.4032 34.8981
3859.0000 3799.7317 2.4031 34.8980
3861.0000 3801.6836 2.4027 34.8978
3863.0000 3803.6357 2.4019 34.8978
3865.0000 3805.5874 2.4014 34.8978
3867.0000 3807.5396 2.4009 34.8978
3869.0000 3809.4917 2.3999 34.8975
3871.0000 3811.4434 2.3991 34.8975
3873.0000 3813.3950 2.3994 34.8975
3875.0000 3815.3472 2.3989 34.8974
3877.0000 3817.2993 2.3981 34.8972
3879.0000 3819.2507 2.3976 34.8972
3881.0000 3821.2026 2.3973 34.8972
3883.0000 3823.1545 2.3964 34.8971
3885.0000 3825.1064 2.3956 34.8970
3887.0000 3827.0583 2.3949 34.8968
3889.0000 3829.0100 2.3944 34.8968
3891.0000 3830.9617 2.3945 34.8967
3893.0000 3832.9133 2.3949 34.8969
3895.0000 3834.8650 2.3952 34.8968
3897.0000 3836.8167 2.3954 34.8969
3899.0000 3838.7686 2.3954 34.8968
3901.0000 3840.7202 2.3955 34.8967
3903.0000 3842.6719 2.3954 34.8968
3905.0000 3844.6235 2.3952 34.8967
3907.0000 3846.5747 2.3945 34.8966
3909.0000 3848.5264 2.3938 34.8965
3911.0000 3850.4785 2.3939 34.8966
3913.0000 3852.4294 2.3935 34.8965
3915.0000 3854.3816 2.3932 34.8964
3917.0000 3856.3328 2.3926 34.8962
3919.0000 3858.2844 2.3925 34.8962
3921.0000 3860.2358 2.3922 34.8962
3923.0000 3862.1875 2.3918 34.8961
3925.0000 3864.1387 2.3918 34.8962
3927.0000 3866.0901 2.3919 34.8961
3929.0000 3868.0417 2.3916 34.8961
3931.0000 3869.9929 2.3918 34.8960
3933.0000 3871.9446 2.3919 34.8960
3935.0000 3873.8955 2.3920 34.8961
3937.0000 3875.8472 2.3922 34.8960
3939.0000 3877.7986 2.3921 34.8960
3941.0000 3879.7495 2.3921 34.8959
3943.0000 3881.7012 2.3918 34.8959
3945.0000 3883.6523 2.3914 34.8958
3947.0000 3885.6038 2.3902 34.8956
3949.0000 3887.5549 2.3899 34.8956
3951.0000 3889.5061 2.3898 34.8956
3953.0000 3891.4575 2.3897 34.8956
3955.0000 3893.4084 2.3891 34.8955
3957.0000 3895.3596 2.3886 34.8954
3959.0000 3897.3108 2.3886 34.8954
3961.0000 3899.2617 2.3878 34.8953
3963.0000 3901.2134 2.3872 34.8953
3965.0000 3903.1643 2.3872 34.8953
3967.0000 3905.1155 2.3870 34.8951
3969.0000 3907.0664 2.3860 34.8951
3971.0000 3909.0173 2.3865 34.8950
3973.0000 3910.9690 2.3860 34.8949
3975.0000 3912.9194 2.3846 34.8949
3977.0000 3914.8704 2.3843 34.8948
3979.0000 3916.8215 2.3836 34.8947
3981.0000 3918.7727 2.3834 34.8947
3983.0000 3920.7236 2.3834 34.8946
3985.0000 3922.6746 2.3837 34.8946
3987.0000 3924.6255 2.3837 34.8946
3989.0000 3926.5762 2.3832 34.8946
3991.0000 3928.5271 2.3828 34.8946
3993.0000 3930.4783 2.3826 34.8945
3995.0000 3932.4292 2.3825 34.8945
3997.0000 3934.3796 2.3819 34.8944
3999.0000 3936.3306 2.3812 34.8942
4001.0000 3938.2812 2.3805 34.8941
4003.0000 3940.2322 2.3802 34.8941
4005.0000 3942.1826 2.3796 34.8941
4007.0000 3944.1340 2.3794 34.8940
4009.0000 3946.0845 2.3793 34.8940
4011.0000 3948.0352 2.3789 34.8940
4013.0000 3949.9856 2.3792 34.8940
4015.0000 3951.9365 2.3793 34.8939
4017.0000 3953.8870 2.3794 34.8939
4019.0000 3955.8379 2.3795 34.8940
4021.0000 3957.7886 2.3798 34.8940
4023.0000 3959.7388 2.3798 34.8940
4025.0000 3961.6895 2.3799 34.8939
4027.0000 3963.6404 2.3801 34.8939
4029.0000 3965.5913 2.3799 34.8939
4031.0000 3967.5413 2.3793 34.8938
4033.0000 3969.4922 2.3787 34.8937
4035.0000 3971.4426 2.3785 34.8937
4037.0000 3973.3926 2.3787 34.8938
4039.0000 3975.3435 2.3788 34.8936
4041.0000 3977.2939 2.3788 34.8936
4043.0000 3979.2446 2.3783 34.8936
4045.0000 3981.1943 2.3777 34.8935
4047.0000 3983.1453 2.3770 34.8934
4049.0000 3985.0957 2.3773 34.8934
4051.0000 3987.0461 2.3770 34.8934
4053.0000 3988.9961 2.3765 34.8932
4055.0000 3990.9468 2.3761 34.8932
4057.0000 3992.8970 2.3757 34.8932
4059.0000 3994.8474 2.3755 34.8932
4061.0000 3996.7974 2.3748 34.8931
4063.0000 3998.7483 2.3745 34.8930
4065.0000 4000.6978 2.3743 34.8930
4067.0000 4002.6482 2.3742 34.8929
4069.0000 4004.5986 2.3741 34.8929
4071.0000 4006.5491 2.3742 34.8928
4073.0000 4008.4988 2.3734 34.8928
4075.0000 4010.4492 2.3728 34.8927
4077.0000 4012.3992 2.3727 34.8925
4079.0000 4014.3496 2.3726 34.8926
4081.0000 4016.2996 2.3724 34.8926
4083.0000 4018.2500 2.3721 34.8926
4085.0000 4020.1997 2.3718 34.8926
4087.0000 4022.1497 2.3720 34.8924
4089.0000 4024.0996 2.3722 34.8925
4091.0000 4026.0500 2.3722 34.8924
4093.0000 4027.9998 2.3718 34.8925
4095.0000 4029.9502 2.3718 34.8924
4097.0000 4031.8997 2.3716 34.8924
4099.0000 4033.8499 2.3707 34.8922
4101.0000 4035.7998 2.3713 34.8921
4103.0000 4037.7498 2.3705 34.8921
4105.0000 4039.6997 2.3701 34.8921
4107.0000 4041.6494 2.3695 34.8920
4109.0000 4043.5994 2.3689 34.8920
4111.0000 4045.5493 2.3687 34.8919
4113.0000 4047.4985 2.3687 34.8919
4115.0000 4049.4490 2.3684 34.8918
4117.0000 4051.3987 2.3687 34.8918
4119.0000 4053.3486 2.3689 34.8918
4121.0000 4055.2979 2.3689 34.8917
4123.0000 4057.2483 2.3690 34.8918
4125.0000 4059.1978 2.3693 34.8918
4127.0000 4061.1475 2.3693 34.8919
4129.0000 4063.0974 2.3693 34.8918
4131.0000 4065.0471 2.3696 34.8918
4133.0000 4066.9971 2.3699 34.8918
4135.0000 4068.9463 2.3700 34.8918
4137.0000 4070.8958 2.3700 34.8917
4139.0000 4072.8455 2.3699 34.8917
4141.0000 4074.7949 2.3700 34.8917
4143.0000 4076.7446 2.3700 34.8917
4145.0000 4078.6941 2.3698 34.8916
4147.0000 4080.6433 2.3694 34.8915
4149.0000 4082.5935 2.3693 34.8915
4151.0000 4084.5430 2.3692 34.8914
4153.0000 4086.4927 2.3688 34.8914
4155.0000 4088.4417 2.3688 34.8914
4157.0000 4090.3914 2.3688 34.8913
4159.0000 4092.3408 2.3685 34.8913
4161.0000 4094.2898 2.3682 34.8912
4163.0000 4096.2397 2.3678 34.8912
4165.0000 4098.1895 2.3675 34.8912
4167.0000 4100.1387 2.3673 34.8911
4169.0000 4102.0879 2.3666 34.8910
4171.0000 4104.0366 2.3663 34.8909
4173.0000 4105.9863 2.3660 34.8909
4175.0000 4107.9351 2.3657 34.8908
4177.0000 4109.8848 2.3653 34.8908
4179.0000 4111.8345 2.3651 34.8907
4181.0000 4113.7837 2.3646 34.8906
4183.0000 4115.7329 2.3638 34.8906
4185.0000 4117.6821 2.3637 34.8905
4187.0000 4119.6313 2.3635 34.8905
4189.0000 4121.5801 2.3633 34.8905
4191.0000 4123.5293 2.3634 34.8903
4193.0000 4125.4790 2.3628 34.8904
4195.0000 4127.4282 2.3630 34.8903
4197.0000 4129.3770 2.3630 34.8903
4199.0000 4131.3262 2.3629 34.8903
4201.0000 4133.2754 2.3628 34.8902
4203.0000 4135.2246 2.3626 34.8902
4205.0000 4137.1733 2.3626 34.8902
4207.0000 4139.1226 2.3625 34.8902
4209.0000 4141.0718 2.3625 34.8901
4211.0000 4143.0205 2.3623 34.8901
4213.0000 4144.9697 2.3620 34.8900
4215.0000 4146.9185 2.3620 34.8900
4217.0000 4148.8672 2.3622 34.8901
4219.0000 4150.8164 2.3623 34.8900
4221.0000 4152.7651 2.3624 34.8899
4223.0000 4154.7139 2.3624 34.8899
4225.0000 4156.6631 2.3625 34.8899
4227.0000 4158.6118 2.3623 34.8899
4229.0000 4160.5610 2.3623 34.8899
4231.0000 4162.5093 2.3624 34.8898
4233.0000 4164.4585 2.3624 34.8898
4235.0000 4166.4072 2.3623 34.8898
4237.0000 4168.3560 2.3621 34.8897
4239.0000 4170.3047 2.3618 34.8897
4241.0000 4172.2534 2.3610 34.8896
4243.0000 4174.2026 2.3609 34.8895
4245.0000 4176.1509 2.3606 34.8896
4247.0000 4178.0996 2.3598 34.8894
4249.0000 4180.0483 2.3593 34.8893
4251.0000 4181.9971 2.3602 34.8892
4253.0000 4183.9453 2.3588 34.8893
4255.0000 4185.8940 2.3589 34.8893
4257.0000 4187.8433 2.3589 34.8893
4259.0000 4189.7915 2.3591 34.8892
4261.0000 4191.7402 2.3591 34.8891
4263.0000 4193.6890 2.3592 34.8893
4265.0000 4195.6367 2.3595 34.8891
4267.0000 4197.5859 2.3596 34.8891
4269.0000 4199.5347 2.3597 34.8891
4271.0000 4201.4829 2.3597 34.8892
4273.0000 4203.4312 2.3594 34.8890
4275.0000 4205.3799 2.3594 34.8890
4277.0000 4207.3281 2.3596 34.8890
4279.0000 4209.2764 2.3598 34.8891
4281.0000 4211.2251 2.3602 34.8891
4283.0000 4213.1733 2.3603 34.8890
4285.0000 4215.1216 2.3604 34.8890
4287.0000 4217.0698 2.3607 34.8890
4289.0000 4219.0186 2.3609 34.8891
4291.0000 4220.9668 2.3611 34.8890
4293.0000 4222.9150 2.3611 34.8891
4295.0000 4224.8628 2.3614 34.8890
4297.0000 4226.8115 2.3616 34.8890
4299.0000 4228.7598 2.3617 34.8889
4301.0000 4230.7080 2.3616 34.8889
4303.0000 4232.6562 2.3616 34.8889
4305.0000 4234.6045 2.3616 34.8889
4307.0000 4236.5527 2.3619 34.8889
4309.0000 4238.5010 2.3618 34.8889
4311.0000 4240.4492 2.3619 34.8888
4313.0000 4242.3970 2.3618 34.8888
4315.0000 4244.3452 2.3615 34.8888
4317.0000 4246.2935 2.3613 34.8888
4319.0000 4248.2417 2.3611 34.8887
4321.0000 4250.1895 2.3610 34.8886
4323.0000 4252.1377 2.3609 34.8886
4325.0000 4254.0859 2.3608 34.8886
4327.0000 4256.0332 2.3605 34.8885
4329.0000 4257.9819 2.3606 34.8885
4331.0000 4259.9297 2.3606 34.8885
4333.0000 4261.8779 2.3606 34.8885
4335.0000 4263.8252 2.3608 34.8884
4337.0000 4265.7734 2.3601 34.8884
4339.0000 4267.7217 2.3597 34.8883
4341.0000 4269.6689 2.3598 34.8884
4343.0000 4271.6172 2.3595 34.8882
4345.0000 4273.5649 2.3595 34.8881
4347.0000 4275.5127 2.3592 34.8881
4349.0000 4277.4604 2.3591 34.8881
4351.0000 4279.4087 2.3593 34.8881
4353.0000 4281.3564 2.3593 34.8881
4355.0000 4283.3042 2.3589 34.8880
4357.0000 4285.2515 2.3590 34.8880
4359.0000 4287.1997 2.3588 34.8880
4361.0000 4289.1475 2.3586 34.8879
4363.0000 4291.0947 2.3584 34.8878
4365.0000 4293.0430 2.3584 34.8879
4367.0000 4294.9907 2.3585 34.8879
4369.0000 4296.9385 2.3588 34.8879
4371.0000 4298.8853 2.3588 34.8879
4373.0000 4300.8335 2.3589 34.8878
4375.0000 4302.7808 2.3588 34.8877
4377.0000 4304.7285 2.3589 34.8877
4379.0000 4306.6763 2.3589 34.8877
4381.0000 4308.6235 2.3591 34.8877
4383.0000 4310.5713 2.3594 34.8877
4385.0000 4312.5190 2.3594 34.8876
4387.0000 4314.4668 2.3595 34.8875
4389.0000 4316.4136 2.3598 34.8878
4391.0000 4318.3613 2.3593 34.8876
4393.0000 4320.3091 2.3590 34.8875
4395.0000 4322.2563 2.3592 34.8875
4397.0000 4324.2031 2.3595 34.8875
4399.0000 4326.1509 2.3596 34.8875
4401.0000 4328.0986 2.3596 34.8875
4403.0000 4330.0459 2.3597 34.8875
4405.0000 4331.9927 2.3600 34.8875
4407.0000 4333.9404 2.3599 34.8875
4409.0000 4335.8877 2.3599 34.8875
4411.0000 4337.8354 2.3602 34.8875
4413.0000 4339.7827 2.3604 34.8874
4415.0000 4341.7300 2.3601 34.8873
4417.0000 4343.6768 2.3599 34.8873
4419.0000 4345.6240 2.3597 34.8873
4421.0000 4347.5713 2.3599 34.8873
4423.0000 4349.5186 2.3598 34.8873
4425.0000 4351.4658 2.3597 34.8872
4427.0000 4353.4131 2.3599 34.8873
4429.0000 4355.3604 2.3597 34.8871
4431.0000 4357.3071 2.3596 34.8871
4433.0000 4359.2549 2.3596 34.8870
4435.0000 4361.2012 2.3598 34.8871
4437.0000 4363.1484 2.3600 34.8872
4439.0000 4365.0957 2.3600 34.8871
4441.0000 4367.0430 2.3597 34.8870
4443.0000 4368.9902 2.3598 34.8870
4445.0000 4370.9365 2.3597 34.8869
4447.0000 4372.8838 2.3600 34.8869
4449.0000 4374.8311 2.3602 34.8869
4451.0000 4376.7773 2.3602 34.8869
4453.0000 4378.7246 2.3605 34.8868
4455.0000 4380.6714 2.3607 34.8869
4457.0000 4382.6182 2.3608 34.8869
4459.0000 4384.5649 2.3609 34.8868
4461.0000 4386.5122 2.3611 34.8868
4463.0000 4388.4590 2.3612 34.8869
4465.0000 4390.4058 2.3614 34.8869
4467.0000 4392.3525 2.3617 34.8868
4469.0000 4394.2993 2.3619 34.8869
4471.0000 4396.2466 2.3620 34.8868
4473.0000 4398.1934 2.3623 34.8868
4475.0000 4400.1396 2.3623 34.8868
4477.0000 4402.0869 2.3623 34.8867
4479.0000 4404.0332 2.3624 34.8868
4481.0000 4405.9800 2.3626 34.8867
4483.0000 4407.9268 2.3627 34.8868
4485.0000 4409.8730 2.3630 34.8868
4487.0000 4411.8203 2.3631 34.8867
4489.0000 4413.7671 2.3632 34.8867
4491.0000 4415.7134 2.3633 34.8867
4493.0000 4417.6597 2.3634 34.8866
4495.0000 4419.6064 2.3636 34.8866
4497.0000 4421.5532 2.3635 34.8866
4499.0000 4423.4995 2.3634 34.8866
4501.0000 4425.4463 2.3634 34.8865
4503.0000 4427.3931 2.3635 34.8865
4505.0000 4429.3394 2.3635 34.8865
4507.0000 4431.2856 2.3635 34.8864
4509.0000 4433.2319 2.3636 34.8865
4511.0000 4435.1787 2.3639 34.8865
4513.0000 4437.1250 2.3641 34.8864
4515.0000 4439.0718 2.3641 34.8864
4517.0000 4441.0181 2.3642 34.8864
4519.0000 4442.9648 2.3641 34.8864
4521.0000 4444.9102 2.3641 34.8863
4523.0000 4446.8569 2.3642 34.8862
4525.0000 4448.8037 2.3643 34.8863
4527.0000 4450.7495 2.3645 34.8863
4529.0000 4452.6963 2.3647 34.8863
4531.0000 4454.6426 2.3648 34.8863
4533.0000 4456.5889 2.3649 34.8863
4535.0000 4458.5347 2.3649 34.8862
4537.0000 4460.4810 2.3644 34.8861
4539.0000 4462.4272 2.3644 34.8860
4541.0000 4464.3730 2.3644 34.8861
4543.0000 4466.3198 2.3647 34.8860
4545.0000 4468.2661 2.3648 34.8860
4547.0000 4470.2119 2.3648 34.8860
4549.0000 4472.1582 2.3651 34.8860
4551.0000 4474.1045 2.3654 34.8861
4553.0000 4476.0508 2.3656 34.8860
4555.0000 4477.9966 2.3658 34.8859
4557.0000 4479.9424 2.3660 34.8860
4559.0000 4481.8882 2.3661 34.8859
4561.0000 4483.8340 2.3664 34.8860
4563.0000 4485.7803 2.3667 34.8860
4565.0000 4487.7266 2.3668 34.8861
4567.0000 4489.6729 2.3670 34.8860
4569.0000 4491.6187 2.3674 34.8860
4571.0000 4493.5645 2.3677 34.8860
4573.0000 4495.5107 2.3680 34.8860
4575.0000 4497.4565 2.3681 34.8857
4577.0000 4499.4023 2.3682 34.8859
4579.0000 4501.3486 2.3685 34.8860
4581.0000 4503.2939 2.3688 34.8860
4583.0000 4505.2397 2.3691 34.8861
4585.0000 4507.1855 2.3691 34.8860
4587.0000 4509.1313 2.3693 34.8859
4589.0000 4511.0771 2.3698 34.8860
4591.0000 4513.0229 2.3701 34.8860
4593.0000 4514.9688 2.3702 34.8860
4595.0000 4516.9146 2.3705 34.8858
4597.0000 4518.8604 2.3704 34.8858
4599.0000 4520.8062 2.3707 34.8860
4601.0000 4522.7520 2.3708 34.8859
4603.0000 4524.6973 2.3708 34.8860
4605.0000 4526.6431 2.3711 34.8859
4607.0000 4528.5889 2.3714 34.8859
4609.0000 4530.5347 2.3716 34.8860
4611.0000 4532.4805 2.3716 34.8859
4613.0000 4534.4258 2.3717 34.8859
4615.0000 4536.3711 2.3720 34.8859
4617.0000 4538.3164 2.3721 34.8858
4619.0000 4540.2622 2.3722 34.8858
4621.0000 4542.2075 2.3724 34.8858
4623.0000 4544.1528 2.3726 34.8858
4625.0000 4546.0986 2.3728 34.8857
4627.0000 4548.0444 2.3730 34.8858
4629.0000 4549.9897 2.3732 34.8858
4631.0000 4551.9351 2.3735 34.8858
4633.0000 4553.8804 2.3737 34.8857
4635.0000 4555.8262 2.3740 34.8858
4637.0000 4557.7710 2.3743 34.8858
4639.0000 4559.7168 2.3744 34.8859
4641.0000 4561.6626 2.3746 34.8858
4643.0000 4563.6079 2.3749 34.8858
4645.0000 4565.5527 2.3751 34.8858
4647.0000 4567.4980 2.3754 34.8858
4649.0000 4569.4434 2.3756 34.8857
4651.0000 4571.3887 2.3757 34.8858
4653.0000 4573.3340 2.3759 34.8858
4655.0000 4575.2793 2.3762 34.8858
4657.0000 4577.2246 2.3764 34.8857
4659.0000 4579.1699 2.3766 34.8858
4661.0000 4581.1152 2.3769 34.8857
4663.0000 4583.0601 2.3773 34.8857
4665.0000 4585.0049 2.3775 34.8858
4667.0000 4586.9502 2.3776 34.8858
4669.0000 4588.8955 2.3777 34.8857
4671.0000 4590.8403 2.3778 34.8857
4673.0000 4592.7856 2.3783 34.8857
4675.0000 4594.7310 2.3786 34.8857
4677.0000 4596.6763 2.3787 34.8857
4679.0000 4598.6206 2.3790 34.8858
4681.0000 4600.5659 2.3792 34.8857
4683.0000 4602.5112 2.3794 34.8856
4685.0000 4604.4556 2.3796 34.8856
4687.0000 4606.4004 2.3799 34.8857
4689.0000 4608.3457 2.3800 34.8857
4691.0000 4610.2910 2.3802 34.8857
4693.0000 4612.2354 2.3804 34.8857
4695.0000 4614.1807 2.3806 34.8856
4697.0000 4616.1255 2.3809 34.8856
4699.0000 4618.0698 2.3812 34.8857
4701.0000 4620.0151 2.3814 34.8857
4703.0000 4621.9600 2.3817 34.8857
4705.0000 4623.9048 2.3819 34.8857
4707.0000 4625.8496 2.3819 34.8856
4709.0000 4627.7944 2.3820 34.8856
4711.0000 4629.7393 2.3823 34.8856
4713.0000 4631.6836 2.3826 34.8857
4715.0000 4633.6284 2.3829 34.8857
4717.0000 4635.5732 2.3831 34.8857
4719.0000 4637.5186 2.3832 34.8857
4721.0000 4639.4629 2.3835 34.8855
4723.0000 4641.4077 2.3836 34.8856
4725.0000 4643.3525 2.3841 34.8857
4727.0000 4645.2964 2.3844 34.8857
4729.0000 4647.2417 2.3845 34.8857
4731.0000 4649.1860 2.3846 34.8856
4733.0000 4651.1309 2.3848 34.8856
4735.0000 4653.0752 2.3851 34.8856
4737.0000 4655.0195 2.3853 34.8857
4739.0000 4656.9644 2.3857 34.8857
4741.0000 4658.9082 2.3859 34.8856
4743.0000 4660.8530 2.3861 34.8856
4745.0000 4662.7974 2.3863 34.8857
4747.0000 4664.7417 2.3864 34.8857
4749.0000 4666.6860 2.3865 34.8856
4751.0000 4668.6309 2.3867 34.8855
4753.0000 4670.5757 2.3873 34.8856
4755.0000 4672.5200 2.3875 34.8856
4757.0000 4674.4644 2.3877 34.8856
4759.0000 4676.4092 2.3877 34.8856
4761.0000 4678.3525 2.3879 34.8856
4763.0000 4680.2974 2.3881 34.8855
4765.0000 4682.2417 2.3884 34.8856
4767.0000 4684.1860 2.3886 34.8855
4769.0000 4686.1299 2.3889 34.8855
4771.0000 4688.0742 2.3891 34.8855
4773.0000 4690.0186 2.3894 34.8855
4775.0000 4691.9624 2.3895 34.8855
4777.0000 4693.9072 2.3896 34.8855
4779.0000 4695.8516 2.3899 34.8855
4781.0000 4697.7959 2.3902 34.8856
4783.0000 4699.7397 2.3905 34.8856
4785.0000 4701.6841 2.3906 34.8856
4787.0000 4703.6279 2.3908 34.8855
4789.0000 4705.5718 2.3912 34.8856
4791.0000 4707.5161 2.3915 34.8855
4793.0000 4709.4600 2.3917 34.8854
4795.0000 4711.4043 2.3918 34.8855
4797.0000 4713.3486 2.3920 34.8856
4799.0000 4715.2930 2.3924 34.8855
4801.0000 4717.2363 2.3927 34.8856
4803.0000 4719.1802 2.3929 34.8855
4805.0000 4721.1245 2.3929 34.8854
4807.0000 4723.0684 2.3930 34.8855
4809.0000 4725.0122 2.3934 34.8855
4811.0000 4726.9561 2.3937 34.8855
4813.0000 4728.8999 2.3938 34.8855
4815.0000 4730.8447 2.3941 34.8854
4817.0000 4732.7881 2.3943 34.8854
4819.0000 4734.7319 2.3943 34.8853
4821.0000 4736.6758 2.3946 34.8853
4823.0000 4738.6196 2.3948 34.8855
4825.0000 4740.5630 2.3950 34.8855
4827.0000 4742.5068 2.3952 34.8855
4829.0000 4744.4517 2.3952 34.8854
4831.0000 4746.3945 2.3955 34.8853
4833.0000 4748.3384 2.3959 34.8854
4835.0000 4750.2822 2.3962 34.8854
4837.0000 4752.2256 2.3964 34.8854
4839.0000 4754.1694 2.3965 34.8855
4841.0000 4756.1133 2.3967 34.8854
4843.0000 4758.0576 2.3968 34.8854
4845.0000 4760.0005 2.3970 34.8854
4847.0000 4761.9443 2.3973 34.8853
4849.0000 4763.8882 2.3976 34.8854
4851.0000 4765.8311 2.3980 34.8854
4853.0000 4767.7749 2.3982 34.8854
4855.0000 4769.7183 2.3984 34.8853
4857.0000 4771.6626 2.3985 34.8854
4859.0000 4773.6060 2.3987 34.8853
4861.0000 4775.5493 2.3990 34.8853
4863.0000 4777.4927 2.3993 34.8854
4865.0000 4779.4355 2.3997 34.8854
4867.0000 4781.3794 2.3999 34.8854
4869.0000 4783.3232 2.4001 34.8853
4871.0000 4785.2661 2.4004 34.8855
4873.0000 4787.2095 2.4006 34.8854
4875.0000 4789.1533 2.4008 34.8853
4877.0000 4791.0967 2.4009 34.8854
4879.0000 4793.0400 2.4012 34.8854
4881.0000 4794.9834 2.4015 34.8853
4883.0000 4796.9268 2.4019 34.8854
4885.0000 4798.8696 2.4021 34.8854
4887.0000 4800.8130 2.4023 34.8853
4889.0000 4802.7563 2.4024 34.8853
4891.0000 4804.7002 2.4029 34.8853
4893.0000 4806.6431 2.4031 34.8854
4895.0000 4808.5864 2.4034 34.8854
4897.0000 4810.5298 2.4037 34.8853
4899.0000 4812.4722 2.4037 34.8854
4901.0000 4814.4160 2.4039 34.8853
4903.0000 4816.3589 2.4042 34.8854
4905.0000 4818.3022 2.4046 34.8855
4907.0000 4820.2451 2.4048 34.8854
4909.0000 4822.1880 2.4051 34.8855
4911.0000 4824.1318 2.4054 34.8854
4913.0000 4826.0747 2.4056 34.8853
4915.0000 4828.0176 2.4056 34.8853
4917.0000 4829.9609 2.4058 34.8854
4919.0000 4831.9038 2.4062 34.8854
4921.0000 4833.8467 2.4064 34.8854
4923.0000 4835.7896 2.4066 34.8853
4925.0000 4837.7324 2.4066 34.8854
4927.0000 4839.6753 2.4069 34.8852
4929.0000 4841.6187 2.4073 34.8853
4931.0000 4843.5615 2.4075 34.8853
4933.0000 4845.5039 2.4077 34.8854
4935.0000 4847.4468 2.4080 34.8853
4937.0000 4849.3896 2.4084 34.8853
4939.0000 4851.3330 2.4085 34.8853
4941.0000 4853.2754 2.4086 34.8852
4943.0000 4855.2183 2.4087 34.8853
4945.0000 4857.1611 2.4090 34.8852
4947.0000 4859.1040 2.4094 34.8853
4949.0000 4861.0469 2.4097 34.8852
4951.0000 4862.9897 2.4098 34.8852
4953.0000 4864.9326 2.4098 34.8852
4955.0000 4866.8750 2.4102 34.8851
4957.0000 4868.8179 2.4104 34.8853
4959.0000 4870.7607 2.4106 34.8853
4961.0000 4872.7031 2.4111 34.8850
4963.0000 4874.6465 2.4113 34.8851
4965.0000 4876.5889 2.4114 34.8851
4967.0000 4878.5317 2.4116 34.8851
4969.0000 4880.4736 2.4119 34.8852
4971.0000 4882.4165 2.4121 34.8851
4973.0000 4884.3594 2.4124 34.8852
4975.0000 4886.3013 2.4128 34.8852
4977.0000 4888.2437 2.4128 34.8852
4979.0000 4890.1870 2.4130 34.8851
4981.0000 4892.1294 2.4132 34.8851
4983.0000 4894.0718 2.4135 34.8852
4985.0000 4896.0142 2.4137 34.8853
4987.0000 4897.9570 2.4140 34.8851
4989.0000 4899.8989 2.4144 34.8851
4991.0000 4901.8413 2.4147 34.8851
4993.0000 4903.7842 2.4149 34.8852
4995.0000 4905.7261 2.4151 34.8852
4997.0000 4907.6689 2.4154 34.8852
4999.0000 4909.6108 2.4156 34.8851
5001.0000 4911.5537 2.4157 34.8852
5003.0000 4913.4956 2.4162 34.8853
5005.0000 4915.4375 2.4163 34.8853
5007.0000 4917.3804 2.4166 34.8850
5009.0000 4919.3228 2.4167 34.8852
5011.0000 4921.2646 2.4173 34.8851
5013.0000 4923.2070 2.4174 34.8850
5015.0000 4925.1494 2.4178 34.8851
5017.0000 4927.0913 2.4180 34.8853
5019.0000 4929.0337 2.4181 34.8852
5021.0000 4930.9761 2.4186 34.8850
5023.0000 4932.9180 2.4186 34.8852
5025.0000 4934.8599 2.4186 34.8852
5027.0000 4936.8022 2.4188 34.8851
5029.0000 4938.7446 2.4191 34.8851
5031.0000 4940.6860 2.4194 34.8851
5033.0000 4942.6284 2.4197 34.8851
5035.0000 4944.5708 2.4199 34.8851
5037.0000 4946.5127 2.4201 34.8851
5039.0000 4948.4546 2.4204 34.8851
5041.0000 4950.3970 2.4207 34.8850
5043.0000 4952.3389 2.4209 34.8850
5045.0000 4954.2803 2.4211 34.8851
5047.0000 4956.2227 2.4214 34.8851
5049.0000 4958.1650 2.4216 34.8851
5051.0000 4960.1060 2.4219 34.8851
5053.0000 4962.0483 2.4222 34.8851
5055.0000 4963.9902 2.4225 34.8850
5057.0000 4965.9321 2.4228 34.8851
5059.0000 4967.8740 2.4230 34.8852
5061.0000 4969.8159 2.4235 34.8851
5063.0000 4971.7578 2.4239 34.8850
5065.0000 4973.6997 2.4241 34.8850
5067.0000 4975.6411 2.4242 34.8850
5069.0000 4977.5830 2.4244 34.8852
5071.0000 4979.5249 2.4247 34.8850
5073.0000 4981.4668 2.4249 34.8851
5075.0000 4983.4082 2.4253 34.8850
5077.0000 4985.3501 2.4255 34.8850
5079.0000 4987.2915 2.4257 34.8851
5081.0000 4989.2329 2.4261 34.8851
5083.0000 4991.1753 2.4264 34.8852
5085.0000 4993.1167 2.4267 34.8850
5087.0000 4995.0576 2.4268 34.8851
5089.0000 4997.0005 2.4271 34.8851
5091.0000 4998.9414 2.4274 34.8851
5093.0000 5000.8828 2.4279 34.8851
5095.0000 5002.8247 2.4283 34.8850
5097.0000 5004.7661 2.4284 34.8850
