CTD cast

DATE:  15-Jan-2016 08:29:00
latitude:  24.4985
longitude:  -25.3573
  P (db)  z (m)    T (^oC)  S (psu)
3.0000 2.9808 22.7715 36.9726
5.0000 4.9680 22.7721 36.9726
7.0000 6.9551 22.7715 36.9727
9.0000 8.9422 22.7719 36.9726
11.0000 10.9293 22.7729 36.9726
13.0000 12.9164 22.7732 36.9727
15.0000 14.9035 22.7712 36.9738
17.0000 16.8906 22.7702 36.9744
19.0000 18.8776 22.7448 36.9872
21.0000 20.8646 22.7433 36.9885
23.0000 22.8516 22.7362 36.9922
25.0000 24.8386 22.7399 36.9909
27.0000 26.8256 22.7428 36.9898
29.0000 28.8125 22.7372 36.9925
31.0000 30.7994 22.7159 37.0030
33.0000 32.7863 22.7257 36.9985
35.0000 34.7732 22.6829 37.0201
37.0000 36.7600 22.6303 37.0384
39.0000 38.7469 22.5901 37.0484
41.0000 40.7337 22.5571 37.0589
43.0000 42.7205 22.5309 37.0685
45.0000 44.7073 22.5082 37.0754
47.0000 46.6941 22.4476 37.0922
49.0000 48.6808 22.4337 37.0963
51.0000 50.6675 22.3594 37.1183
53.0000 52.6542 22.3590 37.1186
55.0000 54.6409 22.3672 37.1162
57.0000 56.6276 22.3539 37.1197
59.0000 58.6142 22.3519 37.1207
61.0000 60.6009 22.3503 37.1203
63.0000 62.5875 22.3435 37.1194
65.0000 64.5741 22.3425 37.1193
67.0000 66.5606 22.3410 37.1187
69.0000 68.5472 22.3364 37.1170
71.0000 70.5337 22.3136 37.1106
73.0000 72.5202 22.2988 37.1077
75.0000 74.5067 22.2968 37.1085
77.0000 76.4932 22.2987 37.1084
79.0000 78.4797 22.2835 37.1045
81.0000 80.4661 22.2639 37.0998
83.0000 82.4525 22.2582 37.0985
85.0000 84.4389 22.2671 37.1005
87.0000 86.4253 22.2454 37.0960
89.0000 88.4117 22.2249 37.0921
91.0000 90.3980 22.2137 37.0923
93.0000 92.3843 22.2197 37.0935
95.0000 94.3706 22.2103 37.0980
97.0000 96.3569 22.2014 37.0985
99.0000 98.3432 22.1988 37.0969
101.0000 100.3294 22.1727 37.0908
103.0000 102.3157 22.1347 37.0834
105.0000 104.3019 22.1332 37.0825
107.0000 106.2880 22.0052 37.0533
109.0000 108.2742 21.6209 36.9804
111.0000 110.2604 21.3744 36.9379
113.0000 112.2465 20.6617 36.8262
115.0000 114.2326 20.4155 36.8029
117.0000 116.2187 20.1083 36.7662
119.0000 118.2048 19.6757 36.7319
121.0000 120.1908 19.3856 36.7484
123.0000 122.1768 19.3591 36.7749
125.0000 124.1629 19.3639 36.8219
127.0000 126.1489 19.2168 36.7883
129.0000 128.1348 19.0754 36.7760
131.0000 130.1208 19.0476 36.7679
133.0000 132.1068 18.8183 36.7371
135.0000 134.0927 18.8048 36.7361
137.0000 136.0786 18.7678 36.7328
139.0000 138.0644 18.7379 36.7322
141.0000 140.0503 18.7088 36.7351
143.0000 142.0361 18.6540 36.7364
145.0000 144.0220 18.5961 36.7358
147.0000 146.0078 18.5858 36.7368
149.0000 147.9935 18.5368 36.7360
151.0000 149.9793 18.4841 36.7361
153.0000 151.9651 18.4478 36.7347
155.0000 153.9508 18.4302 36.7337
157.0000 155.9365 18.4379 36.7341
159.0000 157.9222 18.4124 36.7322
161.0000 159.9079 18.3874 36.7311
163.0000 161.8935 18.3690 36.7281
165.0000 163.8791 18.3555 36.7266
167.0000 165.8647 18.3379 36.7246
169.0000 167.8503 18.3092 36.7216
171.0000 169.8359 18.2762 36.7159
173.0000 171.8215 18.2288 36.7084
175.0000 173.8070 18.2232 36.7119
177.0000 175.7925 18.2234 36.7131
179.0000 177.7780 18.2178 36.7124
181.0000 179.7635 18.1452 36.7000
183.0000 181.7489 18.1632 36.7024
185.0000 183.7344 18.0826 36.6867
187.0000 185.7198 18.0397 36.6794
189.0000 187.7052 18.0399 36.6825
191.0000 189.6906 18.0209 36.6795
193.0000 191.6759 17.9764 36.6721
195.0000 193.6613 17.9679 36.6704
197.0000 195.6466 17.9717 36.6696
199.0000 197.6319 17.9121 36.6590
201.0000 199.6172 17.8870 36.6522
203.0000 201.6025 17.8597 36.6467
205.0000 203.5877 17.8229 36.6372
207.0000 205.5729 17.7723 36.6248
209.0000 207.5582 17.7497 36.6199
211.0000 209.5433 17.6717 36.6032
213.0000 211.5285 17.6615 36.6006
215.0000 213.5136 17.6135 36.5865
217.0000 215.4988 17.5700 36.5768
219.0000 217.4839 17.4934 36.5602
221.0000 219.4690 17.4755 36.5557
223.0000 221.4541 17.4298 36.5460
225.0000 223.4391 17.3815 36.5304
227.0000 225.4241 17.3136 36.5138
229.0000 227.4092 17.3577 36.5278
231.0000 229.3941 17.2908 36.5084
233.0000 231.3791 17.1912 36.4862
235.0000 233.3641 17.1348 36.4731
237.0000 235.3491 17.0886 36.4592
239.0000 237.3340 16.9638 36.4340
241.0000 239.3189 16.8787 36.4152
243.0000 241.3038 16.8283 36.4056
245.0000 243.2886 16.8128 36.4027
247.0000 245.2734 16.7998 36.3994
249.0000 247.2583 16.8090 36.4017
251.0000 249.2431 16.6975 36.3796
253.0000 251.2279 16.6710 36.3745
255.0000 253.2126 16.6278 36.3659
257.0000 255.1974 16.5627 36.3557
259.0000 257.1821 16.6208 36.3658
261.0000 259.1668 16.5457 36.3537
263.0000 261.1515 16.5292 36.3534
265.0000 263.1362 16.5270 36.3529
267.0000 265.1208 16.5464 36.3556
269.0000 267.1055 16.5235 36.3520
271.0000 269.0901 16.5161 36.3534
273.0000 271.0747 16.5216 36.3547
275.0000 273.0593 16.4950 36.3501
277.0000 275.0439 16.4132 36.3342
279.0000 277.0284 16.4259 36.3382
281.0000 279.0129 16.3280 36.3214
283.0000 280.9974 16.3084 36.3177
285.0000 282.9819 16.3032 36.3162
287.0000 284.9663 16.2914 36.3134
289.0000 286.9508 16.2440 36.3032
291.0000 288.9352 16.1855 36.2919
293.0000 290.9196 16.1643 36.2880
295.0000 292.9040 16.1529 36.2857
297.0000 294.8883 16.1450 36.2838
299.0000 296.8727 16.1507 36.2846
301.0000 298.8570 16.0802 36.2702
303.0000 300.8413 16.0596 36.2673
305.0000 302.8256 16.0284 36.2619
307.0000 304.8099 16.0094 36.2575
309.0000 306.7942 15.9231 36.2425
311.0000 308.7784 15.9097 36.2408
313.0000 310.7626 15.8883 36.2373
315.0000 312.7468 15.8708 36.2346
317.0000 314.7310 15.8153 36.2246
319.0000 316.7151 15.7841 36.2186
321.0000 318.6992 15.7334 36.2087
323.0000 320.6834 15.6760 36.1984
325.0000 322.6675 15.6435 36.1950
327.0000 324.6516 15.6519 36.1935
329.0000 326.6356 15.5475 36.1753
331.0000 328.6197 15.4967 36.1667
333.0000 330.6037 15.4664 36.1625
335.0000 332.5877 15.4467 36.1592
337.0000 334.5717 15.4218 36.1548
339.0000 336.5556 15.3851 36.1479
341.0000 338.5396 15.3277 36.1377
343.0000 340.5235 15.3031 36.1344
345.0000 342.5074 15.2918 36.1317
347.0000 344.4913 15.2460 36.1236
349.0000 346.4752 15.2035 36.1155
351.0000 348.4590 15.1450 36.1047
353.0000 350.4428 15.0779 36.0939
355.0000 352.4267 15.0284 36.0855
357.0000 354.4105 14.9952 36.0796
359.0000 356.3942 14.9633 36.0738
361.0000 358.3780 14.8819 36.0578
363.0000 360.3617 14.7918 36.0436
365.0000 362.3454 14.7701 36.0404
367.0000 364.3291 14.7273 36.0331
369.0000 366.3128 14.6886 36.0277
371.0000 368.2965 14.6861 36.0278
373.0000 370.2801 14.6541 36.0206
375.0000 372.2637 14.6158 36.0149
377.0000 374.2473 14.5909 36.0109
379.0000 376.2309 14.5622 36.0059
381.0000 378.2145 14.4935 35.9933
383.0000 380.1980 14.4466 35.9864
385.0000 382.1815 14.4228 35.9813
387.0000 384.1650 14.3591 35.9694
389.0000 386.1485 14.2819 35.9565
391.0000 388.1320 14.2607 35.9553
393.0000 390.1155 14.1748 35.9410
395.0000 392.0989 14.1371 35.9345
397.0000 394.0823 14.1094 35.9303
399.0000 396.0657 14.0942 35.9286
401.0000 398.0490 14.0865 35.9275
403.0000 400.0325 14.0850 35.9272
405.0000 402.0157 14.0361 35.9181
407.0000 403.9991 13.9908 35.9102
409.0000 405.9824 13.9361 35.9023
411.0000 407.9656 13.9667 35.9082
413.0000 409.9489 13.8696 35.8906
415.0000 411.9322 13.8355 35.8872
417.0000 413.9154 13.8275 35.8859
419.0000 415.8986 13.8071 35.8821
421.0000 417.8817 13.7720 35.8769
423.0000 419.8649 13.7408 35.8714
425.0000 421.8481 13.7118 35.8686
427.0000 423.8312 13.6985 35.8648
429.0000 425.8143 13.6223 35.8533
431.0000 427.7974 13.5714 35.8452
433.0000 429.7804 13.5257 35.8386
435.0000 431.7635 13.5104 35.8365
437.0000 433.7466 13.5002 35.8358
439.0000 435.7296 13.4786 35.8320
441.0000 437.7125 13.4756 35.8317
443.0000 439.6955 13.4530 35.8278
445.0000 441.6785 13.4215 35.8226
447.0000 443.6614 13.3872 35.8179
449.0000 445.6443 13.3721 35.8158
451.0000 447.6272 13.3619 35.8147
453.0000 449.6101 13.3582 35.8142
455.0000 451.5930 13.3559 35.8140
457.0000 453.5758 13.3522 35.8134
459.0000 455.5586 13.3501 35.8132
461.0000 457.5414 13.3495 35.8130
463.0000 459.5242 13.3430 35.8120
465.0000 461.5070 13.3363 35.8110
467.0000 463.4897 13.3126 35.8056
469.0000 465.4724 13.2303 35.7946
471.0000 467.4552 13.1750 35.7852
473.0000 469.4378 13.1568 35.7861
475.0000 471.4205 13.1241 35.7775
477.0000 473.4031 13.0309 35.7635
479.0000 475.3858 12.9913 35.7579
481.0000 477.3684 12.9579 35.7537
483.0000 479.3510 12.9533 35.7540
485.0000 481.3336 12.9223 35.7489
487.0000 483.3161 12.8896 35.7441
489.0000 485.2987 12.8422 35.7375
491.0000 487.2812 12.8096 35.7330
493.0000 489.2636 12.8376 35.7378
495.0000 491.2462 12.8151 35.7333
497.0000 493.2286 12.7799 35.7298
499.0000 495.2111 12.7718 35.7285
501.0000 497.1934 12.7686 35.7282
503.0000 499.1759 12.7636 35.7274
505.0000 501.1583 12.7490 35.7250
507.0000 503.1406 12.7272 35.7215
509.0000 505.1230 12.7029 35.7178
511.0000 507.1053 12.6704 35.7138
513.0000 509.0876 12.6384 35.7099
515.0000 511.0699 12.5990 35.7036
517.0000 513.0522 12.5633 35.6988
519.0000 515.0344 12.5434 35.6964
521.0000 517.0166 12.5591 35.6985
523.0000 518.9988 12.5238 35.6929
525.0000 520.9811 12.4615 35.6841
527.0000 522.9633 12.4297 35.6800
529.0000 524.9454 12.4471 35.6827
531.0000 526.9276 12.3695 35.6715
533.0000 528.9097 12.3545 35.6694
535.0000 530.8917 12.3381 35.6676
537.0000 532.8738 12.2833 35.6596
539.0000 534.8559 12.2607 35.6557
541.0000 536.8380 12.2456 35.6529
543.0000 538.8199 12.2514 35.6543
545.0000 540.8019 12.2243 35.6483
547.0000 542.7839 12.1720 35.6422
549.0000 544.7659 12.1580 35.6402
551.0000 546.7479 12.1238 35.6349
553.0000 548.7298 12.0865 35.6304
555.0000 550.7117 12.0693 35.6284
557.0000 552.6935 12.0489 35.6256
559.0000 554.6755 12.0284 35.6230
561.0000 556.6573 12.0167 35.6218
563.0000 558.6391 11.9841 35.6169
565.0000 560.6209 11.9509 35.6118
567.0000 562.6028 11.8845 35.6037
569.0000 564.5845 11.8618 35.6013
571.0000 566.5663 11.8585 35.6009
573.0000 568.5480 11.8534 35.6007
575.0000 570.5297 11.8457 35.6004
577.0000 572.5115 11.8371 35.5998
579.0000 574.4931 11.8214 35.5981
581.0000 576.4747 11.8057 35.5969
583.0000 578.4564 11.8053 35.5955
585.0000 580.4380 11.7183 35.5848
587.0000 582.4197 11.6897 35.5812
589.0000 584.4013 11.6755 35.5794
591.0000 586.3828 11.6445 35.5733
593.0000 588.3644 11.5656 35.5649
595.0000 590.3459 11.6247 35.5738
597.0000 592.3273 11.5576 35.5637
599.0000 594.3089 11.5122 35.5577
601.0000 596.2904 11.4698 35.5520
603.0000 598.2719 11.4918 35.5578
605.0000 600.2532 11.4797 35.5531
607.0000 602.2347 11.3902 35.5436
609.0000 604.2161 11.3787 35.5423
611.0000 606.1974 11.3691 35.5406
613.0000 608.1788 11.3266 35.5362
615.0000 610.1602 11.3401 35.5346
617.0000 612.1415 11.2430 35.5246
619.0000 614.1227 11.2259 35.5213
621.0000 616.1041 11.1914 35.5150
623.0000 618.0853 11.1104 35.5056
625.0000 620.0665 11.1355 35.5114
627.0000 622.0478 11.0617 35.4979
629.0000 624.0290 11.0088 35.4919
631.0000 626.0102 10.9885 35.4879
633.0000 627.9913 10.9544 35.4825
635.0000 629.9725 10.9298 35.4791
637.0000 631.9537 10.9133 35.4766
639.0000 633.9348 10.8960 35.4738
641.0000 635.9159 10.8820 35.4720
643.0000 637.8969 10.8560 35.4690
645.0000 639.8779 10.8035 35.4620
647.0000 641.8590 10.7620 35.4564
649.0000 643.8400 10.7204 35.4515
651.0000 645.8210 10.7095 35.4502
653.0000 647.8020 10.6782 35.4459
655.0000 649.7830 10.6716 35.4471
657.0000 651.7639 10.6536 35.4464
659.0000 653.7448 10.6676 35.4474
661.0000 655.7258 10.6745 35.4495
663.0000 657.7067 10.6314 35.4421
665.0000 659.6875 10.5983 35.4398
667.0000 661.6683 10.5841 35.4395
669.0000 663.6492 10.6259 35.4420
671.0000 665.6300 10.5565 35.4347
673.0000 667.6107 10.5247 35.4305
675.0000 669.5916 10.4958 35.4257
677.0000 671.5723 10.4579 35.4223
679.0000 673.5530 10.4384 35.4175
681.0000 675.5338 10.4050 35.4142
683.0000 677.5145 10.3913 35.4126
685.0000 679.4952 10.3917 35.4135
687.0000 681.4758 10.4603 35.4344
689.0000 683.4565 10.4950 35.4449
691.0000 685.4371 10.4835 35.4436
693.0000 687.4176 10.4684 35.4409
695.0000 689.3983 10.4361 35.4377
697.0000 691.3788 10.3939 35.4324
699.0000 693.3594 10.3486 35.4274
701.0000 695.3398 10.3692 35.4295
703.0000 697.3204 10.2879 35.4214
705.0000 699.3009 10.2672 35.4208
707.0000 701.2813 10.2639 35.4228
709.0000 703.2618 10.2439 35.4227
711.0000 705.2423 10.2444 35.4241
713.0000 707.2227 10.2399 35.4207
715.0000 709.2031 10.1715 35.4108
717.0000 711.1834 10.1183 35.4045
719.0000 713.1638 10.1231 35.4052
721.0000 715.1441 10.0856 35.4002
723.0000 717.1245 10.0725 35.3992
725.0000 719.1047 10.0579 35.3964
727.0000 721.0850 10.0408 35.4000
729.0000 723.0652 10.0631 35.4063
731.0000 725.0455 10.0539 35.4051
733.0000 727.0258 10.0423 35.4073
735.0000 729.0059 10.0381 35.4072
737.0000 730.9861 10.0212 35.4055
739.0000 732.9663 10.0188 35.4052
741.0000 734.9465 10.0085 35.4022
743.0000 736.9266 9.9917 35.4003
745.0000 738.9067 9.9248 35.3894
747.0000 740.8868 9.9017 35.3870
749.0000 742.8669 9.8549 35.3788
751.0000 744.8469 9.7822 35.3697
753.0000 746.8270 9.7761 35.3705
755.0000 748.8069 9.7912 35.3705
757.0000 750.7870 9.7171 35.3635
759.0000 752.7670 9.6852 35.3594
761.0000 754.7469 9.6832 35.3603
763.0000 756.7268 9.6334 35.3527
765.0000 758.7068 9.5923 35.3490
767.0000 760.6867 9.5464 35.3422
769.0000 762.6666 9.4851 35.3342
771.0000 764.6464 9.4729 35.3358
773.0000 766.6263 9.4260 35.3275
775.0000 768.6061 9.4077 35.3264
777.0000 770.5859 9.3717 35.3222
779.0000 772.5657 9.3131 35.3143
781.0000 774.5455 9.2903 35.3116
783.0000 776.5251 9.2868 35.3115
785.0000 778.5049 9.2823 35.3108
787.0000 780.4847 9.2643 35.3090
789.0000 782.4644 9.2406 35.3095
791.0000 784.4441 9.2316 35.3082
793.0000 786.4237 9.1944 35.3049
795.0000 788.4034 9.1791 35.3029
797.0000 790.3829 9.1590 35.3001
799.0000 792.3626 9.1124 35.2958
801.0000 794.3422 9.0967 35.2956
803.0000 796.3218 9.0889 35.2945
805.0000 798.3012 9.0748 35.2931
807.0000 800.2808 9.0565 35.2911
809.0000 802.2604 9.0306 35.2873
811.0000 804.2397 9.0030 35.2842
813.0000 806.2193 8.9799 35.2839
815.0000 808.1987 8.9880 35.2819
817.0000 810.1782 8.9288 35.2767
819.0000 812.1575 8.9300 35.2773
821.0000 814.1370 8.9087 35.2746
823.0000 816.1163 8.9001 35.2739
825.0000 818.0957 8.8617 35.2706
827.0000 820.0751 8.8581 35.2718
829.0000 822.0544 8.8461 35.2718
831.0000 824.0337 8.8141 35.2690
833.0000 826.0129 8.8106 35.2691
835.0000 827.9922 8.7806 35.2664
837.0000 829.9714 8.7409 35.2627
839.0000 831.9506 8.7046 35.2584
841.0000 833.9299 8.7039 35.2585
843.0000 835.9091 8.7158 35.2600
845.0000 837.8882 8.6981 35.2578
847.0000 839.8674 8.7705 35.2837
849.0000 841.8466 8.8340 35.2986
851.0000 843.8257 8.8852 35.3142
853.0000 845.8047 8.8851 35.3145
855.0000 847.7838 8.8854 35.3149
857.0000 849.7629 8.8874 35.3183
859.0000 851.7418 8.8941 35.3236
861.0000 853.7210 8.8951 35.3253
863.0000 855.7000 8.8922 35.3231
865.0000 857.6790 8.8907 35.3247
867.0000 859.6578 8.8763 35.3230
869.0000 861.6369 8.8775 35.3267
871.0000 863.6158 8.9028 35.3412
873.0000 865.5946 8.9302 35.3542
875.0000 867.5735 8.9166 35.3547
877.0000 869.5524 8.8732 35.3488
879.0000 871.5313 8.8801 35.3446
881.0000 873.5101 8.7474 35.3252
883.0000 875.4889 8.6061 35.2897
885.0000 877.4678 8.4853 35.2693
887.0000 879.4465 8.5704 35.2918
889.0000 881.4252 8.4479 35.2604
891.0000 883.4041 8.3113 35.2417
893.0000 885.3826 8.2919 35.2411
895.0000 887.3614 8.2398 35.2263
897.0000 889.3401 8.1310 35.2201
899.0000 891.3188 8.1172 35.2182
901.0000 893.2974 8.1172 35.2190
903.0000 895.2760 8.1009 35.2132
905.0000 897.2546 7.9718 35.1939
907.0000 899.2332 8.0407 35.2024
909.0000 901.2117 7.7987 35.1641
911.0000 903.1903 7.7769 35.1584
913.0000 905.1689 7.7744 35.1596
915.0000 907.1474 7.7930 35.1651
917.0000 909.1259 7.8391 35.1818
919.0000 911.1044 7.8980 35.2006
921.0000 913.0828 7.9033 35.2009
923.0000 915.0612 7.9003 35.2006
925.0000 917.0397 7.9038 35.2012
927.0000 919.0181 7.9071 35.2020
929.0000 920.9964 7.9066 35.2016
931.0000 922.9749 7.8754 35.1937
933.0000 924.9532 7.7750 35.1770
935.0000 926.9314 7.7230 35.1715
937.0000 928.9097 7.7105 35.1715
939.0000 930.8881 7.6981 35.1700
941.0000 932.8663 7.6753 35.1658
943.0000 934.8445 7.6521 35.1613
945.0000 936.8228 7.6233 35.1561
947.0000 938.8010 7.6466 35.1611
949.0000 940.7792 7.6302 35.1589
951.0000 942.7574 7.5969 35.1584
953.0000 944.7355 7.6042 35.1613
955.0000 946.7137 7.6136 35.1632
957.0000 948.6918 7.6178 35.1621
959.0000 950.6698 7.5716 35.1608
961.0000 952.6479 7.5852 35.1659
963.0000 954.6260 7.5857 35.1668
965.0000 956.6040 7.6067 35.1726
967.0000 958.5821 7.6200 35.1770
969.0000 960.5601 7.6114 35.1739
971.0000 962.5381 7.4632 35.1467
973.0000 964.5160 7.4268 35.1451
975.0000 966.4940 7.4273 35.1450
977.0000 968.4719 7.4267 35.1440
979.0000 970.4498 7.3396 35.1272
981.0000 972.4278 7.2143 35.1078
983.0000 974.4056 7.1593 35.1005
985.0000 976.3835 7.2054 35.1103
987.0000 978.3612 7.1387 35.0978
989.0000 980.3391 7.1061 35.0962
991.0000 982.3168 7.0833 35.0946
993.0000 984.2947 7.1126 35.0981
995.0000 986.2725 7.0753 35.0943
997.0000 988.2502 7.0673 35.0947
999.0000 990.2279 7.0784 35.0964
1001.0000 992.2056 7.0641 35.0944
1003.0000 994.1833 7.0008 35.0911
1005.0000 996.1609 6.9911 35.0926
1007.0000 998.1387 6.9772 35.0919
1009.0000 1000.1163 6.9635 35.0921
1011.0000 1002.0939 6.9523 35.0923
1013.0000 1004.0715 6.9445 35.0928
1015.0000 1006.0491 6.9336 35.0928
1017.0000 1008.0265 6.9293 35.0930
1019.0000 1010.0041 6.9272 35.0936
1021.0000 1011.9817 6.9224 35.0931
1023.0000 1013.9592 6.9215 35.0969
1025.0000 1015.9366 6.9171 35.0982
1027.0000 1017.9141 6.9200 35.1000
1029.0000 1019.8916 6.9075 35.0991
1031.0000 1021.8690 6.8940 35.0983
1033.0000 1023.8463 6.8854 35.0983
1035.0000 1025.8237 6.8775 35.0986
1037.0000 1027.8011 6.8643 35.0992
1039.0000 1029.7784 6.8487 35.0980
1041.0000 1031.7557 6.8539 35.0986
1043.0000 1033.7330 6.8361 35.0970
1045.0000 1035.7103 6.8042 35.0972
1047.0000 1037.6876 6.7987 35.0973
1049.0000 1039.6650 6.7933 35.0979
1051.0000 1041.6422 6.7928 35.0980
1053.0000 1043.6193 6.7746 35.0980
1055.0000 1045.5966 6.7599 35.0975
1057.0000 1047.5739 6.7396 35.0971
1059.0000 1049.5509 6.7340 35.0992
1061.0000 1051.5281 6.7218 35.1009
1063.0000 1053.5052 6.7303 35.1002
1065.0000 1055.4823 6.7133 35.0991
1067.0000 1057.4595 6.6791 35.0979
1069.0000 1059.4364 6.6513 35.0960
1071.0000 1061.4135 6.6579 35.0973
1073.0000 1063.3905 6.6399 35.0938
1075.0000 1065.3676 6.5977 35.0913
1077.0000 1067.3446 6.5964 35.0931
1079.0000 1069.3214 6.5978 35.0954
1081.0000 1071.2985 6.6093 35.0990
1083.0000 1073.2755 6.6224 35.1036
1085.0000 1075.2524 6.6270 35.1067
1087.0000 1077.2292 6.6230 35.1060
1089.0000 1079.2062 6.6216 35.1074
1091.0000 1081.1830 6.6239 35.1097
1093.0000 1083.1598 6.6375 35.1148
1095.0000 1085.1367 6.5991 35.1098
1097.0000 1087.1135 6.5956 35.1117
1099.0000 1089.0903 6.6158 35.1171
1101.0000 1091.0669 6.5978 35.1151
1103.0000 1093.0438 6.5673 35.1127
1105.0000 1095.0205 6.5630 35.1123
1107.0000 1096.9972 6.5665 35.1127
1109.0000 1098.9740 6.5673 35.1128
1111.0000 1100.9507 6.5383 35.1155
1113.0000 1102.9272 6.5311 35.1170
1115.0000 1104.9039 6.5302 35.1172
1117.0000 1106.8805 6.5223 35.1184
1119.0000 1108.8572 6.5168 35.1194
1121.0000 1110.8336 6.5144 35.1194
1123.0000 1112.8103 6.5092 35.1203
1125.0000 1114.7867 6.5005 35.1228
1127.0000 1116.7633 6.4961 35.1246
1129.0000 1118.7397 6.4944 35.1262
1131.0000 1120.7163 6.4894 35.1279
1133.0000 1122.6929 6.4814 35.1282
1135.0000 1124.6693 6.4716 35.1288
1137.0000 1126.6458 6.4634 35.1299
1139.0000 1128.6221 6.4615 35.1300
1141.0000 1130.5985 6.4577 35.1301
1143.0000 1132.5748 6.4480 35.1296
1145.0000 1134.5513 6.4395 35.1287
1147.0000 1136.5277 6.4311 35.1283
1149.0000 1138.5039 6.4192 35.1303
1151.0000 1140.4802 6.4072 35.1311
1153.0000 1142.4567 6.4040 35.1317
1155.0000 1144.4326 6.4078 35.1338
1157.0000 1146.4091 6.4064 35.1344
1159.0000 1148.3853 6.3929 35.1329
1161.0000 1150.3616 6.3768 35.1312
1163.0000 1152.3376 6.3629 35.1303
1165.0000 1154.3138 6.3488 35.1294
1167.0000 1156.2900 6.3443 35.1290
1169.0000 1158.2661 6.3358 35.1290
1171.0000 1160.2423 6.3354 35.1302
1173.0000 1162.2184 6.3388 35.1348
1175.0000 1164.1945 6.3381 35.1363
1177.0000 1166.1704 6.3399 35.1361
1179.0000 1168.1465 6.3333 35.1374
1181.0000 1170.1226 6.3139 35.1362
1183.0000 1172.0985 6.3112 35.1360
1185.0000 1174.0746 6.3158 35.1374
1187.0000 1176.0507 6.3238 35.1435
1189.0000 1178.0266 6.3246 35.1446
1191.0000 1180.0024 6.3248 35.1447
1193.0000 1181.9783 6.3183 35.1447
1195.0000 1183.9542 6.3069 35.1442
1197.0000 1185.9299 6.3003 35.1435
1199.0000 1187.9059 6.2954 35.1433
1201.0000 1189.8818 6.2892 35.1436
1203.0000 1191.8577 6.2914 35.1455
1205.0000 1193.8334 6.2940 35.1466
1207.0000 1195.8092 6.2928 35.1463
1209.0000 1197.7850 6.2894 35.1474
1211.0000 1199.7606 6.2887 35.1473
1213.0000 1201.7365 6.2859 35.1478
1215.0000 1203.7122 6.2838 35.1486
1217.0000 1205.6879 6.2814 35.1493
1219.0000 1207.6635 6.2811 35.1493
1221.0000 1209.6390 6.2799 35.1489
1223.0000 1211.6147 6.2671 35.1523
1225.0000 1213.5903 6.2698 35.1532
1227.0000 1215.5659 6.2658 35.1538
1229.0000 1217.5415 6.2564 35.1554
1231.0000 1219.5171 6.2435 35.1546
1233.0000 1221.4927 6.2408 35.1550
1235.0000 1223.4681 6.2304 35.1537
1237.0000 1225.4438 6.2222 35.1526
1239.0000 1227.4192 6.2147 35.1515
1241.0000 1229.3947 6.2026 35.1504
1243.0000 1231.3701 6.1795 35.1502
1245.0000 1233.3455 6.1699 35.1504
1247.0000 1235.3209 6.1799 35.1551
1249.0000 1237.2964 6.1783 35.1551
1251.0000 1239.2717 6.1834 35.1578
1253.0000 1241.2471 6.1805 35.1579
1255.0000 1243.2224 6.1760 35.1578
1257.0000 1245.1978 6.1695 35.1575
1259.0000 1247.1730 6.1666 35.1577
1261.0000 1249.1483 6.1680 35.1574
1263.0000 1251.1235 6.1623 35.1564
1265.0000 1253.0989 6.1179 35.1500
1267.0000 1255.0741 6.1119 35.1509
1269.0000 1257.0492 6.1125 35.1501
1271.0000 1259.0244 6.0908 35.1500
1273.0000 1260.9995 6.0953 35.1532
1275.0000 1262.9746 6.1005 35.1572
1277.0000 1264.9498 6.0832 35.1560
1279.0000 1266.9248 6.0581 35.1556
1281.0000 1268.8999 6.0446 35.1559
1283.0000 1270.8750 6.0351 35.1555
1285.0000 1272.8501 6.0244 35.1555
1287.0000 1274.8251 6.0150 35.1550
1289.0000 1276.8002 6.0158 35.1554
1291.0000 1278.7753 6.0196 35.1554
1293.0000 1280.7501 6.0077 35.1549
1295.0000 1282.7251 6.0039 35.1550
1297.0000 1284.7001 5.9996 35.1546
1299.0000 1286.6750 6.0037 35.1548
1301.0000 1288.6498 5.9827 35.1533
1303.0000 1290.6249 5.9516 35.1521
1305.0000 1292.5997 5.9438 35.1527
1307.0000 1294.5746 5.9476 35.1529
1309.0000 1296.5494 5.9327 35.1528
1311.0000 1298.5244 5.9283 35.1529
1313.0000 1300.4991 5.9169 35.1517
1315.0000 1302.4738 5.9039 35.1505
1317.0000 1304.4486 5.8991 35.1500
1319.0000 1306.4233 5.8661 35.1464
1321.0000 1308.3981 5.8564 35.1458
1323.0000 1310.3727 5.8666 35.1467
1325.0000 1312.3475 5.8438 35.1447
1327.0000 1314.3221 5.8322 35.1442
1329.0000 1316.2968 5.8261 35.1438
1331.0000 1318.2715 5.8111 35.1428
1333.0000 1320.2460 5.8023 35.1424
1335.0000 1322.2206 5.7990 35.1425
1337.0000 1324.1952 5.7953 35.1426
1339.0000 1326.1697 5.7905 35.1430
1341.0000 1328.1442 5.7915 35.1435
1343.0000 1330.1188 5.7861 35.1446
1345.0000 1332.0933 5.7807 35.1443
1347.0000 1334.0677 5.7701 35.1445
1349.0000 1336.0421 5.7677 35.1445
1351.0000 1338.0166 5.7621 35.1439
1353.0000 1339.9911 5.7484 35.1436
1355.0000 1341.9653 5.7435 35.1432
1357.0000 1343.9399 5.7337 35.1423
1359.0000 1345.9144 5.7343 35.1428
1361.0000 1347.8888 5.7210 35.1444
1363.0000 1349.8629 5.7214 35.1459
1365.0000 1351.8373 5.7208 35.1475
1367.0000 1353.8116 5.7210 35.1477
1369.0000 1355.7858 5.7246 35.1491
1371.0000 1357.7601 5.7384 35.1539
1373.0000 1359.7344 5.7406 35.1549
1375.0000 1361.7085 5.7477 35.1564
1377.0000 1363.6826 5.7273 35.1526
1379.0000 1365.6570 5.7003 35.1503
1381.0000 1367.6311 5.6869 35.1480
1383.0000 1369.6052 5.7116 35.1571
1385.0000 1371.5793 5.7168 35.1583
1387.0000 1373.5536 5.7122 35.1578
1389.0000 1375.5277 5.7065 35.1579
1391.0000 1377.5016 5.7019 35.1576
1393.0000 1379.4757 5.7042 35.1570
1395.0000 1381.4497 5.6743 35.1543
1397.0000 1383.4237 5.6468 35.1520
1399.0000 1385.3977 5.6348 35.1507
1401.0000 1387.3718 5.6158 35.1483
1403.0000 1389.3458 5.5862 35.1447
1405.0000 1391.3197 5.5746 35.1425
1407.0000 1393.2936 5.5555 35.1393
1409.0000 1395.2676 5.5439 35.1380
1411.0000 1397.2413 5.5372 35.1374
1413.0000 1399.2152 5.5201 35.1365
1415.0000 1401.1892 5.5165 35.1372
1417.0000 1403.1628 5.5059 35.1374
1419.0000 1405.1367 5.4977 35.1391
1421.0000 1407.1107 5.5064 35.1434
1423.0000 1409.0844 5.4984 35.1425
1425.0000 1411.0581 5.4997 35.1416
1427.0000 1413.0319 5.4824 35.1395
1429.0000 1415.0056 5.4761 35.1396
1431.0000 1416.9792 5.4616 35.1377
1433.0000 1418.9529 5.4535 35.1377
1435.0000 1420.9266 5.4484 35.1370
1437.0000 1422.9004 5.4456 35.1369
1439.0000 1424.8739 5.4530 35.1400
1441.0000 1426.8475 5.4496 35.1399
1443.0000 1428.8212 5.4440 35.1391
1445.0000 1430.7946 5.4347 35.1385
1447.0000 1432.7682 5.4319 35.1397
1449.0000 1434.7418 5.4107 35.1375
1451.0000 1436.7155 5.4172 35.1381
1453.0000 1438.6888 5.3979 35.1354
1455.0000 1440.6622 5.3744 35.1322
1457.0000 1442.6357 5.3626 35.1308
1459.0000 1444.6090 5.3515 35.1295
1461.0000 1446.5825 5.3609 35.1309
1463.0000 1448.5562 5.3427 35.1291
1465.0000 1450.5295 5.3258 35.1290
1467.0000 1452.5027 5.3193 35.1301
1469.0000 1454.4762 5.3203 35.1307
1471.0000 1456.4495 5.3260 35.1301
1473.0000 1458.4227 5.3092 35.1310
1475.0000 1460.3961 5.3023 35.1313
1477.0000 1462.3694 5.2994 35.1318
1479.0000 1464.3427 5.2987 35.1327
1481.0000 1466.3158 5.2927 35.1330
1483.0000 1468.2891 5.2869 35.1332
1485.0000 1470.2623 5.2824 35.1339
1487.0000 1472.2355 5.2795 35.1345
1489.0000 1474.2086 5.2812 35.1369
1491.0000 1476.1818 5.2848 35.1382
1493.0000 1478.1549 5.2903 35.1404
1495.0000 1480.1279 5.2858 35.1395
1497.0000 1482.1012 5.2748 35.1393
1499.0000 1484.0743 5.2907 35.1439
1501.0000 1486.0472 5.2855 35.1407
1503.0000 1488.0203 5.2973 35.1463
1505.0000 1489.9933 5.3013 35.1482
1507.0000 1491.9663 5.2938 35.1479
1509.0000 1493.9393 5.2905 35.1475
1511.0000 1495.9124 5.2897 35.1474
1513.0000 1497.8853 5.2910 35.1488
1515.0000 1499.8580 5.2895 35.1495
1517.0000 1501.8311 5.2889 35.1494
1519.0000 1503.8040 5.2875 35.1496
1521.0000 1505.7767 5.2824 35.1500
1523.0000 1507.7496 5.2775 35.1502
1525.0000 1509.7225 5.2711 35.1500
1527.0000 1511.6954 5.2645 35.1496
1529.0000 1513.6681 5.2638 35.1498
1531.0000 1515.6410 5.2653 35.1494
1533.0000 1517.6136 5.2532 35.1490
1535.0000 1519.5864 5.2484 35.1489
1537.0000 1521.5592 5.2458 35.1494
1539.0000 1523.5319 5.2397 35.1493
1541.0000 1525.5044 5.2288 35.1496
1543.0000 1527.4773 5.2216 35.1488
1545.0000 1529.4500 5.2117 35.1475
1547.0000 1531.4225 5.2196 35.1483
1549.0000 1533.3950 5.1868 35.1444
1551.0000 1535.3678 5.1694 35.1439
1553.0000 1537.3403 5.1589 35.1428
1555.0000 1539.3129 5.1447 35.1414
1557.0000 1541.2853 5.1481 35.1424
1559.0000 1543.2581 5.1618 35.1429
1561.0000 1545.2305 5.1226 35.1395
1563.0000 1547.2029 5.1155 35.1392
1565.0000 1549.1753 5.1021 35.1377
1567.0000 1551.1479 5.1089 35.1387
1569.0000 1553.1202 5.0965 35.1375
1571.0000 1555.0927 5.0731 35.1364
1573.0000 1557.0651 5.0656 35.1354
1575.0000 1559.0375 5.0806 35.1409
1577.0000 1561.0098 5.0900 35.1415
1579.0000 1562.9822 5.0816 35.1412
1581.0000 1564.9545 5.0948 35.1454
1583.0000 1566.9268 5.0789 35.1440
1585.0000 1568.8990 5.0877 35.1463
1587.0000 1570.8713 5.0755 35.1442
1589.0000 1572.8438 5.0362 35.1386
1591.0000 1574.8157 5.0326 35.1385
1593.0000 1576.7880 5.0259 35.1371
1595.0000 1578.7601 5.0184 35.1365
1597.0000 1580.7323 5.0099 35.1353
1599.0000 1582.7045 5.0116 35.1364
1601.0000 1584.6766 5.0358 35.1433
1603.0000 1586.6488 5.0364 35.1432
1605.0000 1588.6208 5.0330 35.1420
1607.0000 1590.5929 5.0231 35.1412
1609.0000 1592.5651 5.0032 35.1390
1611.0000 1594.5370 4.9889 35.1375
1613.0000 1596.5092 4.9740 35.1349
1615.0000 1598.4811 4.9713 35.1351
1617.0000 1600.4531 4.9536 35.1312
1619.0000 1602.4250 4.9162 35.1262
1621.0000 1604.3970 4.8981 35.1235
1623.0000 1606.3691 4.8902 35.1229
1625.0000 1608.3408 4.8991 35.1234
1627.0000 1610.3126 4.8261 35.1125
1629.0000 1612.2847 4.8257 35.1120
1631.0000 1614.2565 4.8288 35.1126
1633.0000 1616.2283 4.8069 35.1097
1635.0000 1618.2001 4.8071 35.1114
1637.0000 1620.1720 4.8108 35.1122
1639.0000 1622.1437 4.8128 35.1130
1641.0000 1624.1155 4.8073 35.1121
1643.0000 1626.0874 4.7964 35.1097
1645.0000 1628.0590 4.7731 35.1075
1647.0000 1630.0306 4.7694 35.1077
1649.0000 1632.0024 4.7704 35.1077
1651.0000 1633.9741 4.7605 35.1055
1653.0000 1635.9457 4.7305 35.1023
1655.0000 1637.9174 4.7154 35.1003
1657.0000 1639.8890 4.7112 35.0998
1659.0000 1641.8605 4.7143 35.1005
1661.0000 1643.8322 4.7110 35.1005
1663.0000 1645.8037 4.7006 35.1004
1665.0000 1647.7751 4.6950 35.0998
1667.0000 1649.7468 4.6917 35.0994
1669.0000 1651.7183 4.6855 35.0986
1671.0000 1653.6898 4.6618 35.0958
1673.0000 1655.6613 4.6514 35.0954
1675.0000 1657.6327 4.6486 35.0950
1677.0000 1659.6042 4.6377 35.0940
1679.0000 1661.5756 4.6353 35.0940
1681.0000 1663.5470 4.6404 35.0939
1683.0000 1665.5184 4.6113 35.0911
1685.0000 1667.4897 4.6026 35.0909
1687.0000 1669.4609 4.6050 35.0917
1689.0000 1671.4325 4.5985 35.0910
1691.0000 1673.4038 4.5940 35.0911
1693.0000 1675.3750 4.5888 35.0903
1695.0000 1677.3463 4.5820 35.0897
1697.0000 1679.3175 4.5739 35.0888
1699.0000 1681.2888 4.5725 35.0888
1701.0000 1683.2600 4.5700 35.0893
1703.0000 1685.2311 4.5686 35.0896
1705.0000 1687.2025 4.5676 35.0895
1707.0000 1689.1735 4.5697 35.0894
1709.0000 1691.1448 4.5659 35.0890
1711.0000 1693.1160 4.5596 35.0887
1713.0000 1695.0870 4.5536 35.0887
1715.0000 1697.0580 4.5572 35.0887
1717.0000 1699.0292 4.5548 35.0895
1719.0000 1701.0002 4.5563 35.0908
1721.0000 1702.9711 4.5546 35.0912
1723.0000 1704.9421 4.5421 35.0901
1725.0000 1706.9133 4.5309 35.0894
1727.0000 1708.8843 4.5289 35.0886
1729.0000 1710.8552 4.5253 35.0880
1731.0000 1712.8260 4.5065 35.0851
1733.0000 1714.7970 4.4903 35.0827
1735.0000 1716.7678 4.4851 35.0822
1737.0000 1718.7388 4.4871 35.0828
1739.0000 1720.7098 4.4836 35.0819
1741.0000 1722.6804 4.4755 35.0815
1743.0000 1724.6514 4.4720 35.0813
1745.0000 1726.6222 4.4723 35.0817
1747.0000 1728.5929 4.4818 35.0840
1749.0000 1730.5637 4.4814 35.0834
1751.0000 1732.5344 4.5050 35.0904
1753.0000 1734.5054 4.5058 35.0913
1755.0000 1736.4758 4.5046 35.0907
1757.0000 1738.4467 4.5039 35.0905
1759.0000 1740.4174 4.4969 35.0900
1761.0000 1742.3881 4.4885 35.0889
1763.0000 1744.3585 4.4843 35.0885
1765.0000 1746.3292 4.4787 35.0882
1767.0000 1748.3000 4.4789 35.0882
1769.0000 1750.2704 4.4716 35.0878
1771.0000 1752.2411 4.4693 35.0874
1773.0000 1754.2118 4.4681 35.0875
1775.0000 1756.1823 4.4637 35.0867
1777.0000 1758.1526 4.4569 35.0859
1779.0000 1760.1230 4.4522 35.0855
1781.0000 1762.0938 4.4430 35.0843
1783.0000 1764.0640 4.4359 35.0835
1785.0000 1766.0347 4.4287 35.0826
1787.0000 1768.0050 4.4230 35.0818
1789.0000 1769.9757 4.4166 35.0811
1791.0000 1771.9458 4.4094 35.0801
1793.0000 1773.9163 4.4013 35.0792
1795.0000 1775.8866 4.4002 35.0791
1797.0000 1777.8567 4.3962 35.0782
1799.0000 1779.8273 4.3896 35.0777
1801.0000 1781.7975 4.3853 35.0771
1803.0000 1783.7676 4.3734 35.0753
1805.0000 1785.7379 4.3551 35.0735
1807.0000 1787.7084 4.3554 35.0742
1809.0000 1789.6785 4.3572 35.0742
1811.0000 1791.6487 4.3525 35.0743
1813.0000 1793.6189 4.3514 35.0744
1815.0000 1795.5892 4.3492 35.0740
1817.0000 1797.5592 4.3438 35.0737
1819.0000 1799.5294 4.3464 35.0736
1821.0000 1801.4995 4.3363 35.0730
1823.0000 1803.4698 4.3308 35.0725
1825.0000 1805.4396 4.3220 35.0714
1827.0000 1807.4098 4.3147 35.0705
1829.0000 1809.3798 4.3059 35.0695
1831.0000 1811.3499 4.2998 35.0697
1833.0000 1813.3197 4.3001 35.0698
1835.0000 1815.2900 4.2960 35.0694
1837.0000 1817.2599 4.2942 35.0691
1839.0000 1819.2297 4.2896 35.0685
1841.0000 1821.1997 4.2857 35.0679
1843.0000 1823.1698 4.2708 35.0664
1845.0000 1825.1394 4.2648 35.0658
1847.0000 1827.1094 4.2603 35.0652
1849.0000 1829.0792 4.2647 35.0657
1851.0000 1831.0493 4.2534 35.0644
1853.0000 1833.0188 4.2413 35.0635
1855.0000 1834.9886 4.2425 35.0636
1857.0000 1836.9585 4.2355 35.0626
1859.0000 1838.9282 4.2273 35.0621
1861.0000 1840.8979 4.2199 35.0615
1863.0000 1842.8678 4.2179 35.0614
1865.0000 1844.8373 4.2155 35.0611
1867.0000 1846.8071 4.2124 35.0611
1869.0000 1848.7770 4.2123 35.0611
1871.0000 1850.7465 4.2121 35.0609
1873.0000 1852.7162 4.2079 35.0606
1875.0000 1854.6857 4.2039 35.0602
1877.0000 1856.6555 4.2046 35.0602
1879.0000 1858.6249 4.1939 35.0592
1881.0000 1860.5945 4.1888 35.0588
1883.0000 1862.5642 4.1858 35.0586
1885.0000 1864.5338 4.1833 35.0586
1887.0000 1866.5031 4.1826 35.0590
1889.0000 1868.4725 4.1850 35.0588
1891.0000 1870.4423 4.1689 35.0573
1893.0000 1872.4115 4.1638 35.0571
1895.0000 1874.3812 4.1671 35.0580
1897.0000 1876.3505 4.1621 35.0576
1899.0000 1878.3199 4.1560 35.0569
1901.0000 1880.2892 4.1493 35.0559
1903.0000 1882.2587 4.1466 35.0556
1905.0000 1884.2279 4.1435 35.0553
1907.0000 1886.1971 4.1346 35.0538
1909.0000 1888.1666 4.1218 35.0520
1911.0000 1890.1359 4.1087 35.0506
1913.0000 1892.1053 4.1030 35.0501
1915.0000 1894.0743 4.0991 35.0500
1917.0000 1896.0437 4.0982 35.0502
1919.0000 1898.0129 4.0991 35.0506
1921.0000 1899.9819 4.0976 35.0508
1923.0000 1901.9514 4.0942 35.0508
1925.0000 1903.9204 4.0929 35.0507
1927.0000 1905.8895 4.0930 35.0514
1929.0000 1907.8586 4.0963 35.0531
1931.0000 1909.8279 4.0959 35.0525
1933.0000 1911.7971 4.0968 35.0535
1935.0000 1913.7660 4.0935 35.0544
1937.0000 1915.7352 4.0914 35.0545
1939.0000 1917.7040 4.0908 35.0546
1941.0000 1919.6731 4.0886 35.0544
1943.0000 1921.6421 4.0843 35.0539
1945.0000 1923.6112 4.0806 35.0536
1947.0000 1925.5802 4.0765 35.0530
1949.0000 1927.5488 4.0697 35.0525
1951.0000 1929.5181 4.0708 35.0526
1953.0000 1931.4872 4.0658 35.0521
1955.0000 1933.4556 4.0630 35.0518
1957.0000 1935.4247 4.0631 35.0516
1959.0000 1937.3934 4.0540 35.0509
1961.0000 1939.3625 4.0484 35.0502
1963.0000 1941.3312 4.0406 35.0494
1965.0000 1943.3000 4.0355 35.0492
1967.0000 1945.2688 4.0397 35.0495
1969.0000 1947.2377 4.0317 35.0492
1971.0000 1949.2063 4.0260 35.0486
1973.0000 1951.1752 4.0291 35.0489
1975.0000 1953.1438 4.0291 35.0487
1977.0000 1955.1124 4.0159 35.0476
1979.0000 1957.0812 4.0071 35.0462
1981.0000 1959.0498 3.9991 35.0453
1983.0000 1961.0183 3.9975 35.0450
1985.0000 1962.9872 3.9877 35.0436
1987.0000 1964.9557 3.9795 35.0424
1989.0000 1966.9243 3.9764 35.0418
1991.0000 1968.8928 3.9745 35.0417
1993.0000 1970.8615 3.9762 35.0428
1995.0000 1972.8301 3.9756 35.0428
1997.0000 1974.7985 3.9493 35.0378
1999.0000 1976.7668 3.9346 35.0358
2001.0000 1978.7355 3.9443 35.0392
2003.0000 1980.7040 3.9491 35.0389
2005.0000 1982.6721 3.9547 35.0410
2007.0000 1984.6407 3.9525 35.0406
2009.0000 1986.6090 3.9507 35.0404
2011.0000 1988.5774 3.9493 35.0397
2013.0000 1990.5459 3.9380 35.0382
2015.0000 1992.5143 3.9172 35.0344
2017.0000 1994.4825 3.9083 35.0341
2019.0000 1996.4509 3.9195 35.0362
2021.0000 1998.4193 3.9207 35.0371
2023.0000 2000.3876 3.9158 35.0358
2025.0000 2002.3557 3.8930 35.0308
2027.0000 2004.3240 3.9030 35.0335
2029.0000 2006.2921 3.8779 35.0281
2031.0000 2008.2604 3.8636 35.0273
2033.0000 2010.2286 3.8630 35.0275
2035.0000 2012.1968 3.8655 35.0282
2037.0000 2014.1650 3.8657 35.0282
2039.0000 2016.1331 3.8630 35.0285
2041.0000 2018.1010 3.8568 35.0279
2043.0000 2020.0692 3.8499 35.0275
2045.0000 2022.0372 3.8479 35.0272
2047.0000 2024.0052 3.8453 35.0270
2049.0000 2025.9734 3.8416 35.0266
2051.0000 2027.9417 3.8352 35.0261
2053.0000 2029.9094 3.8328 35.0259
2055.0000 2031.8774 3.8316 35.0257
2057.0000 2033.8455 3.8304 35.0256
2059.0000 2035.8132 3.8230 35.0249
2061.0000 2037.7812 3.8185 35.0244
2063.0000 2039.7493 3.8183 35.0244
2065.0000 2041.7170 3.8177 35.0243
2067.0000 2043.6848 3.8176 35.0243
2069.0000 2045.6528 3.8135 35.0242
2071.0000 2047.6208 3.8087 35.0238
2073.0000 2049.5884 3.8075 35.0237
2075.0000 2051.5562 3.8053 35.0233
2077.0000 2053.5242 3.7979 35.0228
2079.0000 2055.4917 3.7951 35.0225
2081.0000 2057.4595 3.7972 35.0225
2083.0000 2059.4272 3.7914 35.0222
2085.0000 2061.3950 3.7895 35.0222
2087.0000 2063.3628 3.7890 35.0223
2089.0000 2065.3303 3.7869 35.0222
2091.0000 2067.2981 3.7832 35.0219
2093.0000 2069.2656 3.7833 35.0218
2095.0000 2071.2332 3.7800 35.0213
2097.0000 2073.2009 3.7700 35.0204
2099.0000 2075.1687 3.7720 35.0206
2101.0000 2077.1360 3.7635 35.0198
2103.0000 2079.1038 3.7598 35.0195
2105.0000 2081.0713 3.7584 35.0195
2107.0000 2083.0386 3.7596 35.0194
2109.0000 2085.0061 3.7540 35.0191
2111.0000 2086.9736 3.7511 35.0189
2113.0000 2088.9412 3.7508 35.0189
2115.0000 2090.9084 3.7500 35.0188
2117.0000 2092.8760 3.7509 35.0188
2119.0000 2094.8435 3.7491 35.0188
2121.0000 2096.8105 3.7445 35.0182
2123.0000 2098.7781 3.7407 35.0181
2125.0000 2100.7456 3.7379 35.0178
2127.0000 2102.7126 3.7354 35.0177
2129.0000 2104.6802 3.7336 35.0175
2131.0000 2106.6475 3.7319 35.0174
2133.0000 2108.6147 3.7260 35.0168
2135.0000 2110.5820 3.7238 35.0167
2137.0000 2112.5493 3.7233 35.0166
2139.0000 2114.5164 3.7235 35.0164
2141.0000 2116.4834 3.7173 35.0161
2143.0000 2118.4509 3.7155 35.0158
2145.0000 2120.4180 3.7125 35.0157
2147.0000 2122.3853 3.7094 35.0155
2149.0000 2124.3521 3.7073 35.0154
2151.0000 2126.3193 3.7074 35.0153
2153.0000 2128.2866 3.7043 35.0150
2155.0000 2130.2537 3.6997 35.0152
2157.0000 2132.2207 3.6989 35.0150
2159.0000 2134.1877 3.7005 35.0150
2161.0000 2136.1548 3.6935 35.0146
2163.0000 2138.1216 3.6896 35.0143
2165.0000 2140.0889 3.6873 35.0142
2167.0000 2142.0559 3.6891 35.0141
2169.0000 2144.0225 3.6857 35.0139
2171.0000 2145.9895 3.6836 35.0136
2173.0000 2147.9565 3.6809 35.0134
2175.0000 2149.9236 3.6800 35.0133
2177.0000 2151.8904 3.6795 35.0134
2179.0000 2153.8569 3.6793 35.0134
2181.0000 2155.8240 3.6776 35.0132
2183.0000 2157.7908 3.6772 35.0132
2185.0000 2159.7576 3.6728 35.0128
2187.0000 2161.7244 3.6700 35.0126
2189.0000 2163.6912 3.6642 35.0120
2191.0000 2165.6577 3.6614 35.0121
2193.0000 2167.6248 3.6618 35.0122
2195.0000 2169.5913 3.6611 35.0122
2197.0000 2171.5579 3.6580 35.0119
2199.0000 2173.5249 3.6587 35.0118
2201.0000 2175.4917 3.6518 35.0114
2203.0000 2177.4580 3.6502 35.0113
2205.0000 2179.4248 3.6497 35.0112
2207.0000 2181.3911 3.6474 35.0110
2209.0000 2183.3579 3.6450 35.0110
2211.0000 2185.3245 3.6420 35.0107
2213.0000 2187.2910 3.6400 35.0105
2215.0000 2189.2576 3.6389 35.0105
2217.0000 2191.2239 3.6382 35.0104
2219.0000 2193.1904 3.6372 35.0103
2221.0000 2195.1572 3.6352 35.0101
2223.0000 2197.1238 3.6298 35.0097
2225.0000 2199.0901 3.6255 35.0094
2227.0000 2201.0566 3.6244 35.0094
2229.0000 2203.0227 3.6195 35.0090
2231.0000 2204.9890 3.6242 35.0093
2233.0000 2206.9556 3.6160 35.0088
2235.0000 2208.9219 3.6125 35.0084
2237.0000 2210.8884 3.6080 35.0081
2239.0000 2212.8545 3.6050 35.0078
2241.0000 2214.8210 3.6010 35.0075
2243.0000 2216.7874 3.5978 35.0073
2245.0000 2218.7532 3.5945 35.0072
2247.0000 2220.7195 3.5923 35.0069
2249.0000 2222.6860 3.5939 35.0070
2251.0000 2224.6523 3.5895 35.0068
2253.0000 2226.6184 3.5877 35.0068
2255.0000 2228.5845 3.5873 35.0067
2257.0000 2230.5508 3.5869 35.0068
2259.0000 2232.5166 3.5849 35.0066
2261.0000 2234.4829 3.5802 35.0064
2263.0000 2236.4490 3.5775 35.0061
2265.0000 2238.4148 3.5782 35.0061
2267.0000 2240.3811 3.5773 35.0059
2269.0000 2242.3472 3.5738 35.0057
2271.0000 2244.3135 3.5718 35.0056
2273.0000 2246.2793 3.5709 35.0055
2275.0000 2248.2451 3.5716 35.0054
2277.0000 2250.2114 3.5680 35.0052
2279.0000 2252.1772 3.5636 35.0050
2281.0000 2254.1428 3.5614 35.0048
2283.0000 2256.1091 3.5614 35.0048
2285.0000 2258.0750 3.5599 35.0047
2287.0000 2260.0405 3.5576 35.0046
2289.0000 2262.0068 3.5569 35.0047
2291.0000 2263.9727 3.5554 35.0045
2293.0000 2265.9382 3.5541 35.0045
2295.0000 2267.9043 3.5530 35.0045
2297.0000 2269.8701 3.5514 35.0043
2299.0000 2271.8359 3.5492 35.0041
2301.0000 2273.8015 3.5453 35.0038
2303.0000 2275.7673 3.5492 35.0040
2305.0000 2277.7332 3.5406 35.0034
2307.0000 2279.6985 3.5359 35.0028
2309.0000 2281.6643 3.5323 35.0026
2311.0000 2283.6301 3.5336 35.0027
2313.0000 2285.5957 3.5256 35.0020
2315.0000 2287.5613 3.5242 35.0024
2317.0000 2289.5269 3.5242 35.0021
2319.0000 2291.4927 3.5158 35.0018
2321.0000 2293.4580 3.5136 35.0016
2323.0000 2295.4238 3.5101 35.0013
2325.0000 2297.3892 3.5089 35.0010
2327.0000 2299.3547 3.5022 35.0010
2329.0000 2301.3203 3.5015 35.0009
2331.0000 2303.2859 3.5002 35.0007
2333.0000 2305.2515 3.4990 35.0007
2335.0000 2307.2166 3.4968 35.0005
2337.0000 2309.1821 3.4945 35.0002
2339.0000 2311.1477 3.4956 35.0004
2341.0000 2313.1128 3.4931 35.0001
2343.0000 2315.0784 3.4876 34.9997
2345.0000 2317.0437 3.4839 34.9994
2347.0000 2319.0090 3.4795 34.9989
2349.0000 2320.9741 3.4773 34.9990
2351.0000 2322.9395 3.4802 34.9989
2353.0000 2324.9050 3.4761 34.9990
2355.0000 2326.8701 3.4761 34.9991
2357.0000 2328.8354 3.4768 34.9990
2359.0000 2330.8005 3.4718 34.9992
2361.0000 2332.7659 3.4698 34.9989
2363.0000 2334.7310 3.4665 34.9987
2365.0000 2336.6963 3.4662 34.9984
2367.0000 2338.6616 3.4644 34.9987
2369.0000 2340.6265 3.4610 34.9981
2371.0000 2342.5916 3.4589 34.9983
2373.0000 2344.5569 3.4602 34.9991
2375.0000 2346.5220 3.4571 34.9986
2377.0000 2348.4871 3.4569 34.9984
2379.0000 2350.4521 3.4496 34.9979
2381.0000 2352.4172 3.4488 34.9979
2383.0000 2354.3821 3.4456 34.9978
2385.0000 2356.3472 3.4480 34.9981
2387.0000 2358.3123 3.4463 34.9984
2389.0000 2360.2771 3.4452 34.9983
2391.0000 2362.2422 3.4439 34.9981
2393.0000 2364.2070 3.4409 34.9978
2395.0000 2366.1721 3.4379 34.9975
2397.0000 2368.1367 3.4426 34.9978
2399.0000 2370.1018 3.4369 34.9977
2401.0000 2372.0667 3.4364 34.9976
2403.0000 2374.0312 3.4347 34.9974
2405.0000 2375.9961 3.4335 34.9973
2407.0000 2377.9609 3.4323 34.9973
2409.0000 2379.9258 3.4325 34.9977
2411.0000 2381.8904 3.4313 34.9975
2413.0000 2383.8552 3.4276 34.9970
2415.0000 2385.8201 3.4230 34.9964
2417.0000 2387.7847 3.4172 34.9957
2419.0000 2389.7498 3.4146 34.9955
2421.0000 2391.7144 3.4110 34.9951
2423.0000 2393.6790 3.4090 34.9950
2425.0000 2395.6436 3.4041 34.9947
2427.0000 2397.6082 3.3988 34.9942
2429.0000 2399.5730 3.3984 34.9945
2431.0000 2401.5374 3.3987 34.9949
2433.0000 2403.5020 3.3950 34.9942
2435.0000 2405.4663 3.3948 34.9942
2437.0000 2407.4312 3.3870 34.9932
2439.0000 2409.3955 3.3825 34.9930
2441.0000 2411.3599 3.3801 34.9928
2443.0000 2413.3247 3.3814 34.9929
2445.0000 2415.2888 3.3769 34.9927
2447.0000 2417.2532 3.3753 34.9926
2449.0000 2419.2180 3.3765 34.9933
2451.0000 2421.1821 3.3752 34.9931
2453.0000 2423.1465 3.3697 34.9927
2455.0000 2425.1111 3.3650 34.9919
2457.0000 2427.0757 3.3581 34.9910
2459.0000 2429.0396 3.3562 34.9908
2461.0000 2431.0042 3.3547 34.9907
2463.0000 2432.9685 3.3531 34.9905
2465.0000 2434.9326 3.3518 34.9904
2467.0000 2436.8967 3.3502 34.9903
2469.0000 2438.8613 3.3496 34.9903
2471.0000 2440.8254 3.3500 34.9904
2473.0000 2442.7896 3.3494 34.9905
2475.0000 2444.7537 3.3449 34.9901
2477.0000 2446.7180 3.3456 34.9902
2479.0000 2448.6819 3.3397 34.9896
2481.0000 2450.6462 3.3380 34.9900
2483.0000 2452.6106 3.3380 34.9902
2485.0000 2454.5747 3.3368 34.9901
2487.0000 2456.5386 3.3366 34.9899
2489.0000 2458.5027 3.3311 34.9896
2491.0000 2460.4668 3.3295 34.9897
2493.0000 2462.4307 3.3271 34.9895
2495.0000 2464.3948 3.3266 34.9893
2497.0000 2466.3586 3.3212 34.9889
2499.0000 2468.3228 3.3166 34.9885
2501.0000 2470.2866 3.3163 34.9888
2503.0000 2472.2507 3.3148 34.9887
2505.0000 2474.2148 3.3128 34.9885
2507.0000 2476.1785 3.3064 34.9884
2509.0000 2478.1423 3.3034 34.9881
2511.0000 2480.1062 3.3060 34.9879
2513.0000 2482.0703 3.2987 34.9876
2515.0000 2484.0339 3.2935 34.9870
2517.0000 2485.9976 3.2903 34.9868
2519.0000 2487.9614 3.2848 34.9864
2521.0000 2489.9253 3.2821 34.9861
2523.0000 2491.8892 3.2843 34.9862
2525.0000 2493.8528 3.2784 34.9857
2527.0000 2495.8164 3.2754 34.9855
2529.0000 2497.7803 3.2763 34.9854
2531.0000 2499.7439 3.2725 34.9854
2533.0000 2501.7078 3.2715 34.9852
2535.0000 2503.6714 3.2704 34.9850
2537.0000 2505.6350 3.2698 34.9850
2539.0000 2507.5986 3.2693 34.9850
2541.0000 2509.5620 3.2683 34.9849
2543.0000 2511.5256 3.2665 34.9847
2545.0000 2513.4893 3.2636 34.9843
2547.0000 2515.4529 3.2584 34.9841
2549.0000 2517.4165 3.2567 34.9841
2551.0000 2519.3801 3.2575 34.9841
2553.0000 2521.3435 3.2560 34.9845
2555.0000 2523.3069 3.2555 34.9847
2557.0000 2525.2703 3.2572 34.9860
2559.0000 2527.2336 3.2591 34.9866
2561.0000 2529.1973 3.2604 34.9870
2563.0000 2531.1606 3.2577 34.9870
2565.0000 2533.1240 3.2559 34.9868
2567.0000 2535.0874 3.2536 34.9866
2569.0000 2537.0505 3.2544 34.9865
2571.0000 2539.0139 3.2497 34.9863
2573.0000 2540.9773 3.2473 34.9860
2575.0000 2542.9409 3.2455 34.9859
2577.0000 2544.9038 3.2432 34.9856
2579.0000 2546.8672 3.2394 34.9851
2581.0000 2548.8306 3.2357 34.9847
2583.0000 2550.7935 3.2347 34.9847
2585.0000 2552.7571 3.2333 34.9844
2587.0000 2554.7202 3.2302 34.9841
2589.0000 2556.6831 3.2243 34.9835
2591.0000 2558.6462 3.2243 34.9838
2593.0000 2560.6096 3.2217 34.9835
2595.0000 2562.5728 3.2140 34.9825
2597.0000 2564.5359 3.2108 34.9823
2599.0000 2566.4988 3.2104 34.9824
2601.0000 2568.4622 3.2077 34.9821
2603.0000 2570.4248 3.2051 34.9819
2605.0000 2572.3877 3.2031 34.9818
2607.0000 2574.3511 3.1977 34.9815
2609.0000 2576.3142 3.2021 34.9817
2611.0000 2578.2769 3.1933 34.9810
2613.0000 2580.2400 3.1906 34.9810
2615.0000 2582.2031 3.1897 34.9808
2617.0000 2584.1658 3.1846 34.9803
2619.0000 2586.1287 3.1884 34.9806
2621.0000 2588.0916 3.1789 34.9797
2623.0000 2590.0544 3.1759 34.9797
2625.0000 2592.0173 3.1735 34.9794
2627.0000 2593.9802 3.1763 34.9796
2629.0000 2595.9431 3.1757 34.9793
2631.0000 2597.9058 3.1671 34.9787
2633.0000 2599.8684 3.1618 34.9782
2635.0000 2601.8315 3.1598 34.9781
2637.0000 2603.7942 3.1612 34.9782
2639.0000 2605.7568 3.1536 34.9772
2641.0000 2607.7192 3.1474 34.9769
2643.0000 2609.6824 3.1456 34.9766
2645.0000 2611.6448 3.1417 34.9764
2647.0000 2613.6077 3.1392 34.9761
2649.0000 2615.5701 3.1357 34.9757
2651.0000 2617.5330 3.1307 34.9752
2653.0000 2619.4954 3.1263 34.9749
2655.0000 2621.4580 3.1235 34.9746
2657.0000 2623.4207 3.1201 34.9743
2659.0000 2625.3831 3.1184 34.9742
2661.0000 2627.3457 3.1176 34.9741
2663.0000 2629.3083 3.1157 34.9739
2665.0000 2631.2705 3.1133 34.9738
2667.0000 2633.2332 3.1132 34.9737
2669.0000 2635.1956 3.1101 34.9733
2671.0000 2637.1580 3.1015 34.9725
2673.0000 2639.1204 3.0955 34.9721
2675.0000 2641.0828 3.0947 34.9720
2677.0000 2643.0454 3.0901 34.9715
2679.0000 2645.0076 3.0934 34.9718
2681.0000 2646.9700 3.0875 34.9712
2683.0000 2648.9324 3.0851 34.9710
2685.0000 2650.8948 3.0816 34.9707
2687.0000 2652.8567 3.0832 34.9705
2689.0000 2654.8193 3.0737 34.9699
2691.0000 2656.7815 3.0698 34.9694
2693.0000 2658.7434 3.0648 34.9689
2695.0000 2660.7058 3.0587 34.9684
2697.0000 2662.6682 3.0562 34.9683
2699.0000 2664.6306 3.0542 34.9681
2701.0000 2666.5925 3.0513 34.9678
2703.0000 2668.5547 3.0496 34.9677
2705.0000 2670.5168 3.0495 34.9676
2707.0000 2672.4788 3.0475 34.9674
2709.0000 2674.4409 3.0415 34.9667
2711.0000 2676.4033 3.0397 34.9668
2713.0000 2678.3650 3.0367 34.9663
2715.0000 2680.3271 3.0334 34.9660
2717.0000 2682.2896 3.0322 34.9659
2719.0000 2684.2515 3.0310 34.9658
2721.0000 2686.2131 3.0293 34.9655
2723.0000 2688.1750 3.0283 34.9656
2725.0000 2690.1375 3.0279 34.9653
2727.0000 2692.0991 3.0235 34.9650
2729.0000 2694.0610 3.0207 34.9646
2731.0000 2696.0232 3.0132 34.9639
2733.0000 2697.9851 3.0092 34.9634
2735.0000 2699.9465 3.0053 34.9632
2737.0000 2701.9087 3.0039 34.9629
2739.0000 2703.8706 3.0022 34.9627
2741.0000 2705.8320 2.9936 34.9617
2743.0000 2707.7942 2.9873 34.9610
2745.0000 2709.7559 2.9816 34.9608
2747.0000 2711.7178 2.9812 34.9602
2749.0000 2713.6794 2.9705 34.9595
2751.0000 2715.6411 2.9715 34.9595
2753.0000 2717.6028 2.9697 34.9593
2755.0000 2719.5645 2.9696 34.9594
2757.0000 2721.5261 2.9695 34.9593
2759.0000 2723.4878 2.9709 34.9593
2761.0000 2725.4497 2.9698 34.9593
2763.0000 2727.4111 2.9692 34.9593
2765.0000 2729.3726 2.9688 34.9592
2767.0000 2731.3345 2.9681 34.9592
2769.0000 2733.2959 2.9685 34.9590
2771.0000 2735.2573 2.9672 34.9589
2773.0000 2737.2190 2.9619 34.9584
2775.0000 2739.1807 2.9580 34.9580
2777.0000 2741.1418 2.9577 34.9579
2779.0000 2743.1035 2.9502 34.9572
2781.0000 2745.0649 2.9463 34.9568
2783.0000 2747.0261 2.9428 34.9565
2785.0000 2748.9878 2.9385 34.9561
2787.0000 2750.9492 2.9382 34.9561
2789.0000 2752.9106 2.9377 34.9560
2791.0000 2754.8718 2.9344 34.9556
2793.0000 2756.8333 2.9280 34.9550
2795.0000 2758.7947 2.9218 34.9544
2797.0000 2760.7559 2.9187 34.9542
2799.0000 2762.7170 2.9160 34.9538
2801.0000 2764.6787 2.9179 34.9540
2803.0000 2766.6396 2.9165 34.9538
2805.0000 2768.6011 2.9107 34.9535
2807.0000 2770.5623 2.9069 34.9531
2809.0000 2772.5237 2.9033 34.9528
2811.0000 2774.4846 2.9065 34.9530
2813.0000 2776.4460 2.9026 34.9528
2815.0000 2778.4070 2.9021 34.9528
2817.0000 2780.3682 2.9022 34.9527
2819.0000 2782.3291 2.9009 34.9525
2821.0000 2784.2905 2.8946 34.9521
2823.0000 2786.2517 2.8950 34.9520
2825.0000 2788.2124 2.8893 34.9511
2827.0000 2790.1738 2.8849 34.9512
2829.0000 2792.1345 2.8830 34.9511
2831.0000 2794.0957 2.8827 34.9510
2833.0000 2796.0566 2.8830 34.9509
2835.0000 2798.0176 2.8819 34.9509
2837.0000 2799.9788 2.8788 34.9509
2839.0000 2801.9395 2.8784 34.9508
2841.0000 2803.9006 2.8772 34.9508
2843.0000 2805.8616 2.8758 34.9506
2845.0000 2807.8223 2.8780 34.9506
2847.0000 2809.7832 2.8763 34.9505
2849.0000 2811.7439 2.8745 34.9505
2851.0000 2813.7048 2.8737 34.9504
2853.0000 2815.6658 2.8744 34.9502
2855.0000 2817.6267 2.8732 34.9503
2857.0000 2819.5874 2.8732 34.9503
2859.0000 2821.5479 2.8730 34.9503
2861.0000 2823.5090 2.8718 34.9501
2863.0000 2825.4697 2.8719 34.9500
2865.0000 2827.4302 2.8704 34.9499
2867.0000 2829.3909 2.8689 34.9498
2869.0000 2831.3518 2.8683 34.9497
2871.0000 2833.3125 2.8683 34.9497
2873.0000 2835.2732 2.8677 34.9496
2875.0000 2837.2336 2.8680 34.9495
2877.0000 2839.1943 2.8643 34.9492
2879.0000 2841.1548 2.8627 34.9491
2881.0000 2843.1152 2.8630 34.9490
2883.0000 2845.0759 2.8560 34.9483
2885.0000 2847.0366 2.8517 34.9480
2887.0000 2848.9971 2.8535 34.9481
2889.0000 2850.9575 2.8496 34.9475
2891.0000 2852.9182 2.8471 34.9475
2893.0000 2854.8782 2.8453 34.9475
2895.0000 2856.8386 2.8438 34.9473
2897.0000 2858.7993 2.8422 34.9471
2899.0000 2860.7598 2.8413 34.9470
2901.0000 2862.7200 2.8394 34.9470
2903.0000 2864.6804 2.8366 34.9464
2905.0000 2866.6411 2.8294 34.9462
2907.0000 2868.6011 2.8279 34.9459
2909.0000 2870.5618 2.8266 34.9459
2911.0000 2872.5220 2.8265 34.9459
2913.0000 2874.4822 2.8262 34.9459
2915.0000 2876.4424 2.8264 34.9460
2917.0000 2878.4028 2.8266 34.9460
2919.0000 2880.3630 2.8270 34.9461
2921.0000 2882.3230 2.8270 34.9460
2923.0000 2884.2834 2.8271 34.9460
2925.0000 2886.2439 2.8271 34.9459
2927.0000 2888.2036 2.8267 34.9460
2929.0000 2890.1638 2.8264 34.9459
2931.0000 2892.1240 2.8263 34.9458
2933.0000 2894.0845 2.8268 34.9457
2935.0000 2896.0442 2.8265 34.9459
2937.0000 2898.0044 2.8258 34.9457
2939.0000 2899.9646 2.8254 34.9458
2941.0000 2901.9246 2.8255 34.9456
2943.0000 2903.8843 2.8259 34.9455
2945.0000 2905.8445 2.8241 34.9454
2947.0000 2907.8044 2.8198 34.9448
2949.0000 2909.7644 2.8138 34.9444
2951.0000 2911.7244 2.8083 34.9439
2953.0000 2913.6846 2.8035 34.9434
2955.0000 2915.6440 2.8002 34.9431
2957.0000 2917.6040 2.7983 34.9430
2959.0000 2919.5640 2.7977 34.9428
2961.0000 2921.5239 2.7929 34.9426
2963.0000 2923.4836 2.7926 34.9425
2965.0000 2925.4436 2.7912 34.9424
2967.0000 2927.4036 2.7919 34.9423
2969.0000 2929.3630 2.7890 34.9420
2971.0000 2931.3230 2.7888 34.9422
2973.0000 2933.2827 2.7885 34.9421
2975.0000 2935.2422 2.7852 34.9417
2977.0000 2937.2021 2.7819 34.9415
2979.0000 2939.1619 2.7812 34.9414
2981.0000 2941.1216 2.7792 34.9412
2983.0000 2943.0811 2.7776 34.9410
2985.0000 2945.0408 2.7765 34.9410
2987.0000 2947.0007 2.7758 34.9408
2989.0000 2948.9600 2.7748 34.9407
2991.0000 2950.9199 2.7733 34.9406
2993.0000 2952.8792 2.7725 34.9406
2995.0000 2954.8391 2.7732 34.9405
2997.0000 2956.7983 2.7718 34.9405
2999.0000 2958.7581 2.7709 34.9404
3001.0000 2960.7175 2.7695 34.9402
3003.0000 2962.6768 2.7685 34.9401
3005.0000 2964.6362 2.7688 34.9401
3007.0000 2966.5959 2.7681 34.9401
3009.0000 2968.5557 2.7683 34.9401
3011.0000 2970.5146 2.7666 34.9399
3013.0000 2972.4744 2.7627 34.9395
3015.0000 2974.4336 2.7608 34.9393
3017.0000 2976.3928 2.7601 34.9393
3019.0000 2978.3521 2.7600 34.9392
3021.0000 2980.3118 2.7591 34.9391
3023.0000 2982.2712 2.7568 34.9389
3025.0000 2984.2300 2.7548 34.9388
3027.0000 2986.1895 2.7543 34.9387
3029.0000 2988.1487 2.7534 34.9386
3031.0000 2990.1079 2.7544 34.9385
3033.0000 2992.0671 2.7512 34.9383
3035.0000 2994.0266 2.7479 34.9381
3037.0000 2995.9856 2.7440 34.9375
3039.0000 2997.9446 2.7456 34.9378
3041.0000 2999.9041 2.7423 34.9374
3043.0000 3001.8630 2.7397 34.9373
3045.0000 3003.8223 2.7399 34.9371
3047.0000 3005.7815 2.7370 34.9371
3049.0000 3007.7405 2.7337 34.9366
3051.0000 3009.6995 2.7312 34.9364
3053.0000 3011.6584 2.7316 34.9365
3055.0000 3013.6177 2.7311 34.9365
3057.0000 3015.5769 2.7314 34.9366
3059.0000 3017.5356 2.7310 34.9365
3061.0000 3019.4946 2.7311 34.9363
3063.0000 3021.4536 2.7308 34.9364
3065.0000 3023.4124 2.7310 34.9365
3067.0000 3025.3716 2.7312 34.9364
3069.0000 3027.3303 2.7307 34.9364
3071.0000 3029.2896 2.7310 34.9363
3073.0000 3031.2480 2.7302 34.9363
3075.0000 3033.2070 2.7304 34.9363
3077.0000 3035.1660 2.7266 34.9359
3079.0000 3037.1245 2.7232 34.9355
3081.0000 3039.0835 2.7231 34.9355
3083.0000 3041.0425 2.7198 34.9350
3085.0000 3043.0012 2.7183 34.9352
3087.0000 3044.9597 2.7179 34.9351
3089.0000 3046.9185 2.7177 34.9350
3091.0000 3048.8774 2.7184 34.9350
3093.0000 3050.8359 2.7177 34.9350
3095.0000 3052.7944 2.7163 34.9348
3097.0000 3054.7534 2.7154 34.9347
3099.0000 3056.7122 2.7123 34.9344
3101.0000 3058.6704 2.7097 34.9341
3103.0000 3060.6292 2.7075 34.9339
3105.0000 3062.5879 2.7045 34.9337
3107.0000 3064.5464 2.7038 34.9336
3109.0000 3066.5049 2.7023 34.9334
3111.0000 3068.4636 2.7005 34.9333
3113.0000 3070.4219 2.6988 34.9332
3115.0000 3072.3806 2.6992 34.9332
3117.0000 3074.3389 2.6986 34.9331
3119.0000 3076.2976 2.6973 34.9330
3121.0000 3078.2559 2.6958 34.9328
3123.0000 3080.2141 2.6963 34.9328
3125.0000 3082.1729 2.6951 34.9327
3127.0000 3084.1311 2.6928 34.9325
3129.0000 3086.0894 2.6916 34.9325
3131.0000 3088.0479 2.6915 34.9324
3133.0000 3090.0063 2.6920 34.9323
3135.0000 3091.9644 2.6901 34.9323
3137.0000 3093.9229 2.6901 34.9322
3139.0000 3095.8813 2.6891 34.9322
3141.0000 3097.8396 2.6873 34.9319
3143.0000 3099.7976 2.6883 34.9319
3145.0000 3101.7561 2.6867 34.9319
3147.0000 3103.7144 2.6846 34.9317
3149.0000 3105.6724 2.6833 34.9316
3151.0000 3107.6306 2.6820 34.9314
3153.0000 3109.5891 2.6803 34.9312
3155.0000 3111.5469 2.6779 34.9311
3157.0000 3113.5051 2.6774 34.9311
3159.0000 3115.4634 2.6764 34.9309
3161.0000 3117.4214 2.6764 34.9309
3163.0000 3119.3794 2.6757 34.9307
3165.0000 3121.3374 2.6740 34.9306
3167.0000 3123.2954 2.6728 34.9306
3169.0000 3125.2534 2.6725 34.9304
3171.0000 3127.2114 2.6715 34.9303
3173.0000 3129.1697 2.6698 34.9301
3175.0000 3131.1274 2.6681 34.9300
3177.0000 3133.0854 2.6666 34.9299
3179.0000 3135.0435 2.6659 34.9297
3181.0000 3137.0012 2.6627 34.9295
3183.0000 3138.9590 2.6608 34.9294
3185.0000 3140.9172 2.6607 34.9293
3187.0000 3142.8752 2.6588 34.9291
3189.0000 3144.8328 2.6574 34.9290
3191.0000 3146.7905 2.6589 34.9289
3193.0000 3148.7485 2.6532 34.9286
3195.0000 3150.7063 2.6528 34.9285
3197.0000 3152.6641 2.6515 34.9283
3199.0000 3154.6221 2.6511 34.9282
3201.0000 3156.5798 2.6495 34.9282
3203.0000 3158.5371 2.6485 34.9281
3205.0000 3160.4951 2.6470 34.9278
3207.0000 3162.4529 2.6456 34.9277
3209.0000 3164.4109 2.6448 34.9276
3211.0000 3166.3679 2.6437 34.9275
3213.0000 3168.3259 2.6430 34.9274
3215.0000 3170.2837 2.6406 34.9271
3217.0000 3172.2410 2.6396 34.9271
3219.0000 3174.1985 2.6394 34.9270
3221.0000 3176.1562 2.6382 34.9268
3223.0000 3178.1140 2.6375 34.9268
3225.0000 3180.0713 2.6371 34.9268
3227.0000 3182.0286 2.6371 34.9267
3229.0000 3183.9863 2.6352 34.9266
3231.0000 3185.9438 2.6347 34.9264
3233.0000 3187.9014 2.6331 34.9263
3235.0000 3189.8586 2.6317 34.9262
3237.0000 3191.8159 2.6311 34.9261
3239.0000 3193.7734 2.6319 34.9260
3241.0000 3195.7310 2.6287 34.9258
3243.0000 3197.6885 2.6286 34.9257
3245.0000 3199.6455 2.6269 34.9255
3247.0000 3201.6030 2.6253 34.9255
3249.0000 3203.5608 2.6249 34.9255
3251.0000 3205.5176 2.6258 34.9253
3253.0000 3207.4749 2.6251 34.9254
3255.0000 3209.4324 2.6249 34.9252
3257.0000 3211.3896 2.6245 34.9253
3259.0000 3213.3467 2.6248 34.9252
3261.0000 3215.3040 2.6244 34.9252
3263.0000 3217.2612 2.6220 34.9248
3265.0000 3219.2183 2.6201 34.9246
3267.0000 3221.1755 2.6192 34.9246
3269.0000 3223.1328 2.6211 34.9246
3271.0000 3225.0901 2.6154 34.9242
3273.0000 3227.0469 2.6143 34.9241
3275.0000 3229.0042 2.6128 34.9239
3277.0000 3230.9612 2.6107 34.9236
3279.0000 3232.9182 2.6087 34.9234
3281.0000 3234.8752 2.6080 34.9233
3283.0000 3236.8323 2.6021 34.9226
3285.0000 3238.7896 2.5983 34.9224
3287.0000 3240.7463 2.5980 34.9223
3289.0000 3242.7034 2.5979 34.9223
3291.0000 3244.6604 2.5989 34.9222
3293.0000 3246.6172 2.5975 34.9222
3295.0000 3248.5740 2.5968 34.9222
3297.0000 3250.5312 2.5961 34.9221
3299.0000 3252.4880 2.5956 34.9221
3301.0000 3254.4446 2.5938 34.9218
3303.0000 3256.4016 2.5923 34.9217
3305.0000 3258.3586 2.5909 34.9215
3307.0000 3260.3152 2.5899 34.9214
3309.0000 3262.2722 2.5893 34.9214
3311.0000 3264.2290 2.5892 34.9214
3313.0000 3266.1855 2.5906 34.9213
3315.0000 3268.1423 2.5910 34.9215
3317.0000 3270.0991 2.5893 34.9212
3319.0000 3272.0562 2.5889 34.9213
3321.0000 3274.0127 2.5881 34.9211
3323.0000 3275.9692 2.5895 34.9212
3325.0000 3277.9258 2.5869 34.9210
3327.0000 3279.8826 2.5856 34.9209
3329.0000 3281.8391 2.5825 34.9205
3331.0000 3283.7959 2.5817 34.9205
3333.0000 3285.7527 2.5797 34.9201
3335.0000 3287.7090 2.5770 34.9200
3337.0000 3289.6655 2.5767 34.9199
3339.0000 3291.6221 2.5761 34.9199
3341.0000 3293.5784 2.5735 34.9195
3343.0000 3295.5352 2.5755 34.9196
3345.0000 3297.4917 2.5721 34.9193
3347.0000 3299.4482 2.5713 34.9193
3349.0000 3301.4045 2.5710 34.9194
3351.0000 3303.3608 2.5705 34.9192
3353.0000 3305.3174 2.5704 34.9191
3355.0000 3307.2737 2.5703 34.9192
3357.0000 3309.2300 2.5702 34.9191
3359.0000 3311.1865 2.5688 34.9190
3361.0000 3313.1431 2.5682 34.9189
3363.0000 3315.0994 2.5668 34.9188
3365.0000 3317.0557 2.5663 34.9187
3367.0000 3319.0117 2.5660 34.9186
3369.0000 3320.9678 2.5655 34.9186
3371.0000 3322.9243 2.5643 34.9185
3373.0000 3324.8806 2.5636 34.9183
3375.0000 3326.8367 2.5627 34.9183
3377.0000 3328.7930 2.5627 34.9182
3379.0000 3330.7493 2.5617 34.9180
3381.0000 3332.7056 2.5600 34.9180
3383.0000 3334.6614 2.5594 34.9179
3385.0000 3336.6177 2.5590 34.9178
3387.0000 3338.5737 2.5581 34.9176
3389.0000 3340.5298 2.5577 34.9177
3391.0000 3342.4861 2.5579 34.9177
3393.0000 3344.4421 2.5582 34.9177
3395.0000 3346.3984 2.5581 34.9176
3397.0000 3348.3542 2.5574 34.9174
3399.0000 3350.3103 2.5545 34.9173
3401.0000 3352.2664 2.5542 34.9173
3403.0000 3354.2219 2.5537 34.9171
3405.0000 3356.1780 2.5545 34.9170
3407.0000 3358.1343 2.5538 34.9170
3409.0000 3360.0901 2.5539 34.9171
3411.0000 3362.0457 2.5537 34.9171
3413.0000 3364.0020 2.5531 34.9170
3415.0000 3365.9578 2.5531 34.9169
3417.0000 3367.9133 2.5525 34.9168
3419.0000 3369.8696 2.5510 34.9166
3421.0000 3371.8254 2.5502 34.9166
3423.0000 3373.7812 2.5499 34.9165
3425.0000 3375.7368 2.5497 34.9165
3427.0000 3377.6926 2.5489 34.9164
3429.0000 3379.6482 2.5479 34.9162
3431.0000 3381.6038 2.5458 34.9160
3433.0000 3383.5596 2.5445 34.9159
3435.0000 3385.5154 2.5434 34.9158
3437.0000 3387.4709 2.5428 34.9157
3439.0000 3389.4268 2.5419 34.9156
3441.0000 3391.3823 2.5416 34.9156
3443.0000 3393.3381 2.5412 34.9155
3445.0000 3395.2937 2.5406 34.9154
3447.0000 3397.2493 2.5404 34.9155
3449.0000 3399.2051 2.5399 34.9154
3451.0000 3401.1606 2.5406 34.9152
3453.0000 3403.1160 2.5395 34.9153
3455.0000 3405.0718 2.5393 34.9152
3457.0000 3407.0273 2.5397 34.9151
3459.0000 3408.9824 2.5390 34.9153
3461.0000 3410.9382 2.5391 34.9152
3463.0000 3412.8938 2.5389 34.9151
3465.0000 3414.8489 2.5392 34.9151
3467.0000 3416.8044 2.5393 34.9151
3469.0000 3418.7598 2.5395 34.9151
3471.0000 3420.7153 2.5400 34.9151
3473.0000 3422.6704 2.5404 34.9152
3475.0000 3424.6257 2.5392 34.9149
3477.0000 3426.5813 2.5376 34.9149
3479.0000 3428.5364 2.5397 34.9149
3481.0000 3430.4919 2.5383 34.9148
3483.0000 3432.4473 2.5380 34.9149
3485.0000 3434.4023 2.5378 34.9148
3487.0000 3436.3574 2.5379 34.9147
3489.0000 3438.3130 2.5364 34.9146
3491.0000 3440.2678 2.5352 34.9145
3493.0000 3442.2231 2.5341 34.9143
3495.0000 3444.1785 2.5339 34.9143
3497.0000 3446.1335 2.5332 34.9142
3499.0000 3448.0886 2.5318 34.9141
3501.0000 3450.0437 2.5309 34.9139
3503.0000 3451.9990 2.5300 34.9138
3505.0000 3453.9541 2.5290 34.9138
3507.0000 3455.9089 2.5287 34.9138
3509.0000 3457.8643 2.5277 34.9136
3511.0000 3459.8193 2.5269 34.9135
3513.0000 3461.7739 2.5268 34.9134
3515.0000 3463.7290 2.5259 34.9134
3517.0000 3465.6841 2.5248 34.9132
3519.0000 3467.6392 2.5241 34.9132
3521.0000 3469.5942 2.5241 34.9132
3523.0000 3471.5493 2.5233 34.9130
3525.0000 3473.5039 2.5238 34.9130
3527.0000 3475.4585 2.5229 34.9131
3529.0000 3477.4136 2.5220 34.9128
3531.0000 3479.3687 2.5205 34.9128
3533.0000 3481.3237 2.5199 34.9125
3535.0000 3483.2783 2.5197 34.9127
3537.0000 3485.2329 2.5193 34.9126
3539.0000 3487.1880 2.5191 34.9125
3541.0000 3489.1426 2.5190 34.9125
3543.0000 3491.0974 2.5188 34.9124
3545.0000 3493.0522 2.5190 34.9125
3547.0000 3495.0073 2.5176 34.9122
3549.0000 3496.9617 2.5168 34.9122
3551.0000 3498.9167 2.5165 34.9122
3553.0000 3500.8713 2.5166 34.9121
3555.0000 3502.8254 2.5168 34.9121
3557.0000 3504.7805 2.5171 34.9122
3559.0000 3506.7351 2.5175 34.9122
3561.0000 3508.6895 2.5175 34.9122
3563.0000 3510.6440 2.5178 34.9121
3565.0000 3512.5986 2.5182 34.9122
3567.0000 3514.5532 2.5182 34.9121
3569.0000 3516.5076 2.5183 34.9120
3571.0000 3518.4622 2.5180 34.9119
3573.0000 3520.4167 2.5162 34.9119
3575.0000 3522.3711 2.5157 34.9118
3577.0000 3524.3257 2.5142 34.9116
3579.0000 3526.2803 2.5130 34.9115
3581.0000 3528.2346 2.5126 34.9114
3583.0000 3530.1887 2.5118 34.9113
3585.0000 3532.1433 2.5103 34.9112
3587.0000 3534.0979 2.5099 34.9111
3589.0000 3536.0522 2.5091 34.9110
3591.0000 3538.0063 2.5097 34.9109
3593.0000 3539.9612 2.5087 34.9109
3595.0000 3541.9153 2.5083 34.9108
3597.0000 3543.8696 2.5079 34.9109
3599.0000 3545.8237 2.5080 34.9109
3601.0000 3547.7778 2.5080 34.9108
3603.0000 3549.7322 2.5081 34.9106
3605.0000 3551.6863 2.5067 34.9107
3607.0000 3553.6406 2.5048 34.9103
3609.0000 3555.5947 2.5033 34.9102
3611.0000 3557.5491 2.5025 34.9101
3613.0000 3559.5032 2.5012 34.9099
3615.0000 3561.4575 2.5007 34.9099
3617.0000 3563.4114 2.5008 34.9098
3619.0000 3565.3655 2.5004 34.9099
3621.0000 3567.3196 2.4997 34.9097
3623.0000 3569.2739 2.4991 34.9096
3625.0000 3571.2278 2.4988 34.9097
3627.0000 3573.1819 2.4973 34.9094
3629.0000 3575.1357 2.4966 34.9093
3631.0000 3577.0898 2.4951 34.9092
3633.0000 3579.0437 2.4950 34.9091
3635.0000 3580.9978 2.4942 34.9091
3637.0000 3582.9517 2.4937 34.9090
3639.0000 3584.9055 2.4933 34.9092
3641.0000 3586.8596 2.4930 34.9090
3643.0000 3588.8135 2.4924 34.9089
3645.0000 3590.7668 2.4920 34.9089
3647.0000 3592.7212 2.4924 34.9087
3649.0000 3594.6753 2.4913 34.9089
3651.0000 3596.6287 2.4910 34.9088
3653.0000 3598.5825 2.4900 34.9086
3655.0000 3600.5364 2.4894 34.9084
3657.0000 3602.4905 2.4892 34.9085
3659.0000 3604.4438 2.4901 34.9084
3661.0000 3606.3977 2.4899 34.9085
3663.0000 3608.3516 2.4899 34.9085
3665.0000 3610.3049 2.4892 34.9083
3667.0000 3612.2588 2.4865 34.9081
3669.0000 3614.2124 2.4887 34.9082
3671.0000 3616.1663 2.4867 34.9080
3673.0000 3618.1196 2.4850 34.9080
3675.0000 3620.0735 2.4850 34.9080
3677.0000 3622.0271 2.4846 34.9077
3679.0000 3623.9807 2.4834 34.9077
3681.0000 3625.9341 2.4831 34.9076
3683.0000 3627.8877 2.4815 34.9074
3685.0000 3629.8411 2.4807 34.9074
3687.0000 3631.7944 2.4804 34.9073
3689.0000 3633.7478 2.4804 34.9073
3691.0000 3635.7021 2.4800 34.9072
3693.0000 3637.6550 2.4795 34.9073
3695.0000 3639.6084 2.4794 34.9071
3697.0000 3641.5623 2.4796 34.9071
3699.0000 3643.5151 2.4791 34.9071
3701.0000 3645.4685 2.4784 34.9070
3703.0000 3647.4224 2.4776 34.9068
3705.0000 3649.3757 2.4768 34.9069
3707.0000 3651.3286 2.4766 34.9067
3709.0000 3653.2820 2.4763 34.9067
3711.0000 3655.2354 2.4764 34.9067
3713.0000 3657.1885 2.4770 34.9066
3715.0000 3659.1423 2.4767 34.9067
3717.0000 3661.0955 2.4757 34.9066
3719.0000 3663.0486 2.4748 34.9064
3721.0000 3665.0015 2.4743 34.9063
3723.0000 3666.9548 2.4742 34.9063
3725.0000 3668.9082 2.4751 34.9063
3727.0000 3670.8613 2.4736 34.9063
3729.0000 3672.8147 2.4735 34.9061
3731.0000 3674.7676 2.4730 34.9061
3733.0000 3676.7209 2.4737 34.9061
3735.0000 3678.6738 2.4724 34.9060
3737.0000 3680.6267 2.4711 34.9060
3739.0000 3682.5801 2.4717 34.9058
3741.0000 3684.5327 2.4708 34.9058
3743.0000 3686.4856 2.4678 34.9055
3745.0000 3688.4390 2.4664 34.9053
3747.0000 3690.3923 2.4660 34.9053
3749.0000 3692.3450 2.4657 34.9052
3751.0000 3694.2979 2.4646 34.9051
3753.0000 3696.2510 2.4642 34.9051
3755.0000 3698.2039 2.4633 34.9051
3757.0000 3700.1567 2.4626 34.9049
3759.0000 3702.1099 2.4611 34.9048
3761.0000 3704.0623 2.4635 34.9048
3763.0000 3706.0154 2.4593 34.9045
3765.0000 3707.9683 2.4590 34.9045
3767.0000 3709.9211 2.4588 34.9044
3769.0000 3711.8738 2.4605 34.9044
3771.0000 3713.8262 2.4579 34.9042
3773.0000 3715.7795 2.4551 34.9040
3775.0000 3717.7317 2.4537 34.9038
3777.0000 3719.6848 2.4527 34.9038
3779.0000 3721.6372 2.4534 34.9037
3781.0000 3723.5906 2.4525 34.9037
3783.0000 3725.5427 2.4524 34.9037
3785.0000 3727.4956 2.4517 34.9035
3787.0000 3729.4482 2.4503 34.9036
3789.0000 3731.4009 2.4511 34.9034
3791.0000 3733.3533 2.4508 34.9035
3793.0000 3735.3062 2.4510 34.9036
3795.0000 3737.2588 2.4512 34.9035
3797.0000 3739.2114 2.4506 34.9034
3799.0000 3741.1638 2.4502 34.9034
3801.0000 3743.1165 2.4499 34.9033
3803.0000 3745.0686 2.4496 34.9033
3805.0000 3747.0215 2.4493 34.9032
3807.0000 3748.9739 2.4487 34.9032
3809.0000 3750.9265 2.4495 34.9030
3811.0000 3752.8782 2.4488 34.9030
3813.0000 3754.8311 2.4486 34.9030
3815.0000 3756.7837 2.4485 34.9031
3817.0000 3758.7354 2.4486 34.9030
3819.0000 3760.6880 2.4485 34.9030
3821.0000 3762.6409 2.4483 34.9029
3823.0000 3764.5925 2.4487 34.9028
3825.0000 3766.5452 2.4474 34.9028
3827.0000 3768.4976 2.4466 34.9027
3829.0000 3770.4502 2.4458 34.9026
3831.0000 3772.4019 2.4449 34.9024
3833.0000 3774.3540 2.4443 34.9023
3835.0000 3776.3066 2.4438 34.9023
3837.0000 3778.2588 2.4434 34.9023
3839.0000 3780.2107 2.4426 34.9022
3841.0000 3782.1633 2.4419 34.9021
3843.0000 3784.1155 2.4420 34.9021
3845.0000 3786.0671 2.4414 34.9018
3847.0000 3788.0193 2.4407 34.9018
3849.0000 3789.9717 2.4406 34.9019
3851.0000 3791.9236 2.4405 34.9018
3853.0000 3793.8755 2.4395 34.9017
3855.0000 3795.8281 2.4385 34.9016
3857.0000 3797.7803 2.4385 34.9016
3859.0000 3799.7319 2.4384 34.9016
3861.0000 3801.6841 2.4378 34.9015
3863.0000 3803.6362 2.4377 34.9015
3865.0000 3805.5879 2.4373 34.9014
3867.0000 3807.5400 2.4376 34.9012
3869.0000 3809.4922 2.4363 34.9013
3871.0000 3811.4438 2.4362 34.9012
3873.0000 3813.3955 2.4353 34.9011
3875.0000 3815.3477 2.4345 34.9011
3877.0000 3817.2998 2.4351 34.9010
3879.0000 3819.2510 2.4346 34.9011
3881.0000 3821.2031 2.4349 34.9011
3883.0000 3823.1548 2.4349 34.9010
3885.0000 3825.1064 2.4350 34.9011
3887.0000 3827.0586 2.4353 34.9009
3889.0000 3829.0103 2.4354 34.9010
3891.0000 3830.9619 2.4350 34.9009
3893.0000 3832.9138 2.4346 34.9008
3895.0000 3834.8655 2.4350 34.9008
3897.0000 3836.8171 2.4344 34.9007
3899.0000 3838.7688 2.4333 34.9006
3901.0000 3840.7205 2.4335 34.9007
3903.0000 3842.6721 2.4326 34.9005
3905.0000 3844.6238 2.4317 34.9005
3907.0000 3846.5752 2.4319 34.9004
3909.0000 3848.5269 2.4317 34.9004
3911.0000 3850.4790 2.4320 34.9003
3913.0000 3852.4299 2.4320 34.9004
3915.0000 3854.3818 2.4323 34.9005
3917.0000 3856.3333 2.4322 34.9004
3919.0000 3858.2849 2.4321 34.9005
3921.0000 3860.2361 2.4319 34.9003
3923.0000 3862.1880 2.4325 34.9002
3925.0000 3864.1392 2.4317 34.9002
3927.0000 3866.0903 2.4311 34.9001
3929.0000 3868.0422 2.4305 34.9000
3931.0000 3869.9934 2.4299 34.8999
3933.0000 3871.9451 2.4311 34.8999
3935.0000 3873.8960 2.4278 34.8998
3937.0000 3875.8477 2.4268 34.8997
3939.0000 3877.7988 2.4265 34.8997
3941.0000 3879.7498 2.4264 34.8996
3943.0000 3881.7014 2.4260 34.8994
3945.0000 3883.6528 2.4254 34.8994
3947.0000 3885.6040 2.4247 34.8993
3949.0000 3887.5554 2.4243 34.8993
3951.0000 3889.5066 2.4242 34.8992
3953.0000 3891.4578 2.4235 34.8991
3955.0000 3893.4087 2.4227 34.8991
3957.0000 3895.3601 2.4221 34.8990
3959.0000 3897.3113 2.4220 34.8990
3961.0000 3899.2622 2.4221 34.8989
3963.0000 3901.2139 2.4221 34.8989
3965.0000 3903.1646 2.4220 34.8989
3967.0000 3905.1160 2.4220 34.8988
3969.0000 3907.0669 2.4213 34.8988
3971.0000 3909.0176 2.4210 34.8988
3973.0000 3910.9692 2.4204 34.8986
3975.0000 3912.9199 2.4212 34.8985
3977.0000 3914.8706 2.4211 34.8987
3979.0000 3916.8220 2.4192 34.8984
3981.0000 3918.7732 2.4189 34.8983
3983.0000 3920.7241 2.4177 34.8982
3985.0000 3922.6748 2.4173 34.8982
3987.0000 3924.6257 2.4172 34.8982
3989.0000 3926.5767 2.4173 34.8981
3991.0000 3928.5276 2.4175 34.8982
3993.0000 3930.4788 2.4176 34.8983
3995.0000 3932.4297 2.4177 34.8982
3997.0000 3934.3801 2.4177 34.8981
3999.0000 3936.3308 2.4178 34.8981
4001.0000 3938.2817 2.4178 34.8981
4003.0000 3940.2327 2.4180 34.8981
4005.0000 3942.1831 2.4183 34.8981
4007.0000 3944.1343 2.4180 34.8980
4009.0000 3946.0847 2.4178 34.8980
4011.0000 3948.0356 2.4184 34.8979
4013.0000 3949.9861 2.4182 34.8979
4015.0000 3951.9370 2.4180 34.8980
4017.0000 3953.8875 2.4181 34.8979
4019.0000 3955.8381 2.4180 34.8980
4021.0000 3957.7891 2.4178 34.8978
4023.0000 3959.7390 2.4174 34.8978
4025.0000 3961.6899 2.4174 34.8979
4027.0000 3963.6409 2.4174 34.8978
4029.0000 3965.5916 2.4174 34.8977
4031.0000 3967.5417 2.4174 34.8976
4033.0000 3969.4924 2.4161 34.8976
4035.0000 3971.4429 2.4147 34.8975
4037.0000 3973.3931 2.4142 34.8973
4039.0000 3975.3438 2.4149 34.8973
4041.0000 3977.2942 2.4141 34.8973
4043.0000 3979.2451 2.4139 34.8973
4045.0000 3981.1948 2.4135 34.8972
4047.0000 3983.1455 2.4136 34.8972
4049.0000 3985.0959 2.4134 34.8971
4051.0000 3987.0464 2.4127 34.8970
4053.0000 3988.9963 2.4133 34.8969
4055.0000 3990.9473 2.4120 34.8970
4057.0000 3992.8972 2.4116 34.8969
4059.0000 3994.8477 2.4103 34.8967
4061.0000 3996.7979 2.4105 34.8966
4063.0000 3998.7485 2.4103 34.8966
4065.0000 4000.6982 2.4083 34.8964
4067.0000 4002.6487 2.4067 34.8963
4069.0000 4004.5991 2.4064 34.8962
4071.0000 4006.5496 2.4060 34.8962
4073.0000 4008.4990 2.4057 34.8962
4075.0000 4010.4495 2.4060 34.8961
4077.0000 4012.3997 2.4052 34.8960
4079.0000 4014.3501 2.4051 34.8960
4081.0000 4016.3000 2.4050 34.8960
4083.0000 4018.2505 2.4048 34.8960
4085.0000 4020.2000 2.4051 34.8959
4087.0000 4022.1501 2.4054 34.8959
4089.0000 4024.1001 2.4037 34.8958
4091.0000 4026.0505 2.4027 34.8957
4093.0000 4028.0000 2.4025 34.8956
4095.0000 4029.9504 2.4019 34.8956
4097.0000 4031.9001 2.4039 34.8956
4099.0000 4033.8501 2.4019 34.8956
4101.0000 4035.8000 2.4014 34.8955
4103.0000 4037.7502 2.4006 34.8954
4105.0000 4039.7002 2.4015 34.8953
4107.0000 4041.6499 2.4003 34.8953
4109.0000 4043.5999 2.4004 34.8953
4111.0000 4045.5498 2.4003 34.8953
4113.0000 4047.4990 2.4004 34.8953
4115.0000 4049.4495 2.4005 34.8953
4117.0000 4051.3989 2.4006 34.8951
4119.0000 4053.3491 2.4008 34.8951
4121.0000 4055.2983 2.4004 34.8952
4123.0000 4057.2485 2.4003 34.8953
4125.0000 4059.1982 2.4002 34.8952
4127.0000 4061.1479 2.4004 34.8951
4129.0000 4063.0979 2.4011 34.8951
4131.0000 4065.0474 2.4008 34.8952
4133.0000 4066.9973 2.4011 34.8952
4135.0000 4068.9465 2.4009 34.8951
4137.0000 4070.8962 2.4013 34.8949
4139.0000 4072.8457 2.4009 34.8950
4141.0000 4074.7954 2.4008 34.8951
4143.0000 4076.7451 2.4002 34.8949
4145.0000 4078.6946 2.4003 34.8949
4147.0000 4080.6438 2.4008 34.8948
4149.0000 4082.5938 2.4003 34.8949
4151.0000 4084.5435 2.4000 34.8948
4153.0000 4086.4929 2.3997 34.8948
4155.0000 4088.4421 2.4004 34.8947
4157.0000 4090.3918 2.4002 34.8948
4159.0000 4092.3413 2.3998 34.8947
4161.0000 4094.2900 2.3996 34.8947
4163.0000 4096.2402 2.3995 34.8947
4165.0000 4098.1895 2.3993 34.8946
4167.0000 4100.1387 2.3993 34.8946
4169.0000 4102.0879 2.3995 34.8946
4171.0000 4104.0371 2.3996 34.8946
4173.0000 4105.9868 2.3992 34.8946
4175.0000 4107.9355 2.3996 34.8944
4177.0000 4109.8853 2.3988 34.8944
4179.0000 4111.8350 2.3986 34.8944
4181.0000 4113.7842 2.3986 34.8943
4183.0000 4115.7329 2.3990 34.8942
4185.0000 4117.6821 2.3988 34.8943
4187.0000 4119.6318 2.3983 34.8942
4189.0000 4121.5806 2.3978 34.8941
4191.0000 4123.5298 2.3981 34.8941
4193.0000 4125.4795 2.3976 34.8942
4195.0000 4127.4287 2.3973 34.8941
4197.0000 4129.3774 2.3973 34.8941
4199.0000 4131.3267 2.3963 34.8939
4201.0000 4133.2759 2.3950 34.8938
4203.0000 4135.2251 2.3949 34.8937
4205.0000 4137.1738 2.3951 34.8937
4207.0000 4139.1226 2.3951 34.8937
4209.0000 4141.0718 2.3956 34.8937
4211.0000 4143.0205 2.3955 34.8936
4213.0000 4144.9697 2.3960 34.8936
4215.0000 4146.9185 2.3965 34.8937
4217.0000 4148.8677 2.3966 34.8938
4219.0000 4150.8169 2.3965 34.8937
4221.0000 4152.7656 2.3962 34.8937
4223.0000 4154.7144 2.3961 34.8936
4225.0000 4156.6631 2.3961 34.8936
4227.0000 4158.6123 2.3959 34.8936
4229.0000 4160.5615 2.3961 34.8936
4231.0000 4162.5098 2.3960 34.8935
4233.0000 4164.4585 2.3963 34.8934
4235.0000 4166.4077 2.3961 34.8935
4237.0000 4168.3564 2.3962 34.8935
4239.0000 4170.3052 2.3961 34.8934
4241.0000 4172.2539 2.3959 34.8934
4243.0000 4174.2031 2.3962 34.8932
4245.0000 4176.1514 2.3952 34.8932
4247.0000 4178.1001 2.3943 34.8931
4249.0000 4180.0488 2.3941 34.8930
4251.0000 4181.9976 2.3938 34.8930
4253.0000 4183.9458 2.3943 34.8930
4255.0000 4185.8945 2.3949 34.8930
4257.0000 4187.8438 2.3932 34.8930
4259.0000 4189.7915 2.3930 34.8928
4261.0000 4191.7402 2.3926 34.8929
4263.0000 4193.6890 2.3925 34.8928
4265.0000 4195.6372 2.3922 34.8928
4267.0000 4197.5864 2.3918 34.8928
4269.0000 4199.5352 2.3917 34.8927
4271.0000 4201.4834 2.3915 34.8925
4273.0000 4203.4316 2.3916 34.8925
4275.0000 4205.3804 2.3906 34.8926
4277.0000 4207.3286 2.3905 34.8925
4279.0000 4209.2769 2.3904 34.8925
4281.0000 4211.2256 2.3904 34.8924
4283.0000 4213.1738 2.3905 34.8924
4285.0000 4215.1221 2.3909 34.8923
4287.0000 4217.0703 2.3902 34.8924
4289.0000 4219.0186 2.3897 34.8922
4291.0000 4220.9673 2.3893 34.8922
4293.0000 4222.9155 2.3902 34.8921
4295.0000 4224.8633 2.3896 34.8921
4297.0000 4226.8120 2.3889 34.8921
4299.0000 4228.7603 2.3885 34.8920
4301.0000 4230.7085 2.3884 34.8919
4303.0000 4232.6567 2.3878 34.8920
4305.0000 4234.6050 2.3875 34.8918
4307.0000 4236.5527 2.3880 34.8917
4309.0000 4238.5015 2.3880 34.8919
4311.0000 4240.4497 2.3875 34.8918
4313.0000 4242.3975 2.3866 34.8917
4315.0000 4244.3457 2.3881 34.8916
4317.0000 4246.2939 2.3872 34.8916
4319.0000 4248.2422 2.3869 34.8916
4321.0000 4250.1895 2.3865 34.8917
4323.0000 4252.1382 2.3865 34.8915
4325.0000 4254.0864 2.3864 34.8915
4327.0000 4256.0337 2.3868 34.8914
4329.0000 4257.9819 2.3864 34.8915
4331.0000 4259.9302 2.3859 34.8913
4333.0000 4261.8784 2.3844 34.8913
4335.0000 4263.8257 2.3844 34.8912
4337.0000 4265.7739 2.3851 34.8911
4339.0000 4267.7222 2.3837 34.8911
4341.0000 4269.6694 2.3836 34.8911
4343.0000 4271.6177 2.3835 34.8910
4345.0000 4273.5654 2.3836 34.8911
4347.0000 4275.5132 2.3838 34.8911
4349.0000 4277.4609 2.3837 34.8910
4351.0000 4279.4092 2.3836 34.8910
4353.0000 4281.3569 2.3841 34.8909
4355.0000 4283.3047 2.3837 34.8910
4357.0000 4285.2520 2.3833 34.8909
4359.0000 4287.2002 2.3826 34.8908
4361.0000 4289.1479 2.3825 34.8907
4363.0000 4291.0952 2.3823 34.8907
4365.0000 4293.0435 2.3816 34.8905
4367.0000 4294.9912 2.3814 34.8905
4369.0000 4296.9385 2.3810 34.8904
4371.0000 4298.8857 2.3809 34.8904
4373.0000 4300.8335 2.3811 34.8905
4375.0000 4302.7812 2.3811 34.8904
4377.0000 4304.7290 2.3809 34.8904
4379.0000 4306.6768 2.3811 34.8904
4381.0000 4308.6240 2.3811 34.8904
4383.0000 4310.5718 2.3811 34.8902
4385.0000 4312.5195 2.3806 34.8903
4387.0000 4314.4668 2.3808 34.8903
4389.0000 4316.4141 2.3809 34.8902
4391.0000 4318.3613 2.3807 34.8901
4393.0000 4320.3096 2.3807 34.8901
4395.0000 4322.2568 2.3808 34.8904
4397.0000 4324.2036 2.3807 34.8901
4399.0000 4326.1514 2.3809 34.8901
4401.0000 4328.0991 2.3807 34.8901
4403.0000 4330.0459 2.3813 34.8900
4405.0000 4331.9932 2.3810 34.8901
4407.0000 4333.9409 2.3811 34.8900
4409.0000 4335.8882 2.3807 34.8900
4411.0000 4337.8354 2.3801 34.8899
4413.0000 4339.7832 2.3811 34.8898
4415.0000 4341.7300 2.3803 34.8897
4417.0000 4343.6772 2.3801 34.8898
4419.0000 4345.6245 2.3805 34.8899
4421.0000 4347.5718 2.3805 34.8898
4423.0000 4349.5190 2.3804 34.8898
4425.0000 4351.4658 2.3810 34.8896
4427.0000 4353.4136 2.3808 34.8898
4429.0000 4355.3604 2.3804 34.8897
4431.0000 4357.3076 2.3804 34.8896
4433.0000 4359.2549 2.3813 34.8895
4435.0000 4361.2017 2.3808 34.8897
4437.0000 4363.1489 2.3805 34.8896
4439.0000 4365.0957 2.3804 34.8896
4441.0000 4367.0435 2.3806 34.8896
4443.0000 4368.9907 2.3805 34.8895
4445.0000 4370.9365 2.3809 34.8894
4447.0000 4372.8843 2.3806 34.8895
4449.0000 4374.8311 2.3800 34.8894
4451.0000 4376.7778 2.3800 34.8894
4453.0000 4378.7251 2.3800 34.8894
4455.0000 4380.6719 2.3800 34.8893
4457.0000 4382.6187 2.3799 34.8893
4459.0000 4384.5654 2.3796 34.8892
4461.0000 4386.5127 2.3797 34.8892
4463.0000 4388.4595 2.3797 34.8893
4465.0000 4390.4062 2.3795 34.8891
4467.0000 4392.3530 2.3797 34.8890
4469.0000 4394.2998 2.3795 34.8891
4471.0000 4396.2471 2.3797 34.8891
4473.0000 4398.1938 2.3796 34.8890
4475.0000 4400.1401 2.3795 34.8890
4477.0000 4402.0874 2.3797 34.8890
4479.0000 4404.0337 2.3799 34.8890
4481.0000 4405.9805 2.3801 34.8891
4483.0000 4407.9272 2.3805 34.8891
4485.0000 4409.8735 2.3807 34.8891
4487.0000 4411.8208 2.3808 34.8891
4489.0000 4413.7671 2.3807 34.8890
4491.0000 4415.7139 2.3807 34.8889
4493.0000 4417.6602 2.3809 34.8889
4495.0000 4419.6069 2.3812 34.8890
4497.0000 4421.5537 2.3812 34.8889
4499.0000 4423.5000 2.3812 34.8890
4501.0000 4425.4468 2.3811 34.8889
4503.0000 4427.3936 2.3811 34.8888
4505.0000 4429.3398 2.3814 34.8887
4507.0000 4431.2861 2.3813 34.8888
4509.0000 4433.2324 2.3813 34.8888
4511.0000 4435.1792 2.3807 34.8887
4513.0000 4437.1255 2.3804 34.8887
4515.0000 4439.0723 2.3817 34.8886
4517.0000 4441.0186 2.3814 34.8886
4519.0000 4442.9653 2.3807 34.8887
4521.0000 4444.9106 2.3806 34.8886
4523.0000 4446.8574 2.3806 34.8887
4525.0000 4448.8042 2.3812 34.8884
4527.0000 4450.7500 2.3816 34.8885
4529.0000 4452.6968 2.3811 34.8885
4531.0000 4454.6426 2.3814 34.8884
4533.0000 4456.5894 2.3814 34.8885
4535.0000 4458.5352 2.3818 34.8884
4537.0000 4460.4814 2.3817 34.8885
4539.0000 4462.4277 2.3817 34.8883
4541.0000 4464.3735 2.3812 34.8883
4543.0000 4466.3203 2.3810 34.8883
4545.0000 4468.2666 2.3820 34.8882
4547.0000 4470.2124 2.3810 34.8883
4549.0000 4472.1587 2.3807 34.8882
4551.0000 4474.1045 2.3805 34.8882
4553.0000 4476.0513 2.3808 34.8882
4555.0000 4477.9971 2.3807 34.8881
4557.0000 4479.9424 2.3807 34.8882
4559.0000 4481.8887 2.3807 34.8882
4561.0000 4483.8345 2.3806 34.8881
4563.0000 4485.7808 2.3805 34.8880
4565.0000 4487.7271 2.3804 34.8880
4567.0000 4489.6733 2.3803 34.8879
4569.0000 4491.6191 2.3804 34.8880
4571.0000 4493.5649 2.3807 34.8880
4573.0000 4495.5112 2.3809 34.8880
4575.0000 4497.4570 2.3810 34.8878
4577.0000 4499.4028 2.3812 34.8878
4579.0000 4501.3491 2.3812 34.8879
4581.0000 4503.2944 2.3813 34.8879
4583.0000 4505.2402 2.3813 34.8879
4585.0000 4507.1860 2.3814 34.8879
4587.0000 4509.1318 2.3815 34.8877
4589.0000 4511.0776 2.3807 34.8877
4591.0000 4513.0234 2.3806 34.8877
4593.0000 4514.9692 2.3806 34.8877
4595.0000 4516.9150 2.3809 34.8876
4597.0000 4518.8608 2.3810 34.8876
4599.0000 4520.8066 2.3810 34.8876
4601.0000 4522.7524 2.3814 34.8874
4603.0000 4524.6978 2.3813 34.8876
4605.0000 4526.6436 2.3816 34.8876
4607.0000 4528.5894 2.3816 34.8876
4609.0000 4530.5347 2.3819 34.8876
4611.0000 4532.4810 2.3823 34.8876
4613.0000 4534.4263 2.3824 34.8876
4615.0000 4536.3716 2.3827 34.8874
4617.0000 4538.3169 2.3831 34.8876
4619.0000 4540.2627 2.3834 34.8875
4621.0000 4542.2080 2.3834 34.8875
4623.0000 4544.1533 2.3837 34.8874
4625.0000 4546.0991 2.3838 34.8875
4627.0000 4548.0449 2.3830 34.8874
4629.0000 4549.9902 2.3830 34.8875
4631.0000 4551.9355 2.3830 34.8873
4633.0000 4553.8809 2.3833 34.8874
4635.0000 4555.8267 2.3834 34.8874
4637.0000 4557.7715 2.3836 34.8873
4639.0000 4559.7173 2.3836 34.8874
4641.0000 4561.6631 2.3835 34.8874
4643.0000 4563.6084 2.3835 34.8872
4645.0000 4565.5532 2.3836 34.8872
4647.0000 4567.4985 2.3834 34.8873
4649.0000 4569.4438 2.3829 34.8871
4651.0000 4571.3892 2.3828 34.8871
4653.0000 4573.3345 2.3832 34.8871
4655.0000 4575.2798 2.3830 34.8871
4657.0000 4577.2251 2.3825 34.8870
4659.0000 4579.1699 2.3828 34.8870
4661.0000 4581.1157 2.3829 34.8870
4663.0000 4583.0605 2.3833 34.8869
4665.0000 4585.0054 2.3833 34.8869
4667.0000 4586.9507 2.3834 34.8869
4669.0000 4588.8960 2.3833 34.8869
4671.0000 4590.8408 2.3836 34.8868
4673.0000 4592.7861 2.3835 34.8869
4675.0000 4594.7310 2.3838 34.8869
4677.0000 4596.6768 2.3840 34.8869
4679.0000 4598.6211 2.3841 34.8869
4681.0000 4600.5664 2.3846 34.8868
4683.0000 4602.5117 2.3848 34.8868
4685.0000 4604.4561 2.3846 34.8868
4687.0000 4606.4009 2.3843 34.8868
4689.0000 4608.3462 2.3840 34.8867
4691.0000 4610.2915 2.3841 34.8867
4693.0000 4612.2358 2.3843 34.8867
4695.0000 4614.1807 2.3847 34.8865
4697.0000 4616.1260 2.3844 34.8866
4699.0000 4618.0703 2.3847 34.8866
4701.0000 4620.0151 2.3846 34.8866
4703.0000 4621.9604 2.3846 34.8866
4705.0000 4623.9053 2.3849 34.8865
4707.0000 4625.8501 2.3849 34.8865
4709.0000 4627.7949 2.3851 34.8865
4711.0000 4629.7397 2.3855 34.8866
4713.0000 4631.6841 2.3855 34.8866
4715.0000 4633.6289 2.3857 34.8864
4717.0000 4635.5737 2.3858 34.8865
4719.0000 4637.5190 2.3861 34.8865
4721.0000 4639.4634 2.3862 34.8866
4723.0000 4641.4077 2.3862 34.8864
4725.0000 4643.3530 2.3865 34.8863
4727.0000 4645.2969 2.3865 34.8864
4729.0000 4647.2422 2.3867 34.8864
4731.0000 4649.1865 2.3866 34.8863
4733.0000 4651.1313 2.3870 34.8863
4735.0000 4653.0757 2.3874 34.8865
4737.0000 4655.0200 2.3879 34.8864
4739.0000 4656.9648 2.3880 34.8864
4741.0000 4658.9087 2.3879 34.8864
4743.0000 4660.8535 2.3884 34.8862
4745.0000 4662.7979 2.3884 34.8864
4747.0000 4664.7422 2.3887 34.8864
4749.0000 4666.6865 2.3887 34.8864
4751.0000 4668.6313 2.3886 34.8864
4753.0000 4670.5762 2.3890 34.8862
4755.0000 4672.5205 2.3890 34.8862
4757.0000 4674.4648 2.3891 34.8863
4759.0000 4676.4097 2.3891 34.8863
4761.0000 4678.3530 2.3893 34.8863
4763.0000 4680.2979 2.3897 34.8863
4765.0000 4682.2422 2.3898 34.8863
4767.0000 4684.1865 2.3903 34.8864
4769.0000 4686.1304 2.3906 34.8863
4771.0000 4688.0747 2.3909 34.8861
4773.0000 4690.0190 2.3912 34.8862
4775.0000 4691.9629 2.3918 34.8863
4777.0000 4693.9077 2.3919 34.8863
4779.0000 4695.8521 2.3919 34.8863
4781.0000 4697.7964 2.3919 34.8863
4783.0000 4699.7402 2.3925 34.8861
4785.0000 4701.6846 2.3925 34.8862
4787.0000 4703.6284 2.3928 34.8863
4789.0000 4705.5723 2.3930 34.8863
4791.0000 4707.5166 2.3930 34.8862
4793.0000 4709.4604 2.3933 34.8861
4795.0000 4711.4048 2.3931 34.8862
4797.0000 4713.3491 2.3932 34.8861
4799.0000 4715.2935 2.3936 34.8862
4801.0000 4717.2368 2.3944 34.8862
4803.0000 4719.1807 2.3946 34.8862
4805.0000 4721.1250 2.3948 34.8860
4807.0000 4723.0688 2.3952 34.8861
4809.0000 4725.0127 2.3952 34.8863
4811.0000 4726.9565 2.3953 34.8862
4813.0000 4728.9004 2.3953 34.8861
4815.0000 4730.8452 2.3953 34.8861
4817.0000 4732.7886 2.3956 34.8861
4819.0000 4734.7324 2.3958 34.8861
4821.0000 4736.6763 2.3958 34.8860
4823.0000 4738.6201 2.3959 34.8861
4825.0000 4740.5635 2.3959 34.8860
4827.0000 4742.5073 2.3961 34.8861
4829.0000 4744.4517 2.3964 34.8861
4831.0000 4746.3950 2.3963 34.8861
4833.0000 4748.3389 2.3960 34.8859
4835.0000 4750.2827 2.3960 34.8860
4837.0000 4752.2261 2.3963 34.8858
4839.0000 4754.1699 2.3968 34.8860
4841.0000 4756.1138 2.3973 34.8860
4843.0000 4758.0576 2.3972 34.8860
4845.0000 4760.0010 2.3969 34.8858
4847.0000 4761.9448 2.3973 34.8858
4849.0000 4763.8887 2.3975 34.8858
4851.0000 4765.8315 2.3978 34.8858
4853.0000 4767.7749 2.3980 34.8858
4855.0000 4769.7188 2.3982 34.8858
4857.0000 4771.6631 2.3984 34.8858
4859.0000 4773.6064 2.3984 34.8858
4861.0000 4775.5493 2.3985 34.8857
4863.0000 4777.4932 2.3986 34.8858
4865.0000 4779.4360 2.3990 34.8856
4867.0000 4781.3799 2.3994 34.8857
4869.0000 4783.3237 2.3997 34.8858
4871.0000 4785.2666 2.3997 34.8858
4873.0000 4787.2100 2.3999 34.8856
4875.0000 4789.1538 2.4000 34.8857
4877.0000 4791.0972 2.4004 34.8858
4879.0000 4793.0405 2.4004 34.8857
4881.0000 4794.9839 2.4007 34.8856
4883.0000 4796.9272 2.4010 34.8857
4885.0000 4798.8701 2.4012 34.8856
4887.0000 4800.8135 2.4014 34.8857
4889.0000 4802.7568 2.4015 34.8855
4891.0000 4804.7007 2.4019 34.8855
4893.0000 4806.6436 2.4019 34.8857
4895.0000 4808.5869 2.4024 34.8857
4897.0000 4810.5298 2.4027 34.8856
4899.0000 4812.4727 2.4027 34.8857
4901.0000 4814.4165 2.4032 34.8856
4903.0000 4816.3594 2.4034 34.8856
4905.0000 4818.3027 2.4033 34.8857
4907.0000 4820.2456 2.4034 34.8856
4909.0000 4822.1885 2.4038 34.8857
4911.0000 4824.1323 2.4042 34.8856
4913.0000 4826.0752 2.4044 34.8855
4915.0000 4828.0181 2.4047 34.8857
4917.0000 4829.9614 2.4052 34.8857
4919.0000 4831.9043 2.4053 34.8857
4921.0000 4833.8472 2.4053 34.8856
4923.0000 4835.7900 2.4055 34.8855
4925.0000 4837.7329 2.4057 34.8856
4927.0000 4839.6758 2.4060 34.8856
4929.0000 4841.6191 2.4062 34.8857
4931.0000 4843.5620 2.4064 34.8856
4933.0000 4845.5044 2.4068 34.8856
4935.0000 4847.4473 2.4069 34.8856
4937.0000 4849.3901 2.4067 34.8856
4939.0000 4851.3335 2.4070 34.8854
4941.0000 4853.2759 2.4071 34.8856
4943.0000 4855.2188 2.4075 34.8856
4945.0000 4857.1616 2.4077 34.8856
4947.0000 4859.1045 2.4079 34.8854
4949.0000 4861.0474 2.4081 34.8855
4951.0000 4862.9902 2.4084 34.8856
4953.0000 4864.9331 2.4084 34.8855
4955.0000 4866.8755 2.4086 34.8854
4957.0000 4868.8184 2.4088 34.8853
4959.0000 4870.7612 2.4090 34.8855
4961.0000 4872.7036 2.4091 34.8855
4963.0000 4874.6470 2.4093 34.8853
4965.0000 4876.5894 2.4093 34.8855
4967.0000 4878.5322 2.4096 34.8854
4969.0000 4880.4741 2.4097 34.8854
4971.0000 4882.4170 2.4101 34.8854
4973.0000 4884.3599 2.4102 34.8854
4975.0000 4886.3018 2.4105 34.8853
4977.0000 4888.2441 2.4108 34.8855
4979.0000 4890.1875 2.4109 34.8855
4981.0000 4892.1299 2.4109 34.8854
4983.0000 4894.0723 2.4112 34.8854
4985.0000 4896.0146 2.4115 34.8854
4987.0000 4897.9575 2.4116 34.8853
4989.0000 4899.8994 2.4120 34.8853
4991.0000 4901.8418 2.4120 34.8854
4993.0000 4903.7847 2.4120 34.8853
4995.0000 4905.7271 2.4122 34.8853
4997.0000 4907.6694 2.4125 34.8854
4999.0000 4909.6113 2.4128 34.8853
5001.0000 4911.5542 2.4128 34.8852
5003.0000 4913.4961 2.4132 34.8852
5005.0000 4915.4380 2.4134 34.8853
5007.0000 4917.3809 2.4133 34.8853
5009.0000 4919.3232 2.4133 34.8852
5011.0000 4921.2651 2.4137 34.8850
5013.0000 4923.2075 2.4139 34.8853
5015.0000 4925.1499 2.4141 34.8853
5017.0000 4927.0918 2.4141 34.8852
5019.0000 4929.0342 2.4144 34.8852
5021.0000 4930.9766 2.4148 34.8853
5023.0000 4932.9185 2.4148 34.8852
5025.0000 4934.8604 2.4153 34.8852
5027.0000 4936.8027 2.4155 34.8852
5029.0000 4938.7451 2.4156 34.8851
5031.0000 4940.6865 2.4156 34.8851
5033.0000 4942.6284 2.4157 34.8851
5035.0000 4944.5713 2.4158 34.8851
5037.0000 4946.5132 2.4159 34.8851
5039.0000 4948.4551 2.4162 34.8851
5041.0000 4950.3975 2.4164 34.8851
5043.0000 4952.3394 2.4168 34.8853
5045.0000 4954.2808 2.4170 34.8852
5047.0000 4956.2231 2.4171 34.8851
5049.0000 4958.1655 2.4173 34.8851
5051.0000 4960.1064 2.4177 34.8852
5053.0000 4962.0488 2.4180 34.8852
5055.0000 4963.9907 2.4182 34.8850
5057.0000 4965.9326 2.4184 34.8850
5059.0000 4967.8745 2.4187 34.8851
5061.0000 4969.8164 2.4188 34.8852
5063.0000 4971.7583 2.4192 34.8851
5065.0000 4973.7002 2.4192 34.8851
5067.0000 4975.6416 2.4190 34.8851
5069.0000 4977.5835 2.4194 34.8849
5071.0000 4979.5254 2.4192 34.8849
5073.0000 4981.4673 2.4194 34.8850
5075.0000 4983.4087 2.4199 34.8850
5077.0000 4985.3506 2.4200 34.8850
5079.0000 4987.2920 2.4200 34.8851
5081.0000 4989.2334 2.4201 34.8850
5083.0000 4991.1758 2.4205 34.8850
5085.0000 4993.1172 2.4206 34.8850
5087.0000 4995.0581 2.4209 34.8850
5089.0000 4997.0010 2.4213 34.8850
5091.0000 4998.9419 2.4214 34.8849
5093.0000 5000.8833 2.4217 34.8849
5095.0000 5002.8252 2.4220 34.8850
5097.0000 5004.7666 2.4222 34.8849
5099.0000 5006.7085 2.4224 34.8850
5101.0000 5008.6494 2.4228 34.8850
5103.0000 5010.5913 2.4228 34.8850
5105.0000 5012.5332 2.4233 34.8848
5107.0000 5014.4741 2.4236 34.8850
5109.0000 5016.4150 2.4239 34.8850
5111.0000 5018.3574 2.4240 34.8850
5113.0000 5020.2979 2.4246 34.8849
5115.0000 5022.2397 2.4251 34.8848
5117.0000 5024.1812 2.4250 34.8847
5119.0000 5026.1226 2.4253 34.8847
