CTD cast

DATE:  07-Jan-2016 16:09:59
latitude:  24.4992
longitude:  -38.0671
  P (db)  z (m)    T (^oC)  S (psu)
3.0000 2.9808 23.6196 37.4273
5.0000 4.9680 23.6176 37.4274
7.0000 6.9551 23.6198 37.4271
9.0000 8.9422 23.6203 37.4269
11.0000 10.9293 23.6199 37.4267
13.0000 12.9164 23.6213 37.4264
15.0000 14.9035 23.6188 37.4268
17.0000 16.8906 23.6100 37.4290
19.0000 18.8776 23.6094 37.4289
21.0000 20.8646 23.6047 37.4292
23.0000 22.8516 23.6054 37.4298
25.0000 24.8386 23.6042 37.4294
27.0000 26.8255 23.6061 37.4296
29.0000 28.8125 23.6057 37.4308
31.0000 30.7994 23.6065 37.4310
33.0000 32.7863 23.6070 37.4311
35.0000 34.7732 23.6066 37.4310
37.0000 36.7600 23.6062 37.4310
39.0000 38.7469 23.6061 37.4309
41.0000 40.7337 23.6054 37.4308
43.0000 42.7205 23.6059 37.4308
45.0000 44.7073 23.6053 37.4306
47.0000 46.6941 23.6054 37.4306
49.0000 48.6808 23.6042 37.4302
51.0000 50.6675 23.6051 37.4302
53.0000 52.6542 23.6054 37.4303
55.0000 54.6409 23.6049 37.4301
57.0000 56.6276 23.6046 37.4302
59.0000 58.6142 23.6046 37.4302
61.0000 60.6009 23.6051 37.4302
63.0000 62.5875 23.6056 37.4305
65.0000 64.5741 23.6059 37.4305
67.0000 66.5606 23.6059 37.4305
69.0000 68.5472 23.6061 37.4304
71.0000 70.5337 23.6063 37.4304
73.0000 72.5202 23.6070 37.4304
75.0000 74.5067 23.6075 37.4305
77.0000 76.4932 23.6078 37.4303
79.0000 78.4797 23.6077 37.4303
81.0000 80.4661 23.6056 37.4296
83.0000 82.4525 23.5991 37.4282
85.0000 84.4389 23.5975 37.4279
87.0000 86.4253 23.5971 37.4276
89.0000 88.4117 23.5944 37.4262
91.0000 90.3980 23.5963 37.4272
93.0000 92.3843 23.5951 37.4269
95.0000 94.3706 23.5884 37.4249
97.0000 96.3569 23.4540 37.3904
99.0000 98.3432 21.8788 37.0942
101.0000 100.3294 21.8476 37.1189
103.0000 102.3157 21.8123 37.1372
105.0000 104.3018 21.3903 37.0753
107.0000 106.2880 21.1734 37.0359
109.0000 108.2742 21.1506 37.0541
111.0000 110.2604 21.1585 37.0664
113.0000 112.2465 21.1381 37.0679
115.0000 114.2326 21.0213 37.0495
117.0000 116.2187 20.6915 36.9674
119.0000 118.2048 20.6003 36.9453
121.0000 120.1908 20.4664 36.9260
123.0000 122.1768 20.4848 36.9497
125.0000 124.1629 20.4794 36.9610
127.0000 126.1489 20.4433 36.9576
129.0000 128.1348 20.4216 36.9584
131.0000 130.1208 20.4008 36.9760
133.0000 132.1067 20.3768 36.9870
135.0000 134.0927 20.3420 36.9788
137.0000 136.0786 20.2275 36.9637
139.0000 138.0644 20.1928 36.9575
141.0000 140.0503 20.1365 36.9479
143.0000 142.0361 20.1167 36.9439
145.0000 144.0219 20.0927 36.9392
147.0000 146.0078 20.0275 36.9259
149.0000 147.9935 19.9694 36.9225
151.0000 149.9793 19.9434 36.9184
153.0000 151.9650 19.9136 36.9125
155.0000 153.9508 19.8962 36.9098
157.0000 155.9365 19.9081 36.9121
159.0000 157.9222 19.8576 36.9035
161.0000 159.9078 19.7919 36.8936
163.0000 161.8935 19.7654 36.8883
165.0000 163.8791 19.7263 36.8832
167.0000 165.8647 19.7354 36.8982
169.0000 167.8503 19.7448 36.9049
171.0000 169.8359 19.7320 36.9047
173.0000 171.8214 19.6687 36.8897
175.0000 173.8070 19.5970 36.8755
177.0000 175.7925 19.5457 36.8678
179.0000 177.7780 19.4976 36.8566
181.0000 179.7635 19.4241 36.8434
183.0000 181.7489 19.4041 36.8363
185.0000 183.7344 19.2593 36.8038
187.0000 185.7198 19.2096 36.7962
189.0000 187.7052 19.1679 36.7923
191.0000 189.6906 19.1477 36.7901
193.0000 191.6759 19.1487 36.8066
195.0000 193.6613 19.1460 36.8115
197.0000 195.6466 19.1016 36.8000
199.0000 197.6319 19.0298 36.7822
201.0000 199.6172 18.9881 36.7721
203.0000 201.6024 18.9500 36.7640
205.0000 203.5877 18.8942 36.7531
207.0000 205.5729 18.8900 36.7521
209.0000 207.5581 18.8502 36.7431
211.0000 209.5433 18.8250 36.7390
213.0000 211.5285 18.7901 36.7295
215.0000 213.5136 18.7504 36.7201
217.0000 215.4988 18.6819 36.7022
219.0000 217.4839 18.6055 36.6842
221.0000 219.4690 18.5761 36.6784
223.0000 221.4540 18.5597 36.6792
225.0000 223.4391 18.4941 36.6655
227.0000 225.4241 18.4401 36.6582
229.0000 227.4092 18.4388 36.6585
231.0000 229.3941 18.4834 36.6880
233.0000 231.3791 18.4928 36.6931
235.0000 233.3641 18.4296 36.6786
237.0000 235.3490 18.3420 36.6606
239.0000 237.3339 18.2786 36.6470
241.0000 239.3188 18.2288 36.6371
243.0000 241.3037 18.1622 36.6250
245.0000 243.2886 18.1425 36.6229
247.0000 245.2734 18.1046 36.6147
249.0000 247.2583 18.0400 36.5998
251.0000 249.2431 17.9670 36.5845
253.0000 251.2278 17.9077 36.5727
255.0000 253.2126 17.8733 36.5662
257.0000 255.1974 17.8653 36.5643
259.0000 257.1821 17.8502 36.5593
261.0000 259.1668 17.7905 36.5434
263.0000 261.1515 17.7055 36.5264
265.0000 263.1362 17.5439 36.4855
267.0000 265.1208 17.4610 36.4691
269.0000 267.1054 17.4414 36.4682
271.0000 269.0901 17.4349 36.4675
273.0000 271.0746 17.4215 36.4655
275.0000 273.0593 17.3931 36.4600
277.0000 275.0438 17.3741 36.4569
279.0000 277.0284 17.3655 36.4548
281.0000 279.0128 17.3471 36.4504
283.0000 280.9974 17.3211 36.4446
285.0000 282.9818 17.2874 36.4375
287.0000 284.9663 17.2513 36.4300
289.0000 286.9507 17.2027 36.4174
291.0000 288.9352 17.1344 36.4046
293.0000 290.9196 17.1009 36.3977
295.0000 292.9040 17.0840 36.3951
297.0000 294.8883 17.0767 36.3938
299.0000 296.8727 17.0186 36.3816
301.0000 298.8570 16.9717 36.3743
303.0000 300.8413 16.9515 36.3699
305.0000 302.8256 16.9140 36.3624
307.0000 304.8099 16.8296 36.3463
309.0000 306.7941 16.7542 36.3350
311.0000 308.7784 16.7408 36.3317
313.0000 310.7626 16.7228 36.3293
315.0000 312.7467 16.6744 36.3199
317.0000 314.7309 16.6135 36.3094
319.0000 316.7151 16.5747 36.3039
321.0000 318.6992 16.5976 36.3075
323.0000 320.6833 16.5010 36.2908
325.0000 322.6674 16.4700 36.2866
327.0000 324.6515 16.4528 36.2839
329.0000 326.6356 16.4455 36.2829
331.0000 328.6196 16.4336 36.2810
333.0000 330.6036 16.4221 36.2790
335.0000 332.5876 16.3777 36.2719
337.0000 334.5716 16.3509 36.2689
339.0000 336.5556 16.3418 36.2672
341.0000 338.5396 16.2913 36.2583
343.0000 340.5235 16.2518 36.2530
345.0000 342.5074 16.2207 36.2491
347.0000 344.4913 16.1968 36.2457
349.0000 346.4751 16.1654 36.2405
351.0000 348.4590 16.1333 36.2364
353.0000 350.4428 16.1247 36.2359
355.0000 352.4266 16.1089 36.2330
357.0000 354.4104 16.0764 36.2285
359.0000 356.3942 16.0523 36.2247
361.0000 358.3779 16.0405 36.2235
363.0000 360.3617 16.0254 36.2210
365.0000 362.3454 15.9890 36.2140
367.0000 364.3291 15.9423 36.2059
369.0000 366.3127 15.9029 36.1997
371.0000 368.2964 15.8841 36.1968
373.0000 370.2801 15.8695 36.1938
375.0000 372.2637 15.8387 36.1880
377.0000 374.2473 15.7685 36.1778
379.0000 376.2309 15.7345 36.1717
381.0000 378.2145 15.7132 36.1684
383.0000 380.1980 15.6819 36.1635
385.0000 382.1815 15.6436 36.1567
387.0000 384.1650 15.5929 36.1482
389.0000 386.1485 15.5653 36.1439
391.0000 388.1320 15.4988 36.1320
393.0000 390.1154 15.4366 36.1232
395.0000 392.0989 15.4173 36.1207
397.0000 394.0822 15.3996 36.1174
399.0000 396.0656 15.3529 36.1086
401.0000 398.0490 15.2740 36.0970
403.0000 400.0324 15.2424 36.0927
405.0000 402.0157 15.2131 36.0875
407.0000 403.9990 15.1918 36.0853
409.0000 405.9823 15.1685 36.0818
411.0000 407.9656 15.1595 36.0806
413.0000 409.9489 15.1470 36.0786
415.0000 411.9321 15.1117 36.0728
417.0000 413.9154 15.0817 36.0681
419.0000 415.8985 15.0555 36.0657
421.0000 417.8817 15.0364 36.0595
423.0000 419.8649 14.9838 36.0535
425.0000 421.8480 14.9373 36.0457
427.0000 423.8311 14.9031 36.0408
429.0000 425.8143 14.8694 36.0366
431.0000 427.7973 14.8654 36.0360
433.0000 429.7804 14.8457 36.0312
435.0000 431.7635 14.7705 36.0204
437.0000 433.7465 14.7163 36.0116
439.0000 435.7295 14.6639 36.0046
441.0000 437.7125 14.6362 35.9997
443.0000 439.6955 14.5944 35.9939
445.0000 441.6784 14.5700 35.9899
447.0000 443.6614 14.5315 35.9843
449.0000 445.6443 14.5166 35.9820
451.0000 447.6272 14.5236 35.9834
453.0000 449.6100 14.5052 35.9802
455.0000 451.5929 14.4806 35.9763
457.0000 453.5757 14.4735 35.9753
459.0000 455.5585 14.4686 35.9746
461.0000 457.5414 14.4446 35.9700
463.0000 459.5242 14.4291 35.9688
465.0000 461.5069 14.3885 35.9602
467.0000 463.4897 14.3046 35.9490
469.0000 465.4724 14.2533 35.9402
471.0000 467.4551 14.2097 35.9335
473.0000 469.4378 14.1573 35.9263
475.0000 471.4204 14.1313 35.9231
477.0000 473.4031 14.0901 35.9165
479.0000 475.3858 14.0619 35.9129
481.0000 477.3683 14.0119 35.9049
483.0000 479.3510 13.9480 35.8955
485.0000 481.3335 13.9018 35.8896
487.0000 483.3161 13.8894 35.8875
489.0000 485.2986 13.8782 35.8863
491.0000 487.2811 13.8753 35.8863
493.0000 489.2636 13.8740 35.8864
495.0000 491.2461 13.8590 35.8839
497.0000 493.2286 13.7890 35.8722
499.0000 495.2110 13.7344 35.8655
501.0000 497.1934 13.7029 35.8608
503.0000 499.1758 13.6908 35.8605
505.0000 501.1582 13.6760 35.8584
507.0000 503.1405 13.6326 35.8507
509.0000 505.1229 13.5966 35.8464
511.0000 507.1053 13.5685 35.8428
513.0000 509.0876 13.5456 35.8397
515.0000 511.0698 13.5219 35.8364
517.0000 513.0521 13.5072 35.8343
519.0000 515.0344 13.5006 35.8336
521.0000 517.0165 13.4981 35.8333
523.0000 518.9988 13.4947 35.8328
525.0000 520.9810 13.4797 35.8300
527.0000 522.9632 13.4264 35.8212
529.0000 524.9453 13.3964 35.8167
531.0000 526.9275 13.3844 35.8164
533.0000 528.9096 13.3430 35.8078
535.0000 530.8917 13.2988 35.8027
537.0000 532.8737 13.2742 35.7993
539.0000 534.8558 13.2512 35.7966
541.0000 536.8379 13.2243 35.7926
543.0000 538.8199 13.1974 35.7893
545.0000 540.8019 13.1850 35.7879
547.0000 542.7839 13.1737 35.7861
549.0000 544.7658 13.1611 35.7847
551.0000 546.7478 13.1470 35.7824
553.0000 548.7297 13.1306 35.7801
555.0000 550.7115 13.1211 35.7789
557.0000 552.6935 13.0928 35.7742
559.0000 554.6754 13.0580 35.7689
561.0000 556.6573 12.9916 35.7599
563.0000 558.6390 12.9729 35.7581
565.0000 560.6209 12.9264 35.7507
567.0000 562.6027 12.8968 35.7475
569.0000 564.5844 12.8669 35.7432
571.0000 566.5662 12.8356 35.7391
573.0000 568.5480 12.7893 35.7328
575.0000 570.5297 12.7481 35.7273
577.0000 572.5114 12.6973 35.7204
579.0000 574.4930 12.6382 35.7130
581.0000 576.4747 12.5648 35.7031
583.0000 578.4564 12.5293 35.7012
585.0000 580.4380 12.5143 35.6995
587.0000 582.4197 12.4910 35.6963
589.0000 584.4012 12.4578 35.6909
591.0000 586.3828 12.4053 35.6837
593.0000 588.3643 12.3688 35.6810
595.0000 590.3458 12.3404 35.6785
597.0000 592.3273 12.3292 35.6776
599.0000 594.3088 12.3199 35.6761
601.0000 596.2903 12.2933 35.6723
603.0000 598.2718 12.2744 35.6693
605.0000 600.2532 12.2024 35.6600
607.0000 602.2346 12.1685 35.6564
609.0000 604.2160 12.1519 35.6547
611.0000 606.1974 12.0990 35.6483
613.0000 608.1787 12.0682 35.6449
615.0000 610.1602 12.0476 35.6428
617.0000 612.1415 12.0275 35.6400
619.0000 614.1227 11.9800 35.6343
621.0000 616.1040 11.9673 35.6329
623.0000 618.0853 11.9482 35.6297
625.0000 620.0665 11.9058 35.6239
627.0000 622.0477 11.8645 35.6184
629.0000 624.0289 11.8396 35.6157
631.0000 626.0101 11.8046 35.6099
633.0000 627.9913 11.7263 35.6011
635.0000 629.9724 11.6821 35.5963
637.0000 631.9536 11.6672 35.5953
639.0000 633.9347 11.6279 35.5901
641.0000 635.9158 11.6084 35.5887
643.0000 637.8969 11.5747 35.5841
645.0000 639.8779 11.5492 35.5817
647.0000 641.8589 11.5422 35.5811
649.0000 643.8400 11.5330 35.5800
651.0000 645.8210 11.5060 35.5765
653.0000 647.8019 11.4438 35.5673
655.0000 649.7829 11.4089 35.5656
657.0000 651.7639 11.3912 35.5630
659.0000 653.7448 11.3503 35.5585
661.0000 655.7257 11.3086 35.5546
663.0000 657.7066 11.2979 35.5542
665.0000 659.6874 11.2867 35.5532
667.0000 661.6683 11.2753 35.5523
669.0000 663.6491 11.2622 35.5507
671.0000 665.6299 11.2467 35.5492
673.0000 667.6107 11.2362 35.5484
675.0000 669.5915 11.2350 35.5483
677.0000 671.5723 11.2274 35.5470
679.0000 673.5530 11.1710 35.5405
681.0000 675.5337 11.1287 35.5364
683.0000 677.5144 11.1183 35.5350
685.0000 679.4951 11.1065 35.5331
687.0000 681.4757 11.0376 35.5248
689.0000 683.4564 10.9981 35.5220
691.0000 685.4370 10.9726 35.5186
693.0000 687.4175 10.9513 35.5167
695.0000 689.3982 10.9165 35.5118
697.0000 691.3787 10.8629 35.5065
699.0000 693.3594 10.8364 35.5042
701.0000 695.3398 10.8117 35.5021
703.0000 697.3203 10.7687 35.4965
705.0000 699.3008 10.7380 35.4936
707.0000 701.2812 10.7307 35.4933
709.0000 703.2617 10.7234 35.4921
711.0000 705.2422 10.7085 35.4901
713.0000 707.2226 10.6587 35.4825
715.0000 709.2030 10.5523 35.4678
717.0000 711.1833 10.4943 35.4624
719.0000 713.1637 10.4784 35.4612
721.0000 715.1440 10.4637 35.4604
723.0000 717.1243 10.4261 35.4562
725.0000 719.1047 10.3852 35.4510
727.0000 721.0850 10.3644 35.4485
729.0000 723.0652 10.3426 35.4453
731.0000 725.0455 10.3070 35.4404
733.0000 727.0257 10.2627 35.4356
735.0000 729.0059 10.2536 35.4341
737.0000 730.9861 10.2279 35.4307
739.0000 732.9662 10.2023 35.4277
741.0000 734.9465 10.1864 35.4243
743.0000 736.9265 10.1338 35.4191
745.0000 738.9066 10.1089 35.4188
747.0000 740.8868 10.1028 35.4186
749.0000 742.8668 10.1004 35.4185
751.0000 744.8469 10.0967 35.4183
753.0000 746.8269 10.0912 35.4182
755.0000 748.8068 10.0923 35.4181
757.0000 750.7869 10.0840 35.4167
759.0000 752.7669 10.0622 35.4138
761.0000 754.7469 10.0137 35.4063
763.0000 756.7267 9.9270 35.3960
765.0000 758.7067 9.8704 35.3909
767.0000 760.6866 9.8267 35.3873
769.0000 762.6664 9.8167 35.3854
771.0000 764.6463 9.7861 35.3812
773.0000 766.6262 9.7703 35.3800
775.0000 768.6061 9.7529 35.3786
777.0000 770.5858 9.7349 35.3762
779.0000 772.5656 9.7224 35.3749
781.0000 774.5454 9.6802 35.3704
783.0000 776.5251 9.6316 35.3648
785.0000 778.5049 9.6083 35.3620
787.0000 780.4847 9.6022 35.3614
789.0000 782.4644 9.5837 35.3590
791.0000 784.4440 9.5647 35.3578
793.0000 786.4236 9.5717 35.3617
795.0000 788.4033 9.5303 35.3605
797.0000 790.3829 9.5016 35.3602
799.0000 792.3625 9.5011 35.3617
801.0000 794.3420 9.5134 35.3663
803.0000 796.3217 9.4637 35.3587
805.0000 798.3011 9.4372 35.3552
807.0000 800.2808 9.4035 35.3547
809.0000 802.2603 9.4044 35.3573
811.0000 804.2397 9.3766 35.3552
813.0000 806.2192 9.3698 35.3547
815.0000 808.1987 9.3596 35.3553
817.0000 810.1780 9.3294 35.3498
819.0000 812.1574 9.2552 35.3397
821.0000 814.1369 9.2199 35.3352
823.0000 816.1163 9.1931 35.3319
825.0000 818.0956 9.1041 35.3173
827.0000 820.0750 9.0489 35.3106
829.0000 822.0543 9.0127 35.3050
831.0000 824.0336 8.9689 35.2993
833.0000 826.0128 8.9083 35.2904
835.0000 827.9921 8.8602 35.2853
837.0000 829.9714 8.8392 35.2828
839.0000 831.9506 8.8122 35.2807
841.0000 833.9299 8.7827 35.2783
843.0000 835.9090 8.7529 35.2754
845.0000 837.8881 8.7431 35.2748
847.0000 839.8673 8.7406 35.2743
849.0000 841.8465 8.6801 35.2661
851.0000 843.8257 8.6277 35.2623
853.0000 845.8046 8.6115 35.2602
855.0000 847.7837 8.5422 35.2515
857.0000 849.7628 8.4994 35.2491
859.0000 851.7418 8.4886 35.2483
861.0000 853.7209 8.4546 35.2436
863.0000 855.6999 8.4110 35.2400
865.0000 857.6788 8.3970 35.2389
867.0000 859.6577 8.3919 35.2389
869.0000 861.6368 8.3764 35.2371
871.0000 863.6158 8.3548 35.2349
873.0000 865.5945 8.3222 35.2312
875.0000 867.5735 8.2791 35.2275
877.0000 869.5524 8.2624 35.2259
879.0000 871.5312 8.2437 35.2237
881.0000 873.5100 8.2270 35.2223
883.0000 875.4888 8.2003 35.2190
885.0000 877.4677 8.1487 35.2122
887.0000 879.4464 8.1133 35.2103
889.0000 881.4251 8.0987 35.2092
891.0000 883.4040 8.0849 35.2079
893.0000 885.3825 8.0721 35.2070
895.0000 887.3613 8.0641 35.2063
897.0000 889.3400 8.0580 35.2060
899.0000 891.3187 8.0495 35.2051
901.0000 893.2972 8.0269 35.2020
903.0000 895.2759 7.9490 35.1939
905.0000 897.2545 7.9152 35.1903
907.0000 899.2331 7.8713 35.1852
909.0000 901.2117 7.8360 35.1813
911.0000 903.1902 7.7802 35.1762
913.0000 905.1688 7.7462 35.1727
915.0000 907.1473 7.7080 35.1695
917.0000 909.1257 7.6771 35.1663
919.0000 911.1043 7.6566 35.1645
921.0000 913.0827 7.6558 35.1649
923.0000 915.0611 7.6554 35.1653
925.0000 917.0396 7.6509 35.1648
927.0000 919.0179 7.6334 35.1634
929.0000 920.9963 7.6155 35.1621
931.0000 922.9747 7.5981 35.1605
933.0000 924.9531 7.5825 35.1591
935.0000 926.9313 7.5750 35.1584
937.0000 928.9097 7.5589 35.1573
939.0000 930.8880 7.5372 35.1549
941.0000 932.8662 7.4902 35.1501
943.0000 934.8445 7.4590 35.1478
945.0000 936.8227 7.4450 35.1466
947.0000 938.8009 7.4111 35.1432
949.0000 940.7791 7.3989 35.1429
951.0000 942.7573 7.3964 35.1430
953.0000 944.7354 7.3801 35.1425
955.0000 946.7136 7.3469 35.1395
957.0000 948.6917 7.3419 35.1390
959.0000 950.6697 7.3310 35.1376
961.0000 952.6478 7.3201 35.1370
963.0000 954.6259 7.3094 35.1356
965.0000 956.6039 7.2763 35.1336
967.0000 958.5820 7.2638 35.1322
969.0000 960.5599 7.2458 35.1312
971.0000 962.5380 7.2283 35.1293
973.0000 964.5159 7.2056 35.1281
975.0000 966.4939 7.1859 35.1278
977.0000 968.4719 7.1841 35.1284
979.0000 970.4496 7.1753 35.1272
981.0000 972.4277 7.1542 35.1252
983.0000 974.4055 7.1375 35.1242
985.0000 976.3834 7.1104 35.1226
987.0000 978.3611 7.1087 35.1228
989.0000 980.3391 7.0786 35.1193
991.0000 982.3168 7.0611 35.1185
993.0000 984.2946 7.0552 35.1179
995.0000 986.2724 7.0441 35.1173
997.0000 988.2501 7.0232 35.1156
999.0000 990.2278 6.9831 35.1130
1001.0000 992.2055 6.9687 35.1126
1003.0000 994.1832 6.9471 35.1113
1005.0000 996.1608 6.9407 35.1114
1007.0000 998.1385 6.9346 35.1108
1009.0000 1000.1161 6.9302 35.1107
1011.0000 1002.0938 6.9270 35.1105
1013.0000 1004.0714 6.9227 35.1100
1015.0000 1006.0490 6.9067 35.1083
1017.0000 1008.0264 6.8864 35.1072
1019.0000 1010.0040 6.8761 35.1062
1021.0000 1011.9816 6.8659 35.1057
1023.0000 1013.9591 6.8475 35.1046
1025.0000 1015.9365 6.8377 35.1045
1027.0000 1017.9140 6.8342 35.1043
1029.0000 1019.8915 6.8196 35.1037
1031.0000 1021.8689 6.7969 35.1027
1033.0000 1023.8462 6.7651 35.1003
1035.0000 1025.8237 6.7315 35.1001
1037.0000 1027.8010 6.7234 35.0997
1039.0000 1029.7783 6.7115 35.0989
1041.0000 1031.7556 6.7043 35.0989
1043.0000 1033.7329 6.6987 35.0988
1045.0000 1035.7102 6.6873 35.0988
1047.0000 1037.6875 6.6799 35.0983
1049.0000 1039.6649 6.6732 35.0986
1051.0000 1041.6421 6.6712 35.0985
1053.0000 1043.6193 6.6609 35.0975
1055.0000 1045.5966 6.6372 35.0966
1057.0000 1047.5737 6.6287 35.0967
1059.0000 1049.5508 6.6104 35.0962
1061.0000 1051.5280 6.5948 35.0964
1063.0000 1053.5051 6.5862 35.0965
1065.0000 1055.4823 6.5701 35.0967
1067.0000 1057.4594 6.5620 35.0969
1069.0000 1059.4363 6.5548 35.0964
1071.0000 1061.4133 6.5434 35.0964
1073.0000 1063.3904 6.5372 35.0958
1075.0000 1065.3674 6.5299 35.0964
1077.0000 1067.3445 6.5102 35.0962
1079.0000 1069.3213 6.4927 35.0961
1081.0000 1071.2983 6.4787 35.0949
1083.0000 1073.2754 6.4509 35.0938
1085.0000 1075.2523 6.4287 35.0932
1087.0000 1077.2291 6.4112 35.0913
1089.0000 1079.2061 6.3850 35.0917
1091.0000 1081.1829 6.3761 35.0917
1093.0000 1083.1597 6.3673 35.0928
1095.0000 1085.1366 6.3608 35.0933
1097.0000 1087.1134 6.3584 35.0934
1099.0000 1089.0902 6.3525 35.0937
1101.0000 1091.0668 6.3348 35.0944
1103.0000 1093.0437 6.3308 35.0944
1105.0000 1095.0205 6.3285 35.0946
1107.0000 1096.9971 6.3266 35.0946
1109.0000 1098.9739 6.3243 35.0945
1111.0000 1100.9506 6.3138 35.0947
1113.0000 1102.9271 6.3073 35.0958
1115.0000 1104.9038 6.3069 35.0967
1117.0000 1106.8805 6.2978 35.0985
1119.0000 1108.8571 6.2777 35.0975
1121.0000 1110.8335 6.2489 35.0943
1123.0000 1112.8102 6.2371 35.0938
1125.0000 1114.7866 6.2275 35.0937
1127.0000 1116.7632 6.1998 35.0932
1129.0000 1118.7397 6.1700 35.0931
1131.0000 1120.7163 6.1601 35.0923
1133.0000 1122.6929 6.1363 35.0910
1135.0000 1124.6692 6.1231 35.0905
1137.0000 1126.6456 6.1175 35.0904
1139.0000 1128.6219 6.1160 35.0917
1141.0000 1130.5984 6.1029 35.0932
1143.0000 1132.5748 6.0876 35.0929
1145.0000 1134.5511 6.0470 35.0913
1147.0000 1136.5276 6.0418 35.0912
1149.0000 1138.5038 6.0386 35.0914
1151.0000 1140.4802 6.0407 35.0938
1153.0000 1142.4565 6.0385 35.0955
1155.0000 1144.4326 6.0215 35.0956
1157.0000 1146.4089 6.0155 35.0957
1159.0000 1148.3851 6.0123 35.0960
1161.0000 1150.3615 6.0009 35.0962
1163.0000 1152.3375 5.9969 35.0959
1165.0000 1154.3138 5.9901 35.0955
1167.0000 1156.2899 5.9864 35.0962
1169.0000 1158.2660 5.9808 35.0962
1171.0000 1160.2422 5.9726 35.0954
1173.0000 1162.2183 5.9599 35.0950
1175.0000 1164.1943 5.9551 35.0952
1177.0000 1166.1703 5.9531 35.0953
1179.0000 1168.1464 5.9520 35.0954
1181.0000 1170.1226 5.9508 35.0954
1183.0000 1172.0984 5.9458 35.0952
1185.0000 1174.0745 5.9340 35.0952
1187.0000 1176.0505 5.9171 35.0960
1189.0000 1178.0265 5.9108 35.0964
1191.0000 1180.0023 5.9087 35.0964
1193.0000 1181.9781 5.9082 35.0964
1195.0000 1183.9541 5.9074 35.0967
1197.0000 1185.9298 5.9070 35.0967
1199.0000 1187.9058 5.9049 35.0969
1201.0000 1189.8817 5.9032 35.0970
1203.0000 1191.8575 5.8976 35.0979
1205.0000 1193.8333 5.8888 35.0984
1207.0000 1195.8091 5.8816 35.0978
1209.0000 1197.7849 5.8639 35.0971
1211.0000 1199.7605 5.8545 35.0977
1213.0000 1201.7363 5.8531 35.0978
1215.0000 1203.7120 5.8506 35.0981
1217.0000 1205.6877 5.8488 35.0997
1219.0000 1207.6633 5.8371 35.0994
1221.0000 1209.6389 5.8259 35.0989
1223.0000 1211.6146 5.8183 35.0985
1225.0000 1213.5902 5.8067 35.0975
1227.0000 1215.5658 5.7707 35.0945
1229.0000 1217.5414 5.7579 35.0947
1231.0000 1219.5170 5.7547 35.0948
1233.0000 1221.4926 5.7538 35.0951
1235.0000 1223.4680 5.7512 35.0955
1237.0000 1225.4437 5.7480 35.0957
1239.0000 1227.4191 5.7397 35.0963
1241.0000 1229.3945 5.7270 35.0954
1243.0000 1231.3700 5.7228 35.0971
1245.0000 1233.3453 5.7221 35.0977
1247.0000 1235.3208 5.7185 35.0981
1249.0000 1237.2963 5.7150 35.0983
1251.0000 1239.2716 5.7123 35.0984
1253.0000 1241.2469 5.6931 35.0976
1255.0000 1243.2223 5.6685 35.0976
1257.0000 1245.1976 5.6577 35.0973
1259.0000 1247.1729 5.6275 35.0966
1261.0000 1249.1482 5.6070 35.0965
1263.0000 1251.1234 5.5973 35.0967
1265.0000 1253.0988 5.5858 35.0972
1267.0000 1255.0740 5.5735 35.0978
1269.0000 1257.0491 5.5703 35.0980
1271.0000 1259.0243 5.5627 35.0990
1273.0000 1260.9994 5.5614 35.0995
1275.0000 1262.9745 5.5541 35.1001
1277.0000 1264.9497 5.5504 35.1018
1279.0000 1266.9247 5.5403 35.1011
1281.0000 1268.8998 5.5348 35.1016
1283.0000 1270.8749 5.5299 35.1022
1285.0000 1272.8500 5.5232 35.1016
1287.0000 1274.8250 5.5127 35.1009
1289.0000 1276.8000 5.5069 35.1013
1291.0000 1278.7750 5.4980 35.1017
1293.0000 1280.7500 5.4975 35.1021
1295.0000 1282.7250 5.4769 35.1019
1297.0000 1284.7000 5.4629 35.1023
1299.0000 1286.6749 5.4570 35.1021
1301.0000 1288.6497 5.4421 35.1020
1303.0000 1290.6248 5.4370 35.1020
1305.0000 1292.5996 5.4311 35.1021
1307.0000 1294.5745 5.4258 35.1019
1309.0000 1296.5493 5.4046 35.1013
1311.0000 1298.5243 5.3846 35.1015
1313.0000 1300.4990 5.3776 35.1015
1315.0000 1302.4736 5.3635 35.1011
1317.0000 1304.4485 5.3489 35.1014
1319.0000 1306.4232 5.3433 35.1015
1321.0000 1308.3979 5.3335 35.1014
1323.0000 1310.3726 5.3283 35.1016
1325.0000 1312.3474 5.3248 35.1014
1327.0000 1314.3220 5.3143 35.1011
1329.0000 1316.2966 5.3089 35.1014
1331.0000 1318.2712 5.3062 35.1014
1333.0000 1320.2458 5.3034 35.1012
1335.0000 1322.2205 5.2955 35.1003
1337.0000 1324.1951 5.2871 35.1001
1339.0000 1326.1696 5.2798 35.1003
1341.0000 1328.1440 5.2768 35.1003
1343.0000 1330.1187 5.2773 35.1004
1345.0000 1332.0931 5.2715 35.1007
1347.0000 1334.0676 5.2665 35.1014
1349.0000 1336.0420 5.2550 35.1015
1351.0000 1338.0165 5.2503 35.1014
1353.0000 1339.9910 5.2463 35.1013
1355.0000 1341.9652 5.2453 35.1013
1357.0000 1343.9398 5.2447 35.1014
1359.0000 1345.9142 5.2423 35.1013
1361.0000 1347.8885 5.2393 35.1014
1363.0000 1349.8628 5.2348 35.1012
1365.0000 1351.8372 5.2284 35.1010
1367.0000 1353.8115 5.2197 35.1004
1369.0000 1355.7856 5.2062 35.0995
1371.0000 1357.7600 5.1970 35.0993
1373.0000 1359.7343 5.1839 35.0986
1375.0000 1361.7084 5.1719 35.0984
1377.0000 1363.6825 5.1653 35.0980
1379.0000 1365.6569 5.1568 35.0979
1381.0000 1367.6310 5.1546 35.0979
1383.0000 1369.6051 5.1493 35.0977
1385.0000 1371.5792 5.1447 35.0975
1387.0000 1373.5535 5.1389 35.0972
1389.0000 1375.5276 5.1284 35.0970
1391.0000 1377.5015 5.1220 35.0971
1393.0000 1379.4756 5.1207 35.0971
1395.0000 1381.4496 5.1196 35.0970
1397.0000 1383.4236 5.1183 35.0971
1399.0000 1385.3976 5.1156 35.0970
1401.0000 1387.3716 5.1125 35.0968
1403.0000 1389.3457 5.1039 35.0964
1405.0000 1391.3195 5.0954 35.0963
1407.0000 1393.2935 5.0929 35.0966
1409.0000 1395.2675 5.0914 35.0967
1411.0000 1397.2412 5.0934 35.0975
1413.0000 1399.2151 5.0964 35.0985
1415.0000 1401.1890 5.1023 35.1004
1417.0000 1403.1627 5.1136 35.1045
1419.0000 1405.1366 5.1215 35.1074
1421.0000 1407.1105 5.1149 35.1071
1423.0000 1409.0842 5.1122 35.1068
1425.0000 1411.0580 5.1093 35.1065
1427.0000 1413.0317 5.0999 35.1046
1429.0000 1415.0055 5.0894 35.1033
1431.0000 1416.9791 5.0870 35.1027
1433.0000 1418.9528 5.0793 35.1018
1435.0000 1420.9265 5.0705 35.1013
1437.0000 1422.9001 5.0702 35.1017
1439.0000 1424.8738 5.0691 35.1018
1441.0000 1426.8474 5.0637 35.1012
1443.0000 1428.8209 5.0606 35.1009
1445.0000 1430.7944 5.0490 35.0998
1447.0000 1432.7679 5.0386 35.0991
1449.0000 1434.7417 5.0287 35.0980
1451.0000 1436.7153 5.0239 35.0980
1453.0000 1438.6887 5.0227 35.0981
1455.0000 1440.6621 5.0202 35.0981
1457.0000 1442.6356 5.0168 35.0983
1459.0000 1444.6089 5.0157 35.0984
1461.0000 1446.5824 5.0153 35.0984
1463.0000 1448.5560 5.0130 35.0985
1465.0000 1450.5294 5.0101 35.0986
1467.0000 1452.5026 5.0094 35.0986
1469.0000 1454.4761 5.0000 35.0997
1471.0000 1456.4493 4.9944 35.1003
1473.0000 1458.4225 4.9924 35.1003
1475.0000 1460.3960 4.9901 35.1003
1477.0000 1462.3693 4.9885 35.1005
1479.0000 1464.3424 4.9837 35.1009
1481.0000 1466.3157 4.9821 35.1010
1483.0000 1468.2889 4.9820 35.1009
1485.0000 1470.2622 4.9812 35.1011
1487.0000 1472.2354 4.9806 35.1011
1489.0000 1474.2085 4.9779 35.1011
1491.0000 1476.1816 4.9707 35.1008
1493.0000 1478.1548 4.9683 35.1008
1495.0000 1480.1278 4.9671 35.1010
1497.0000 1482.1011 4.9657 35.1012
1499.0000 1484.0742 4.9621 35.1009
1501.0000 1486.0470 4.9530 35.1004
1503.0000 1488.0201 4.9514 35.1003
1505.0000 1489.9932 4.9414 35.0991
1507.0000 1491.9662 4.9295 35.0981
1509.0000 1493.9392 4.9224 35.0974
1511.0000 1495.9121 4.9156 35.0969
1513.0000 1497.8851 4.9106 35.0963
1515.0000 1499.8579 4.8949 35.0957
1517.0000 1501.8309 4.8884 35.0951
1519.0000 1503.8038 4.8827 35.0949
1521.0000 1505.7766 4.8779 35.0944
1523.0000 1507.7495 4.8756 35.0942
1525.0000 1509.7224 4.8762 35.0944
1527.0000 1511.6953 4.8770 35.0944
1529.0000 1513.6680 4.8763 35.0943
1531.0000 1515.6407 4.8707 35.0937
1533.0000 1517.6135 4.8616 35.0936
1535.0000 1519.5863 4.8576 35.0934
1537.0000 1521.5591 4.8547 35.0932
1539.0000 1523.5317 4.8516 35.0929
1541.0000 1525.5043 4.8375 35.0922
1543.0000 1527.4771 4.8350 35.0922
1545.0000 1529.4498 4.8335 35.0922
1547.0000 1531.4224 4.8320 35.0924
1549.0000 1533.3949 4.8315 35.0925
1551.0000 1535.3677 4.8307 35.0926
1553.0000 1537.3402 4.8308 35.0926
1555.0000 1539.3126 4.8335 35.0939
1557.0000 1541.2852 4.8345 35.0942
1559.0000 1543.2578 4.8326 35.0941
1561.0000 1545.2303 4.8294 35.0937
1563.0000 1547.2026 4.8271 35.0934
1565.0000 1549.1752 4.8154 35.0926
1567.0000 1551.1478 4.8026 35.0912
1569.0000 1553.1201 4.7992 35.0911
1571.0000 1555.0925 4.8020 35.0917
1573.0000 1557.0649 4.7997 35.0922
1575.0000 1559.0374 4.8007 35.0935
1577.0000 1561.0096 4.8013 35.0938
1579.0000 1562.9819 4.7951 35.0932
1581.0000 1564.9542 4.7746 35.0904
1583.0000 1566.9266 4.7479 35.0863
1585.0000 1568.8989 4.7262 35.0841
1587.0000 1570.8712 4.7219 35.0836
1589.0000 1572.8435 4.7104 35.0815
1591.0000 1574.8156 4.6800 35.0789
1593.0000 1576.7878 4.6751 35.0789
1595.0000 1578.7600 4.6743 35.0790
1597.0000 1580.7322 4.6732 35.0791
1599.0000 1582.7043 4.6720 35.0797
1601.0000 1584.6765 4.6707 35.0803
1603.0000 1586.6487 4.6700 35.0803
1605.0000 1588.6207 4.6677 35.0803
1607.0000 1590.5928 4.6660 35.0803
1609.0000 1592.5648 4.6656 35.0803
1611.0000 1594.5369 4.6648 35.0808
1613.0000 1596.5089 4.6747 35.0834
1615.0000 1598.4810 4.6766 35.0840
1617.0000 1600.4529 4.6719 35.0840
1619.0000 1602.4249 4.6701 35.0841
1621.0000 1604.3969 4.6579 35.0824
1623.0000 1606.3689 4.6501 35.0818
1625.0000 1608.3407 4.6347 35.0805
1627.0000 1610.3125 4.6295 35.0808
1629.0000 1612.2844 4.6286 35.0822
1631.0000 1614.2562 4.6202 35.0811
1633.0000 1616.2281 4.6160 35.0810
1635.0000 1618.2000 4.6155 35.0816
1637.0000 1620.1719 4.6161 35.0822
1639.0000 1622.1436 4.6172 35.0827
1641.0000 1624.1154 4.6169 35.0830
1643.0000 1626.0872 4.6084 35.0824
1645.0000 1628.0588 4.5926 35.0814
1647.0000 1630.0304 4.5872 35.0815
1649.0000 1632.0023 4.5844 35.0815
1651.0000 1633.9740 4.5830 35.0822
1653.0000 1635.9454 4.5801 35.0823
1655.0000 1637.9172 4.5745 35.0823
1657.0000 1639.8889 4.5680 35.0820
1659.0000 1641.8602 4.5570 35.0817
1661.0000 1643.8320 4.5394 35.0794
1663.0000 1645.8036 4.5373 35.0798
1665.0000 1647.7751 4.5352 35.0792
1667.0000 1649.7466 4.5279 35.0783
1669.0000 1651.7181 4.5191 35.0764
1671.0000 1653.6896 4.5100 35.0753
1673.0000 1655.6611 4.5027 35.0746
1675.0000 1657.6326 4.5016 35.0744
1677.0000 1659.6041 4.4992 35.0742
1679.0000 1661.5753 4.4989 35.0743
1681.0000 1663.5469 4.4895 35.0732
1683.0000 1665.5183 4.4841 35.0730
1685.0000 1667.4896 4.4829 35.0730
1687.0000 1669.4608 4.4824 35.0735
1689.0000 1671.4324 4.4789 35.0736
1691.0000 1673.4037 4.4752 35.0734
1693.0000 1675.3749 4.4716 35.0730
1695.0000 1677.3462 4.4668 35.0727
1697.0000 1679.3174 4.4654 35.0729
1699.0000 1681.2887 4.4623 35.0726
1701.0000 1683.2599 4.4545 35.0720
1703.0000 1685.2310 4.4542 35.0718
1705.0000 1687.2023 4.4439 35.0712
1707.0000 1689.1732 4.4417 35.0713
1709.0000 1691.1447 4.4353 35.0711
1711.0000 1693.1157 4.4274 35.0706
1713.0000 1695.0869 4.4139 35.0684
1715.0000 1697.0579 4.4048 35.0686
1717.0000 1699.0289 4.4056 35.0673
1719.0000 1701.0001 4.3978 35.0666
1721.0000 1702.9708 4.3909 35.0651
1723.0000 1704.9420 4.3792 35.0644
1725.0000 1706.9131 4.3773 35.0640
1727.0000 1708.8840 4.3732 35.0633
1729.0000 1710.8550 4.3695 35.0628
1731.0000 1712.8259 4.3559 35.0612
1733.0000 1714.7969 4.3618 35.0635
1735.0000 1716.7676 4.3645 35.0641
1737.0000 1718.7385 4.3707 35.0659
1739.0000 1720.7097 4.3718 35.0666
1741.0000 1722.6802 4.3734 35.0672
1743.0000 1724.6511 4.3717 35.0671
1745.0000 1726.6221 4.3641 35.0676
1747.0000 1728.5928 4.3614 35.0679
1749.0000 1730.5635 4.3603 35.0678
1751.0000 1732.5343 4.3580 35.0677
1753.0000 1734.5051 4.3478 35.0665
1755.0000 1736.4757 4.3398 35.0657
1757.0000 1738.4464 4.3366 35.0651
1759.0000 1740.4171 4.3302 35.0642
1761.0000 1742.3878 4.2952 35.0575
1763.0000 1744.3584 4.2876 35.0571
1765.0000 1746.3291 4.2589 35.0540
1767.0000 1748.2998 4.2557 35.0539
1769.0000 1750.2701 4.2539 35.0541
1771.0000 1752.2408 4.2537 35.0548
1773.0000 1754.2115 4.2585 35.0564
1775.0000 1756.1821 4.2621 35.0573
1777.0000 1758.1525 4.2603 35.0579
1779.0000 1760.1229 4.2619 35.0592
1781.0000 1762.0936 4.2492 35.0577
1783.0000 1764.0637 4.2316 35.0553
1785.0000 1766.0344 4.2216 35.0546
1787.0000 1768.0048 4.2177 35.0545
1789.0000 1769.9755 4.2090 35.0537
1791.0000 1771.9456 4.2039 35.0535
1793.0000 1773.9161 4.2014 35.0537
1795.0000 1775.8865 4.2017 35.0540
1797.0000 1777.8566 4.2019 35.0541
1799.0000 1779.8270 4.2009 35.0540
1801.0000 1781.7974 4.1933 35.0527
1803.0000 1783.7675 4.1747 35.0516
1805.0000 1785.7378 4.1721 35.0513
1807.0000 1787.7083 4.1677 35.0510
1809.0000 1789.6783 4.1623 35.0505
1811.0000 1791.6484 4.1600 35.0503
1813.0000 1793.6188 4.1575 35.0502
1815.0000 1795.5891 4.1537 35.0498
1817.0000 1797.5590 4.1449 35.0493
1819.0000 1799.5293 4.1472 35.0496
1821.0000 1801.4994 4.1423 35.0491
1823.0000 1803.4696 4.1383 35.0490
1825.0000 1805.4393 4.1359 35.0491
1827.0000 1807.4097 4.1349 35.0491
1829.0000 1809.3795 4.1315 35.0487
1831.0000 1811.3496 4.1268 35.0483
1833.0000 1813.3196 4.1244 35.0481
1835.0000 1815.2898 4.1235 35.0485
1837.0000 1817.2596 4.1238 35.0489
1839.0000 1819.2296 4.1238 35.0492
1841.0000 1821.1995 4.1255 35.0497
1843.0000 1823.1696 4.1287 35.0505
1845.0000 1825.1393 4.1394 35.0534
1847.0000 1827.1091 4.1530 35.0569
1849.0000 1829.0790 4.1529 35.0572
1851.0000 1831.0491 4.1483 35.0567
1853.0000 1833.0186 4.1328 35.0539
1855.0000 1834.9885 4.1180 35.0524
1857.0000 1836.9584 4.1205 35.0525
1859.0000 1838.9281 4.1128 35.0521
1861.0000 1840.8977 4.1015 35.0509
1863.0000 1842.8676 4.1049 35.0514
1865.0000 1844.8372 4.0938 35.0498
1867.0000 1846.8070 4.0883 35.0494
1869.0000 1848.7769 4.0819 35.0485
1871.0000 1850.7463 4.0736 35.0476
1873.0000 1852.7161 4.0720 35.0473
1875.0000 1854.6854 4.0682 35.0468
1877.0000 1856.6554 4.0637 35.0458
1879.0000 1858.6246 4.0460 35.0435
1881.0000 1860.5944 4.0341 35.0422
1883.0000 1862.5640 4.0258 35.0413
1885.0000 1864.5337 4.0163 35.0403
1887.0000 1866.5029 4.0109 35.0400
1889.0000 1868.4724 4.0013 35.0388
1891.0000 1870.4420 4.0052 35.0392
1893.0000 1872.4114 3.9892 35.0377
1895.0000 1874.3810 3.9873 35.0377
1897.0000 1876.3502 3.9870 35.0378
1899.0000 1878.3197 3.9860 35.0376
1901.0000 1880.2889 3.9848 35.0377
1903.0000 1882.2584 3.9844 35.0378
1905.0000 1884.2277 3.9845 35.0382
1907.0000 1886.1970 3.9832 35.0391
1909.0000 1888.1664 3.9843 35.0394
1911.0000 1890.1357 3.9859 35.0400
1913.0000 1892.1051 3.9842 35.0401
1915.0000 1894.0742 3.9796 35.0401
1917.0000 1896.0435 3.9725 35.0391
1919.0000 1898.0127 3.9608 35.0382
1921.0000 1899.9818 3.9571 35.0379
1923.0000 1901.9513 3.9511 35.0375
1925.0000 1903.9203 3.9462 35.0371
1927.0000 1905.8894 3.9445 35.0369
1929.0000 1907.8584 3.9414 35.0366
1931.0000 1909.8276 3.9374 35.0360
1933.0000 1911.7969 3.9338 35.0358
1935.0000 1913.7657 3.9299 35.0353
1937.0000 1915.7350 3.9274 35.0352
1939.0000 1917.7039 3.9249 35.0351
1941.0000 1919.6729 3.9241 35.0349
1943.0000 1921.6420 3.9236 35.0349
1945.0000 1923.6110 3.9208 35.0346
1947.0000 1925.5801 3.9182 35.0344
1949.0000 1927.5487 3.9161 35.0342
1951.0000 1929.5179 3.9147 35.0342
1953.0000 1931.4869 3.9102 35.0338
1955.0000 1933.4554 3.9075 35.0335
1957.0000 1935.4244 3.9029 35.0331
1959.0000 1937.3933 3.8960 35.0324
1961.0000 1939.3623 3.8858 35.0311
1963.0000 1941.3309 3.8724 35.0297
1965.0000 1943.2998 3.8669 35.0292
1967.0000 1945.2687 3.8591 35.0283
1969.0000 1947.2374 3.8518 35.0278
1971.0000 1949.2061 3.8503 35.0277
1973.0000 1951.1749 3.8446 35.0274
1975.0000 1953.1436 3.8430 35.0273
1977.0000 1955.1122 3.8416 35.0273
1979.0000 1957.0811 3.8407 35.0271
1981.0000 1959.0497 3.8368 35.0266
1983.0000 1961.0181 3.8336 35.0263
1985.0000 1962.9869 3.8342 35.0262
1987.0000 1964.9556 3.8326 35.0261
1989.0000 1966.9242 3.8310 35.0258
1991.0000 1968.8926 3.8268 35.0254
1993.0000 1970.8612 3.8242 35.0252
1995.0000 1972.8298 3.8225 35.0253
1997.0000 1974.7983 3.8205 35.0253
1999.0000 1976.7667 3.8170 35.0250
2001.0000 1978.7354 3.8119 35.0247
2003.0000 1980.7037 3.8095 35.0248
2005.0000 1982.6720 3.8007 35.0237
2007.0000 1984.6406 3.7900 35.0225
2009.0000 1986.6088 3.7878 35.0224
2011.0000 1988.5773 3.7870 35.0225
2013.0000 1990.5457 3.7853 35.0224
2015.0000 1992.5140 3.7854 35.0226
2017.0000 1994.4823 3.7851 35.0225
2019.0000 1996.4507 3.7853 35.0230
2021.0000 1998.4191 3.7868 35.0235
2023.0000 2000.3873 3.7850 35.0234
2025.0000 2002.3556 3.7817 35.0232
2027.0000 2004.3237 3.7778 35.0227
2029.0000 2006.2920 3.7745 35.0225
2031.0000 2008.2601 3.7715 35.0222
2033.0000 2010.2284 3.7696 35.0221
2035.0000 2012.1965 3.7694 35.0221
2037.0000 2014.1648 3.7646 35.0215
2039.0000 2016.1328 3.7597 35.0212
2041.0000 2018.1008 3.7569 35.0210
2043.0000 2020.0690 3.7534 35.0205
2045.0000 2022.0370 3.7465 35.0198
2047.0000 2024.0050 3.7431 35.0195
2049.0000 2025.9733 3.7425 35.0195
2051.0000 2027.9414 3.7346 35.0183
2053.0000 2029.9092 3.7275 35.0175
2055.0000 2031.8772 3.7289 35.0179
2057.0000 2033.8452 3.7271 35.0180
2059.0000 2035.8130 3.7260 35.0181
2061.0000 2037.7810 3.7208 35.0175
2063.0000 2039.7490 3.7177 35.0172
2065.0000 2041.7168 3.7135 35.0166
2067.0000 2043.6846 3.7044 35.0156
2069.0000 2045.6526 3.6903 35.0142
2071.0000 2047.6206 3.6903 35.0144
2073.0000 2049.5881 3.6786 35.0128
2075.0000 2051.5559 3.6675 35.0120
2077.0000 2053.5239 3.6673 35.0121
2079.0000 2055.4915 3.6670 35.0121
2081.0000 2057.4595 3.6663 35.0120
2083.0000 2059.4272 3.6657 35.0120
2085.0000 2061.3950 3.6652 35.0120
2087.0000 2063.3625 3.6574 35.0109
2089.0000 2065.3301 3.6413 35.0097
2091.0000 2067.2979 3.6399 35.0098
2093.0000 2069.2654 3.6397 35.0097
2095.0000 2071.2332 3.6393 35.0098
2097.0000 2073.2007 3.6378 35.0098
2099.0000 2075.1685 3.6351 35.0096
2101.0000 2077.1357 3.6323 35.0093
2103.0000 2079.1035 3.6301 35.0091
2105.0000 2081.0710 3.6266 35.0087
2107.0000 2083.0383 3.6240 35.0086
2109.0000 2085.0059 3.6215 35.0084
2111.0000 2086.9734 3.6173 35.0081
2113.0000 2088.9409 3.6184 35.0083
2115.0000 2090.9082 3.6163 35.0084
2117.0000 2092.8757 3.6142 35.0083
2119.0000 2094.8433 3.6139 35.0082
2121.0000 2096.8103 3.6121 35.0080
2123.0000 2098.7778 3.6069 35.0074
2125.0000 2100.7454 3.5984 35.0067
2127.0000 2102.7124 3.5976 35.0067
2129.0000 2104.6802 3.5971 35.0066
2131.0000 2106.6472 3.5979 35.0065
2133.0000 2108.6145 3.5899 35.0055
2135.0000 2110.5818 3.5800 35.0047
2137.0000 2112.5491 3.5780 35.0046
2139.0000 2114.5161 3.5740 35.0043
2141.0000 2116.4832 3.5714 35.0040
2143.0000 2118.4507 3.5657 35.0035
2145.0000 2120.4177 3.5575 35.0030
2147.0000 2122.3853 3.5568 35.0030
2149.0000 2124.3518 3.5568 35.0029
2151.0000 2126.3191 3.5559 35.0029
2153.0000 2128.2864 3.5518 35.0025
2155.0000 2130.2534 3.5393 35.0016
2157.0000 2132.2205 3.5371 35.0015
2159.0000 2134.1875 3.5359 35.0014
2161.0000 2136.1545 3.5350 35.0013
2163.0000 2138.1213 3.5338 35.0012
2165.0000 2140.0886 3.5334 35.0012
2167.0000 2142.0557 3.5318 35.0011
2169.0000 2144.0222 3.5299 35.0010
2171.0000 2145.9893 3.5290 35.0008
2173.0000 2147.9563 3.5279 35.0008
2175.0000 2149.9233 3.5265 35.0006
2177.0000 2151.8901 3.5257 35.0005
2179.0000 2153.8569 3.5254 35.0004
2181.0000 2155.8237 3.5237 35.0002
2183.0000 2157.7905 3.5159 34.9995
2185.0000 2159.7576 3.5094 34.9991
2187.0000 2161.7241 3.5070 34.9989
2189.0000 2163.6909 3.5037 34.9986
2191.0000 2165.6575 3.4981 34.9983
2193.0000 2167.6245 3.4940 34.9981
2195.0000 2169.5911 3.4910 34.9978
2197.0000 2171.5576 3.4912 34.9977
2199.0000 2173.5247 3.4888 34.9977
2201.0000 2175.4915 3.4826 34.9969
2203.0000 2177.4578 3.4795 34.9967
2205.0000 2179.4246 3.4799 34.9968
2207.0000 2181.3911 3.4798 34.9968
2209.0000 2183.3577 3.4802 34.9969
2211.0000 2185.3242 3.4803 34.9968
2213.0000 2187.2908 3.4801 34.9968
2215.0000 2189.2573 3.4794 34.9967
2217.0000 2191.2236 3.4780 34.9966
2219.0000 2193.1902 3.4779 34.9965
2221.0000 2195.1570 3.4779 34.9965
2223.0000 2197.1235 3.4784 34.9964
2225.0000 2199.0898 3.4769 34.9963
2227.0000 2201.0564 3.4769 34.9964
2229.0000 2203.0225 3.4761 34.9961
2231.0000 2204.9888 3.4722 34.9957
2233.0000 2206.9553 3.4693 34.9954
2235.0000 2208.9216 3.4680 34.9954
2237.0000 2210.8882 3.4680 34.9954
2239.0000 2212.8542 3.4664 34.9953
2241.0000 2214.8208 3.4601 34.9946
2243.0000 2216.7871 3.4569 34.9943
2245.0000 2218.7532 3.4554 34.9943
2247.0000 2220.7195 3.4517 34.9936
2249.0000 2222.6858 3.4424 34.9927
2251.0000 2224.6521 3.4390 34.9927
2253.0000 2226.6182 3.4389 34.9925
2255.0000 2228.5842 3.4310 34.9921
2257.0000 2230.5505 3.4304 34.9921
2259.0000 2232.5164 3.4283 34.9919
2261.0000 2234.4827 3.4245 34.9916
2263.0000 2236.4487 3.4211 34.9913
2265.0000 2238.4146 3.4187 34.9911
2267.0000 2240.3809 3.4178 34.9909
2269.0000 2242.3472 3.4174 34.9909
2271.0000 2244.3132 3.4171 34.9909
2273.0000 2246.2791 3.4171 34.9909
2275.0000 2248.2449 3.4169 34.9909
2277.0000 2250.2112 3.4165 34.9908
2279.0000 2252.1770 3.4157 34.9907
2281.0000 2254.1426 3.4121 34.9900
2283.0000 2256.1089 3.4065 34.9897
2285.0000 2258.0747 3.4027 34.9893
2287.0000 2260.0405 3.4017 34.9892
2289.0000 2262.0066 3.3998 34.9890
2291.0000 2263.9724 3.3966 34.9888
2293.0000 2265.9380 3.3941 34.9885
2295.0000 2267.9041 3.3867 34.9880
2297.0000 2269.8699 3.3844 34.9880
2299.0000 2271.8357 3.3837 34.9880
2301.0000 2273.8013 3.3817 34.9878
2303.0000 2275.7673 3.3789 34.9875
2305.0000 2277.7329 3.3771 34.9875
2307.0000 2279.6982 3.3767 34.9875
2309.0000 2281.6641 3.3750 34.9874
2311.0000 2283.6299 3.3721 34.9873
2313.0000 2285.5955 3.3687 34.9871
2315.0000 2287.5610 3.3683 34.9869
2317.0000 2289.5266 3.3676 34.9869
2319.0000 2291.4924 3.3669 34.9870
2321.0000 2293.4578 3.3640 34.9866
2323.0000 2295.4236 3.3616 34.9865
2325.0000 2297.3889 3.3614 34.9865
2327.0000 2299.3545 3.3599 34.9863
2329.0000 2301.3201 3.3515 34.9855
2331.0000 2303.2856 3.3470 34.9853
2333.0000 2305.2512 3.3467 34.9853
2335.0000 2307.2166 3.3425 34.9850
2337.0000 2309.1819 3.3380 34.9847
2339.0000 2311.1475 3.3343 34.9844
2341.0000 2313.1128 3.3247 34.9834
2343.0000 2315.0781 3.3289 34.9839
2345.0000 2317.0435 3.3203 34.9833
2347.0000 2319.0088 3.3187 34.9832
2349.0000 2320.9741 3.3181 34.9831
2351.0000 2322.9392 3.3179 34.9829
2353.0000 2324.9048 3.3110 34.9825
2355.0000 2326.8699 3.3083 34.9822
2357.0000 2328.8352 3.3070 34.9819
2359.0000 2330.8003 3.3034 34.9818
2361.0000 2332.7656 3.3020 34.9817
2363.0000 2334.7307 3.2997 34.9814
2365.0000 2336.6960 3.2952 34.9810
2367.0000 2338.6614 3.2910 34.9806
2369.0000 2340.6262 3.2840 34.9800
2371.0000 2342.5913 3.2825 34.9800
2373.0000 2344.5566 3.2820 34.9800
2375.0000 2346.5217 3.2815 34.9799
2377.0000 2348.4868 3.2794 34.9797
2379.0000 2350.4519 3.2726 34.9791
2381.0000 2352.4170 3.2653 34.9786
2383.0000 2354.3818 3.2623 34.9785
2385.0000 2356.3469 3.2612 34.9783
2387.0000 2358.3120 3.2580 34.9781
2389.0000 2360.2769 3.2535 34.9778
2391.0000 2362.2419 3.2513 34.9777
2393.0000 2364.2068 3.2508 34.9774
2395.0000 2366.1719 3.2434 34.9771
2397.0000 2368.1365 3.2389 34.9767
2399.0000 2370.1016 3.2361 34.9766
2401.0000 2372.0664 3.2332 34.9763
2403.0000 2374.0310 3.2301 34.9761
2405.0000 2375.9958 3.2295 34.9761
2407.0000 2377.9607 3.2278 34.9761
2409.0000 2379.9255 3.2268 34.9761
2411.0000 2381.8901 3.2262 34.9761
2413.0000 2383.8550 3.2258 34.9760
2415.0000 2385.8198 3.2255 34.9760
2417.0000 2387.7844 3.2239 34.9760
2419.0000 2389.7495 3.2219 34.9760
2421.0000 2391.7141 3.2202 34.9758
2423.0000 2393.6787 3.2216 34.9759
2425.0000 2395.6433 3.2181 34.9759
2427.0000 2397.6079 3.2174 34.9759
2429.0000 2399.5728 3.2167 34.9758
2431.0000 2401.5371 3.2153 34.9757
2433.0000 2403.5017 3.2108 34.9754
2435.0000 2405.4663 3.2051 34.9753
2437.0000 2407.4309 3.2033 34.9752
2439.0000 2409.3953 3.1990 34.9750
2441.0000 2411.3596 3.1980 34.9749
2443.0000 2413.3245 3.1970 34.9749
2445.0000 2415.2886 3.1940 34.9747
2447.0000 2417.2529 3.1934 34.9747
2449.0000 2419.2178 3.1929 34.9746
2451.0000 2421.1819 3.1929 34.9745
2453.0000 2423.1462 3.1887 34.9742
2455.0000 2425.1108 3.1871 34.9741
2457.0000 2427.0754 3.1859 34.9740
2459.0000 2429.0393 3.1850 34.9739
2461.0000 2431.0039 3.1818 34.9736
2463.0000 2432.9683 3.1793 34.9735
2465.0000 2434.9324 3.1776 34.9733
2467.0000 2436.8965 3.1763 34.9732
2469.0000 2438.8611 3.1736 34.9729
2471.0000 2440.8252 3.1721 34.9728
2473.0000 2442.7893 3.1734 34.9728
2475.0000 2444.7534 3.1698 34.9727
2477.0000 2446.7178 3.1685 34.9726
2479.0000 2448.6816 3.1670 34.9723
2481.0000 2450.6460 3.1629 34.9718
2483.0000 2452.6104 3.1605 34.9716
2485.0000 2454.5745 3.1599 34.9716
2487.0000 2456.5383 3.1593 34.9715
2489.0000 2458.5024 3.1593 34.9715
2491.0000 2460.4666 3.1594 34.9715
2493.0000 2462.4304 3.1585 34.9714
2495.0000 2464.3945 3.1580 34.9714
2497.0000 2466.3584 3.1572 34.9713
2499.0000 2468.3225 3.1536 34.9709
2501.0000 2470.2864 3.1490 34.9707
2503.0000 2472.2505 3.1503 34.9708
2505.0000 2474.2146 3.1467 34.9706
2507.0000 2476.1782 3.1453 34.9706
2509.0000 2478.1421 3.1433 34.9703
2511.0000 2480.1060 3.1432 34.9704
2513.0000 2482.0701 3.1428 34.9703
2515.0000 2484.0337 3.1406 34.9701
2517.0000 2485.9973 3.1396 34.9701
2519.0000 2487.9612 3.1396 34.9701
2521.0000 2489.9250 3.1392 34.9700
2523.0000 2491.8889 3.1385 34.9699
2525.0000 2493.8525 3.1373 34.9698
2527.0000 2495.8162 3.1354 34.9696
2529.0000 2497.7800 3.1351 34.9697
2531.0000 2499.7437 3.1334 34.9695
2533.0000 2501.7075 3.1293 34.9692
2535.0000 2503.6711 3.1287 34.9690
2537.0000 2505.6348 3.1257 34.9688
2539.0000 2507.5984 3.1211 34.9686
2541.0000 2509.5618 3.1193 34.9684
2543.0000 2511.5254 3.1167 34.9681
2545.0000 2513.4890 3.1163 34.9682
2547.0000 2515.4526 3.1159 34.9682
2549.0000 2517.4163 3.1156 34.9681
2551.0000 2519.3799 3.1154 34.9681
2553.0000 2521.3433 3.1143 34.9680
2555.0000 2523.3066 3.1133 34.9679
2557.0000 2525.2700 3.1124 34.9678
2559.0000 2527.2334 3.1122 34.9678
2561.0000 2529.1970 3.1116 34.9678
2563.0000 2531.1604 3.1113 34.9678
2565.0000 2533.1238 3.1113 34.9677
2567.0000 2535.0872 3.1107 34.9677
2569.0000 2537.0503 3.1092 34.9676
2571.0000 2539.0137 3.1079 34.9675
2573.0000 2540.9771 3.1076 34.9674
2575.0000 2542.9407 3.1073 34.9674
2577.0000 2544.9036 3.1056 34.9672
2579.0000 2546.8669 3.1015 34.9669
2581.0000 2548.8303 3.0968 34.9665
2583.0000 2550.7932 3.0940 34.9664
2585.0000 2552.7568 3.0931 34.9663
2587.0000 2554.7200 3.0910 34.9661
2589.0000 2556.6829 3.0880 34.9659
2591.0000 2558.6460 3.0870 34.9658
2593.0000 2560.6094 3.0846 34.9656
2595.0000 2562.5725 3.0824 34.9656
2597.0000 2564.5356 3.0821 34.9655
2599.0000 2566.4985 3.0814 34.9654
2601.0000 2568.4619 3.0816 34.9653
2603.0000 2570.4246 3.0814 34.9654
2605.0000 2572.3875 3.0810 34.9654
2607.0000 2574.3508 3.0808 34.9653
2609.0000 2576.3140 3.0812 34.9653
2611.0000 2578.2766 3.0816 34.9654
2613.0000 2580.2395 3.0824 34.9655
2615.0000 2582.2029 3.0817 34.9652
2617.0000 2584.1655 3.0757 34.9648
2619.0000 2586.1284 3.0723 34.9645
2621.0000 2588.0913 3.0702 34.9643
2623.0000 2590.0542 3.0688 34.9642
2625.0000 2592.0171 3.0668 34.9640
2627.0000 2593.9800 3.0649 34.9638
2629.0000 2595.9429 3.0626 34.9636
2631.0000 2597.9055 3.0586 34.9633
2633.0000 2599.8682 3.0581 34.9632
2635.0000 2601.8313 3.0556 34.9631
2637.0000 2603.7939 3.0510 34.9627
2639.0000 2605.7566 3.0491 34.9627
2641.0000 2607.7190 3.0470 34.9624
2643.0000 2609.6821 3.0441 34.9621
2645.0000 2611.6445 3.0431 34.9621
2647.0000 2613.6074 3.0429 34.9621
2649.0000 2615.5698 3.0404 34.9618
2651.0000 2617.5327 3.0386 34.9618
2653.0000 2619.4951 3.0382 34.9617
2655.0000 2621.4578 3.0374 34.9617
2657.0000 2623.4204 3.0360 34.9615
2659.0000 2625.3828 3.0338 34.9614
2661.0000 2627.3455 3.0354 34.9614
2663.0000 2629.3079 3.0329 34.9613
2665.0000 2631.2703 3.0326 34.9613
2667.0000 2633.2329 3.0318 34.9612
2669.0000 2635.1953 3.0315 34.9611
2671.0000 2637.1577 3.0313 34.9611
2673.0000 2639.1201 3.0309 34.9610
2675.0000 2641.0825 3.0298 34.9609
2677.0000 2643.0452 3.0281 34.9607
2679.0000 2645.0073 3.0263 34.9606
2681.0000 2646.9697 3.0234 34.9604
2683.0000 2648.9321 3.0223 34.9603
2685.0000 2650.8945 3.0207 34.9602
2687.0000 2652.8564 3.0177 34.9597
2689.0000 2654.8191 3.0114 34.9593
2691.0000 2656.7812 3.0060 34.9588
2693.0000 2658.7432 3.0046 34.9588
2695.0000 2660.7056 3.0015 34.9585
2697.0000 2662.6680 2.9988 34.9583
2699.0000 2664.6304 2.9929 34.9579
2701.0000 2666.5923 2.9890 34.9575
2703.0000 2668.5544 2.9879 34.9574
2705.0000 2670.5166 2.9851 34.9572
2707.0000 2672.4785 2.9829 34.9570
2709.0000 2674.4407 2.9808 34.9569
2711.0000 2676.4031 2.9799 34.9569
2713.0000 2678.3647 2.9785 34.9568
2715.0000 2680.3269 2.9772 34.9566
2717.0000 2682.2893 2.9744 34.9564
2719.0000 2684.2512 2.9730 34.9563
2721.0000 2686.2129 2.9726 34.9563
2723.0000 2688.1748 2.9731 34.9562
2725.0000 2690.1372 2.9709 34.9560
2727.0000 2692.0989 2.9657 34.9557
2729.0000 2694.0608 2.9665 34.9557
2731.0000 2696.0229 2.9621 34.9553
2733.0000 2697.9849 2.9607 34.9552
2735.0000 2699.9463 2.9605 34.9552
2737.0000 2701.9084 2.9598 34.9552
2739.0000 2703.8704 2.9598 34.9552
2741.0000 2705.8318 2.9596 34.9551
2743.0000 2707.7939 2.9595 34.9552
2745.0000 2709.7556 2.9590 34.9551
2747.0000 2711.7175 2.9583 34.9550
2749.0000 2713.6792 2.9559 34.9547
2751.0000 2715.6409 2.9499 34.9543
2753.0000 2717.6025 2.9467 34.9540
2755.0000 2719.5642 2.9429 34.9537
2757.0000 2721.5259 2.9437 34.9537
2759.0000 2723.4875 2.9404 34.9536
2761.0000 2725.4495 2.9386 34.9534
2763.0000 2727.4109 2.9361 34.9531
2765.0000 2729.3723 2.9329 34.9530
2767.0000 2731.3342 2.9319 34.9528
2769.0000 2733.2957 2.9318 34.9528
2771.0000 2735.2571 2.9315 34.9528
2773.0000 2737.2188 2.9303 34.9527
2775.0000 2739.1802 2.9302 34.9527
2777.0000 2741.1416 2.9299 34.9527
2779.0000 2743.1033 2.9299 34.9527
2781.0000 2745.0647 2.9294 34.9527
2783.0000 2747.0259 2.9280 34.9525
2785.0000 2748.9875 2.9246 34.9522
2787.0000 2750.9490 2.9241 34.9521
2789.0000 2752.9104 2.9243 34.9522
2791.0000 2754.8716 2.9232 34.9520
2793.0000 2756.8330 2.9213 34.9518
2795.0000 2758.7944 2.9199 34.9518
2797.0000 2760.7556 2.9185 34.9516
2799.0000 2762.7168 2.9170 34.9515
2801.0000 2764.6785 2.9166 34.9515
2803.0000 2766.6394 2.9169 34.9516
2805.0000 2768.6008 2.9168 34.9515
2807.0000 2770.5620 2.9162 34.9513
2809.0000 2772.5234 2.9156 34.9514
2811.0000 2774.4844 2.9147 34.9512
2813.0000 2776.4456 2.9129 34.9511
2815.0000 2778.4067 2.9116 34.9509
2817.0000 2780.3679 2.9104 34.9509
2819.0000 2782.3289 2.9104 34.9509
2821.0000 2784.2903 2.9101 34.9507
2823.0000 2786.2512 2.9048 34.9502
2825.0000 2788.2122 2.9028 34.9501
2827.0000 2790.1733 2.9021 34.9501
2829.0000 2792.1343 2.9014 34.9501
2831.0000 2794.0955 2.9009 34.9500
2833.0000 2796.0564 2.9005 34.9499
2835.0000 2798.0173 2.8989 34.9498
2837.0000 2799.9785 2.8967 34.9496
2839.0000 2801.9392 2.8942 34.9494
2841.0000 2803.9004 2.8925 34.9492
2843.0000 2805.8613 2.8917 34.9492
2845.0000 2807.8220 2.8914 34.9492
2847.0000 2809.7830 2.8909 34.9491
2849.0000 2811.7437 2.8901 34.9490
2851.0000 2813.7046 2.8898 34.9490
2853.0000 2815.6653 2.8896 34.9490
2855.0000 2817.6265 2.8886 34.9488
2857.0000 2819.5872 2.8846 34.9484
2859.0000 2821.5476 2.8829 34.9484
2861.0000 2823.5088 2.8824 34.9483
2863.0000 2825.4692 2.8818 34.9482
2865.0000 2827.4299 2.8809 34.9482
2867.0000 2829.3906 2.8802 34.9482
2869.0000 2831.3516 2.8796 34.9481
2871.0000 2833.3123 2.8790 34.9480
2873.0000 2835.2727 2.8762 34.9477
2875.0000 2837.2334 2.8734 34.9475
2877.0000 2839.1941 2.8720 34.9475
2879.0000 2841.1543 2.8713 34.9473
2881.0000 2843.1150 2.8686 34.9471
2883.0000 2845.0757 2.8668 34.9469
2885.0000 2847.0361 2.8666 34.9470
2887.0000 2848.9968 2.8665 34.9470
2889.0000 2850.9573 2.8643 34.9467
2891.0000 2852.9180 2.8607 34.9463
2893.0000 2854.8779 2.8576 34.9462
2895.0000 2856.8384 2.8567 34.9460
2897.0000 2858.7991 2.8542 34.9458
2899.0000 2860.7595 2.8507 34.9455
2901.0000 2862.7197 2.8476 34.9453
2903.0000 2864.6802 2.8473 34.9452
2905.0000 2866.6406 2.8472 34.9452
2907.0000 2868.6008 2.8470 34.9452
2909.0000 2870.5613 2.8467 34.9451
2911.0000 2872.5217 2.8426 34.9448
2913.0000 2874.4819 2.8391 34.9446
2915.0000 2876.4421 2.8388 34.9445
2917.0000 2878.4026 2.8389 34.9446
2919.0000 2880.3625 2.8392 34.9446
2921.0000 2882.3228 2.8394 34.9445
2923.0000 2884.2832 2.8396 34.9446
2925.0000 2886.2437 2.8395 34.9445
2927.0000 2888.2034 2.8378 34.9443
2929.0000 2890.1636 2.8346 34.9441
2931.0000 2892.1235 2.8344 34.9441
2933.0000 2894.0842 2.8314 34.9437
2935.0000 2896.0439 2.8287 34.9434
2937.0000 2898.0042 2.8238 34.9430
2939.0000 2899.9641 2.8212 34.9429
2941.0000 2901.9241 2.8203 34.9429
2943.0000 2903.8840 2.8201 34.9428
2945.0000 2905.8442 2.8198 34.9428
2947.0000 2907.8042 2.8196 34.9428
2949.0000 2909.7642 2.8198 34.9429
2951.0000 2911.7239 2.8184 34.9426
2953.0000 2913.6843 2.8172 34.9426
2955.0000 2915.6438 2.8159 34.9425
2957.0000 2917.6038 2.8147 34.9424
2959.0000 2919.5637 2.8141 34.9423
2961.0000 2921.5237 2.8134 34.9422
2963.0000 2923.4834 2.8121 34.9420
2965.0000 2925.4434 2.8086 34.9418
2967.0000 2927.4031 2.8062 34.9414
2969.0000 2929.3628 2.8044 34.9414
2971.0000 2931.3225 2.8023 34.9412
2973.0000 2933.2825 2.8016 34.9411
2975.0000 2935.2419 2.8008 34.9410
2977.0000 2937.2019 2.7996 34.9409
2979.0000 2939.1614 2.7992 34.9409
2981.0000 2941.1213 2.7979 34.9408
2983.0000 2943.0806 2.7945 34.9403
2985.0000 2945.0405 2.7883 34.9399
2987.0000 2947.0002 2.7872 34.9399
2989.0000 2948.9597 2.7856 34.9397
2991.0000 2950.9194 2.7855 34.9396
2993.0000 2952.8789 2.7849 34.9396
2995.0000 2954.8389 2.7848 34.9396
2997.0000 2956.7979 2.7850 34.9396
2999.0000 2958.7578 2.7850 34.9397
3001.0000 2960.7173 2.7848 34.9397
3003.0000 2962.6765 2.7844 34.9395
3005.0000 2964.6360 2.7845 34.9396
3007.0000 2966.5957 2.7846 34.9397
3009.0000 2968.5552 2.7839 34.9394
3011.0000 2970.5144 2.7836 34.9394
3013.0000 2972.4741 2.7820 34.9392
3015.0000 2974.4333 2.7812 34.9391
3017.0000 2976.3926 2.7808 34.9391
3019.0000 2978.3518 2.7801 34.9390
3021.0000 2980.3115 2.7796 34.9390
3023.0000 2982.2710 2.7803 34.9389
3025.0000 2984.2297 2.7756 34.9385
3027.0000 2986.1892 2.7726 34.9383
3029.0000 2988.1484 2.7739 34.9383
3031.0000 2990.1077 2.7678 34.9376
3033.0000 2992.0669 2.7602 34.9373
3035.0000 2994.0261 2.7596 34.9372
3037.0000 2995.9854 2.7594 34.9372
3039.0000 2997.9443 2.7598 34.9372
3041.0000 2999.9038 2.7596 34.9373
3043.0000 3001.8628 2.7592 34.9373
3045.0000 3003.8220 2.7593 34.9371
3047.0000 3005.7812 2.7549 34.9366
3049.0000 3007.7402 2.7496 34.9364
3051.0000 3009.6990 2.7483 34.9363
3053.0000 3011.6582 2.7472 34.9361
3055.0000 3013.6172 2.7451 34.9359
3057.0000 3015.5764 2.7431 34.9359
3059.0000 3017.5352 2.7416 34.9357
3061.0000 3019.4944 2.7412 34.9357
3063.0000 3021.4534 2.7410 34.9357
3065.0000 3023.4121 2.7399 34.9355
3067.0000 3025.3711 2.7395 34.9355
3069.0000 3027.3301 2.7395 34.9355
3071.0000 3029.2893 2.7395 34.9355
3073.0000 3031.2478 2.7393 34.9354
3075.0000 3033.2068 2.7391 34.9354
3077.0000 3035.1658 2.7386 34.9353
3079.0000 3037.1243 2.7382 34.9353
3081.0000 3039.0833 2.7362 34.9350
3083.0000 3041.0422 2.7345 34.9349
3085.0000 3043.0007 2.7320 34.9346
3087.0000 3044.9595 2.7314 34.9346
3089.0000 3046.9182 2.7299 34.9345
3091.0000 3048.8772 2.7283 34.9343
3093.0000 3050.8357 2.7273 34.9342
3095.0000 3052.7942 2.7270 34.9342
3097.0000 3054.7529 2.7267 34.9342
3099.0000 3056.7119 2.7267 34.9342
3101.0000 3058.6702 2.7264 34.9341
3103.0000 3060.6289 2.7254 34.9340
3105.0000 3062.5876 2.7229 34.9337
3107.0000 3064.5459 2.7216 34.9336
3109.0000 3066.5046 2.7212 34.9336
3111.0000 3068.4634 2.7209 34.9337
3113.0000 3070.4214 2.7198 34.9334
3115.0000 3072.3804 2.7194 34.9334
3117.0000 3074.3386 2.7180 34.9333
3119.0000 3076.2971 2.7167 34.9332
3121.0000 3078.2556 2.7161 34.9332
3123.0000 3080.2139 2.7156 34.9330
3125.0000 3082.1724 2.7149 34.9330
3127.0000 3084.1309 2.7103 34.9324
3129.0000 3086.0891 2.7079 34.9323
3131.0000 3088.0476 2.7073 34.9322
3133.0000 3090.0061 2.7081 34.9321
3135.0000 3091.9641 2.7066 34.9321
3137.0000 3093.9226 2.7062 34.9321
3139.0000 3095.8809 2.7045 34.9318
3141.0000 3097.8394 2.7017 34.9316
3143.0000 3099.7974 2.6966 34.9312
3145.0000 3101.7559 2.6955 34.9311
3147.0000 3103.7141 2.6932 34.9309
3149.0000 3105.6721 2.6932 34.9309
3151.0000 3107.6304 2.6933 34.9309
3153.0000 3109.5889 2.6928 34.9308
3155.0000 3111.5464 2.6907 34.9306
3157.0000 3113.5049 2.6901 34.9307
3159.0000 3115.4629 2.6895 34.9306
3161.0000 3117.4209 2.6878 34.9303
3163.0000 3119.3792 2.6862 34.9302
3165.0000 3121.3372 2.6853 34.9301
3167.0000 3123.2952 2.6848 34.9300
3169.0000 3125.2529 2.6846 34.9300
3171.0000 3127.2112 2.6834 34.9299
3173.0000 3129.1694 2.6821 34.9297
3175.0000 3131.1270 2.6809 34.9296
3177.0000 3133.0852 2.6801 34.9296
3179.0000 3135.0432 2.6788 34.9294
3181.0000 3137.0010 2.6788 34.9294
3183.0000 3138.9587 2.6788 34.9294
3185.0000 3140.9170 2.6789 34.9294
3187.0000 3142.8750 2.6786 34.9293
3189.0000 3144.8323 2.6775 34.9292
3191.0000 3146.7903 2.6750 34.9288
3193.0000 3148.7483 2.6732 34.9288
3195.0000 3150.7061 2.6723 34.9288
3197.0000 3152.6638 2.6720 34.9287
3199.0000 3154.6216 2.6718 34.9286
3201.0000 3156.5796 2.6714 34.9286
3203.0000 3158.5369 2.6696 34.9284
3205.0000 3160.4949 2.6692 34.9283
3207.0000 3162.4526 2.6696 34.9284
3209.0000 3164.4106 2.6690 34.9283
3211.0000 3166.3677 2.6689 34.9283
3213.0000 3168.3254 2.6688 34.9283
3215.0000 3170.2832 2.6671 34.9280
3217.0000 3172.2407 2.6657 34.9280
3219.0000 3174.1982 2.6649 34.9279
3221.0000 3176.1560 2.6633 34.9277
3223.0000 3178.1138 2.6621 34.9276
3225.0000 3180.0710 2.6616 34.9275
3227.0000 3182.0283 2.6617 34.9275
3229.0000 3183.9861 2.6618 34.9275
3231.0000 3185.9436 2.6617 34.9275
3233.0000 3187.9011 2.6605 34.9273
3235.0000 3189.8584 2.6599 34.9274
3237.0000 3191.8157 2.6593 34.9273
3239.0000 3193.7732 2.6588 34.9272
3241.0000 3195.7307 2.6584 34.9271
3243.0000 3197.6880 2.6574 34.9271
3245.0000 3199.6453 2.6562 34.9269
3247.0000 3201.6028 2.6557 34.9269
3249.0000 3203.5603 2.6544 34.9267
3251.0000 3205.5171 2.6523 34.9265
3253.0000 3207.4746 2.6511 34.9264
3255.0000 3209.4321 2.6470 34.9261
3257.0000 3211.3894 2.6464 34.9259
3259.0000 3213.3464 2.6450 34.9260
3261.0000 3215.3035 2.6446 34.9259
3263.0000 3217.2610 2.6438 34.9258
3265.0000 3219.2178 2.6434 34.9257
3267.0000 3221.1753 2.6433 34.9257
3269.0000 3223.1326 2.6437 34.9257
3271.0000 3225.0896 2.6432 34.9256
3273.0000 3227.0464 2.6432 34.9256
3275.0000 3229.0039 2.6428 34.9256
3277.0000 3230.9609 2.6428 34.9255
3279.0000 3232.9180 2.6430 34.9256
3281.0000 3234.8750 2.6429 34.9255
3283.0000 3236.8320 2.6427 34.9255
3285.0000 3238.7891 2.6418 34.9254
3287.0000 3240.7458 2.6405 34.9252
3289.0000 3242.7031 2.6373 34.9249
3291.0000 3244.6599 2.6363 34.9248
3293.0000 3246.6167 2.6336 34.9244
3295.0000 3248.5737 2.6308 34.9243
3297.0000 3250.5308 2.6300 34.9242
3299.0000 3252.4875 2.6291 34.9241
3301.0000 3254.4443 2.6284 34.9240
3303.0000 3256.4014 2.6293 34.9240
3305.0000 3258.3584 2.6281 34.9240
3307.0000 3260.3149 2.6279 34.9240
3309.0000 3262.2720 2.6272 34.9239
3311.0000 3264.2288 2.6246 34.9236
3313.0000 3266.1853 2.6219 34.9233
3315.0000 3268.1418 2.6210 34.9232
3317.0000 3270.0989 2.6193 34.9230
3319.0000 3272.0557 2.6175 34.9228
3321.0000 3274.0122 2.6173 34.9228
3323.0000 3275.9690 2.6154 34.9227
3325.0000 3277.9255 2.6138 34.9226
3327.0000 3279.8821 2.6137 34.9225
3329.0000 3281.8389 2.6120 34.9224
3331.0000 3283.7957 2.6117 34.9223
3333.0000 3285.7522 2.6115 34.9223
3335.0000 3287.7087 2.6116 34.9223
3337.0000 3289.6650 2.6114 34.9222
3339.0000 3291.6218 2.6113 34.9223
3341.0000 3293.5781 2.6098 34.9220
3343.0000 3295.5347 2.6081 34.9218
3345.0000 3297.4915 2.6064 34.9217
3347.0000 3299.4480 2.6012 34.9212
3349.0000 3301.4043 2.5978 34.9208
3351.0000 3303.3606 2.5974 34.9208
3353.0000 3305.3171 2.5963 34.9208
3355.0000 3307.2732 2.5963 34.9209
3357.0000 3309.2297 2.5961 34.9207
3359.0000 3311.1863 2.5961 34.9206
3361.0000 3313.1428 2.5961 34.9208
3363.0000 3315.0989 2.5959 34.9207
3365.0000 3317.0554 2.5959 34.9207
3367.0000 3319.0115 2.5957 34.9206
3369.0000 3320.9675 2.5961 34.9205
3371.0000 3322.9241 2.5953 34.9204
3373.0000 3324.8804 2.5941 34.9204
3375.0000 3326.8364 2.5939 34.9203
3377.0000 3328.7927 2.5898 34.9198
3379.0000 3330.7490 2.5868 34.9196
3381.0000 3332.7053 2.5860 34.9195
3383.0000 3334.6611 2.5851 34.9195
3385.0000 3336.6174 2.5841 34.9194
3387.0000 3338.5735 2.5846 34.9194
3389.0000 3340.5293 2.5842 34.9193
3391.0000 3342.4856 2.5839 34.9193
3393.0000 3344.4417 2.5839 34.9193
3395.0000 3346.3979 2.5836 34.9192
3397.0000 3348.3540 2.5836 34.9192
3399.0000 3350.3098 2.5822 34.9191
3401.0000 3352.2661 2.5811 34.9189
3403.0000 3354.2217 2.5801 34.9189
3405.0000 3356.1775 2.5759 34.9183
3407.0000 3358.1338 2.5721 34.9180
3409.0000 3360.0896 2.5720 34.9179
3411.0000 3362.0452 2.5705 34.9180
3413.0000 3364.0015 2.5708 34.9179
3415.0000 3365.9575 2.5704 34.9179
3417.0000 3367.9128 2.5701 34.9178
3419.0000 3369.8691 2.5704 34.9180
3421.0000 3371.8252 2.5705 34.9178
3423.0000 3373.7810 2.5710 34.9178
3425.0000 3375.7366 2.5715 34.9179
3427.0000 3377.6924 2.5712 34.9179
3429.0000 3379.6479 2.5701 34.9178
3431.0000 3381.6033 2.5704 34.9178
3433.0000 3383.5593 2.5702 34.9178
3435.0000 3385.5151 2.5699 34.9177
3437.0000 3387.4707 2.5699 34.9176
3439.0000 3389.4265 2.5674 34.9174
3441.0000 3391.3821 2.5669 34.9173
3443.0000 3393.3379 2.5674 34.9173
3445.0000 3395.2935 2.5673 34.9174
3447.0000 3397.2488 2.5675 34.9172
3449.0000 3399.2046 2.5675 34.9173
3451.0000 3401.1602 2.5676 34.9173
3453.0000 3403.1157 2.5670 34.9172
3455.0000 3405.0715 2.5670 34.9172
3457.0000 3407.0271 2.5668 34.9173
3459.0000 3408.9822 2.5669 34.9171
3461.0000 3410.9380 2.5664 34.9170
3463.0000 3412.8933 2.5657 34.9170
3465.0000 3414.8486 2.5657 34.9169
3467.0000 3416.8040 2.5650 34.9168
3469.0000 3418.7595 2.5637 34.9167
3471.0000 3420.7148 2.5636 34.9166
3473.0000 3422.6699 2.5633 34.9166
3475.0000 3424.6255 2.5633 34.9166
3477.0000 3426.5808 2.5634 34.9166
3479.0000 3428.5361 2.5625 34.9165
3481.0000 3430.4915 2.5610 34.9164
3483.0000 3432.4470 2.5590 34.9162
3485.0000 3434.4021 2.5581 34.9160
3487.0000 3436.3572 2.5562 34.9159
3489.0000 3438.3125 2.5546 34.9156
3491.0000 3440.2676 2.5535 34.9156
3493.0000 3442.2227 2.5529 34.9155
3495.0000 3444.1782 2.5527 34.9155
3497.0000 3446.1333 2.5525 34.9154
3499.0000 3448.0884 2.5521 34.9154
3501.0000 3450.0432 2.5507 34.9152
3503.0000 3451.9988 2.5496 34.9152
3505.0000 3453.9539 2.5485 34.9150
3507.0000 3455.9084 2.5470 34.9148
3509.0000 3457.8640 2.5449 34.9146
3511.0000 3459.8191 2.5441 34.9145
3513.0000 3461.7737 2.5438 34.9145
3515.0000 3463.7288 2.5431 34.9145
3517.0000 3465.6838 2.5433 34.9144
3519.0000 3467.6387 2.5431 34.9144
3521.0000 3469.5940 2.5432 34.9144
3523.0000 3471.5488 2.5433 34.9144
3525.0000 3473.5034 2.5432 34.9143
3527.0000 3475.4583 2.5429 34.9143
3529.0000 3477.4133 2.5421 34.9142
3531.0000 3479.3684 2.5413 34.9142
3533.0000 3481.3232 2.5414 34.9141
3535.0000 3483.2781 2.5410 34.9140
3537.0000 3485.2327 2.5408 34.9140
3539.0000 3487.1877 2.5406 34.9139
3541.0000 3489.1423 2.5399 34.9139
3543.0000 3491.0969 2.5389 34.9137
3545.0000 3493.0520 2.5381 34.9137
3547.0000 3495.0071 2.5378 34.9135
3549.0000 3496.9612 2.5376 34.9136
3551.0000 3498.9163 2.5371 34.9135
3553.0000 3500.8708 2.5368 34.9135
3555.0000 3502.8252 2.5357 34.9133
3557.0000 3504.7803 2.5350 34.9133
3559.0000 3506.7349 2.5351 34.9132
3561.0000 3508.6892 2.5353 34.9132
3563.0000 3510.6438 2.5355 34.9133
3565.0000 3512.5984 2.5356 34.9132
3567.0000 3514.5530 2.5354 34.9132
3569.0000 3516.5073 2.5355 34.9132
3571.0000 3518.4619 2.5355 34.9132
3573.0000 3520.4165 2.5350 34.9132
3575.0000 3522.3708 2.5345 34.9131
3577.0000 3524.3254 2.5333 34.9128
3579.0000 3526.2800 2.5327 34.9129
3581.0000 3528.2341 2.5328 34.9128
3583.0000 3530.1885 2.5309 34.9127
3585.0000 3532.1431 2.5296 34.9124
3587.0000 3534.0977 2.5286 34.9124
3589.0000 3536.0520 2.5277 34.9121
3591.0000 3538.0061 2.5261 34.9121
3593.0000 3539.9607 2.5252 34.9120
3595.0000 3541.9150 2.5244 34.9119
3597.0000 3543.8691 2.5244 34.9119
3599.0000 3545.8235 2.5246 34.9120
3601.0000 3547.7776 2.5248 34.9119
3603.0000 3549.7319 2.5250 34.9118
3605.0000 3551.6860 2.5254 34.9120
3607.0000 3553.6401 2.5257 34.9120
3609.0000 3555.5945 2.5258 34.9119
3611.0000 3557.5486 2.5259 34.9119
3613.0000 3559.5029 2.5255 34.9119
3615.0000 3561.4570 2.5248 34.9118
3617.0000 3563.4109 2.5224 34.9115
3619.0000 3565.3652 2.5188 34.9111
3621.0000 3567.3193 2.5182 34.9111
3623.0000 3569.2734 2.5179 34.9111
3625.0000 3571.2273 2.5174 34.9110
3627.0000 3573.1816 2.5166 34.9109
3629.0000 3575.1353 2.5157 34.9108
3631.0000 3577.0896 2.5148 34.9107
3633.0000 3579.0435 2.5144 34.9107
3635.0000 3580.9976 2.5142 34.9105
3637.0000 3582.9514 2.5134 34.9105
3639.0000 3584.9053 2.5139 34.9105
3641.0000 3586.8594 2.5127 34.9104
3643.0000 3588.8132 2.5120 34.9104
3645.0000 3590.7666 2.5115 34.9102
3647.0000 3592.7207 2.5107 34.9102
3649.0000 3594.6750 2.5095 34.9100
3651.0000 3596.6284 2.5075 34.9098
3653.0000 3598.5823 2.5062 34.9097
3655.0000 3600.5359 2.5045 34.9095
3657.0000 3602.4902 2.5035 34.9094
3659.0000 3604.4436 2.5031 34.9093
3661.0000 3606.3975 2.5030 34.9094
3663.0000 3608.3511 2.5025 34.9093
3665.0000 3610.3044 2.5021 34.9092
3667.0000 3612.2583 2.5021 34.9092
3669.0000 3614.2122 2.5019 34.9091
3671.0000 3616.1658 2.5012 34.9091
3673.0000 3618.1194 2.5006 34.9090
3675.0000 3620.0730 2.4999 34.9089
3677.0000 3622.0269 2.4996 34.9089
3679.0000 3623.9802 2.4993 34.9087
3681.0000 3625.9336 2.4990 34.9088
3683.0000 3627.8875 2.4991 34.9087
3685.0000 3629.8408 2.4992 34.9087
3687.0000 3631.7942 2.4991 34.9086
3689.0000 3633.7476 2.4977 34.9085
3691.0000 3635.7017 2.4962 34.9083
3693.0000 3637.6548 2.4961 34.9084
3695.0000 3639.6082 2.4958 34.9082
3697.0000 3641.5618 2.4959 34.9083
3699.0000 3643.5149 2.4962 34.9083
3701.0000 3645.4683 2.4964 34.9083
3703.0000 3647.4221 2.4967 34.9081
3705.0000 3649.3755 2.4966 34.9082
3707.0000 3651.3284 2.4970 34.9082
3709.0000 3653.2817 2.4963 34.9082
3711.0000 3655.2351 2.4951 34.9080
3713.0000 3657.1880 2.4948 34.9080
3715.0000 3659.1418 2.4950 34.9080
3717.0000 3661.0952 2.4952 34.9081
3719.0000 3663.0481 2.4954 34.9079
3721.0000 3665.0012 2.4952 34.9078
3723.0000 3666.9546 2.4950 34.9079
3725.0000 3668.9080 2.4952 34.9079
3727.0000 3670.8608 2.4954 34.9079
3729.0000 3672.8142 2.4956 34.9078
3731.0000 3674.7671 2.4958 34.9079
3733.0000 3676.7205 2.4962 34.9079
3735.0000 3678.6736 2.4959 34.9079
3737.0000 3680.6265 2.4952 34.9077
3739.0000 3682.5798 2.4943 34.9076
3741.0000 3684.5325 2.4930 34.9075
3743.0000 3686.4854 2.4929 34.9074
3745.0000 3688.4387 2.4921 34.9073
3747.0000 3690.3921 2.4909 34.9073
3749.0000 3692.3447 2.4902 34.9070
3751.0000 3694.2976 2.4891 34.9070
3753.0000 3696.2505 2.4886 34.9070
3755.0000 3698.2036 2.4883 34.9068
3757.0000 3700.1565 2.4866 34.9067
3759.0000 3702.1094 2.4853 34.9066
3761.0000 3704.0620 2.4848 34.9065
3763.0000 3706.0149 2.4844 34.9065
3765.0000 3707.9678 2.4843 34.9064
3767.0000 3709.9209 2.4838 34.9063
3769.0000 3711.8733 2.4830 34.9063
3771.0000 3713.8259 2.4828 34.9063
3773.0000 3715.7793 2.4818 34.9062
3775.0000 3717.7314 2.4822 34.9060
3777.0000 3719.6843 2.4812 34.9060
3779.0000 3721.6370 2.4800 34.9059
3781.0000 3723.5901 2.4803 34.9058
3783.0000 3725.5425 2.4798 34.9058
3785.0000 3727.4954 2.4796 34.9058
3787.0000 3729.4478 2.4793 34.9057
3789.0000 3731.4004 2.4781 34.9055
3791.0000 3733.3530 2.4779 34.9056
3793.0000 3735.3059 2.4762 34.9054
3795.0000 3737.2583 2.4751 34.9053
3797.0000 3739.2109 2.4749 34.9051
3799.0000 3741.1636 2.4745 34.9052
3801.0000 3743.1160 2.4733 34.9050
3803.0000 3745.0681 2.4726 34.9050
3805.0000 3747.0210 2.4725 34.9049
3807.0000 3748.9736 2.4724 34.9048
3809.0000 3750.9260 2.4723 34.9049
3811.0000 3752.8779 2.4721 34.9048
3813.0000 3754.8308 2.4724 34.9048
3815.0000 3756.7832 2.4729 34.9050
3817.0000 3758.7351 2.4733 34.9050
3819.0000 3760.6875 2.4735 34.9049
3821.0000 3762.6406 2.4737 34.9047
3823.0000 3764.5923 2.4736 34.9048
3825.0000 3766.5447 2.4735 34.9048
3827.0000 3768.4973 2.4733 34.9047
3829.0000 3770.4497 2.4732 34.9046
3831.0000 3772.4016 2.4711 34.9044
3833.0000 3774.3538 2.4697 34.9043
3835.0000 3776.3062 2.4680 34.9042
3837.0000 3778.2583 2.4678 34.9041
3839.0000 3780.2104 2.4680 34.9041
3841.0000 3782.1628 2.4681 34.9041
3843.0000 3784.1150 2.4674 34.9041
3845.0000 3786.0669 2.4668 34.9039
3847.0000 3788.0188 2.4677 34.9038
3849.0000 3789.9714 2.4666 34.9039
3851.0000 3791.9231 2.4664 34.9039
3853.0000 3793.8752 2.4659 34.9037
3855.0000 3795.8276 2.4620 34.9032
3857.0000 3797.7798 2.4604 34.9032
3859.0000 3799.7317 2.4603 34.9031
3861.0000 3801.6836 2.4611 34.9031
3863.0000 3803.6357 2.4611 34.9031
3865.0000 3805.5874 2.4611 34.9032
3867.0000 3807.5396 2.4612 34.9033
3869.0000 3809.4917 2.4616 34.9031
3871.0000 3811.4434 2.4626 34.9033
3873.0000 3813.3950 2.4630 34.9033
3875.0000 3815.3472 2.4632 34.9033
3877.0000 3817.2993 2.4634 34.9032
3879.0000 3819.2507 2.4636 34.9032
3881.0000 3821.2026 2.4636 34.9033
3883.0000 3823.1545 2.4638 34.9033
3885.0000 3825.1064 2.4638 34.9031
3887.0000 3827.0583 2.4634 34.9031
3889.0000 3829.0100 2.4635 34.9031
3891.0000 3830.9617 2.4625 34.9030
3893.0000 3832.9133 2.4624 34.9030
3895.0000 3834.8650 2.4617 34.9029
3897.0000 3836.8167 2.4609 34.9028
3899.0000 3838.7686 2.4607 34.9028
3901.0000 3840.7202 2.4607 34.9027
3903.0000 3842.6719 2.4605 34.9027
3905.0000 3844.6235 2.4601 34.9026
3907.0000 3846.5747 2.4587 34.9024
3909.0000 3848.5264 2.4589 34.9024
3911.0000 3850.4785 2.4583 34.9024
3913.0000 3852.4294 2.4582 34.9024
3915.0000 3854.3816 2.4577 34.9022
3917.0000 3856.3328 2.4568 34.9021
3919.0000 3858.2844 2.4555 34.9021
3921.0000 3860.2358 2.4556 34.9020
3923.0000 3862.1875 2.4551 34.9018
3925.0000 3864.1387 2.4548 34.9019
3927.0000 3866.0901 2.4550 34.9019
3929.0000 3868.0417 2.4540 34.9018
3931.0000 3869.9929 2.4535 34.9015
3933.0000 3871.9446 2.4528 34.9016
3935.0000 3873.8955 2.4526 34.9016
3937.0000 3875.8472 2.4526 34.9016
3939.0000 3877.7986 2.4522 34.9015
3941.0000 3879.7495 2.4524 34.9013
3943.0000 3881.7012 2.4517 34.9014
3945.0000 3883.6523 2.4517 34.9013
3947.0000 3885.6038 2.4500 34.9012
3949.0000 3887.5549 2.4498 34.9011
3951.0000 3889.5061 2.4500 34.9012
3953.0000 3891.4575 2.4501 34.9011
3955.0000 3893.4084 2.4501 34.9011
3957.0000 3895.3596 2.4504 34.9011
3959.0000 3897.3108 2.4503 34.9012
3961.0000 3899.2617 2.4502 34.9011
3963.0000 3901.2134 2.4500 34.9011
3965.0000 3903.1643 2.4499 34.9009
3967.0000 3905.1155 2.4495 34.9009
3969.0000 3907.0664 2.4486 34.9008
3971.0000 3909.0173 2.4467 34.9006
3973.0000 3910.9690 2.4457 34.9004
3975.0000 3912.9194 2.4455 34.9004
3977.0000 3914.8704 2.4454 34.9004
3979.0000 3916.8215 2.4453 34.9003
3981.0000 3918.7727 2.4453 34.9003
3983.0000 3920.7236 2.4444 34.9002
3985.0000 3922.6746 2.4441 34.9001
3987.0000 3924.6255 2.4429 34.9001
3989.0000 3926.5762 2.4428 34.9000
3991.0000 3928.5271 2.4422 34.8999
3993.0000 3930.4783 2.4423 34.8999
3995.0000 3932.4292 2.4424 34.9000
3997.0000 3934.3796 2.4421 34.8999
3999.0000 3936.3306 2.4423 34.8999
4001.0000 3938.2812 2.4423 34.8998
4003.0000 3940.2322 2.4422 34.8998
4005.0000 3942.1826 2.4421 34.8998
4007.0000 3944.1340 2.4417 34.8997
4009.0000 3946.0845 2.4413 34.8996
4011.0000 3948.0352 2.4406 34.8995
4013.0000 3949.9856 2.4398 34.8995
4015.0000 3951.9365 2.4389 34.8994
4017.0000 3953.8870 2.4382 34.8992
4019.0000 3955.8379 2.4381 34.8992
4021.0000 3957.7886 2.4382 34.8992
4023.0000 3959.7388 2.4372 34.8991
4025.0000 3961.6895 2.4365 34.8989
4027.0000 3963.6404 2.4362 34.8990
4029.0000 3965.5913 2.4359 34.8989
4031.0000 3967.5413 2.4352 34.8989
4033.0000 3969.4922 2.4345 34.8987
4035.0000 3971.4426 2.4341 34.8987
4037.0000 3973.3926 2.4340 34.8987
4039.0000 3975.3435 2.4338 34.8987
4041.0000 3977.2939 2.4333 34.8985
4043.0000 3979.2446 2.4325 34.8985
4045.0000 3981.1943 2.4324 34.8985
4047.0000 3983.1453 2.4324 34.8984
4049.0000 3985.0957 2.4323 34.8984
4051.0000 3987.0461 2.4321 34.8984
4053.0000 3988.9961 2.4313 34.8982
4055.0000 3990.9468 2.4296 34.8980
4057.0000 3992.8970 2.4281 34.8978
4059.0000 3994.8474 2.4276 34.8979
4061.0000 3996.7974 2.4274 34.8978
4063.0000 3998.7483 2.4274 34.8978
4065.0000 4000.6978 2.4274 34.8977
4067.0000 4002.6482 2.4276 34.8978
4069.0000 4004.5986 2.4275 34.8977
4071.0000 4006.5491 2.4277 34.8977
4073.0000 4008.4988 2.4278 34.8977
4075.0000 4010.4492 2.4260 34.8973
4077.0000 4012.3992 2.4249 34.8974
4079.0000 4014.3496 2.4240 34.8972
4081.0000 4016.2996 2.4227 34.8971
4083.0000 4018.2500 2.4225 34.8970
4085.0000 4020.1997 2.4225 34.8970
4087.0000 4022.1497 2.4215 34.8969
4089.0000 4024.0996 2.4215 34.8968
4091.0000 4026.0500 2.4215 34.8968
4093.0000 4027.9998 2.4205 34.8967
4095.0000 4029.9502 2.4207 34.8967
4097.0000 4031.8997 2.4208 34.8967
4099.0000 4033.8499 2.4209 34.8967
4101.0000 4035.7998 2.4196 34.8965
4103.0000 4037.7498 2.4185 34.8964
4105.0000 4039.6997 2.4183 34.8963
4107.0000 4041.6494 2.4182 34.8964
4109.0000 4043.5994 2.4186 34.8965
4111.0000 4045.5493 2.4184 34.8964
4113.0000 4047.4985 2.4187 34.8962
4115.0000 4049.4490 2.4184 34.8962
4117.0000 4051.3987 2.4177 34.8962
4119.0000 4053.3486 2.4170 34.8961
4121.0000 4055.2979 2.4166 34.8960
4123.0000 4057.2483 2.4159 34.8959
4125.0000 4059.1978 2.4158 34.8960
4127.0000 4061.1475 2.4162 34.8960
4129.0000 4063.0974 2.4163 34.8959
4131.0000 4065.0471 2.4163 34.8959
4133.0000 4066.9971 2.4161 34.8959
4135.0000 4068.9463 2.4161 34.8959
4137.0000 4070.8958 2.4160 34.8958
4139.0000 4072.8455 2.4160 34.8958
4141.0000 4074.7949 2.4155 34.8957
4143.0000 4076.7446 2.4154 34.8956
4145.0000 4078.6941 2.4156 34.8957
4147.0000 4080.6433 2.4153 34.8956
4149.0000 4082.5935 2.4147 34.8955
4151.0000 4084.5430 2.4145 34.8956
4153.0000 4086.4927 2.4144 34.8955
4155.0000 4088.4417 2.4141 34.8954
4157.0000 4090.3914 2.4133 34.8954
4159.0000 4092.3408 2.4129 34.8952
4161.0000 4094.2898 2.4129 34.8951
4163.0000 4096.2397 2.4113 34.8950
4165.0000 4098.1895 2.4102 34.8951
4167.0000 4100.1387 2.4103 34.8949
4169.0000 4102.0879 2.4103 34.8950
4171.0000 4104.0366 2.4103 34.8949
4173.0000 4105.9863 2.4102 34.8948
4175.0000 4107.9351 2.4101 34.8947
4177.0000 4109.8848 2.4100 34.8948
4179.0000 4111.8345 2.4094 34.8947
4181.0000 4113.7837 2.4094 34.8947
4183.0000 4115.7329 2.4096 34.8947
4185.0000 4117.6821 2.4093 34.8947
4187.0000 4119.6313 2.4090 34.8946
4189.0000 4121.5801 2.4091 34.8945
4191.0000 4123.5293 2.4087 34.8945
4193.0000 4125.4790 2.4089 34.8946
4195.0000 4127.4282 2.4092 34.8946
4197.0000 4129.3770 2.4093 34.8945
4199.0000 4131.3262 2.4093 34.8945
4201.0000 4133.2754 2.4094 34.8945
4203.0000 4135.2246 2.4093 34.8944
4205.0000 4137.1733 2.4091 34.8944
4207.0000 4139.1226 2.4090 34.8943
4209.0000 4141.0718 2.4089 34.8943
4211.0000 4143.0205 2.4085 34.8942
4213.0000 4144.9697 2.4082 34.8941
4215.0000 4146.9185 2.4082 34.8942
4217.0000 4148.8672 2.4083 34.8942
4219.0000 4150.8164 2.4083 34.8942
4221.0000 4152.7651 2.4078 34.8941
4223.0000 4154.7139 2.4085 34.8940
4225.0000 4156.6631 2.4084 34.8941
4227.0000 4158.6118 2.4085 34.8940
4229.0000 4160.5610 2.4085 34.8939
4231.0000 4162.5093 2.4085 34.8939
4233.0000 4164.4585 2.4080 34.8939
4235.0000 4166.4072 2.4080 34.8940
4237.0000 4168.3560 2.4077 34.8939
4239.0000 4170.3047 2.4070 34.8937
4241.0000 4172.2534 2.4057 34.8936
4243.0000 4174.2026 2.4052 34.8936
4245.0000 4176.1509 2.4048 34.8935
4247.0000 4178.0996 2.4047 34.8935
4249.0000 4180.0483 2.4047 34.8935
4251.0000 4181.9971 2.4044 34.8934
4253.0000 4183.9453 2.4045 34.8933
4255.0000 4185.8940 2.4047 34.8933
4257.0000 4187.8433 2.4044 34.8934
4259.0000 4189.7915 2.4045 34.8933
4261.0000 4191.7402 2.4041 34.8932
4263.0000 4193.6890 2.4041 34.8932
4265.0000 4195.6367 2.4037 34.8932
4267.0000 4197.5859 2.4034 34.8932
4269.0000 4199.5347 2.4037 34.8932
4271.0000 4201.4829 2.4040 34.8931
4273.0000 4203.4312 2.4044 34.8932
4275.0000 4205.3799 2.4045 34.8932
4277.0000 4207.3281 2.4050 34.8932
4279.0000 4209.2764 2.4052 34.8932
4281.0000 4211.2251 2.4055 34.8932
4283.0000 4213.1733 2.4059 34.8933
4285.0000 4215.1216 2.4060 34.8931
4287.0000 4217.0698 2.4060 34.8931
4289.0000 4219.0186 2.4060 34.8932
4291.0000 4220.9668 2.4060 34.8931
4293.0000 4222.9150 2.4052 34.8929
4295.0000 4224.8628 2.4035 34.8927
4297.0000 4226.8115 2.4022 34.8927
4299.0000 4228.7598 2.4026 34.8926
4301.0000 4230.7080 2.4015 34.8925
4303.0000 4232.6562 2.3989 34.8922
4305.0000 4234.6045 2.3982 34.8922
4307.0000 4236.5527 2.3981 34.8921
4309.0000 4238.5010 2.3975 34.8920
4311.0000 4240.4492 2.3974 34.8920
4313.0000 4242.3970 2.3971 34.8919
4315.0000 4244.3452 2.3974 34.8919
4317.0000 4246.2935 2.3976 34.8919
4319.0000 4248.2417 2.3974 34.8919
4321.0000 4250.1895 2.3973 34.8919
4323.0000 4252.1377 2.3973 34.8918
4325.0000 4254.0859 2.3972 34.8917
4327.0000 4256.0332 2.3952 34.8916
4329.0000 4257.9819 2.3948 34.8916
4331.0000 4259.9297 2.3941 34.8915
4333.0000 4261.8779 2.3943 34.8915
4335.0000 4263.8252 2.3943 34.8914
4337.0000 4265.7734 2.3939 34.8914
4339.0000 4267.7217 2.3938 34.8914
4341.0000 4269.6689 2.3940 34.8913
4343.0000 4271.6172 2.3938 34.8913
4345.0000 4273.5649 2.3939 34.8913
4347.0000 4275.5127 2.3935 34.8913
4349.0000 4277.4604 2.3937 34.8912
4351.0000 4279.4087 2.3938 34.8912
4353.0000 4281.3564 2.3934 34.8911
4355.0000 4283.3042 2.3933 34.8911
4357.0000 4285.2515 2.3932 34.8911
4359.0000 4287.1997 2.3929 34.8911
4361.0000 4289.1475 2.3934 34.8911
4363.0000 4291.0947 2.3918 34.8909
4365.0000 4293.0430 2.3913 34.8908
4367.0000 4294.9907 2.3913 34.8908
4369.0000 4296.9385 2.3907 34.8907
4371.0000 4298.8853 2.3901 34.8906
4373.0000 4300.8335 2.3897 34.8906
4375.0000 4302.7808 2.3896 34.8905
4377.0000 4304.7285 2.3893 34.8905
4379.0000 4306.6763 2.3891 34.8904
4381.0000 4308.6235 2.3886 34.8903
4383.0000 4310.5713 2.3883 34.8903
4385.0000 4312.5190 2.3881 34.8903
4387.0000 4314.4668 2.3872 34.8901
4389.0000 4316.4136 2.3867 34.8901
4391.0000 4318.3613 2.3864 34.8900
4393.0000 4320.3091 2.3862 34.8899
4395.0000 4322.2563 2.3858 34.8898
4397.0000 4324.2031 2.3851 34.8898
4399.0000 4326.1509 2.3844 34.8897
4401.0000 4328.0986 2.3838 34.8896
4403.0000 4330.0459 2.3833 34.8895
4405.0000 4331.9927 2.3830 34.8895
4407.0000 4333.9404 2.3813 34.8892
4409.0000 4335.8877 2.3815 34.8894
4411.0000 4337.8354 2.3816 34.8893
4413.0000 4339.7827 2.3820 34.8893
4415.0000 4341.7300 2.3822 34.8892
4417.0000 4343.6768 2.3824 34.8893
4419.0000 4345.6240 2.3824 34.8893
4421.0000 4347.5713 2.3824 34.8893
4423.0000 4349.5186 2.3824 34.8893
4425.0000 4351.4658 2.3819 34.8892
4427.0000 4353.4131 2.3821 34.8892
4429.0000 4355.3604 2.3822 34.8891
4431.0000 4357.3071 2.3821 34.8891
4433.0000 4359.2549 2.3823 34.8891
4435.0000 4361.2012 2.3824 34.8891
4437.0000 4363.1484 2.3826 34.8890
4439.0000 4365.0957 2.3828 34.8890
4441.0000 4367.0430 2.3828 34.8891
4443.0000 4368.9902 2.3824 34.8890
4445.0000 4370.9365 2.3824 34.8890
4447.0000 4372.8838 2.3824 34.8889
4449.0000 4374.8311 2.3824 34.8888
4451.0000 4376.7773 2.3823 34.8888
4453.0000 4378.7246 2.3817 34.8887
4455.0000 4380.6714 2.3805 34.8886
4457.0000 4382.6182 2.3806 34.8887
4459.0000 4384.5649 2.3795 34.8884
4461.0000 4386.5122 2.3794 34.8884
4463.0000 4388.4590 2.3791 34.8884
4465.0000 4390.4058 2.3780 34.8883
4467.0000 4392.3525 2.3779 34.8882
4469.0000 4394.2993 2.3777 34.8881
4471.0000 4396.2466 2.3766 34.8881
4473.0000 4398.1934 2.3769 34.8881
4475.0000 4400.1396 2.3767 34.8881
4477.0000 4402.0869 2.3776 34.8881
4479.0000 4404.0332 2.3775 34.8881
4481.0000 4405.9800 2.3765 34.8879
4483.0000 4407.9268 2.3759 34.8878
4485.0000 4409.8730 2.3764 34.8878
4487.0000 4411.8203 2.3761 34.8878
4489.0000 4413.7671 2.3764 34.8877
4491.0000 4415.7134 2.3763 34.8879
4493.0000 4417.6597 2.3766 34.8878
4495.0000 4419.6064 2.3766 34.8878
4497.0000 4421.5532 2.3769 34.8878
4499.0000 4423.4995 2.3774 34.8879
4501.0000 4425.4463 2.3775 34.8879
4503.0000 4427.3931 2.3778 34.8878
4505.0000 4429.3394 2.3780 34.8879
4507.0000 4431.2856 2.3785 34.8878
4509.0000 4433.2319 2.3787 34.8879
4511.0000 4435.1787 2.3790 34.8879
4513.0000 4437.1250 2.3792 34.8878
4515.0000 4439.0718 2.3795 34.8879
4517.0000 4441.0181 2.3798 34.8879
4519.0000 4442.9648 2.3799 34.8878
4521.0000 4444.9102 2.3801 34.8879
4523.0000 4446.8569 2.3803 34.8879
4525.0000 4448.8037 2.3807 34.8879
4527.0000 4450.7495 2.3810 34.8879
4529.0000 4452.6963 2.3810 34.8877
4531.0000 4454.6426 2.3814 34.8878
4533.0000 4456.5889 2.3816 34.8879
4535.0000 4458.5347 2.3818 34.8878
4537.0000 4460.4810 2.3819 34.8878
4539.0000 4462.4272 2.3823 34.8878
4541.0000 4464.3730 2.3826 34.8879
4543.0000 4466.3198 2.3829 34.8879
4545.0000 4468.2661 2.3830 34.8879
4547.0000 4470.2119 2.3831 34.8878
4549.0000 4472.1582 2.3836 34.8878
4551.0000 4474.1045 2.3838 34.8879
4553.0000 4476.0508 2.3839 34.8877
4555.0000 4477.9966 2.3840 34.8878
4557.0000 4479.9424 2.3843 34.8878
4559.0000 4481.8882 2.3846 34.8878
4561.0000 4483.8340 2.3846 34.8878
4563.0000 4485.7803 2.3847 34.8877
4565.0000 4487.7266 2.3850 34.8878
4567.0000 4489.6729 2.3853 34.8877
4569.0000 4491.6187 2.3854 34.8876
4571.0000 4493.5645 2.3856 34.8876
4573.0000 4495.5107 2.3859 34.8878
4575.0000 4497.4565 2.3860 34.8877
4577.0000 4499.4023 2.3857 34.8878
4579.0000 4501.3486 2.3860 34.8876
4581.0000 4503.2939 2.3849 34.8876
4583.0000 4505.2397 2.3849 34.8876
4585.0000 4507.1855 2.3849 34.8875
4587.0000 4509.1313 2.3849 34.8875
4589.0000 4511.0771 2.3851 34.8875
4591.0000 4513.0229 2.3854 34.8875
4593.0000 4514.9688 2.3852 34.8874
4595.0000 4516.9146 2.3829 34.8871
4597.0000 4518.8604 2.3818 34.8870
4599.0000 4520.8062 2.3805 34.8869
4601.0000 4522.7520 2.3813 34.8869
4603.0000 4524.6973 2.3810 34.8868
4605.0000 4526.6431 2.3808 34.8867
4607.0000 4528.5889 2.3795 34.8866
4609.0000 4530.5347 2.3783 34.8864
4611.0000 4532.4805 2.3776 34.8865
4613.0000 4534.4258 2.3785 34.8864
4615.0000 4536.3711 2.3780 34.8865
4617.0000 4538.3164 2.3780 34.8864
4619.0000 4540.2622 2.3780 34.8865
4621.0000 4542.2075 2.3785 34.8864
4623.0000 4544.1528 2.3771 34.8861
4625.0000 4546.0986 2.3763 34.8862
4627.0000 4548.0444 2.3767 34.8861
4629.0000 4549.9897 2.3762 34.8861
4631.0000 4551.9351 2.3761 34.8860
4633.0000 4553.8804 2.3764 34.8861
4635.0000 4555.8262 2.3765 34.8860
4637.0000 4557.7710 2.3771 34.8861
4639.0000 4559.7168 2.3774 34.8861
4641.0000 4561.6626 2.3776 34.8861
4643.0000 4563.6079 2.3774 34.8860
4645.0000 4565.5527 2.3768 34.8859
4647.0000 4567.4980 2.3763 34.8858
4649.0000 4569.4434 2.3756 34.8858
4651.0000 4571.3887 2.3757 34.8858
4653.0000 4573.3340 2.3761 34.8858
4655.0000 4575.2793 2.3761 34.8858
4657.0000 4577.2246 2.3765 34.8857
4659.0000 4579.1699 2.3768 34.8858
4661.0000 4581.1152 2.3771 34.8858
4663.0000 4583.0601 2.3772 34.8857
4665.0000 4585.0049 2.3773 34.8858
4667.0000 4586.9502 2.3776 34.8858
4669.0000 4588.8955 2.3777 34.8859
4671.0000 4590.8403 2.3778 34.8858
4673.0000 4592.7856 2.3782 34.8857
4675.0000 4594.7310 2.3785 34.8857
4677.0000 4596.6763 2.3785 34.8857
4679.0000 4598.6206 2.3787 34.8857
4681.0000 4600.5659 2.3790 34.8857
4683.0000 4602.5112 2.3791 34.8858
4685.0000 4604.4556 2.3794 34.8857
4687.0000 4606.4004 2.3796 34.8857
4689.0000 4608.3457 2.3796 34.8857
4691.0000 4610.2910 2.3798 34.8857
4693.0000 4612.2354 2.3801 34.8857
4695.0000 4614.1807 2.3802 34.8857
4697.0000 4616.1255 2.3806 34.8857
4699.0000 4618.0698 2.3808 34.8856
4701.0000 4620.0151 2.3809 34.8856
4703.0000 4621.9600 2.3809 34.8857
4705.0000 4623.9048 2.3804 34.8855
4707.0000 4625.8496 2.3805 34.8856
4709.0000 4627.7944 2.3805 34.8856
4711.0000 4629.7393 2.3807 34.8855
4713.0000 4631.6836 2.3812 34.8855
4715.0000 4633.6284 2.3812 34.8856
4717.0000 4635.5732 2.3805 34.8854
4719.0000 4637.5186 2.3800 34.8853
4721.0000 4639.4629 2.3799 34.8852
4723.0000 4641.4077 2.3794 34.8852
4725.0000 4643.3525 2.3794 34.8851
4727.0000 4645.2964 2.3795 34.8851
4729.0000 4647.2417 2.3793 34.8851
4731.0000 4649.1860 2.3790 34.8851
4733.0000 4651.1309 2.3793 34.8851
4735.0000 4653.0752 2.3795 34.8851
4737.0000 4655.0195 2.3796 34.8850
4739.0000 4656.9644 2.3798 34.8851
4741.0000 4658.9082 2.3795 34.8850
4743.0000 4660.8530 2.3794 34.8850
4745.0000 4662.7974 2.3795 34.8850
4747.0000 4664.7417 2.3798 34.8849
4749.0000 4666.6860 2.3794 34.8850
4751.0000 4668.6309 2.3792 34.8849
4753.0000 4670.5757 2.3789 34.8848
4755.0000 4672.5200 2.3788 34.8848
4757.0000 4674.4644 2.3789 34.8848
4759.0000 4676.4092 2.3794 34.8849
4761.0000 4678.3525 2.3798 34.8848
4763.0000 4680.2974 2.3799 34.8848
4765.0000 4682.2417 2.3789 34.8847
4767.0000 4684.1860 2.3780 34.8845
4769.0000 4686.1299 2.3783 34.8845
4771.0000 4688.0742 2.3785 34.8845
4773.0000 4690.0186 2.3788 34.8845
4775.0000 4691.9624 2.3790 34.8846
4777.0000 4693.9072 2.3793 34.8845
4779.0000 4695.8516 2.3796 34.8846
4781.0000 4697.7959 2.3798 34.8845
4783.0000 4699.7397 2.3801 34.8846
4785.0000 4701.6841 2.3803 34.8846
4787.0000 4703.6279 2.3805 34.8846
4789.0000 4705.5718 2.3808 34.8846
4791.0000 4707.5161 2.3811 34.8846
4793.0000 4709.4600 2.3809 34.8845
4795.0000 4711.4043 2.3805 34.8844
4797.0000 4713.3486 2.3806 34.8844
4799.0000 4715.2930 2.3807 34.8844
4801.0000 4717.2363 2.3801 34.8842
4803.0000 4719.1802 2.3798 34.8842
4805.0000 4721.1245 2.3795 34.8842
4807.0000 4723.0684 2.3792 34.8841
4809.0000 4725.0122 2.3788 34.8841
4811.0000 4726.9561 2.3785 34.8840
4813.0000 4728.8999 2.3781 34.8839
4815.0000 4730.8447 2.3770 34.8837
4817.0000 4732.7881 2.3769 34.8837
4819.0000 4734.7319 2.3771 34.8838
4821.0000 4736.6758 2.3771 34.8837
4823.0000 4738.6196 2.3772 34.8837
4825.0000 4740.5630 2.3771 34.8837
4827.0000 4742.5068 2.3771 34.8836
4829.0000 4744.4517 2.3776 34.8837
4831.0000 4746.3945 2.3774 34.8836
4833.0000 4748.3384 2.3777 34.8835
4835.0000 4750.2822 2.3772 34.8835
4837.0000 4752.2256 2.3765 34.8834
4839.0000 4754.1694 2.3759 34.8833
4841.0000 4756.1133 2.3758 34.8834
4843.0000 4758.0576 2.3753 34.8832
4845.0000 4760.0005 2.3749 34.8832
4847.0000 4761.9443 2.3748 34.8833
4849.0000 4763.8882 2.3750 34.8831
4851.0000 4765.8311 2.3747 34.8831
4853.0000 4767.7749 2.3750 34.8831
4855.0000 4769.7183 2.3750 34.8831
4857.0000 4771.6626 2.3749 34.8830
4859.0000 4773.6060 2.3749 34.8831
4861.0000 4775.5493 2.3748 34.8831
4863.0000 4777.4927 2.3752 34.8830
4865.0000 4779.4355 2.3753 34.8829
4867.0000 4781.3794 2.3751 34.8829
4869.0000 4783.3232 2.3749 34.8829
4871.0000 4785.2661 2.3750 34.8828
4873.0000 4787.2095 2.3753 34.8829
4875.0000 4789.1533 2.3753 34.8828
4877.0000 4791.0967 2.3751 34.8828
4879.0000 4793.0400 2.3751 34.8827
4881.0000 4794.9834 2.3750 34.8828
4883.0000 4796.9268 2.3749 34.8828
4885.0000 4798.8696 2.3747 34.8827
4887.0000 4800.8130 2.3747 34.8827
4889.0000 4802.7563 2.3749 34.8826
4891.0000 4804.7002 2.3744 34.8825
4893.0000 4806.6431 2.3737 34.8825
4895.0000 4808.5864 2.3739 34.8824
4897.0000 4810.5298 2.3740 34.8825
4899.0000 4812.4722 2.3741 34.8824
4901.0000 4814.4160 2.3743 34.8824
4903.0000 4816.3589 2.3746 34.8825
4905.0000 4818.3022 2.3749 34.8824
4907.0000 4820.2451 2.3750 34.8824
4909.0000 4822.1880 2.3757 34.8822
4911.0000 4824.1318 2.3761 34.8823
4913.0000 4826.0747 2.3759 34.8824
4915.0000 4828.0176 2.3760 34.8822
4917.0000 4829.9609 2.3760 34.8822
4919.0000 4831.9038 2.3758 34.8823
4921.0000 4833.8467 2.3759 34.8822
4923.0000 4835.7896 2.3761 34.8822
4925.0000 4837.7324 2.3762 34.8823
4927.0000 4839.6753 2.3762 34.8822
4929.0000 4841.6187 2.3755 34.8822
4931.0000 4843.5615 2.3756 34.8821
4933.0000 4845.5039 2.3756 34.8820
4935.0000 4847.4468 2.3756 34.8821
4937.0000 4849.3896 2.3754 34.8820
4939.0000 4851.3330 2.3756 34.8820
4941.0000 4853.2754 2.3758 34.8821
4943.0000 4855.2183 2.3760 34.8820
4945.0000 4857.1611 2.3759 34.8820
4947.0000 4859.1040 2.3762 34.8819
4949.0000 4861.0469 2.3762 34.8819
4951.0000 4862.9897 2.3760 34.8820
4953.0000 4864.9326 2.3755 34.8817
4955.0000 4866.8750 2.3753 34.8818
4957.0000 4868.8179 2.3753 34.8816
4959.0000 4870.7607 2.3751 34.8817
4961.0000 4872.7031 2.3748 34.8817
4963.0000 4874.6465 2.3749 34.8815
4965.0000 4876.5889 2.3747 34.8815
4967.0000 4878.5317 2.3739 34.8814
4969.0000 4880.4736 2.3741 34.8814
4971.0000 4882.4165 2.3743 34.8815
4973.0000 4884.3594 2.3748 34.8813
4975.0000 4886.3013 2.3747 34.8815
4977.0000 4888.2437 2.3746 34.8815
4979.0000 4890.1870 2.3748 34.8813
4981.0000 4892.1294 2.3748 34.8814
4983.0000 4894.0718 2.3750 34.8813
4985.0000 4896.0142 2.3748 34.8813
4987.0000 4897.9570 2.3752 34.8813
4989.0000 4899.8989 2.3753 34.8813
4991.0000 4901.8413 2.3755 34.8814
4993.0000 4903.7842 2.3756 34.8813
4995.0000 4905.7261 2.3757 34.8813
4997.0000 4907.6689 2.3758 34.8812
4999.0000 4909.6108 2.3759 34.8813
5001.0000 4911.5537 2.3762 34.8813
5003.0000 4913.4956 2.3761 34.8812
5005.0000 4915.4375 2.3762 34.8811
5007.0000 4917.3804 2.3764 34.8812
5009.0000 4919.3228 2.3764 34.8812
5011.0000 4921.2646 2.3765 34.8812
5013.0000 4923.2070 2.3772 34.8810
5015.0000 4925.1494 2.3774 34.8810
5017.0000 4927.0913 2.3773 34.8811
5019.0000 4929.0337 2.3774 34.8809
5021.0000 4930.9761 2.3769 34.8810
5023.0000 4932.9180 2.3774 34.8809
5025.0000 4934.8599 2.3774 34.8810
5027.0000 4936.8022 2.3776 34.8811
5029.0000 4938.7446 2.3780 34.8809
5031.0000 4940.6860 2.3782 34.8810
5033.0000 4942.6284 2.3784 34.8809
5035.0000 4944.5708 2.3786 34.8810
5037.0000 4946.5127 2.3786 34.8810
5039.0000 4948.4546 2.3789 34.8810
5041.0000 4950.3970 2.3792 34.8810
5043.0000 4952.3389 2.3796 34.8810
5045.0000 4954.2803 2.3799 34.8809
5047.0000 4956.2227 2.3803 34.8811
5049.0000 4958.1650 2.3806 34.8810
5051.0000 4960.1060 2.3807 34.8809
5053.0000 4962.0483 2.3808 34.8810
5055.0000 4963.9902 2.3809 34.8809
5057.0000 4965.9321 2.3811 34.8810
5059.0000 4967.8740 2.3814 34.8810
5061.0000 4969.8159 2.3813 34.8809
5063.0000 4971.7578 2.3810 34.8809
5065.0000 4973.6997 2.3817 34.8808
5067.0000 4975.6411 2.3819 34.8807
5069.0000 4977.5830 2.3815 34.8807
5071.0000 4979.5249 2.3805 34.8806
5073.0000 4981.4668 2.3805 34.8806
5075.0000 4983.4082 2.3801 34.8806
5077.0000 4985.3501 2.3798 34.8805
5079.0000 4987.2915 2.3800 34.8805
5081.0000 4989.2329 2.3803 34.8806
5083.0000 4991.1753 2.3806 34.8805
5085.0000 4993.1167 2.3809 34.8806
5087.0000 4995.0576 2.3813 34.8807
5089.0000 4997.0005 2.3816 34.8805
5091.0000 4998.9414 2.3823 34.8804
5093.0000 5000.8828 2.3823 34.8804
5095.0000 5002.8247 2.3825 34.8804
5097.0000 5004.7661 2.3825 34.8805
5099.0000 5006.7080 2.3827 34.8805
5101.0000 5008.6489 2.3832 34.8805
5103.0000 5010.5908 2.3834 34.8806
5105.0000 5012.5327 2.3838 34.8805
5107.0000 5014.4736 2.3839 34.8805
5109.0000 5016.4146 2.3841 34.8804
5111.0000 5018.3569 2.3846 34.8805
5113.0000 5020.2974 2.3849 34.8804
5115.0000 5022.2393 2.3852 34.8805
5117.0000 5024.1807 2.3856 34.8805
5119.0000 5026.1221 2.3859 34.8805
5121.0000 5028.0635 2.3862 34.8805
5123.0000 5030.0049 2.3865 34.8805
5125.0000 5031.9458 2.3867 34.8805
5127.0000 5033.8872 2.3869 34.8805
5129.0000 5035.8286 2.3868 34.8806
5131.0000 5037.7700 2.3871 34.8805
5133.0000 5039.7109 2.3873 34.8804
5135.0000 5041.6523 2.3873 34.8806
5137.0000 5043.5938 2.3875 34.8805
5139.0000 5045.5347 2.3876 34.8804
5141.0000 5047.4761 2.3877 34.8805
5143.0000 5049.4170 2.3881 34.8804
5145.0000 5051.3579 2.3884 34.8805
5147.0000 5053.2993 2.3885 34.8805
5149.0000 5055.2402 2.3887 34.8804
5151.0000 5057.1816 2.3890 34.8804
