CTD cast

DATE:  15-Jan-2016 21:46:00
latitude:  24.4983
longitude:  -24.2501
  P (db)  z (m)    T (^oC)  S (psu)
3.0000 2.9808 22.4851 37.1012
5.0000 4.9680 22.5037 37.1011
7.0000 6.9551 22.4849 37.1003
9.0000 8.9422 22.4722 37.1001
11.0000 10.9293 22.4937 37.1005
13.0000 12.9164 22.4567 37.1001
15.0000 14.9035 22.4388 37.1004
17.0000 16.8906 22.4340 37.1017
19.0000 18.8776 22.4269 37.1022
21.0000 20.8646 22.4280 37.1015
23.0000 22.8516 22.4198 37.1003
25.0000 24.8386 22.3998 37.1063
27.0000 26.8256 22.3963 37.1095
29.0000 28.8125 22.3884 37.1173
31.0000 30.7994 22.3853 37.1207
33.0000 32.7863 22.3862 37.1204
35.0000 34.7732 22.3835 37.1215
37.0000 36.7600 22.3835 37.1217
39.0000 38.7469 22.3831 37.1223
41.0000 40.7337 22.3834 37.1223
43.0000 42.7205 22.3834 37.1226
45.0000 44.7073 22.3832 37.1225
47.0000 46.6941 22.3772 37.1232
49.0000 48.6808 22.3736 37.1235
51.0000 50.6675 22.3639 37.1251
53.0000 52.6542 22.3639 37.1247
55.0000 54.6409 22.3508 37.1253
57.0000 56.6276 22.3506 37.1257
59.0000 58.6142 22.3491 37.1262
61.0000 60.6009 22.3481 37.1266
63.0000 62.5875 22.3486 37.1266
65.0000 64.5741 22.3486 37.1271
67.0000 66.5606 22.3372 37.1265
69.0000 68.5472 22.3168 37.1218
71.0000 70.5337 22.1793 37.0894
73.0000 72.5202 22.1768 37.0919
75.0000 74.5067 21.4529 36.9539
77.0000 76.4932 21.3559 36.9488
79.0000 78.4797 20.1895 36.7891
81.0000 80.4661 20.3097 36.8113
83.0000 82.4525 19.7345 36.7981
85.0000 84.4389 19.5663 36.7900
87.0000 86.4253 19.5192 36.7888
89.0000 88.4117 19.3770 36.7825
91.0000 90.3980 19.3632 36.7832
93.0000 92.3843 19.2537 36.7801
95.0000 94.3706 19.2576 36.7819
97.0000 96.3569 19.0766 36.7825
99.0000 98.3432 19.1241 36.7822
101.0000 100.3294 19.0533 36.7806
103.0000 102.3157 19.0383 36.7788
105.0000 104.3019 18.9726 36.7747
107.0000 106.2880 18.9951 36.7762
109.0000 108.2742 18.9236 36.7774
111.0000 110.2604 18.8477 36.7681
113.0000 112.2465 18.8795 36.7707
115.0000 114.2326 18.7335 36.7584
117.0000 116.2187 18.7785 36.7621
119.0000 118.2048 18.6949 36.7562
121.0000 120.1908 18.6555 36.7535
123.0000 122.1768 18.6183 36.7498
125.0000 124.1629 18.5716 36.7473
127.0000 126.1489 18.5649 36.7490
129.0000 128.1348 18.5715 36.7523
131.0000 130.1208 18.5531 36.7520
133.0000 132.1068 18.5158 36.7464
135.0000 134.0927 18.4695 36.7382
137.0000 136.0786 18.4254 36.7326
139.0000 138.0644 18.3936 36.7254
141.0000 140.0503 18.3839 36.7241
143.0000 142.0361 18.3480 36.7183
145.0000 144.0220 18.3136 36.7112
147.0000 146.0078 18.2555 36.6997
149.0000 147.9935 18.2305 36.6955
151.0000 149.9793 18.2198 36.6935
153.0000 151.9651 18.1996 36.6900
155.0000 153.9508 18.1739 36.6869
157.0000 155.9365 18.1442 36.6814
159.0000 157.9222 18.0996 36.6719
161.0000 159.9079 18.0382 36.6600
163.0000 161.8935 18.0141 36.6561
165.0000 163.8791 17.9755 36.6490
167.0000 165.8647 17.9441 36.6433
169.0000 167.8503 17.9123 36.6362
171.0000 169.8359 17.8631 36.6277
173.0000 171.8215 17.8269 36.6206
175.0000 173.8070 17.8257 36.6208
177.0000 175.7925 17.8221 36.6195
179.0000 177.7780 17.7923 36.6129
181.0000 179.7635 17.7239 36.5975
183.0000 181.7489 17.6394 36.5807
185.0000 183.7344 17.5912 36.5707
187.0000 185.7198 17.5697 36.5654
189.0000 187.7052 17.5444 36.5603
191.0000 189.6906 17.5197 36.5549
193.0000 191.6759 17.4851 36.5478
195.0000 193.6613 17.4584 36.5422
197.0000 195.6466 17.4273 36.5349
199.0000 197.6319 17.3833 36.5253
201.0000 199.6172 17.3298 36.5142
203.0000 201.6025 17.2794 36.5028
205.0000 203.5877 17.2433 36.4955
207.0000 205.5729 17.1865 36.4825
209.0000 207.5582 17.1325 36.4717
211.0000 209.5433 17.0996 36.4651
213.0000 211.5285 17.0593 36.4572
215.0000 213.5136 17.0090 36.4493
217.0000 215.4988 17.0189 36.4559
219.0000 217.4839 16.9721 36.4427
221.0000 219.4690 16.9164 36.4358
223.0000 221.4541 16.9267 36.4405
225.0000 223.4391 16.8761 36.4256
227.0000 225.4241 16.8281 36.4173
229.0000 227.4092 16.8023 36.4134
231.0000 229.3941 16.7790 36.4088
233.0000 231.3791 16.7243 36.3959
235.0000 233.3641 16.6508 36.3814
237.0000 235.3491 16.6024 36.3721
239.0000 237.3340 16.5657 36.3665
241.0000 239.3189 16.5459 36.3627
243.0000 241.3038 16.5317 36.3604
245.0000 243.2886 16.4697 36.3466
247.0000 245.2734 16.3962 36.3326
249.0000 247.2583 16.3391 36.3234
251.0000 249.2431 16.3054 36.3171
253.0000 251.2279 16.2607 36.3084
255.0000 253.2126 16.2196 36.3010
257.0000 255.1974 16.1807 36.2936
259.0000 257.1821 16.1528 36.2891
261.0000 259.1668 16.1207 36.2820
263.0000 261.1515 16.0731 36.2717
265.0000 263.1362 16.0383 36.2641
267.0000 265.1208 15.9751 36.2506
269.0000 267.1055 15.9337 36.2442
271.0000 269.0901 15.9240 36.2416
273.0000 271.0747 15.8485 36.2286
275.0000 273.0593 15.8062 36.2183
277.0000 275.0439 15.7687 36.2097
279.0000 277.0284 15.7070 36.1973
281.0000 279.0129 15.6550 36.1865
283.0000 280.9974 15.6250 36.1806
285.0000 282.9819 15.5847 36.1745
287.0000 284.9663 15.5674 36.1717
289.0000 286.9508 15.5550 36.1720
291.0000 288.9352 15.5056 36.1614
293.0000 290.9196 15.4791 36.1577
295.0000 292.9040 15.4857 36.1650
297.0000 294.8883 15.4694 36.1608
299.0000 296.8727 15.4013 36.1457
301.0000 298.8570 15.3250 36.1324
303.0000 300.8413 15.2913 36.1263
305.0000 302.8256 15.2608 36.1216
307.0000 304.8099 15.2312 36.1164
309.0000 306.7942 15.2034 36.1096
311.0000 308.7784 15.1246 36.0940
313.0000 310.7626 15.0466 36.0765
315.0000 312.7468 14.9974 36.0688
317.0000 314.7310 14.9866 36.0665
319.0000 316.7151 14.9778 36.0647
321.0000 318.6992 14.9516 36.0599
323.0000 320.6834 14.8492 36.0390
325.0000 322.6675 14.8161 36.0361
327.0000 324.6516 14.8104 36.0350
329.0000 326.6356 14.7483 36.0210
331.0000 328.6197 14.6900 36.0104
333.0000 330.6037 14.6512 36.0038
335.0000 332.5877 14.6238 35.9973
337.0000 334.5717 14.5870 35.9908
339.0000 336.5556 14.5545 35.9845
341.0000 338.5396 14.5157 35.9787
343.0000 340.5235 14.4834 35.9734
345.0000 342.5074 14.4165 35.9626
347.0000 344.4913 14.3605 35.9553
349.0000 346.4752 14.3365 35.9518
351.0000 348.4590 14.3189 35.9482
353.0000 350.4428 14.3101 35.9468
355.0000 352.4267 14.3045 35.9475
357.0000 354.4105 14.2997 35.9501
359.0000 356.3942 14.2619 35.9437
361.0000 358.3780 14.2243 35.9363
363.0000 360.3617 14.1824 35.9281
365.0000 362.3454 14.1031 35.9157
367.0000 364.3291 14.0775 35.9119
369.0000 366.3128 14.0690 35.9108
371.0000 368.2965 14.0584 35.9089
373.0000 370.2801 14.0416 35.9061
375.0000 372.2637 14.0347 35.9049
377.0000 374.2473 14.0250 35.9030
379.0000 376.2309 14.0117 35.9001
381.0000 378.2145 13.9466 35.8892
383.0000 380.1980 13.8592 35.8759
385.0000 382.1815 13.8260 35.8707
387.0000 384.1650 13.7960 35.8671
389.0000 386.1485 13.7784 35.8646
391.0000 388.1320 13.7564 35.8619
393.0000 390.1155 13.7410 35.8592
395.0000 392.0989 13.7106 35.8552
397.0000 394.0823 13.6887 35.8520
399.0000 396.0657 13.6736 35.8501
401.0000 398.0490 13.6337 35.8436
403.0000 400.0325 13.5800 35.8378
405.0000 402.0157 13.5708 35.8358
407.0000 403.9991 13.5476 35.8314
409.0000 405.9824 13.5002 35.8242
411.0000 407.9656 13.4485 35.8172
413.0000 409.9489 13.4152 35.8129
415.0000 411.9322 13.3989 35.8097
417.0000 413.9154 13.3591 35.8043
419.0000 415.8986 13.3465 35.8030
421.0000 417.8817 13.3214 35.7984
423.0000 419.8649 13.2605 35.7888
425.0000 421.8481 13.2132 35.7838
427.0000 423.8312 13.1767 35.7791
429.0000 425.8143 13.1676 35.7779
431.0000 427.7974 13.1642 35.7773
433.0000 429.7804 13.1413 35.7739
435.0000 431.7635 13.1186 35.7714
437.0000 433.7466 13.1060 35.7700
439.0000 435.7296 13.0912 35.7677
441.0000 437.7125 13.0812 35.7662
443.0000 439.6955 13.0618 35.7633
445.0000 441.6785 13.0188 35.7558
447.0000 443.6614 12.9225 35.7447
449.0000 445.6443 12.8861 35.7389
451.0000 447.6272 12.8510 35.7343
453.0000 449.6101 12.8223 35.7293
455.0000 451.5930 12.7950 35.7252
457.0000 453.5758 12.7885 35.7246
459.0000 455.5586 12.7859 35.7241
461.0000 457.5414 12.7562 35.7223
463.0000 459.5242 12.7541 35.7254
465.0000 461.5070 12.7536 35.7263
467.0000 463.4897 12.7631 35.7296
469.0000 465.4724 12.7584 35.7297
471.0000 467.4552 12.7105 35.7216
473.0000 469.4378 12.6590 35.7125
475.0000 471.4205 12.6119 35.7053
477.0000 473.4031 12.5843 35.7008
479.0000 475.3858 12.5610 35.6980
481.0000 477.3684 12.5512 35.6968
483.0000 479.3510 12.5328 35.6948
485.0000 481.3336 12.5090 35.6915
487.0000 483.3161 12.4775 35.6870
489.0000 485.2987 12.4653 35.6865
491.0000 487.2812 12.4574 35.6859
493.0000 489.2636 12.4447 35.6839
495.0000 491.2462 12.3952 35.6759
497.0000 493.2286 12.3772 35.6729
499.0000 495.2111 12.3614 35.6705
501.0000 497.1934 12.3374 35.6669
503.0000 499.1759 12.3221 35.6658
505.0000 501.1583 12.3181 35.6657
507.0000 503.1406 12.2939 35.6627
509.0000 505.1230 12.2603 35.6572
511.0000 507.1053 12.2245 35.6518
513.0000 509.0876 12.2150 35.6498
515.0000 511.0699 12.1912 35.6459
517.0000 513.0522 12.1429 35.6390
519.0000 515.0344 12.1133 35.6349
521.0000 517.0166 12.0609 35.6273
523.0000 518.9988 12.0288 35.6241
525.0000 520.9811 12.0182 35.6229
527.0000 522.9633 12.0110 35.6217
529.0000 524.9454 11.9779 35.6169
531.0000 526.9276 11.9673 35.6168
533.0000 528.9097 11.9419 35.6130
535.0000 530.8917 11.9272 35.6110
537.0000 532.8738 11.9092 35.6078
539.0000 534.8559 11.8669 35.6025
541.0000 536.8380 11.8457 35.5996
543.0000 538.8199 11.8103 35.5946
545.0000 540.8019 11.7788 35.5903
547.0000 542.7839 11.7434 35.5853
549.0000 544.7659 11.7108 35.5804
551.0000 546.7479 11.6846 35.5778
553.0000 548.7298 11.6787 35.5769
555.0000 550.7117 11.6618 35.5741
557.0000 552.6935 11.6211 35.5690
559.0000 554.6755 11.5864 35.5643
561.0000 556.6573 11.5573 35.5609
563.0000 558.6391 11.5362 35.5584
565.0000 560.6209 11.5194 35.5565
567.0000 562.6028 11.4944 35.5533
569.0000 564.5845 11.4675 35.5480
571.0000 566.5663 11.4406 35.5466
573.0000 568.5480 11.4158 35.5431
575.0000 570.5297 11.3618 35.5349
577.0000 572.5115 11.3216 35.5299
579.0000 574.4931 11.3046 35.5281
581.0000 576.4747 11.2794 35.5253
583.0000 578.4564 11.2487 35.5216
585.0000 580.4380 11.2282 35.5197
587.0000 582.4197 11.2202 35.5188
589.0000 584.4013 11.1923 35.5174
591.0000 586.3828 11.1475 35.5119
593.0000 588.3644 11.1225 35.5087
595.0000 590.3459 11.1047 35.5057
597.0000 592.3273 11.0766 35.5011
599.0000 594.3089 11.0166 35.4936
601.0000 596.2904 10.9829 35.4912
603.0000 598.2719 10.9657 35.4888
605.0000 600.2532 10.9343 35.4863
607.0000 602.2347 10.9079 35.4826
609.0000 604.2161 10.8650 35.4759
611.0000 606.1974 10.8440 35.4726
613.0000 608.1788 10.8347 35.4715
615.0000 610.1602 10.7884 35.4645
617.0000 612.1415 10.7499 35.4608
619.0000 614.1227 10.7381 35.4595
621.0000 616.1041 10.7051 35.4541
623.0000 618.0853 10.6702 35.4502
625.0000 620.0665 10.6544 35.4483
627.0000 622.0478 10.6504 35.4495
629.0000 624.0290 10.6253 35.4462
631.0000 626.0102 10.5774 35.4372
633.0000 627.9913 10.5187 35.4302
635.0000 629.9725 10.4958 35.4263
637.0000 631.9537 10.4739 35.4226
639.0000 633.9348 10.4324 35.4166
641.0000 635.9159 10.3972 35.4128
643.0000 637.8969 10.3842 35.4109
645.0000 639.8779 10.3710 35.4092
647.0000 641.8590 10.3343 35.4032
649.0000 643.8400 10.2777 35.3965
651.0000 645.8210 10.2302 35.3911
653.0000 647.8020 10.2052 35.3884
655.0000 649.7830 10.1913 35.3872
657.0000 651.7639 10.1689 35.3835
659.0000 653.7448 10.1223 35.3771
661.0000 655.7258 10.0873 35.3724
663.0000 657.7067 10.0393 35.3656
665.0000 659.6875 9.9842 35.3602
667.0000 661.6683 9.9735 35.3611
669.0000 663.6492 9.9699 35.3611
671.0000 665.6300 9.9713 35.3618
673.0000 667.6107 9.9694 35.3617
675.0000 669.5916 9.9539 35.3590
677.0000 671.5723 9.9068 35.3518
679.0000 673.5530 9.8737 35.3472
681.0000 675.5338 9.8484 35.3436
683.0000 677.5145 9.8268 35.3410
685.0000 679.4952 9.7735 35.3340
687.0000 681.4758 9.7539 35.3332
689.0000 683.4565 9.7546 35.3347
691.0000 685.4371 9.7321 35.3318
693.0000 687.4176 9.7064 35.3291
695.0000 689.3983 9.6889 35.3275
697.0000 691.3788 9.6735 35.3257
699.0000 693.3594 9.6551 35.3234
701.0000 695.3398 9.6415 35.3218
703.0000 697.3204 9.6375 35.3215
705.0000 699.3009 9.6205 35.3194
707.0000 701.2813 9.5929 35.3149
709.0000 703.2618 9.5608 35.3105
711.0000 705.2423 9.5180 35.3054
713.0000 707.2227 9.4910 35.3016
715.0000 709.2031 9.4767 35.2999
717.0000 711.1834 9.4662 35.2987
719.0000 713.1638 9.4334 35.2942
721.0000 715.1441 9.3981 35.2907
723.0000 717.1245 9.3791 35.2886
725.0000 719.1047 9.3367 35.2835
727.0000 721.0850 9.2992 35.2800
729.0000 723.0652 9.2891 35.2827
731.0000 725.0455 9.2918 35.2856
733.0000 727.0258 9.2695 35.2829
735.0000 729.0059 9.2447 35.2797
737.0000 730.9861 9.2108 35.2751
739.0000 732.9663 9.1743 35.2714
741.0000 734.9465 9.1582 35.2693
743.0000 736.9266 9.1346 35.2655
745.0000 738.9067 9.1055 35.2637
747.0000 740.8868 9.0848 35.2614
749.0000 742.8669 9.0677 35.2595
751.0000 744.8469 9.0507 35.2578
753.0000 746.8270 9.0425 35.2572
755.0000 748.8069 9.0474 35.2573
757.0000 750.7870 8.9960 35.2497
759.0000 752.7670 8.9538 35.2441
761.0000 754.7469 8.9261 35.2405
763.0000 756.7268 8.9017 35.2374
765.0000 758.7068 8.8884 35.2357
767.0000 760.6867 8.8706 35.2346
769.0000 762.6666 8.8690 35.2354
771.0000 764.6464 8.8290 35.2299
773.0000 766.6263 8.7924 35.2268
775.0000 768.6061 8.7842 35.2259
777.0000 770.5859 8.7793 35.2250
779.0000 772.5657 8.7710 35.2237
781.0000 774.5455 8.7567 35.2209
783.0000 776.5251 8.7291 35.2168
785.0000 778.5049 8.7118 35.2148
787.0000 780.4847 8.6978 35.2133
789.0000 782.4644 8.6624 35.2082
791.0000 784.4441 8.6444 35.2069
793.0000 786.4237 8.6348 35.2053
795.0000 788.4034 8.6241 35.2038
797.0000 790.3829 8.6088 35.2012
799.0000 792.3626 8.5746 35.1964
801.0000 794.3422 8.5314 35.1914
803.0000 796.3218 8.5059 35.1890
805.0000 798.3012 8.4909 35.1870
807.0000 800.2808 8.4769 35.1859
809.0000 802.2604 8.4599 35.1849
811.0000 804.2397 8.4478 35.1849
813.0000 806.2193 8.4379 35.1847
815.0000 808.1987 8.4501 35.1913
817.0000 810.1782 8.4583 35.1954
819.0000 812.1575 8.4241 35.1907
821.0000 814.1370 8.4008 35.1879
823.0000 816.1163 8.3885 35.1870
825.0000 818.0957 8.3818 35.1844
827.0000 820.0751 8.3136 35.1749
829.0000 822.0544 8.2820 35.1724
831.0000 824.0337 8.2591 35.1699
833.0000 826.0129 8.2412 35.1682
835.0000 827.9922 8.2309 35.1675
837.0000 829.9714 8.2274 35.1672
839.0000 831.9506 8.2221 35.1666
841.0000 833.9299 8.2033 35.1637
843.0000 835.9091 8.1789 35.1618
845.0000 837.8882 8.1722 35.1614
847.0000 839.8674 8.1687 35.1609
849.0000 841.8466 8.1469 35.1573
851.0000 843.8257 8.1403 35.1568
853.0000 845.8047 8.1047 35.1503
855.0000 847.7838 8.0612 35.1458
857.0000 849.7629 8.0348 35.1436
859.0000 851.7418 8.0066 35.1394
861.0000 853.7210 7.9775 35.1364
863.0000 855.7000 7.9763 35.1374
865.0000 857.6790 7.9711 35.1369
867.0000 859.6578 7.9612 35.1371
869.0000 861.6369 7.9620 35.1386
871.0000 863.6158 7.9499 35.1372
873.0000 865.5946 7.9359 35.1358
875.0000 867.5735 7.9201 35.1346
877.0000 869.5524 7.9005 35.1324
879.0000 871.5313 7.8756 35.1320
881.0000 873.5101 7.8680 35.1315
883.0000 875.4889 7.8613 35.1308
885.0000 877.4678 7.8564 35.1301
887.0000 879.4465 7.8523 35.1295
889.0000 881.4252 7.8360 35.1280
891.0000 883.4041 7.7765 35.1216
893.0000 885.3826 7.7542 35.1222
895.0000 887.3614 7.7385 35.1192
897.0000 889.3401 7.7116 35.1168
899.0000 891.3188 7.6991 35.1167
901.0000 893.2974 7.6867 35.1163
903.0000 895.2760 7.6806 35.1160
905.0000 897.2546 7.6490 35.1128
907.0000 899.2332 7.6291 35.1099
909.0000 901.2117 7.6088 35.1077
911.0000 903.1903 7.5790 35.1043
913.0000 905.1689 7.5709 35.1044
915.0000 907.1474 7.5658 35.1043
917.0000 909.1259 7.5576 35.1043
919.0000 911.1044 7.5469 35.1037
921.0000 913.0828 7.5392 35.1030
923.0000 915.0612 7.5312 35.1025
925.0000 917.0397 7.5177 35.1015
927.0000 919.0181 7.5010 35.1000
929.0000 920.9964 7.4950 35.0995
931.0000 922.9749 7.4682 35.0963
933.0000 924.9532 7.4435 35.0942
935.0000 926.9314 7.4252 35.0926
937.0000 928.9097 7.4185 35.0917
939.0000 930.8881 7.3999 35.0899
941.0000 932.8663 7.3665 35.0871
943.0000 934.8445 7.3560 35.0867
945.0000 936.8228 7.3459 35.0861
947.0000 938.8010 7.3416 35.0860
949.0000 940.7792 7.3367 35.0868
951.0000 942.7574 7.3452 35.0898
953.0000 944.7355 7.3563 35.0943
955.0000 946.7137 7.3739 35.1025
957.0000 948.6918 7.3803 35.1045
959.0000 950.6698 7.3813 35.1054
961.0000 952.6479 7.3776 35.1049
963.0000 954.6260 7.3712 35.1040
965.0000 956.6040 7.3419 35.0994
967.0000 958.5821 7.2970 35.0943
969.0000 960.5601 7.2894 35.0934
971.0000 962.5381 7.2877 35.0943
973.0000 964.5160 7.3301 35.1070
975.0000 966.4940 7.3551 35.1131
977.0000 968.4719 7.3659 35.1168
979.0000 970.4498 7.3653 35.1180
981.0000 972.4278 7.3636 35.1197
983.0000 974.4056 7.3610 35.1213
985.0000 976.3835 7.3575 35.1229
987.0000 978.3612 7.3589 35.1252
989.0000 980.3391 7.3618 35.1263
991.0000 982.3168 7.3630 35.1281
993.0000 984.2947 7.3620 35.1294
995.0000 986.2725 7.3675 35.1318
997.0000 988.2502 7.3682 35.1321
999.0000 990.2279 7.3723 35.1355
1001.0000 992.2056 7.3849 35.1443
1003.0000 994.1833 7.3868 35.1469
1005.0000 996.1609 7.3892 35.1523
1007.0000 998.1387 7.3882 35.1530
1009.0000 1000.1163 7.3825 35.1526
1011.0000 1002.0939 7.3697 35.1514
1013.0000 1004.0715 7.3495 35.1489
1015.0000 1006.0491 7.3575 35.1500
1017.0000 1008.0265 7.2953 35.1421
1019.0000 1010.0041 7.2619 35.1400
1021.0000 1011.9817 7.2459 35.1372
1023.0000 1013.9592 7.2099 35.1315
1025.0000 1015.9366 7.1675 35.1258
1027.0000 1017.9141 7.1381 35.1233
1029.0000 1019.8916 7.1478 35.1272
1031.0000 1021.8690 7.1555 35.1290
1033.0000 1023.8463 7.1532 35.1292
1035.0000 1025.8237 7.1451 35.1304
1037.0000 1027.8011 7.1324 35.1294
1039.0000 1029.7784 7.1020 35.1255
1041.0000 1031.7557 7.0944 35.1269
1043.0000 1033.7330 7.0870 35.1267
1045.0000 1035.7103 7.0645 35.1257
1047.0000 1037.6876 7.0827 35.1326
1049.0000 1039.6650 7.0745 35.1329
1051.0000 1041.6422 7.0466 35.1298
1053.0000 1043.6193 7.0334 35.1295
1055.0000 1045.5966 7.0383 35.1323
1057.0000 1047.5739 7.0541 35.1387
1059.0000 1049.5509 7.0552 35.1408
1061.0000 1051.5281 7.0433 35.1404
1063.0000 1053.5052 7.0213 35.1392
1065.0000 1055.4823 7.0153 35.1391
1067.0000 1057.4595 7.0035 35.1396
1069.0000 1059.4364 7.0148 35.1466
1071.0000 1061.4135 7.0194 35.1482
1073.0000 1063.3905 7.0175 35.1482
1075.0000 1065.3676 7.0038 35.1478
1077.0000 1067.3446 7.0052 35.1471
1079.0000 1069.3214 6.9971 35.1493
1081.0000 1071.2985 6.9909 35.1496
1083.0000 1073.2755 6.9826 35.1502
1085.0000 1075.2524 6.9666 35.1485
1087.0000 1077.2292 6.9637 35.1486
1089.0000 1079.2062 6.9355 35.1471
1091.0000 1081.1830 6.9242 35.1488
1093.0000 1083.1598 6.9334 35.1522
1095.0000 1085.1367 6.9371 35.1533
1097.0000 1087.1135 6.9333 35.1531
1099.0000 1089.0903 6.9386 35.1552
1101.0000 1091.0669 6.9345 35.1552
1103.0000 1093.0438 6.9269 35.1561
1105.0000 1095.0205 6.9222 35.1579
1107.0000 1096.9972 6.9406 35.1633
1109.0000 1098.9740 6.9404 35.1639
1111.0000 1100.9507 6.9425 35.1676
1113.0000 1102.9272 6.9478 35.1694
1115.0000 1104.9039 6.9471 35.1696
1117.0000 1106.8805 6.9378 35.1687
1119.0000 1108.8572 6.9267 35.1681
1121.0000 1110.8336 6.9177 35.1683
1123.0000 1112.8103 6.9143 35.1705
1125.0000 1114.7867 6.9144 35.1724
1127.0000 1116.7633 6.9136 35.1739
1129.0000 1118.7397 6.9146 35.1748
1131.0000 1120.7163 6.9112 35.1771
1133.0000 1122.6929 6.9140 35.1772
1135.0000 1124.6693 6.9276 35.1858
1137.0000 1126.6458 6.9250 35.1877
1139.0000 1128.6221 6.9223 35.1886
1141.0000 1130.5985 6.9125 35.1887
1143.0000 1132.5748 6.9132 35.1905
1145.0000 1134.5513 6.9142 35.1901
1147.0000 1136.5277 6.8992 35.1920
1149.0000 1138.5039 6.9012 35.1944
1151.0000 1140.4802 6.9016 35.1945
1153.0000 1142.4567 6.9014 35.1953
1155.0000 1144.4326 6.8990 35.1970
1157.0000 1146.4091 6.8979 35.1985
1159.0000 1148.3853 6.8939 35.1998
1161.0000 1150.3616 6.8851 35.2002
1163.0000 1152.3376 6.8777 35.2014
1165.0000 1154.3138 6.8699 35.2007
1167.0000 1156.2900 6.8460 35.1977
1169.0000 1158.2661 6.8174 35.1958
1171.0000 1160.2423 6.8135 35.1996
1173.0000 1162.2184 6.7950 35.1984
1175.0000 1164.1945 6.7827 35.1969
1177.0000 1166.1704 6.7312 35.1927
1179.0000 1168.1465 6.7066 35.1903
1181.0000 1170.1226 6.6968 35.1891
1183.0000 1172.0985 6.6877 35.1885
1185.0000 1174.0746 6.6751 35.1879
1187.0000 1176.0507 6.6678 35.1883
1189.0000 1178.0266 6.6547 35.1883
1191.0000 1180.0024 6.6422 35.1893
1193.0000 1181.9783 6.6351 35.1897
1195.0000 1183.9542 6.6244 35.1899
1197.0000 1185.9299 6.6138 35.1891
1199.0000 1187.9059 6.5811 35.1849
1201.0000 1189.8818 6.5682 35.1840
1203.0000 1191.8577 6.5681 35.1852
1205.0000 1193.8334 6.5762 35.1903
1207.0000 1195.8092 6.5864 35.1949
1209.0000 1197.7850 6.5878 35.1959
1211.0000 1199.7606 6.5861 35.1960
1213.0000 1201.7365 6.5721 35.1952
1215.0000 1203.7122 6.5503 35.1940
1217.0000 1205.6879 6.5395 35.1933
1219.0000 1207.6635 6.5396 35.1948
1221.0000 1209.6390 6.5378 35.1954
1223.0000 1211.6147 6.5284 35.1956
1225.0000 1213.5903 6.5265 35.1956
1227.0000 1215.5659 6.5212 35.1955
1229.0000 1217.5415 6.5143 35.1955
1231.0000 1219.5171 6.4927 35.1941
1233.0000 1221.4927 6.4773 35.1935
1235.0000 1223.4681 6.4734 35.1941
1237.0000 1225.4438 6.4683 35.1941
1239.0000 1227.4192 6.4594 35.1939
1241.0000 1229.3947 6.4547 35.1951
1243.0000 1231.3701 6.4573 35.1963
1245.0000 1233.3455 6.4506 35.1964
1247.0000 1235.3209 6.4419 35.1962
1249.0000 1237.2964 6.4353 35.1962
1251.0000 1239.2717 6.4266 35.1964
1253.0000 1241.2471 6.4221 35.1965
1255.0000 1243.2224 6.4163 35.1969
1257.0000 1245.1978 6.4131 35.1974
1259.0000 1247.1730 6.4089 35.1974
1261.0000 1249.1483 6.3975 35.1976
1263.0000 1251.1235 6.3849 35.1973
1265.0000 1253.0989 6.3789 35.1984
1267.0000 1255.0741 6.3732 35.1989
1269.0000 1257.0492 6.3604 35.1990
1271.0000 1259.0244 6.3663 35.2018
1273.0000 1260.9995 6.3613 35.2028
1275.0000 1262.9746 6.3535 35.2028
1277.0000 1264.9498 6.3410 35.2019
1279.0000 1266.9248 6.3323 35.2023
1281.0000 1268.8999 6.3315 35.2029
1283.0000 1270.8750 6.3340 35.2054
1285.0000 1272.8501 6.3251 35.2048
1287.0000 1274.8251 6.3296 35.2089
1289.0000 1276.8002 6.3278 35.2102
1291.0000 1278.7753 6.3218 35.2109
1293.0000 1280.7501 6.3202 35.2127
1295.0000 1282.7251 6.3175 35.2138
1297.0000 1284.7001 6.3170 35.2142
1299.0000 1286.6750 6.3148 35.2141
1301.0000 1288.6498 6.3127 35.2141
1303.0000 1290.6249 6.3113 35.2140
1305.0000 1292.5997 6.3081 35.2137
1307.0000 1294.5746 6.3029 35.2142
1309.0000 1296.5494 6.2965 35.2151
1311.0000 1298.5244 6.2801 35.2131
1313.0000 1300.4991 6.2597 35.2109
1315.0000 1302.4738 6.2504 35.2101
1317.0000 1304.4486 6.2523 35.2096
1319.0000 1306.4233 6.2283 35.2079
1321.0000 1308.3981 6.2289 35.2090
1323.0000 1310.3727 6.2065 35.2059
1325.0000 1312.3475 6.1979 35.2061
1327.0000 1314.3221 6.1972 35.2067
1329.0000 1316.2968 6.1729 35.2043
1331.0000 1318.2715 6.1628 35.2039
1333.0000 1320.2460 6.1497 35.2029
1335.0000 1322.2206 6.1425 35.2028
1337.0000 1324.1952 6.1595 35.2090
1339.0000 1326.1697 6.1555 35.2094
1341.0000 1328.1442 6.1442 35.2072
1343.0000 1330.1188 6.1332 35.2060
1345.0000 1332.0933 6.1203 35.2034
1347.0000 1334.0677 6.1055 35.2021
1349.0000 1336.0421 6.0936 35.2011
1351.0000 1338.0166 6.0694 35.1993
1353.0000 1339.9911 6.0759 35.2011
1355.0000 1341.9653 6.0512 35.1979
1357.0000 1343.9399 6.0372 35.1983
1359.0000 1345.9144 6.0116 35.1943
1361.0000 1347.8888 5.9992 35.1939
1363.0000 1349.8629 6.0167 35.2000
1365.0000 1351.8373 6.0310 35.2040
1367.0000 1353.8116 6.0260 35.2041
1369.0000 1355.7858 6.0149 35.2031
1371.0000 1357.7601 6.0053 35.2028
1373.0000 1359.7344 5.9988 35.2024
1375.0000 1361.7085 5.9914 35.2019
1377.0000 1363.6826 5.9734 35.1999
1379.0000 1365.6570 5.9614 35.1992
1381.0000 1367.6311 5.9537 35.1988
1383.0000 1369.6052 5.9533 35.1997
1385.0000 1371.5793 5.9573 35.1995
1387.0000 1373.5536 5.9435 35.1997
1389.0000 1375.5277 5.9330 35.1986
1391.0000 1377.5016 5.9237 35.1979
1393.0000 1379.4757 5.9211 35.1977
1395.0000 1381.4497 5.9189 35.1976
1397.0000 1383.4237 5.9130 35.1972
1399.0000 1385.3977 5.9088 35.1970
1401.0000 1387.3718 5.9077 35.1969
1403.0000 1389.3458 5.9065 35.1970
1405.0000 1391.3197 5.8980 35.1972
1407.0000 1393.2936 5.8901 35.1971
1409.0000 1395.2676 5.8853 35.1966
1411.0000 1397.2413 5.8798 35.1970
1413.0000 1399.2152 5.8785 35.1982
1415.0000 1401.1892 5.8760 35.1983
1417.0000 1403.1628 5.8684 35.1982
1419.0000 1405.1367 5.8662 35.1980
1421.0000 1407.1107 5.8651 35.1981
1423.0000 1409.0844 5.8630 35.1979
1425.0000 1411.0581 5.8559 35.1974
1427.0000 1413.0319 5.8453 35.1964
1429.0000 1415.0056 5.8385 35.1964
1431.0000 1416.9792 5.8414 35.1965
1433.0000 1418.9529 5.8261 35.1955
1435.0000 1420.9266 5.8148 35.1950
1437.0000 1422.9004 5.8073 35.1943
1439.0000 1424.8739 5.7886 35.1930
1441.0000 1426.8475 5.7814 35.1926
1443.0000 1428.8212 5.7788 35.1927
1445.0000 1430.7946 5.7592 35.1904
1447.0000 1432.7682 5.7415 35.1897
1449.0000 1434.7418 5.7338 35.1894
1451.0000 1436.7155 5.7282 35.1892
1453.0000 1438.6888 5.7249 35.1891
1455.0000 1440.6622 5.7147 35.1882
1457.0000 1442.6357 5.7026 35.1872
1459.0000 1444.6090 5.7012 35.1885
1461.0000 1446.5825 5.6987 35.1886
1463.0000 1448.5562 5.6901 35.1880
1465.0000 1450.5295 5.6803 35.1872
1467.0000 1452.5027 5.6700 35.1866
1469.0000 1454.4762 5.6617 35.1857
1471.0000 1456.4495 5.6335 35.1825
1473.0000 1458.4227 5.6173 35.1816
1475.0000 1460.3961 5.6000 35.1806
1477.0000 1462.3694 5.5933 35.1809
1479.0000 1464.3427 5.5817 35.1793
1481.0000 1466.3158 5.5603 35.1772
1483.0000 1468.2891 5.5517 35.1761
1485.0000 1470.2623 5.5411 35.1747
1487.0000 1472.2355 5.5337 35.1757
1489.0000 1474.2086 5.5403 35.1773
1491.0000 1476.1818 5.5364 35.1770
1493.0000 1478.1549 5.5170 35.1746
1495.0000 1480.1279 5.4905 35.1724
1497.0000 1482.1012 5.4952 35.1736
1499.0000 1484.0743 5.4857 35.1721
1501.0000 1486.0472 5.4657 35.1707
1503.0000 1488.0203 5.4577 35.1701
1505.0000 1489.9933 5.4546 35.1700
1507.0000 1491.9663 5.4486 35.1698
1509.0000 1493.9393 5.4426 35.1696
1511.0000 1495.9124 5.4363 35.1694
1513.0000 1497.8853 5.4327 35.1696
1515.0000 1499.8580 5.4294 35.1692
1517.0000 1501.8311 5.4226 35.1688
1519.0000 1503.8040 5.4204 35.1687
1521.0000 1505.7767 5.4067 35.1675
1523.0000 1507.7496 5.3975 35.1673
1525.0000 1509.7225 5.3912 35.1672
1527.0000 1511.6954 5.3798 35.1662
1529.0000 1513.6681 5.3604 35.1648
1531.0000 1515.6410 5.3511 35.1644
1533.0000 1517.6136 5.3463 35.1640
1535.0000 1519.5864 5.3427 35.1640
1537.0000 1521.5592 5.3410 35.1640
1539.0000 1523.5319 5.3390 35.1639
1541.0000 1525.5044 5.3376 35.1638
1543.0000 1527.4773 5.3353 35.1636
1545.0000 1529.4500 5.3334 35.1637
1547.0000 1531.4225 5.3272 35.1631
1549.0000 1533.3950 5.3123 35.1623
1551.0000 1535.3678 5.3070 35.1618
1553.0000 1537.3403 5.3023 35.1620
1555.0000 1539.3129 5.3012 35.1622
1557.0000 1541.2853 5.2969 35.1618
1559.0000 1543.2581 5.2846 35.1607
1561.0000 1545.2305 5.2709 35.1596
1563.0000 1547.2029 5.2630 35.1583
1565.0000 1549.1753 5.2522 35.1566
1567.0000 1551.1479 5.2349 35.1546
1569.0000 1553.1202 5.2272 35.1535
1571.0000 1555.0927 5.2175 35.1527
1573.0000 1557.0651 5.2115 35.1530
1575.0000 1559.0375 5.2066 35.1524
1577.0000 1561.0098 5.2031 35.1526
1579.0000 1562.9822 5.1985 35.1531
1581.0000 1564.9545 5.1967 35.1534
1583.0000 1566.9268 5.1938 35.1529
1585.0000 1568.8990 5.1856 35.1521
1587.0000 1570.8713 5.1811 35.1517
1589.0000 1572.8438 5.1740 35.1508
1591.0000 1574.8157 5.1689 35.1501
1593.0000 1576.7880 5.1604 35.1491
1595.0000 1578.7601 5.1452 35.1472
1597.0000 1580.7323 5.1363 35.1462
1599.0000 1582.7045 5.1330 35.1458
1601.0000 1584.6766 5.1253 35.1449
1603.0000 1586.6488 5.1211 35.1446
1605.0000 1588.6208 5.1160 35.1440
1607.0000 1590.5929 5.1048 35.1432
1609.0000 1592.5651 5.1027 35.1430
1611.0000 1594.5370 5.1002 35.1430
1613.0000 1596.5092 5.1008 35.1436
1615.0000 1598.4811 5.1009 35.1445
1617.0000 1600.4531 5.0959 35.1446
1619.0000 1602.4250 5.0946 35.1447
1621.0000 1604.3970 5.0936 35.1446
1623.0000 1606.3691 5.0855 35.1438
1625.0000 1608.3408 5.0748 35.1433
1627.0000 1610.3126 5.0709 35.1431
1629.0000 1612.2847 5.0610 35.1422
1631.0000 1614.2565 5.0497 35.1419
1633.0000 1616.2283 5.0446 35.1403
1635.0000 1618.2001 5.0154 35.1383
1637.0000 1620.1720 5.0100 35.1377
1639.0000 1622.1437 5.0058 35.1373
1641.0000 1624.1155 5.0039 35.1372
1643.0000 1626.0874 4.9975 35.1367
1645.0000 1628.0590 4.9954 35.1375
1647.0000 1630.0306 4.9897 35.1370
1649.0000 1632.0024 4.9745 35.1360
1651.0000 1633.9741 4.9643 35.1356
1653.0000 1635.9457 4.9651 35.1365
1655.0000 1637.9174 4.9615 35.1364
1657.0000 1639.8890 4.9552 35.1366
1659.0000 1641.8605 4.9533 35.1363
1661.0000 1643.8322 4.9443 35.1356
1663.0000 1645.8037 4.9402 35.1357
1665.0000 1647.7751 4.9363 35.1354
1667.0000 1649.7468 4.9327 35.1353
1669.0000 1651.7183 4.9308 35.1351
1671.0000 1653.6898 4.9276 35.1352
1673.0000 1655.6613 4.9273 35.1354
1675.0000 1657.6327 4.9223 35.1347
1677.0000 1659.6042 4.9245 35.1360
1679.0000 1661.5756 4.9249 35.1366
1681.0000 1663.5470 4.9181 35.1355
1683.0000 1665.5184 4.9093 35.1343
1685.0000 1667.4897 4.9099 35.1352
1687.0000 1669.4609 4.9095 35.1351
1689.0000 1671.4325 4.9048 35.1351
1691.0000 1673.4038 4.8997 35.1345
1693.0000 1675.3750 4.8858 35.1329
1695.0000 1677.3463 4.8719 35.1313
1697.0000 1679.3175 4.8672 35.1309
1699.0000 1681.2888 4.8596 35.1292
1701.0000 1683.2600 4.8336 35.1251
1703.0000 1685.2311 4.7968 35.1208
1705.0000 1687.2025 4.7841 35.1191
1707.0000 1689.1735 4.7763 35.1185
1709.0000 1691.1448 4.7699 35.1180
1711.0000 1693.1160 4.7682 35.1187
1713.0000 1695.0870 4.7673 35.1193
1715.0000 1697.0580 4.7601 35.1188
1717.0000 1699.0292 4.7584 35.1186
1719.0000 1701.0002 4.7513 35.1173
1721.0000 1702.9711 4.7421 35.1166
1723.0000 1704.9421 4.7399 35.1169
1725.0000 1706.9133 4.7349 35.1168
1727.0000 1708.8843 4.7320 35.1166
1729.0000 1710.8552 4.7300 35.1164
1731.0000 1712.8260 4.7191 35.1155
1733.0000 1714.7970 4.7077 35.1147
1735.0000 1716.7678 4.7026 35.1146
1737.0000 1718.7388 4.7045 35.1148
1739.0000 1720.7098 4.7014 35.1148
1741.0000 1722.6804 4.6971 35.1148
1743.0000 1724.6514 4.6864 35.1139
1745.0000 1726.6222 4.6816 35.1136
1747.0000 1728.5929 4.6775 35.1131
1749.0000 1730.5637 4.6731 35.1127
1751.0000 1732.5344 4.6678 35.1123
1753.0000 1734.5054 4.6554 35.1109
1755.0000 1736.4758 4.6412 35.1094
1757.0000 1738.4467 4.6402 35.1098
1759.0000 1740.4174 4.6309 35.1088
1761.0000 1742.3881 4.6204 35.1080
1763.0000 1744.3585 4.6190 35.1078
1765.0000 1746.3292 4.6104 35.1064
1767.0000 1748.3000 4.5999 35.1056
1769.0000 1750.2704 4.5965 35.1043
1771.0000 1752.2411 4.5784 35.1021
1773.0000 1754.2118 4.5865 35.1044
1775.0000 1756.1823 4.5933 35.1065
1777.0000 1758.1526 4.5887 35.1065
1779.0000 1760.1230 4.5863 35.1066
1781.0000 1762.0938 4.5824 35.1060
1783.0000 1764.0640 4.5756 35.1053
1785.0000 1766.0347 4.5573 35.1021
1787.0000 1768.0050 4.5387 35.0994
1789.0000 1769.9757 4.5283 35.0978
1791.0000 1771.9458 4.5263 35.0977
1793.0000 1773.9163 4.5258 35.0979
1795.0000 1775.8866 4.5180 35.0968
1797.0000 1777.8567 4.5091 35.0955
1799.0000 1779.8273 4.4940 35.0939
1801.0000 1781.7975 4.4851 35.0928
1803.0000 1783.7676 4.4689 35.0913
1805.0000 1785.7379 4.4630 35.0909
1807.0000 1787.7084 4.4577 35.0907
1809.0000 1789.6785 4.4568 35.0907
1811.0000 1791.6487 4.4532 35.0903
1813.0000 1793.6189 4.4466 35.0893
1815.0000 1795.5892 4.4338 35.0881
1817.0000 1797.5592 4.4283 35.0878
1819.0000 1799.5294 4.4271 35.0876
1821.0000 1801.4995 4.4211 35.0869
1823.0000 1803.4698 4.4134 35.0866
1825.0000 1805.4396 4.4035 35.0859
1827.0000 1807.4098 4.3973 35.0857
1829.0000 1809.3798 4.3930 35.0854
1831.0000 1811.3499 4.3946 35.0871
1833.0000 1813.3197 4.3991 35.0883
1835.0000 1815.2900 4.3878 35.0871
1837.0000 1817.2599 4.3836 35.0871
1839.0000 1819.2297 4.3809 35.0868
1841.0000 1821.1997 4.3811 35.0866
1843.0000 1823.1698 4.3763 35.0864
1845.0000 1825.1394 4.3737 35.0861
1847.0000 1827.1094 4.3699 35.0856
1849.0000 1829.0792 4.3697 35.0856
1851.0000 1831.0493 4.3677 35.0855
1853.0000 1833.0188 4.3634 35.0851
1855.0000 1834.9886 4.3576 35.0844
1857.0000 1836.9585 4.3506 35.0839
1859.0000 1838.9282 4.3452 35.0834
1861.0000 1840.8979 4.3431 35.0833
1863.0000 1842.8678 4.3428 35.0837
1865.0000 1844.8373 4.3431 35.0839
1867.0000 1846.8071 4.3432 35.0840
1869.0000 1848.7770 4.3429 35.0838
1871.0000 1850.7465 4.3399 35.0832
1873.0000 1852.7162 4.3225 35.0813
1875.0000 1854.6857 4.3205 35.0810
1877.0000 1856.6555 4.3197 35.0809
1879.0000 1858.6249 4.3184 35.0807
1881.0000 1860.5945 4.3112 35.0795
1883.0000 1862.5642 4.3041 35.0791
1885.0000 1864.5338 4.3020 35.0791
1887.0000 1866.5031 4.2981 35.0788
1889.0000 1868.4725 4.2966 35.0787
1891.0000 1870.4423 4.2926 35.0780
1893.0000 1872.4115 4.2843 35.0773
1895.0000 1874.3812 4.2803 35.0769
1897.0000 1876.3505 4.2775 35.0768
1899.0000 1878.3199 4.2744 35.0764
1901.0000 1880.2892 4.2717 35.0764
1903.0000 1882.2587 4.2704 35.0763
1905.0000 1884.2279 4.2675 35.0763
1907.0000 1886.1971 4.2633 35.0758
1909.0000 1888.1666 4.2580 35.0755
1911.0000 1890.1359 4.2551 35.0752
1913.0000 1892.1053 4.2569 35.0772
1915.0000 1894.0743 4.2570 35.0777
1917.0000 1896.0437 4.2511 35.0772
1919.0000 1898.0129 4.2460 35.0767
1921.0000 1899.9819 4.2417 35.0762
1923.0000 1901.9514 4.2300 35.0751
1925.0000 1903.9204 4.2273 35.0747
1927.0000 1905.8895 4.2181 35.0737
1929.0000 1907.8586 4.2117 35.0729
1931.0000 1909.8279 4.2060 35.0722
1933.0000 1911.7971 4.2001 35.0714
1935.0000 1913.7660 4.1958 35.0709
1937.0000 1915.7352 4.1917 35.0706
1939.0000 1917.7040 4.1875 35.0701
1941.0000 1919.6731 4.1864 35.0700
1943.0000 1921.6421 4.1861 35.0699
1945.0000 1923.6112 4.1792 35.0690
1947.0000 1925.5802 4.1730 35.0694
1949.0000 1927.5488 4.1666 35.0683
1951.0000 1929.5181 4.1593 35.0668
1953.0000 1931.4872 4.1559 35.0666
1955.0000 1933.4556 4.1551 35.0664
1957.0000 1935.4247 4.1548 35.0665
1959.0000 1937.3934 4.1540 35.0664
1961.0000 1939.3625 4.1522 35.0660
1963.0000 1941.3312 4.1474 35.0658
1965.0000 1943.3000 4.1438 35.0653
1967.0000 1945.2688 4.1380 35.0647
1969.0000 1947.2377 4.1347 35.0644
1971.0000 1949.2063 4.1330 35.0642
1973.0000 1951.1752 4.1287 35.0637
1975.0000 1953.1438 4.1278 35.0634
1977.0000 1955.1124 4.1143 35.0623
1979.0000 1957.0812 4.1084 35.0616
1981.0000 1959.0498 4.1090 35.0623
1983.0000 1961.0183 4.1199 35.0651
1985.0000 1962.9872 4.1175 35.0647
1987.0000 1964.9557 4.1069 35.0630
1989.0000 1966.9243 4.0985 35.0616
1991.0000 1968.8928 4.0824 35.0591
1993.0000 1970.8615 4.0766 35.0590
1995.0000 1972.8301 4.0748 35.0588
1997.0000 1974.7985 4.0741 35.0588
1999.0000 1976.7668 4.0704 35.0583
2001.0000 1978.7355 4.0633 35.0574
2003.0000 1980.7040 4.0606 35.0571
2005.0000 1982.6721 4.0598 35.0571
2007.0000 1984.6407 4.0570 35.0566
2009.0000 1986.6090 4.0497 35.0563
2011.0000 1988.5774 4.0539 35.0566
2013.0000 1990.5459 4.0462 35.0559
2015.0000 1992.5143 4.0413 35.0552
2017.0000 1994.4825 4.0334 35.0540
2019.0000 1996.4509 4.0213 35.0531
2021.0000 1998.4193 4.0149 35.0526
2023.0000 2000.3876 4.0115 35.0522
2025.0000 2002.3557 4.0076 35.0517
2027.0000 2004.3240 4.0005 35.0512
2029.0000 2006.2921 3.9976 35.0509
2031.0000 2008.2604 3.9966 35.0517
2033.0000 2010.2286 3.9964 35.0517
2035.0000 2012.1968 3.9938 35.0514
2037.0000 2014.1650 3.9837 35.0499
2039.0000 2016.1331 3.9720 35.0487
2041.0000 2018.1010 3.9678 35.0482
2043.0000 2020.0692 3.9667 35.0482
2045.0000 2022.0372 3.9649 35.0481
2047.0000 2024.0052 3.9606 35.0476
2049.0000 2025.9734 3.9578 35.0473
2051.0000 2027.9417 3.9569 35.0472
2053.0000 2029.9094 3.9518 35.0462
2055.0000 2031.8774 3.9381 35.0454
2057.0000 2033.8455 3.9351 35.0454
2059.0000 2035.8132 3.9334 35.0452
2061.0000 2037.7812 3.9264 35.0442
2063.0000 2039.7493 3.9202 35.0435
2065.0000 2041.7170 3.9113 35.0420
2067.0000 2043.6848 3.8996 35.0409
2069.0000 2045.6528 3.8958 35.0405
2071.0000 2047.6208 3.8946 35.0406
2073.0000 2049.5884 3.8917 35.0401
2075.0000 2051.5562 3.8876 35.0398
2077.0000 2053.5242 3.8876 35.0395
2079.0000 2055.4917 3.8760 35.0383
2081.0000 2057.4595 3.8688 35.0375
2083.0000 2059.4272 3.8661 35.0373
2085.0000 2061.3950 3.8589 35.0365
2087.0000 2063.3628 3.8521 35.0357
2089.0000 2065.3303 3.8505 35.0356
2091.0000 2067.2981 3.8426 35.0348
2093.0000 2069.2656 3.8391 35.0345
2095.0000 2071.2332 3.8421 35.0347
2097.0000 2073.2009 3.8346 35.0346
2099.0000 2075.1687 3.8355 35.0353
2101.0000 2077.1360 3.8340 35.0350
2103.0000 2079.1038 3.8259 35.0336
2105.0000 2081.0713 3.8136 35.0326
2107.0000 2083.0386 3.8080 35.0324
2109.0000 2085.0061 3.8086 35.0329
2111.0000 2086.9736 3.8042 35.0323
2113.0000 2088.9412 3.7992 35.0318
2115.0000 2090.9084 3.7961 35.0314
2117.0000 2092.8760 3.7903 35.0306
2119.0000 2094.8435 3.7862 35.0301
2121.0000 2096.8105 3.7842 35.0300
2123.0000 2098.7781 3.7823 35.0298
2125.0000 2100.7456 3.7790 35.0293
2127.0000 2102.7126 3.7759 35.0289
2129.0000 2104.6802 3.7690 35.0281
2131.0000 2106.6475 3.7656 35.0278
2133.0000 2108.6147 3.7608 35.0272
2135.0000 2110.5820 3.7579 35.0271
2137.0000 2112.5493 3.7568 35.0270
2139.0000 2114.5164 3.7529 35.0264
2141.0000 2116.4834 3.7436 35.0254
2143.0000 2118.4509 3.7365 35.0250
2145.0000 2120.4180 3.7342 35.0248
2147.0000 2122.3853 3.7328 35.0248
2149.0000 2124.3521 3.7320 35.0247
2151.0000 2126.3193 3.7316 35.0248
2153.0000 2128.2866 3.7302 35.0245
2155.0000 2130.2537 3.7288 35.0244
2157.0000 2132.2207 3.7242 35.0237
2159.0000 2134.1877 3.7191 35.0234
2161.0000 2136.1548 3.7108 35.0224
2163.0000 2138.1216 3.7051 35.0221
2165.0000 2140.0889 3.7044 35.0222
2167.0000 2142.0559 3.7025 35.0221
2169.0000 2144.0225 3.7011 35.0221
2171.0000 2145.9895 3.7008 35.0222
2173.0000 2147.9565 3.6984 35.0220
2175.0000 2149.9236 3.6928 35.0216
2177.0000 2151.8904 3.6902 35.0215
2179.0000 2153.8569 3.6886 35.0212
2181.0000 2155.8240 3.6873 35.0211
2183.0000 2157.7908 3.6852 35.0208
2185.0000 2159.7576 3.6833 35.0206
2187.0000 2161.7244 3.6801 35.0202
2189.0000 2163.6912 3.6765 35.0199
2191.0000 2165.6577 3.6745 35.0197
2193.0000 2167.6248 3.6717 35.0192
2195.0000 2169.5913 3.6682 35.0190
2197.0000 2171.5579 3.6683 35.0189
2199.0000 2173.5249 3.6675 35.0189
2201.0000 2175.4917 3.6659 35.0186
2203.0000 2177.4580 3.6621 35.0182
2205.0000 2179.4248 3.6608 35.0182
2207.0000 2181.3911 3.6602 35.0181
2209.0000 2183.3579 3.6590 35.0179
2211.0000 2185.3245 3.6555 35.0177
2213.0000 2187.2910 3.6531 35.0175
2215.0000 2189.2576 3.6494 35.0171
2217.0000 2191.2239 3.6438 35.0165
2219.0000 2193.1904 3.6425 35.0165
2221.0000 2195.1572 3.6414 35.0165
2223.0000 2197.1238 3.6396 35.0162
2225.0000 2199.0901 3.6349 35.0158
2227.0000 2201.0566 3.6330 35.0156
2229.0000 2203.0227 3.6304 35.0154
2231.0000 2204.9890 3.6262 35.0151
2233.0000 2206.9556 3.6217 35.0146
2235.0000 2208.9219 3.6167 35.0144
2237.0000 2210.8884 3.6155 35.0142
2239.0000 2212.8545 3.6124 35.0141
2241.0000 2214.8210 3.6094 35.0139
2243.0000 2216.7874 3.6065 35.0136
2245.0000 2218.7532 3.6045 35.0135
2247.0000 2220.7195 3.6013 35.0132
2249.0000 2222.6860 3.5982 35.0131
2251.0000 2224.6523 3.5999 35.0131
2253.0000 2226.6184 3.5955 35.0128
2255.0000 2228.5845 3.5924 35.0126
2257.0000 2230.5508 3.5877 35.0121
2259.0000 2232.5166 3.5852 35.0118
2261.0000 2234.4829 3.5827 35.0117
2263.0000 2236.4490 3.5813 35.0115
2265.0000 2238.4148 3.5803 35.0114
2267.0000 2240.3811 3.5783 35.0112
2269.0000 2242.3472 3.5743 35.0109
2271.0000 2244.3135 3.5703 35.0105
2273.0000 2246.2793 3.5694 35.0105
2275.0000 2248.2451 3.5654 35.0102
2277.0000 2250.2114 3.5628 35.0098
2279.0000 2252.1772 3.5608 35.0096
2281.0000 2254.1428 3.5574 35.0093
2283.0000 2256.1091 3.5562 35.0093
2285.0000 2258.0750 3.5558 35.0093
2287.0000 2260.0405 3.5543 35.0091
2289.0000 2262.0068 3.5512 35.0087
2291.0000 2263.9727 3.5470 35.0084
2293.0000 2265.9382 3.5453 35.0083
2295.0000 2267.9043 3.5436 35.0080
2297.0000 2269.8701 3.5393 35.0074
2299.0000 2271.8359 3.5320 35.0067
2301.0000 2273.8015 3.5298 35.0065
2303.0000 2275.7673 3.5269 35.0062
2305.0000 2277.7332 3.5220 35.0057
2307.0000 2279.6985 3.5206 35.0056
2309.0000 2281.6643 3.5201 35.0055
2311.0000 2283.6301 3.5174 35.0053
2313.0000 2285.5957 3.5153 35.0051
2315.0000 2287.5613 3.5126 35.0048
2317.0000 2289.5269 3.5125 35.0051
2319.0000 2291.4927 3.5145 35.0050
2321.0000 2293.4580 3.5108 35.0051
2323.0000 2295.4238 3.5085 35.0050
2325.0000 2297.3892 3.5077 35.0050
2327.0000 2299.3547 3.5068 35.0048
2329.0000 2301.3203 3.5058 35.0048
2331.0000 2303.2859 3.5035 35.0045
2333.0000 2305.2515 3.4958 35.0037
2335.0000 2307.2166 3.4889 35.0029
2337.0000 2309.1821 3.4871 35.0028
2339.0000 2311.1477 3.4862 35.0027
2341.0000 2313.1128 3.4849 35.0025
2343.0000 2315.0784 3.4840 35.0025
2345.0000 2317.0437 3.4836 35.0024
2347.0000 2319.0090 3.4838 35.0024
2349.0000 2320.9741 3.4806 35.0020
2351.0000 2322.9395 3.4783 35.0020
2353.0000 2324.9050 3.4769 35.0021
2355.0000 2326.8701 3.4757 35.0018
2357.0000 2328.8354 3.4760 35.0021
2359.0000 2330.8005 3.4750 35.0018
2361.0000 2332.7659 3.4694 35.0016
2363.0000 2334.7310 3.4671 35.0015
2365.0000 2336.6963 3.4660 35.0014
2367.0000 2338.6616 3.4640 35.0012
2369.0000 2340.6265 3.4598 35.0008
2371.0000 2342.5916 3.4569 35.0007
2373.0000 2344.5569 3.4545 35.0004
2375.0000 2346.5220 3.4511 35.0002
2377.0000 2348.4871 3.4483 35.0000
2379.0000 2350.4521 3.4453 34.9998
2381.0000 2352.4172 3.4414 34.9995
2383.0000 2354.3821 3.4379 34.9993
2385.0000 2356.3472 3.4355 34.9991
2387.0000 2358.3123 3.4317 34.9988
2389.0000 2360.2771 3.4288 34.9986
2391.0000 2362.2422 3.4254 34.9985
2393.0000 2364.2070 3.4253 34.9984
2395.0000 2366.1721 3.4205 34.9979
2397.0000 2368.1367 3.4176 34.9978
2399.0000 2370.1018 3.4160 34.9977
2401.0000 2372.0667 3.4139 34.9975
2403.0000 2374.0312 3.4094 34.9973
2405.0000 2375.9961 3.4057 34.9969
2407.0000 2377.9609 3.4076 34.9970
2409.0000 2379.9258 3.4039 34.9968
2411.0000 2381.8904 3.4014 34.9967
2413.0000 2383.8552 3.3987 34.9965
2415.0000 2385.8201 3.3971 34.9966
2417.0000 2387.7847 3.3949 34.9965
2419.0000 2389.7498 3.3913 34.9961
2421.0000 2391.7144 3.3888 34.9958
2423.0000 2393.6790 3.3868 34.9957
2425.0000 2395.6436 3.3854 34.9955
2427.0000 2397.6082 3.3844 34.9954
2429.0000 2399.5730 3.3839 34.9954
2431.0000 2401.5374 3.3836 34.9954
2433.0000 2403.5020 3.3824 34.9952
2435.0000 2405.4663 3.3813 34.9952
2437.0000 2407.4312 3.3773 34.9948
2439.0000 2409.3955 3.3735 34.9944
2441.0000 2411.3599 3.3715 34.9943
2443.0000 2413.3247 3.3707 34.9942
2445.0000 2415.2888 3.3667 34.9939
2447.0000 2417.2532 3.3631 34.9938
2449.0000 2419.2180 3.3600 34.9934
2451.0000 2421.1821 3.3553 34.9931
2453.0000 2423.1465 3.3523 34.9929
2455.0000 2425.1111 3.3496 34.9927
2457.0000 2427.0757 3.3499 34.9929
2459.0000 2429.0396 3.3513 34.9934
2461.0000 2431.0042 3.3518 34.9937
2463.0000 2432.9685 3.3475 34.9935
2465.0000 2434.9326 3.3456 34.9934
2467.0000 2436.8967 3.3400 34.9926
2469.0000 2438.8613 3.3387 34.9923
2471.0000 2440.8254 3.3369 34.9922
2473.0000 2442.7896 3.3338 34.9923
2475.0000 2444.7537 3.3328 34.9923
2477.0000 2446.7180 3.3309 34.9922
2479.0000 2448.6819 3.3287 34.9922
2481.0000 2450.6462 3.3279 34.9922
2483.0000 2452.6106 3.3244 34.9924
2485.0000 2454.5747 3.3235 34.9923
2487.0000 2456.5386 3.3224 34.9923
2489.0000 2458.5027 3.3210 34.9921
2491.0000 2460.4668 3.3209 34.9921
2493.0000 2462.4307 3.3215 34.9920
2495.0000 2464.3948 3.3172 34.9917
2497.0000 2466.3586 3.3153 34.9914
2499.0000 2468.3228 3.3105 34.9909
2501.0000 2470.2866 3.3073 34.9905
2503.0000 2472.2507 3.3042 34.9902
2505.0000 2474.2148 3.3022 34.9899
2507.0000 2476.1785 3.2948 34.9888
2509.0000 2478.1423 3.2864 34.9876
2511.0000 2480.1062 3.2854 34.9876
2513.0000 2482.0703 3.2786 34.9863
2515.0000 2484.0339 3.2740 34.9859
2517.0000 2485.9976 3.2726 34.9858
2519.0000 2487.9614 3.2721 34.9857
2521.0000 2489.9253 3.2683 34.9856
2523.0000 2491.8892 3.2661 34.9854
2525.0000 2493.8528 3.2654 34.9852
2527.0000 2495.8164 3.2614 34.9847
2529.0000 2497.7803 3.2603 34.9846
2531.0000 2499.7439 3.2575 34.9844
2533.0000 2501.7078 3.2556 34.9843
2535.0000 2503.6714 3.2556 34.9842
2537.0000 2505.6350 3.2512 34.9838
2539.0000 2507.5986 3.2453 34.9834
2541.0000 2509.5620 3.2443 34.9832
2543.0000 2511.5256 3.2423 34.9831
2545.0000 2513.4893 3.2400 34.9828
2547.0000 2515.4529 3.2395 34.9828
2549.0000 2517.4165 3.2380 34.9827
2551.0000 2519.3801 3.2361 34.9825
2553.0000 2521.3435 3.2371 34.9823
2555.0000 2523.3069 3.2279 34.9817
2557.0000 2525.2703 3.2268 34.9816
2559.0000 2527.2336 3.2241 34.9813
2561.0000 2529.1973 3.2214 34.9810
2563.0000 2531.1606 3.2178 34.9807
2565.0000 2533.1240 3.2168 34.9804
2567.0000 2535.0874 3.2138 34.9803
2569.0000 2537.0505 3.2073 34.9794
2571.0000 2539.0139 3.1952 34.9784
2573.0000 2540.9773 3.1921 34.9783
2575.0000 2542.9409 3.1916 34.9783
2577.0000 2544.9038 3.1910 34.9783
2579.0000 2546.8672 3.1909 34.9783
2581.0000 2548.8306 3.1915 34.9782
2583.0000 2550.7935 3.1908 34.9782
2585.0000 2552.7571 3.1902 34.9782
2587.0000 2554.7202 3.1878 34.9779
2589.0000 2556.6831 3.1856 34.9778
2591.0000 2558.6462 3.1824 34.9775
2593.0000 2560.6096 3.1766 34.9770
2595.0000 2562.5728 3.1725 34.9768
2597.0000 2564.5359 3.1684 34.9765
2599.0000 2566.4988 3.1666 34.9762
2601.0000 2568.4622 3.1655 34.9761
2603.0000 2570.4248 3.1632 34.9759
2605.0000 2572.3877 3.1612 34.9762
2607.0000 2574.3511 3.1591 34.9760
2609.0000 2576.3142 3.1564 34.9759
2611.0000 2578.2769 3.1554 34.9758
2613.0000 2580.2400 3.1551 34.9757
2615.0000 2582.2031 3.1497 34.9750
2617.0000 2584.1658 3.1439 34.9746
2619.0000 2586.1287 3.1425 34.9744
2621.0000 2588.0916 3.1383 34.9739
2623.0000 2590.0544 3.1366 34.9739
2625.0000 2592.0173 3.1288 34.9731
2627.0000 2593.9802 3.1246 34.9730
2629.0000 2595.9431 3.1248 34.9730
2631.0000 2597.9058 3.1237 34.9728
2633.0000 2599.8684 3.1241 34.9729
2635.0000 2601.8315 3.1220 34.9727
2637.0000 2603.7942 3.1213 34.9728
2639.0000 2605.7568 3.1201 34.9727
2641.0000 2607.7192 3.1183 34.9725
2643.0000 2609.6824 3.1175 34.9724
2645.0000 2611.6448 3.1174 34.9725
2647.0000 2613.6077 3.1177 34.9725
2649.0000 2615.5701 3.1172 34.9724
2651.0000 2617.5330 3.1135 34.9720
2653.0000 2619.4954 3.1109 34.9718
2655.0000 2621.4580 3.1097 34.9718
2657.0000 2623.4207 3.1085 34.9716
2659.0000 2625.3831 3.1080 34.9716
2661.0000 2627.3457 3.1064 34.9713
2663.0000 2629.3083 3.0995 34.9706
2665.0000 2631.2705 3.0935 34.9702
2667.0000 2633.2332 3.0908 34.9701
2669.0000 2635.1956 3.0900 34.9701
2671.0000 2637.1580 3.0896 34.9701
2673.0000 2639.1204 3.0892 34.9701
2675.0000 2641.0828 3.0884 34.9701
2677.0000 2643.0454 3.0886 34.9700
2679.0000 2645.0076 3.0861 34.9700
2681.0000 2646.9700 3.0858 34.9699
2683.0000 2648.9324 3.0847 34.9698
2685.0000 2650.8948 3.0797 34.9693
2687.0000 2652.8567 3.0777 34.9693
2689.0000 2654.8193 3.0746 34.9689
2691.0000 2656.7815 3.0703 34.9685
2693.0000 2658.7434 3.0609 34.9678
2695.0000 2660.7058 3.0565 34.9675
2697.0000 2662.6682 3.0527 34.9672
2699.0000 2664.6306 3.0512 34.9671
2701.0000 2666.5925 3.0477 34.9668
2703.0000 2668.5547 3.0455 34.9666
2705.0000 2670.5168 3.0444 34.9666
2707.0000 2672.4788 3.0422 34.9664
2709.0000 2674.4409 3.0402 34.9663
2711.0000 2676.4033 3.0385 34.9662
2713.0000 2678.3650 3.0365 34.9660
2715.0000 2680.3271 3.0355 34.9659
2717.0000 2682.2896 3.0347 34.9658
2719.0000 2684.2515 3.0331 34.9657
2721.0000 2686.2131 3.0315 34.9655
2723.0000 2688.1750 3.0289 34.9653
2725.0000 2690.1375 3.0281 34.9653
2727.0000 2692.0991 3.0276 34.9651
2729.0000 2694.0610 3.0227 34.9646
2731.0000 2696.0232 3.0190 34.9642
2733.0000 2697.9851 3.0182 34.9641
2735.0000 2699.9465 3.0155 34.9640
2737.0000 2701.9087 3.0132 34.9637
2739.0000 2703.8706 3.0117 34.9636
2741.0000 2705.8320 3.0084 34.9633
2743.0000 2707.7942 3.0080 34.9633
2745.0000 2709.7559 3.0079 34.9633
2747.0000 2711.7178 3.0074 34.9633
2749.0000 2713.6794 3.0060 34.9630
2751.0000 2715.6411 3.0050 34.9630
2753.0000 2717.6028 3.0026 34.9628
2755.0000 2719.5645 3.0015 34.9627
2757.0000 2721.5261 3.0005 34.9625
2759.0000 2723.4878 2.9979 34.9623
2761.0000 2725.4497 2.9958 34.9620
2763.0000 2727.4111 2.9941 34.9619
2765.0000 2729.3726 2.9953 34.9619
2767.0000 2731.3345 2.9890 34.9612
2769.0000 2733.2959 2.9832 34.9608
2771.0000 2735.2573 2.9825 34.9608
2773.0000 2737.2190 2.9800 34.9604
2775.0000 2739.1807 2.9774 34.9603
2777.0000 2741.1418 2.9789 34.9603
2779.0000 2743.1035 2.9763 34.9601
2781.0000 2745.0649 2.9738 34.9598
2783.0000 2747.0261 2.9722 34.9597
2785.0000 2748.9878 2.9723 34.9597
2787.0000 2750.9492 2.9721 34.9595
2789.0000 2752.9106 2.9674 34.9591
2791.0000 2754.8718 2.9662 34.9589
2793.0000 2756.8333 2.9656 34.9590
2795.0000 2758.7947 2.9649 34.9588
2797.0000 2760.7559 2.9628 34.9588
2799.0000 2762.7170 2.9604 34.9583
2801.0000 2764.6787 2.9573 34.9580
2803.0000 2766.6396 2.9541 34.9575
2805.0000 2768.6011 2.9512 34.9573
2807.0000 2770.5623 2.9480 34.9569
2809.0000 2772.5237 2.9442 34.9566
2811.0000 2774.4846 2.9419 34.9565
2813.0000 2776.4460 2.9413 34.9563
2815.0000 2778.4070 2.9406 34.9563
2817.0000 2780.3682 2.9398 34.9563
2819.0000 2782.3291 2.9403 34.9561
2821.0000 2784.2905 2.9380 34.9562
2823.0000 2786.2517 2.9358 34.9559
2825.0000 2788.2124 2.9357 34.9557
2827.0000 2790.1738 2.9334 34.9556
2829.0000 2792.1345 2.9329 34.9556
2831.0000 2794.0957 2.9310 34.9554
2833.0000 2796.0566 2.9320 34.9553
2835.0000 2798.0176 2.9239 34.9547
2837.0000 2799.9788 2.9197 34.9543
2839.0000 2801.9395 2.9192 34.9543
2841.0000 2803.9006 2.9180 34.9542
2843.0000 2805.8616 2.9159 34.9540
2845.0000 2807.8223 2.9154 34.9539
2847.0000 2809.7832 2.9131 34.9536
2849.0000 2811.7439 2.9088 34.9532
2851.0000 2813.7048 2.9049 34.9527
2853.0000 2815.6658 2.8998 34.9526
2855.0000 2817.6267 2.9012 34.9523
2857.0000 2819.5874 2.8934 34.9515
2859.0000 2821.5479 2.8901 34.9511
2861.0000 2823.5090 2.8867 34.9509
2863.0000 2825.4697 2.8828 34.9505
2865.0000 2827.4302 2.8800 34.9502
2867.0000 2829.3909 2.8815 34.9502
2869.0000 2831.3518 2.8770 34.9500
2871.0000 2833.3125 2.8751 34.9498
2873.0000 2835.2732 2.8747 34.9498
2875.0000 2837.2336 2.8732 34.9497
2877.0000 2839.1943 2.8743 34.9496
2879.0000 2841.1548 2.8715 34.9496
2881.0000 2843.1152 2.8708 34.9495
2883.0000 2845.0759 2.8706 34.9495
2885.0000 2847.0366 2.8704 34.9494
2887.0000 2848.9971 2.8696 34.9494
2889.0000 2850.9575 2.8665 34.9490
2891.0000 2852.9182 2.8631 34.9487
2893.0000 2854.8782 2.8608 34.9486
2895.0000 2856.8386 2.8581 34.9483
2897.0000 2858.7993 2.8567 34.9483
2899.0000 2860.7598 2.8553 34.9481
2901.0000 2862.7200 2.8524 34.9478
2903.0000 2864.6804 2.8490 34.9476
2905.0000 2866.6411 2.8472 34.9475
2907.0000 2868.6011 2.8435 34.9471
2909.0000 2870.5618 2.8403 34.9468
2911.0000 2872.5220 2.8388 34.9467
2913.0000 2874.4822 2.8375 34.9467
2915.0000 2876.4424 2.8380 34.9466
2917.0000 2878.4028 2.8358 34.9465
2919.0000 2880.3630 2.8335 34.9463
2921.0000 2882.3230 2.8280 34.9457
2923.0000 2884.2834 2.8247 34.9456
2925.0000 2886.2439 2.8240 34.9455
2927.0000 2888.2036 2.8235 34.9455
2929.0000 2890.1638 2.8223 34.9454
2931.0000 2892.1240 2.8210 34.9452
2933.0000 2894.0845 2.8202 34.9451
2935.0000 2896.0442 2.8181 34.9449
2937.0000 2898.0044 2.8177 34.9448
2939.0000 2899.9646 2.8171 34.9447
2941.0000 2901.9246 2.8164 34.9447
2943.0000 2903.8843 2.8164 34.9447
2945.0000 2905.8445 2.8152 34.9445
2947.0000 2907.8044 2.8147 34.9444
2949.0000 2909.7644 2.8141 34.9443
2951.0000 2911.7244 2.8135 34.9443
2953.0000 2913.6846 2.8131 34.9442
2955.0000 2915.6440 2.8112 34.9439
2957.0000 2917.6040 2.8062 34.9434
2959.0000 2919.5640 2.8048 34.9433
2961.0000 2921.5239 2.8042 34.9432
2963.0000 2923.4836 2.8017 34.9430
2965.0000 2925.4436 2.8006 34.9429
2967.0000 2927.4036 2.7983 34.9426
2969.0000 2929.3630 2.7971 34.9425
2971.0000 2931.3230 2.7952 34.9424
2973.0000 2933.2827 2.7944 34.9424
2975.0000 2935.2422 2.7943 34.9423
2977.0000 2937.2021 2.7947 34.9422
2979.0000 2939.1619 2.7941 34.9421
2981.0000 2941.1216 2.7892 34.9418
2983.0000 2943.0811 2.7865 34.9416
2985.0000 2945.0408 2.7852 34.9414
2987.0000 2947.0007 2.7831 34.9412
2989.0000 2948.9600 2.7823 34.9412
2991.0000 2950.9199 2.7816 34.9412
2993.0000 2952.8792 2.7803 34.9410
2995.0000 2954.8391 2.7787 34.9408
2997.0000 2956.7983 2.7774 34.9406
2999.0000 2958.7581 2.7745 34.9405
3001.0000 2960.7175 2.7738 34.9403
3003.0000 2962.6768 2.7731 34.9403
3005.0000 2964.6362 2.7723 34.9402
3007.0000 2966.5959 2.7712 34.9401
3009.0000 2968.5557 2.7715 34.9401
3011.0000 2970.5146 2.7705 34.9401
3013.0000 2972.4744 2.7685 34.9398
3015.0000 2974.4336 2.7682 34.9398
3017.0000 2976.3928 2.7629 34.9393
3019.0000 2978.3521 2.7597 34.9389
3021.0000 2980.3118 2.7573 34.9387
3023.0000 2982.2712 2.7550 34.9385
3025.0000 2984.2300 2.7530 34.9384
3027.0000 2986.1895 2.7517 34.9382
3029.0000 2988.1487 2.7503 34.9382
3031.0000 2990.1079 2.7500 34.9382
3033.0000 2992.0671 2.7484 34.9380
3035.0000 2994.0266 2.7466 34.9378
3037.0000 2995.9856 2.7458 34.9378
3039.0000 2997.9446 2.7462 34.9376
3041.0000 2999.9041 2.7452 34.9377
3043.0000 3001.8630 2.7439 34.9375
3045.0000 3003.8223 2.7433 34.9374
3047.0000 3005.7815 2.7429 34.9373
3049.0000 3007.7405 2.7429 34.9373
3051.0000 3009.6995 2.7434 34.9373
3053.0000 3011.6584 2.7421 34.9373
3055.0000 3013.6177 2.7413 34.9371
3057.0000 3015.5769 2.7401 34.9371
3059.0000 3017.5356 2.7395 34.9370
3061.0000 3019.4946 2.7380 34.9368
3063.0000 3021.4536 2.7349 34.9365
3065.0000 3023.4124 2.7341 34.9365
3067.0000 3025.3716 2.7319 34.9363
3069.0000 3027.3303 2.7305 34.9361
3071.0000 3029.2896 2.7294 34.9360
3073.0000 3031.2480 2.7249 34.9356
3075.0000 3033.2070 2.7231 34.9354
3077.0000 3035.1660 2.7230 34.9355
3079.0000 3037.1245 2.7228 34.9354
3081.0000 3039.0835 2.7228 34.9354
3083.0000 3041.0425 2.7224 34.9354
3085.0000 3043.0012 2.7221 34.9354
3087.0000 3044.9597 2.7204 34.9351
3089.0000 3046.9185 2.7211 34.9351
3091.0000 3048.8774 2.7189 34.9351
3093.0000 3050.8359 2.7190 34.9350
3095.0000 3052.7944 2.7193 34.9350
3097.0000 3054.7534 2.7188 34.9350
3099.0000 3056.7122 2.7178 34.9349
3101.0000 3058.6704 2.7176 34.9348
3103.0000 3060.6292 2.7169 34.9347
3105.0000 3062.5879 2.7166 34.9346
3107.0000 3064.5464 2.7163 34.9347
3109.0000 3066.5049 2.7159 34.9345
3111.0000 3068.4636 2.7145 34.9344
3113.0000 3070.4219 2.7116 34.9341
3115.0000 3072.3806 2.7095 34.9339
3117.0000 3074.3389 2.7090 34.9339
3119.0000 3076.2976 2.7084 34.9339
3121.0000 3078.2559 2.7074 34.9338
3123.0000 3080.2141 2.7063 34.9337
3125.0000 3082.1729 2.7059 34.9337
3127.0000 3084.1311 2.7070 34.9336
3129.0000 3086.0894 2.7037 34.9333
3131.0000 3088.0479 2.6994 34.9330
3133.0000 3090.0063 2.6984 34.9328
3135.0000 3091.9644 2.6977 34.9328
3137.0000 3093.9229 2.6971 34.9327
3139.0000 3095.8813 2.6958 34.9326
3141.0000 3097.8396 2.6947 34.9326
3143.0000 3099.7976 2.6947 34.9326
3145.0000 3101.7561 2.6941 34.9324
3147.0000 3103.7144 2.6932 34.9322
3149.0000 3105.6724 2.6919 34.9321
3151.0000 3107.6306 2.6912 34.9321
3153.0000 3109.5891 2.6905 34.9320
3155.0000 3111.5469 2.6889 34.9319
3157.0000 3113.5051 2.6889 34.9319
3159.0000 3115.4634 2.6888 34.9318
3161.0000 3117.4214 2.6887 34.9317
3163.0000 3119.3794 2.6857 34.9315
3165.0000 3121.3374 2.6850 34.9314
3167.0000 3123.2954 2.6858 34.9313
3169.0000 3125.2534 2.6816 34.9310
3171.0000 3127.2114 2.6797 34.9309
3173.0000 3129.1697 2.6782 34.9307
3175.0000 3131.1274 2.6770 34.9307
3177.0000 3133.0854 2.6761 34.9305
3179.0000 3135.0435 2.6741 34.9303
3181.0000 3137.0012 2.6727 34.9302
3183.0000 3138.9590 2.6720 34.9301
3185.0000 3140.9172 2.6705 34.9299
3187.0000 3142.8752 2.6694 34.9298
3189.0000 3144.8328 2.6680 34.9297
3191.0000 3146.7905 2.6658 34.9296
3193.0000 3148.7485 2.6654 34.9295
3195.0000 3150.7063 2.6664 34.9294
3197.0000 3152.6641 2.6648 34.9293
3199.0000 3154.6221 2.6628 34.9291
3201.0000 3156.5798 2.6609 34.9291
3203.0000 3158.5371 2.6599 34.9290
3205.0000 3160.4951 2.6605 34.9289
3207.0000 3162.4529 2.6593 34.9287
3209.0000 3164.4109 2.6562 34.9285
3211.0000 3166.3679 2.6549 34.9284
3213.0000 3168.3259 2.6541 34.9284
3215.0000 3170.2837 2.6536 34.9282
3217.0000 3172.2410 2.6510 34.9279
3219.0000 3174.1985 2.6478 34.9276
3221.0000 3176.1562 2.6476 34.9276
3223.0000 3178.1140 2.6473 34.9276
3225.0000 3180.0713 2.6465 34.9276
3227.0000 3182.0286 2.6462 34.9275
3229.0000 3183.9863 2.6457 34.9274
3231.0000 3185.9438 2.6455 34.9273
3233.0000 3187.9014 2.6448 34.9272
3235.0000 3189.8586 2.6407 34.9269
3237.0000 3191.8159 2.6397 34.9267
3239.0000 3193.7734 2.6389 34.9267
3241.0000 3195.7310 2.6384 34.9266
3243.0000 3197.6885 2.6383 34.9266
3245.0000 3199.6455 2.6381 34.9266
3247.0000 3201.6030 2.6379 34.9266
3249.0000 3203.5608 2.6371 34.9264
3251.0000 3205.5176 2.6368 34.9264
3253.0000 3207.4749 2.6367 34.9263
3255.0000 3209.4324 2.6352 34.9261
3257.0000 3211.3896 2.6321 34.9258
3259.0000 3213.3467 2.6316 34.9257
3261.0000 3215.3040 2.6311 34.9258
3263.0000 3217.2612 2.6318 34.9257
3265.0000 3219.2183 2.6308 34.9256
3267.0000 3221.1755 2.6305 34.9257
3269.0000 3223.1328 2.6295 34.9255
3271.0000 3225.0901 2.6289 34.9255
3273.0000 3227.0469 2.6277 34.9253
3275.0000 3229.0042 2.6273 34.9253
3277.0000 3230.9612 2.6271 34.9252
3279.0000 3232.9182 2.6264 34.9251
3281.0000 3234.8752 2.6252 34.9251
3283.0000 3236.8323 2.6239 34.9250
3285.0000 3238.7896 2.6228 34.9247
3287.0000 3240.7463 2.6215 34.9246
3289.0000 3242.7034 2.6204 34.9245
3291.0000 3244.6604 2.6190 34.9243
3293.0000 3246.6172 2.6192 34.9243
3295.0000 3248.5740 2.6190 34.9243
3297.0000 3250.5312 2.6183 34.9243
3299.0000 3252.4880 2.6183 34.9243
3301.0000 3254.4446 2.6177 34.9242
3303.0000 3256.4016 2.6169 34.9241
3305.0000 3258.3586 2.6159 34.9240
3307.0000 3260.3152 2.6148 34.9238
3309.0000 3262.2722 2.6112 34.9234
3311.0000 3264.2290 2.6084 34.9232
3313.0000 3266.1855 2.6067 34.9230
3315.0000 3268.1423 2.6062 34.9229
3317.0000 3270.0991 2.6058 34.9229
3319.0000 3272.0562 2.6058 34.9229
3321.0000 3274.0127 2.6057 34.9227
3323.0000 3275.9692 2.6057 34.9228
3325.0000 3277.9258 2.6055 34.9227
3327.0000 3279.8826 2.6057 34.9228
3329.0000 3281.8391 2.6056 34.9227
3331.0000 3283.7959 2.6044 34.9225
3333.0000 3285.7527 2.6034 34.9224
3335.0000 3287.7090 2.6024 34.9223
3337.0000 3289.6655 2.6008 34.9221
3339.0000 3291.6221 2.5997 34.9220
3341.0000 3293.5784 2.5985 34.9219
3343.0000 3295.5352 2.5972 34.9217
3345.0000 3297.4917 2.5959 34.9216
3347.0000 3299.4482 2.5955 34.9215
3349.0000 3301.4045 2.5949 34.9214
3351.0000 3303.3608 2.5947 34.9214
3353.0000 3305.3174 2.5945 34.9214
3355.0000 3307.2737 2.5943 34.9212
3357.0000 3309.2300 2.5938 34.9212
3359.0000 3311.1865 2.5933 34.9211
3361.0000 3313.1431 2.5913 34.9210
3363.0000 3315.0994 2.5904 34.9208
3365.0000 3317.0557 2.5891 34.9208
3367.0000 3319.0117 2.5878 34.9206
3369.0000 3320.9678 2.5891 34.9205
3371.0000 3322.9243 2.5853 34.9203
3373.0000 3324.8806 2.5831 34.9201
3375.0000 3326.8367 2.5823 34.9201
3377.0000 3328.7930 2.5822 34.9200
3379.0000 3330.7493 2.5824 34.9199
3381.0000 3332.7056 2.5803 34.9198
3383.0000 3334.6614 2.5802 34.9197
3385.0000 3336.6177 2.5796 34.9197
3387.0000 3338.5737 2.5784 34.9195
3389.0000 3340.5298 2.5741 34.9191
3391.0000 3342.4861 2.5733 34.9191
3393.0000 3344.4421 2.5715 34.9189
3395.0000 3346.3984 2.5707 34.9187
3397.0000 3348.3542 2.5695 34.9186
3399.0000 3350.3103 2.5692 34.9186
3401.0000 3352.2664 2.5689 34.9184
3403.0000 3354.2219 2.5672 34.9183
3405.0000 3356.1780 2.5659 34.9182
3407.0000 3358.1343 2.5652 34.9181
3409.0000 3360.0901 2.5636 34.9179
3411.0000 3362.0457 2.5629 34.9178
3413.0000 3364.0020 2.5616 34.9176
3415.0000 3365.9578 2.5601 34.9175
3417.0000 3367.9133 2.5582 34.9173
3419.0000 3369.8696 2.5557 34.9171
3421.0000 3371.8254 2.5552 34.9170
3423.0000 3373.7812 2.5546 34.9169
3425.0000 3375.7368 2.5540 34.9169
3427.0000 3377.6926 2.5537 34.9168
3429.0000 3379.6482 2.5529 34.9168
3431.0000 3381.6038 2.5521 34.9167
3433.0000 3383.5596 2.5509 34.9165
3435.0000 3385.5154 2.5507 34.9164
3437.0000 3387.4709 2.5503 34.9164
3439.0000 3389.4268 2.5491 34.9163
3441.0000 3391.3823 2.5489 34.9163
3443.0000 3393.3381 2.5487 34.9162
3445.0000 3395.2937 2.5479 34.9161
3447.0000 3397.2493 2.5479 34.9161
3449.0000 3399.2051 2.5478 34.9160
3451.0000 3401.1606 2.5474 34.9160
3453.0000 3403.1160 2.5465 34.9159
3455.0000 3405.0718 2.5464 34.9159
3457.0000 3407.0273 2.5464 34.9159
3459.0000 3408.9824 2.5464 34.9159
3461.0000 3410.9382 2.5456 34.9157
3463.0000 3412.8938 2.5448 34.9156
3465.0000 3414.8489 2.5443 34.9154
3467.0000 3416.8044 2.5425 34.9154
3469.0000 3418.7598 2.5420 34.9153
3471.0000 3420.7153 2.5416 34.9152
3473.0000 3422.6704 2.5404 34.9150
3475.0000 3424.6257 2.5410 34.9150
3477.0000 3426.5813 2.5393 34.9149
3479.0000 3428.5364 2.5395 34.9149
3481.0000 3430.4919 2.5395 34.9149
3483.0000 3432.4473 2.5393 34.9148
3485.0000 3434.4023 2.5391 34.9149
3487.0000 3436.3574 2.5392 34.9149
3489.0000 3438.3130 2.5387 34.9147
3491.0000 3440.2678 2.5377 34.9146
3493.0000 3442.2231 2.5368 34.9145
3495.0000 3444.1785 2.5354 34.9143
3497.0000 3446.1335 2.5352 34.9143
3499.0000 3448.0886 2.5344 34.9142
3501.0000 3450.0437 2.5335 34.9141
3503.0000 3451.9990 2.5327 34.9140
3505.0000 3453.9541 2.5324 34.9138
3507.0000 3455.9089 2.5297 34.9137
3509.0000 3457.8643 2.5282 34.9135
3511.0000 3459.8193 2.5267 34.9132
3513.0000 3461.7739 2.5274 34.9132
3515.0000 3463.7290 2.5270 34.9132
3517.0000 3465.6841 2.5253 34.9132
3519.0000 3467.6392 2.5251 34.9131
3521.0000 3469.5942 2.5247 34.9131
3523.0000 3471.5493 2.5256 34.9130
3525.0000 3473.5039 2.5249 34.9131
3527.0000 3475.4585 2.5249 34.9130
3529.0000 3477.4136 2.5231 34.9128
3531.0000 3479.3687 2.5219 34.9126
3533.0000 3481.3237 2.5214 34.9126
3535.0000 3483.2783 2.5205 34.9125
3537.0000 3485.2329 2.5197 34.9125
3539.0000 3487.1880 2.5190 34.9123
3541.0000 3489.1426 2.5177 34.9122
3543.0000 3491.0974 2.5166 34.9121
3545.0000 3493.0522 2.5160 34.9120
3547.0000 3495.0073 2.5154 34.9119
3549.0000 3496.9617 2.5151 34.9118
3551.0000 3498.9167 2.5151 34.9118
3553.0000 3500.8713 2.5149 34.9118
3555.0000 3502.8254 2.5137 34.9118
3557.0000 3504.7805 2.5133 34.9116
3559.0000 3506.7351 2.5130 34.9115
3561.0000 3508.6895 2.5127 34.9115
3563.0000 3510.6440 2.5127 34.9115
3565.0000 3512.5986 2.5121 34.9114
3567.0000 3514.5532 2.5113 34.9113
3569.0000 3516.5076 2.5096 34.9111
3571.0000 3518.4622 2.5091 34.9110
3573.0000 3520.4167 2.5080 34.9110
3575.0000 3522.3711 2.5075 34.9108
3577.0000 3524.3257 2.5072 34.9108
3579.0000 3526.2803 2.5070 34.9107
3581.0000 3528.2346 2.5067 34.9108
3583.0000 3530.1887 2.5063 34.9106
3585.0000 3532.1433 2.5068 34.9105
3587.0000 3534.0979 2.5053 34.9106
3589.0000 3536.0522 2.5032 34.9103
3591.0000 3538.0063 2.5020 34.9101
3593.0000 3539.9612 2.5010 34.9100
3595.0000 3541.9153 2.4993 34.9098
3597.0000 3543.8696 2.5009 34.9099
3599.0000 3545.8237 2.4981 34.9097
3601.0000 3547.7778 2.4965 34.9096
3603.0000 3549.7322 2.4960 34.9095
3605.0000 3551.6863 2.4957 34.9094
3607.0000 3553.6406 2.4954 34.9094
3609.0000 3555.5947 2.4954 34.9093
3611.0000 3557.5491 2.4950 34.9094
3613.0000 3559.5032 2.4945 34.9092
3615.0000 3561.4575 2.4940 34.9092
3617.0000 3563.4114 2.4932 34.9091
3619.0000 3565.3655 2.4929 34.9090
3621.0000 3567.3196 2.4922 34.9089
3623.0000 3569.2739 2.4918 34.9089
3625.0000 3571.2278 2.4911 34.9088
3627.0000 3573.1819 2.4905 34.9087
3629.0000 3575.1357 2.4899 34.9086
3631.0000 3577.0898 2.4895 34.9086
3633.0000 3579.0437 2.4890 34.9085
3635.0000 3580.9978 2.4886 34.9084
3637.0000 3582.9517 2.4886 34.9084
3639.0000 3584.9055 2.4886 34.9084
3641.0000 3586.8596 2.4877 34.9083
3643.0000 3588.8135 2.4867 34.9082
3645.0000 3590.7668 2.4866 34.9081
3647.0000 3592.7212 2.4856 34.9080
3649.0000 3594.6753 2.4847 34.9078
3651.0000 3596.6287 2.4838 34.9078
3653.0000 3598.5825 2.4835 34.9077
3655.0000 3600.5364 2.4822 34.9077
3657.0000 3602.4905 2.4817 34.9075
3659.0000 3604.4438 2.4815 34.9075
3661.0000 3606.3977 2.4811 34.9075
3663.0000 3608.3516 2.4805 34.9073
3665.0000 3610.3049 2.4799 34.9073
3667.0000 3612.2588 2.4794 34.9073
3669.0000 3614.2124 2.4781 34.9070
3671.0000 3616.1663 2.4776 34.9070
3673.0000 3618.1196 2.4772 34.9069
3675.0000 3620.0735 2.4766 34.9069
3677.0000 3622.0271 2.4756 34.9068
3679.0000 3623.9807 2.4754 34.9067
3681.0000 3625.9341 2.4755 34.9066
3683.0000 3627.8877 2.4751 34.9066
3685.0000 3629.8411 2.4751 34.9067
3687.0000 3631.7944 2.4745 34.9066
3689.0000 3633.7478 2.4741 34.9065
3691.0000 3635.7021 2.4738 34.9064
3693.0000 3637.6550 2.4733 34.9064
3695.0000 3639.6084 2.4727 34.9063
3697.0000 3641.5623 2.4712 34.9061
3699.0000 3643.5151 2.4704 34.9060
3701.0000 3645.4685 2.4699 34.9060
3703.0000 3647.4224 2.4694 34.9059
3705.0000 3649.3757 2.4693 34.9058
3707.0000 3651.3286 2.4691 34.9059
3709.0000 3653.2820 2.4684 34.9056
3711.0000 3655.2354 2.4674 34.9055
3713.0000 3657.1885 2.4654 34.9053
3715.0000 3659.1423 2.4648 34.9053
3717.0000 3661.0955 2.4642 34.9051
3719.0000 3663.0486 2.4636 34.9052
3721.0000 3665.0015 2.4633 34.9051
3723.0000 3666.9548 2.4635 34.9050
3725.0000 3668.9082 2.4633 34.9050
3727.0000 3670.8613 2.4625 34.9049
3729.0000 3672.8147 2.4617 34.9049
3731.0000 3674.7676 2.4610 34.9048
3733.0000 3676.7209 2.4599 34.9047
3735.0000 3678.6738 2.4594 34.9046
3737.0000 3680.6267 2.4597 34.9046
3739.0000 3682.5801 2.4587 34.9045
3741.0000 3684.5327 2.4583 34.9044
3743.0000 3686.4856 2.4572 34.9043
3745.0000 3688.4390 2.4564 34.9043
3747.0000 3690.3923 2.4558 34.9041
3749.0000 3692.3450 2.4548 34.9041
3751.0000 3694.2979 2.4546 34.9040
3753.0000 3696.2510 2.4544 34.9040
3755.0000 3698.2039 2.4543 34.9040
3757.0000 3700.1567 2.4533 34.9038
3759.0000 3702.1099 2.4527 34.9037
3761.0000 3704.0623 2.4519 34.9037
3763.0000 3706.0154 2.4512 34.9036
3765.0000 3707.9683 2.4510 34.9035
3767.0000 3709.9211 2.4499 34.9034
3769.0000 3711.8738 2.4508 34.9033
3771.0000 3713.8262 2.4482 34.9032
3773.0000 3715.7795 2.4476 34.9031
3775.0000 3717.7317 2.4477 34.9032
3777.0000 3719.6848 2.4470 34.9030
3779.0000 3721.6372 2.4471 34.9030
3781.0000 3723.5906 2.4465 34.9029
3783.0000 3725.5427 2.4456 34.9029
3785.0000 3727.4956 2.4454 34.9029
3787.0000 3729.4482 2.4454 34.9029
3789.0000 3731.4009 2.4455 34.9028
3791.0000 3733.3533 2.4454 34.9028
3793.0000 3735.3062 2.4452 34.9027
3795.0000 3737.2588 2.4450 34.9027
3797.0000 3739.2114 2.4446 34.9025
3799.0000 3741.1638 2.4444 34.9025
3801.0000 3743.1165 2.4446 34.9026
3803.0000 3745.0686 2.4447 34.9026
3805.0000 3747.0215 2.4446 34.9025
3807.0000 3748.9739 2.4442 34.9025
3809.0000 3750.9265 2.4434 34.9024
3811.0000 3752.8782 2.4437 34.9022
3813.0000 3754.8311 2.4427 34.9023
3815.0000 3756.7837 2.4427 34.9022
3817.0000 3758.7354 2.4423 34.9021
3819.0000 3760.6880 2.4420 34.9022
3821.0000 3762.6409 2.4418 34.9021
3823.0000 3764.5925 2.4418 34.9021
3825.0000 3766.5452 2.4418 34.9021
3827.0000 3768.4976 2.4416 34.9019
3829.0000 3770.4502 2.4409 34.9019
3831.0000 3772.4019 2.4406 34.9018
3833.0000 3774.3540 2.4407 34.9019
3835.0000 3776.3066 2.4405 34.9018
3837.0000 3778.2588 2.4404 34.9017
3839.0000 3780.2107 2.4398 34.9017
3841.0000 3782.1633 2.4395 34.9016
3843.0000 3784.1155 2.4393 34.9016
3845.0000 3786.0671 2.4392 34.9016
3847.0000 3788.0193 2.4389 34.9015
3849.0000 3789.9717 2.4382 34.9014
3851.0000 3791.9236 2.4378 34.9013
3853.0000 3793.8755 2.4373 34.9013
3855.0000 3795.8281 2.4372 34.9013
3857.0000 3797.7803 2.4358 34.9011
3859.0000 3799.7319 2.4354 34.9011
3861.0000 3801.6841 2.4354 34.9010
3863.0000 3803.6362 2.4351 34.9009
3865.0000 3805.5879 2.4350 34.9010
3867.0000 3807.5400 2.4346 34.9009
3869.0000 3809.4922 2.4344 34.9008
3871.0000 3811.4438 2.4341 34.9009
3873.0000 3813.3955 2.4334 34.9008
3875.0000 3815.3477 2.4333 34.9007
3877.0000 3817.2998 2.4335 34.9007
3879.0000 3819.2510 2.4336 34.9007
3881.0000 3821.2031 2.4335 34.9006
3883.0000 3823.1548 2.4336 34.9006
3885.0000 3825.1064 2.4335 34.9006
3887.0000 3827.0586 2.4337 34.9006
3889.0000 3829.0103 2.4339 34.9006
3891.0000 3830.9619 2.4340 34.9007
3893.0000 3832.9138 2.4343 34.9007
3895.0000 3834.8655 2.4341 34.9006
3897.0000 3836.8171 2.4334 34.9006
3899.0000 3838.7688 2.4320 34.9003
3901.0000 3840.7205 2.4322 34.9002
3903.0000 3842.6721 2.4318 34.9002
3905.0000 3844.6238 2.4318 34.9002
3907.0000 3846.5752 2.4309 34.9002
3909.0000 3848.5269 2.4307 34.9001
3911.0000 3850.4790 2.4303 34.9000
3913.0000 3852.4299 2.4295 34.8999
3915.0000 3854.3818 2.4291 34.8999
3917.0000 3856.3333 2.4291 34.8999
3919.0000 3858.2849 2.4289 34.8998
3921.0000 3860.2361 2.4287 34.8997
3923.0000 3862.1880 2.4291 34.8996
3925.0000 3864.1392 2.4284 34.8998
3927.0000 3866.0903 2.4284 34.8997
3929.0000 3868.0422 2.4279 34.8996
3931.0000 3869.9934 2.4280 34.8996
3933.0000 3871.9451 2.4270 34.8995
3935.0000 3873.8960 2.4270 34.8994
3937.0000 3875.8477 2.4270 34.8994
3939.0000 3877.7988 2.4264 34.8993
3941.0000 3879.7498 2.4255 34.8992
3943.0000 3881.7014 2.4251 34.8992
3945.0000 3883.6528 2.4247 34.8991
3947.0000 3885.6040 2.4239 34.8990
3949.0000 3887.5554 2.4237 34.8990
3951.0000 3889.5066 2.4239 34.8989
3953.0000 3891.4578 2.4242 34.8991
3955.0000 3893.4087 2.4243 34.8990
3957.0000 3895.3601 2.4237 34.8989
3959.0000 3897.3113 2.4228 34.8988
3961.0000 3899.2622 2.4226 34.8987
3963.0000 3901.2139 2.4237 34.8986
3965.0000 3903.1646 2.4231 34.8988
3967.0000 3905.1160 2.4227 34.8986
3969.0000 3907.0669 2.4223 34.8987
3971.0000 3909.0176 2.4219 34.8985
3973.0000 3910.9692 2.4233 34.8985
3975.0000 3912.9199 2.4217 34.8984
3977.0000 3914.8706 2.4206 34.8984
3979.0000 3916.8220 2.4200 34.8982
3981.0000 3918.7732 2.4183 34.8981
3983.0000 3920.7241 2.4179 34.8980
3985.0000 3922.6748 2.4172 34.8980
3987.0000 3924.6257 2.4168 34.8978
3989.0000 3926.5767 2.4164 34.8978
3991.0000 3928.5276 2.4161 34.8978
3993.0000 3930.4788 2.4157 34.8977
3995.0000 3932.4297 2.4154 34.8977
3997.0000 3934.3801 2.4155 34.8977
3999.0000 3936.3308 2.4156 34.8977
4001.0000 3938.2817 2.4159 34.8977
4003.0000 3940.2327 2.4160 34.8977
4005.0000 3942.1831 2.4153 34.8976
4007.0000 3944.1343 2.4152 34.8975
4009.0000 3946.0847 2.4142 34.8974
4011.0000 3948.0356 2.4135 34.8974
4013.0000 3949.9861 2.4134 34.8973
4015.0000 3951.9370 2.4132 34.8973
4017.0000 3953.8875 2.4123 34.8971
4019.0000 3955.8381 2.4124 34.8972
4021.0000 3957.7891 2.4125 34.8971
4023.0000 3959.7390 2.4127 34.8971
4025.0000 3961.6899 2.4129 34.8971
4027.0000 3963.6409 2.4130 34.8971
4029.0000 3965.5916 2.4117 34.8970
4031.0000 3967.5417 2.4124 34.8969
4033.0000 3969.4924 2.4113 34.8968
4035.0000 3971.4429 2.4110 34.8968
4037.0000 3973.3931 2.4106 34.8968
4039.0000 3975.3438 2.4103 34.8967
4041.0000 3977.2942 2.4094 34.8966
4043.0000 3979.2451 2.4089 34.8965
4045.0000 3981.1948 2.4087 34.8965
4047.0000 3983.1455 2.4087 34.8964
4049.0000 3985.0959 2.4088 34.8965
4051.0000 3987.0464 2.4088 34.8965
4053.0000 3988.9963 2.4089 34.8965
4055.0000 3990.9473 2.4089 34.8964
4057.0000 3992.8972 2.4088 34.8964
4059.0000 3994.8477 2.4083 34.8963
4061.0000 3996.7979 2.4081 34.8962
4063.0000 3998.7485 2.4077 34.8962
4065.0000 4000.6982 2.4069 34.8961
4067.0000 4002.6487 2.4063 34.8962
4069.0000 4004.5991 2.4056 34.8960
4071.0000 4006.5496 2.4053 34.8959
4073.0000 4008.4990 2.4053 34.8959
4075.0000 4010.4495 2.4054 34.8959
4077.0000 4012.3997 2.4054 34.8958
4079.0000 4014.3501 2.4047 34.8957
4081.0000 4016.3000 2.4043 34.8956
4083.0000 4018.2505 2.4031 34.8956
4085.0000 4020.2000 2.4026 34.8955
4087.0000 4022.1501 2.4018 34.8954
4089.0000 4024.1001 2.4017 34.8955
4091.0000 4026.0505 2.4017 34.8954
4093.0000 4028.0000 2.4014 34.8952
4095.0000 4029.9504 2.4009 34.8952
4097.0000 4031.9001 2.4009 34.8952
4099.0000 4033.8501 2.4009 34.8952
4101.0000 4035.8000 2.4010 34.8951
4103.0000 4037.7502 2.4002 34.8951
4105.0000 4039.7002 2.4001 34.8951
4107.0000 4041.6499 2.3999 34.8949
4109.0000 4043.5999 2.3998 34.8949
4111.0000 4045.5498 2.3990 34.8949
4113.0000 4047.4990 2.3988 34.8948
4115.0000 4049.4495 2.3988 34.8949
4117.0000 4051.3989 2.3988 34.8948
4119.0000 4053.3491 2.3987 34.8948
4121.0000 4055.2983 2.3981 34.8946
4123.0000 4057.2485 2.3972 34.8945
4125.0000 4059.1982 2.3968 34.8945
4127.0000 4061.1479 2.3966 34.8944
4129.0000 4063.0979 2.3965 34.8944
4131.0000 4065.0474 2.3969 34.8944
4133.0000 4066.9973 2.3965 34.8944
4135.0000 4068.9465 2.3964 34.8944
4137.0000 4070.8962 2.3962 34.8943
4139.0000 4072.8457 2.3962 34.8943
4141.0000 4074.7954 2.3967 34.8942
4143.0000 4076.7451 2.3963 34.8942
4145.0000 4078.6946 2.3959 34.8942
4147.0000 4080.6438 2.3955 34.8941
4149.0000 4082.5938 2.3954 34.8941
4151.0000 4084.5435 2.3952 34.8939
4153.0000 4086.4929 2.3955 34.8940
4155.0000 4088.4421 2.3946 34.8940
4157.0000 4090.3918 2.3945 34.8939
4159.0000 4092.3413 2.3935 34.8938
4161.0000 4094.2900 2.3933 34.8938
4163.0000 4096.2402 2.3932 34.8938
4165.0000 4098.1895 2.3933 34.8938
4167.0000 4100.1387 2.3929 34.8935
4169.0000 4102.0879 2.3927 34.8936
4171.0000 4104.0371 2.3926 34.8936
4173.0000 4105.9868 2.3925 34.8936
4175.0000 4107.9355 2.3924 34.8935
4177.0000 4109.8853 2.3927 34.8936
4179.0000 4111.8350 2.3927 34.8935
4181.0000 4113.7842 2.3924 34.8935
4183.0000 4115.7329 2.3922 34.8934
4185.0000 4117.6821 2.3921 34.8934
4187.0000 4119.6318 2.3921 34.8934
4189.0000 4121.5806 2.3920 34.8934
4191.0000 4123.5298 2.3915 34.8932
4193.0000 4125.4795 2.3909 34.8931
4195.0000 4127.4287 2.3902 34.8930
4197.0000 4129.3774 2.3900 34.8930
4199.0000 4131.3267 2.3898 34.8930
4201.0000 4133.2759 2.3892 34.8929
4203.0000 4135.2251 2.3892 34.8929
4205.0000 4137.1738 2.3888 34.8928
4207.0000 4139.1226 2.3879 34.8928
4209.0000 4141.0718 2.3880 34.8928
4211.0000 4143.0205 2.3882 34.8927
4213.0000 4144.9697 2.3878 34.8928
4215.0000 4146.9185 2.3878 34.8927
4217.0000 4148.8677 2.3882 34.8927
4219.0000 4150.8169 2.3885 34.8926
4221.0000 4152.7656 2.3888 34.8927
4223.0000 4154.7144 2.3884 34.8926
4225.0000 4156.6631 2.3880 34.8925
4227.0000 4158.6123 2.3874 34.8925
4229.0000 4160.5615 2.3868 34.8924
4231.0000 4162.5098 2.3866 34.8923
4233.0000 4164.4585 2.3863 34.8923
4235.0000 4166.4077 2.3862 34.8923
4237.0000 4168.3564 2.3859 34.8922
4239.0000 4170.3052 2.3860 34.8922
4241.0000 4172.2539 2.3862 34.8922
4243.0000 4174.2031 2.3862 34.8920
4245.0000 4176.1514 2.3862 34.8922
4247.0000 4178.1001 2.3862 34.8920
4249.0000 4180.0488 2.3859 34.8920
4251.0000 4181.9976 2.3862 34.8921
4253.0000 4183.9458 2.3862 34.8921
4255.0000 4185.8945 2.3858 34.8920
4257.0000 4187.8438 2.3862 34.8919
4259.0000 4189.7915 2.3866 34.8919
4261.0000 4191.7402 2.3861 34.8920
4263.0000 4193.6890 2.3862 34.8919
4265.0000 4195.6372 2.3862 34.8919
4267.0000 4197.5864 2.3863 34.8919
4269.0000 4199.5352 2.3864 34.8919
4271.0000 4201.4834 2.3860 34.8918
4273.0000 4203.4316 2.3865 34.8917
4275.0000 4205.3804 2.3852 34.8917
4277.0000 4207.3286 2.3851 34.8916
4279.0000 4209.2769 2.3848 34.8916
4281.0000 4211.2256 2.3846 34.8916
4283.0000 4213.1738 2.3847 34.8916
4285.0000 4215.1221 2.3852 34.8914
4287.0000 4217.0703 2.3849 34.8914
4289.0000 4219.0186 2.3845 34.8915
4291.0000 4220.9673 2.3840 34.8913
4293.0000 4222.9155 2.3834 34.8912
4295.0000 4224.8633 2.3821 34.8911
4297.0000 4226.8120 2.3820 34.8911
4299.0000 4228.7603 2.3819 34.8911
4301.0000 4230.7085 2.3814 34.8910
4303.0000 4232.6567 2.3814 34.8910
4305.0000 4234.6050 2.3815 34.8910
4307.0000 4236.5527 2.3814 34.8910
4309.0000 4238.5015 2.3814 34.8910
4311.0000 4240.4497 2.3812 34.8910
4313.0000 4242.3975 2.3811 34.8909
4315.0000 4244.3457 2.3813 34.8908
4317.0000 4246.2939 2.3812 34.8908
4319.0000 4248.2422 2.3808 34.8908
4321.0000 4250.1895 2.3810 34.8908
4323.0000 4252.1382 2.3809 34.8907
4325.0000 4254.0864 2.3803 34.8906
4327.0000 4256.0337 2.3800 34.8905
4329.0000 4257.9819 2.3800 34.8906
4331.0000 4259.9302 2.3800 34.8905
4333.0000 4261.8784 2.3798 34.8905
4335.0000 4263.8257 2.3793 34.8905
4337.0000 4265.7739 2.3795 34.8904
4339.0000 4267.7222 2.3794 34.8903
4341.0000 4269.6694 2.3797 34.8903
4343.0000 4271.6177 2.3793 34.8904
4345.0000 4273.5654 2.3791 34.8903
4347.0000 4275.5132 2.3784 34.8903
4349.0000 4277.4609 2.3786 34.8902
4351.0000 4279.4092 2.3785 34.8902
4353.0000 4281.3569 2.3785 34.8901
4355.0000 4283.3047 2.3784 34.8901
4357.0000 4285.2520 2.3788 34.8900
4359.0000 4287.2002 2.3786 34.8900
4361.0000 4289.1479 2.3787 34.8902
4363.0000 4291.0952 2.3788 34.8900
4365.0000 4293.0435 2.3787 34.8900
4367.0000 4294.9912 2.3788 34.8900
4369.0000 4296.9385 2.3789 34.8900
4371.0000 4298.8857 2.3785 34.8899
4373.0000 4300.8335 2.3782 34.8898
4375.0000 4302.7812 2.3776 34.8898
4377.0000 4304.7290 2.3772 34.8898
4379.0000 4306.6768 2.3774 34.8897
4381.0000 4308.6240 2.3770 34.8896
4383.0000 4310.5718 2.3774 34.8896
4385.0000 4312.5195 2.3769 34.8896
4387.0000 4314.4668 2.3766 34.8895
4389.0000 4316.4141 2.3764 34.8894
4391.0000 4318.3613 2.3764 34.8894
4393.0000 4320.3096 2.3765 34.8894
4395.0000 4322.2568 2.3765 34.8895
4397.0000 4324.2036 2.3766 34.8894
4399.0000 4326.1514 2.3764 34.8893
4401.0000 4328.0991 2.3764 34.8894
4403.0000 4330.0459 2.3764 34.8894
4405.0000 4331.9932 2.3763 34.8894
4407.0000 4333.9409 2.3760 34.8893
4409.0000 4335.8882 2.3763 34.8891
4411.0000 4337.8354 2.3759 34.8891
4413.0000 4339.7832 2.3759 34.8892
4415.0000 4341.7300 2.3758 34.8892
4417.0000 4343.6772 2.3754 34.8891
4419.0000 4345.6245 2.3753 34.8891
4421.0000 4347.5718 2.3756 34.8890
4423.0000 4349.5190 2.3755 34.8889
4425.0000 4351.4658 2.3757 34.8890
4427.0000 4353.4136 2.3753 34.8889
4429.0000 4355.3604 2.3755 34.8888
4431.0000 4357.3076 2.3747 34.8888
4433.0000 4359.2549 2.3745 34.8888
4435.0000 4361.2017 2.3744 34.8888
4437.0000 4363.1489 2.3744 34.8887
4439.0000 4365.0957 2.3745 34.8887
4441.0000 4367.0435 2.3747 34.8887
4443.0000 4368.9907 2.3748 34.8887
4445.0000 4370.9365 2.3748 34.8887
4447.0000 4372.8843 2.3746 34.8886
4449.0000 4374.8311 2.3743 34.8886
4451.0000 4376.7778 2.3743 34.8886
4453.0000 4378.7251 2.3741 34.8885
4455.0000 4380.6719 2.3743 34.8885
4457.0000 4382.6187 2.3740 34.8884
4459.0000 4384.5654 2.3736 34.8883
4461.0000 4386.5127 2.3735 34.8883
4463.0000 4388.4595 2.3735 34.8883
4465.0000 4390.4062 2.3734 34.8883
4467.0000 4392.3530 2.3734 34.8883
4469.0000 4394.2998 2.3737 34.8882
4471.0000 4396.2471 2.3736 34.8882
4473.0000 4398.1938 2.3738 34.8881
4475.0000 4400.1401 2.3736 34.8881
4477.0000 4402.0874 2.3735 34.8881
4479.0000 4404.0337 2.3733 34.8881
4481.0000 4405.9805 2.3730 34.8880
4483.0000 4407.9272 2.3731 34.8880
4485.0000 4409.8735 2.3732 34.8880
4487.0000 4411.8208 2.3735 34.8879
4489.0000 4413.7671 2.3733 34.8880
4491.0000 4415.7139 2.3736 34.8880
4493.0000 4417.6602 2.3737 34.8879
4495.0000 4419.6069 2.3739 34.8879
4497.0000 4421.5537 2.3740 34.8879
4499.0000 4423.5000 2.3742 34.8879
4501.0000 4425.4468 2.3744 34.8879
4503.0000 4427.3936 2.3746 34.8880
4505.0000 4429.3398 2.3748 34.8880
4507.0000 4431.2861 2.3746 34.8879
4509.0000 4433.2324 2.3747 34.8879
4511.0000 4435.1792 2.3749 34.8878
4513.0000 4437.1255 2.3750 34.8878
4515.0000 4439.0723 2.3753 34.8877
4517.0000 4441.0186 2.3752 34.8878
4519.0000 4442.9653 2.3755 34.8879
4521.0000 4444.9106 2.3753 34.8877
4523.0000 4446.8574 2.3751 34.8877
4525.0000 4448.8042 2.3752 34.8876
4527.0000 4450.7500 2.3754 34.8877
4529.0000 4452.6968 2.3755 34.8877
4531.0000 4454.6426 2.3755 34.8877
4533.0000 4456.5894 2.3755 34.8876
4535.0000 4458.5352 2.3754 34.8876
4537.0000 4460.4814 2.3752 34.8875
4539.0000 4462.4277 2.3752 34.8875
4541.0000 4464.3735 2.3754 34.8875
4543.0000 4466.3203 2.3753 34.8875
4545.0000 4468.2666 2.3752 34.8874
4547.0000 4470.2124 2.3752 34.8874
4549.0000 4472.1587 2.3751 34.8874
4551.0000 4474.1045 2.3749 34.8873
4553.0000 4476.0513 2.3749 34.8873
4555.0000 4477.9971 2.3749 34.8873
4557.0000 4479.9424 2.3750 34.8872
4559.0000 4481.8887 2.3752 34.8873
4561.0000 4483.8345 2.3753 34.8872
4563.0000 4485.7808 2.3755 34.8872
4565.0000 4487.7271 2.3754 34.8871
4567.0000 4489.6733 2.3755 34.8872
4569.0000 4491.6191 2.3757 34.8871
4571.0000 4493.5649 2.3755 34.8871
4573.0000 4495.5112 2.3751 34.8871
4575.0000 4497.4570 2.3751 34.8870
4577.0000 4499.4028 2.3753 34.8869
4579.0000 4501.3491 2.3754 34.8870
4581.0000 4503.2944 2.3755 34.8870
4583.0000 4505.2402 2.3758 34.8870
4585.0000 4507.1860 2.3758 34.8870
4587.0000 4509.1318 2.3759 34.8870
4589.0000 4511.0776 2.3760 34.8869
4591.0000 4513.0234 2.3762 34.8870
4593.0000 4514.9692 2.3765 34.8870
4595.0000 4516.9150 2.3767 34.8869
4597.0000 4518.8608 2.3765 34.8868
4599.0000 4520.8066 2.3762 34.8868
4601.0000 4522.7524 2.3763 34.8868
4603.0000 4524.6978 2.3762 34.8867
4605.0000 4526.6436 2.3757 34.8867
4607.0000 4528.5894 2.3763 34.8865
4609.0000 4530.5347 2.3755 34.8865
4611.0000 4532.4810 2.3756 34.8865
4613.0000 4534.4263 2.3755 34.8865
4615.0000 4536.3716 2.3754 34.8865
4617.0000 4538.3169 2.3760 34.8864
4619.0000 4540.2627 2.3759 34.8865
4621.0000 4542.2080 2.3761 34.8865
4623.0000 4544.1533 2.3761 34.8864
4625.0000 4546.0991 2.3760 34.8864
4627.0000 4548.0449 2.3765 34.8863
4629.0000 4549.9902 2.3765 34.8864
4631.0000 4551.9355 2.3767 34.8863
4633.0000 4553.8809 2.3768 34.8863
4635.0000 4555.8267 2.3767 34.8863
4637.0000 4557.7715 2.3772 34.8861
4639.0000 4559.7173 2.3772 34.8863
4641.0000 4561.6631 2.3771 34.8862
4643.0000 4563.6084 2.3772 34.8862
4645.0000 4565.5532 2.3771 34.8862
4647.0000 4567.4985 2.3773 34.8861
4649.0000 4569.4438 2.3773 34.8862
4651.0000 4571.3892 2.3774 34.8861
4653.0000 4573.3345 2.3774 34.8862
4655.0000 4575.2798 2.3777 34.8862
4657.0000 4577.2251 2.3780 34.8861
4659.0000 4579.1699 2.3780 34.8860
4661.0000 4581.1157 2.3781 34.8860
4663.0000 4583.0605 2.3784 34.8861
4665.0000 4585.0054 2.3787 34.8861
4667.0000 4586.9507 2.3789 34.8861
4669.0000 4588.8960 2.3787 34.8861
4671.0000 4590.8408 2.3788 34.8859
4673.0000 4592.7861 2.3790 34.8860
4675.0000 4594.7310 2.3791 34.8860
4677.0000 4596.6768 2.3794 34.8859
4679.0000 4598.6211 2.3797 34.8861
4681.0000 4600.5664 2.3799 34.8860
4683.0000 4602.5117 2.3800 34.8859
4685.0000 4604.4561 2.3803 34.8859
4687.0000 4606.4009 2.3806 34.8860
4689.0000 4608.3462 2.3808 34.8859
4691.0000 4610.2915 2.3810 34.8859
4693.0000 4612.2358 2.3811 34.8859
4695.0000 4614.1807 2.3813 34.8860
4697.0000 4616.1260 2.3816 34.8860
4699.0000 4618.0703 2.3819 34.8859
4701.0000 4620.0151 2.3821 34.8860
4703.0000 4621.9604 2.3823 34.8858
4705.0000 4623.9053 2.3824 34.8858
4707.0000 4625.8501 2.3826 34.8859
4709.0000 4627.7949 2.3827 34.8859
4711.0000 4629.7397 2.3828 34.8859
4713.0000 4631.6841 2.3831 34.8859
4715.0000 4633.6289 2.3831 34.8858
4717.0000 4635.5737 2.3833 34.8858
4719.0000 4637.5190 2.3835 34.8858
4721.0000 4639.4634 2.3838 34.8858
4723.0000 4641.4077 2.3841 34.8859
4725.0000 4643.3530 2.3843 34.8858
4727.0000 4645.2969 2.3845 34.8858
4729.0000 4647.2422 2.3845 34.8858
4731.0000 4649.1865 2.3847 34.8857
4733.0000 4651.1313 2.3849 34.8858
4735.0000 4653.0757 2.3853 34.8858
4737.0000 4655.0200 2.3855 34.8858
4739.0000 4656.9648 2.3857 34.8858
4741.0000 4658.9087 2.3858 34.8857
4743.0000 4660.8535 2.3860 34.8857
4745.0000 4662.7979 2.3862 34.8857
4747.0000 4664.7422 2.3864 34.8859
4749.0000 4666.6865 2.3866 34.8857
4751.0000 4668.6313 2.3871 34.8857
4753.0000 4670.5762 2.3875 34.8857
4755.0000 4672.5205 2.3876 34.8858
4757.0000 4674.4648 2.3877 34.8856
4759.0000 4676.4097 2.3880 34.8856
4761.0000 4678.3530 2.3880 34.8857
4763.0000 4680.2979 2.3882 34.8857
4765.0000 4682.2422 2.3883 34.8857
4767.0000 4684.1865 2.3884 34.8857
4769.0000 4686.1304 2.3887 34.8857
4771.0000 4688.0747 2.3891 34.8858
4773.0000 4690.0190 2.3892 34.8858
4775.0000 4691.9629 2.3892 34.8857
4777.0000 4693.9077 2.3894 34.8857
4779.0000 4695.8521 2.3899 34.8857
4781.0000 4697.7964 2.3903 34.8857
4783.0000 4699.7402 2.3907 34.8858
4785.0000 4701.6846 2.3908 34.8857
4787.0000 4703.6284 2.3909 34.8856
4789.0000 4705.5723 2.3912 34.8856
4791.0000 4707.5166 2.3911 34.8857
4793.0000 4709.4604 2.3913 34.8856
4795.0000 4711.4048 2.3915 34.8856
4797.0000 4713.3491 2.3917 34.8857
4799.0000 4715.2935 2.3918 34.8857
4801.0000 4717.2368 2.3923 34.8854
4803.0000 4719.1807 2.3922 34.8857
4805.0000 4721.1250 2.3925 34.8857
4807.0000 4723.0688 2.3924 34.8856
4809.0000 4725.0127 2.3924 34.8854
4811.0000 4726.9565 2.3927 34.8856
4813.0000 4728.9004 2.3930 34.8856
4815.0000 4730.8452 2.3932 34.8855
4817.0000 4732.7886 2.3933 34.8856
4819.0000 4734.7324 2.3934 34.8856
4821.0000 4736.6763 2.3936 34.8856
4823.0000 4738.6201 2.3939 34.8855
4825.0000 4740.5635 2.3939 34.8855
4827.0000 4742.5073 2.3939 34.8854
4829.0000 4744.4517 2.3943 34.8854
4831.0000 4746.3950 2.3947 34.8856
4833.0000 4748.3389 2.3947 34.8855
4835.0000 4750.2827 2.3946 34.8854
4837.0000 4752.2261 2.3949 34.8854
4839.0000 4754.1699 2.3951 34.8854
4841.0000 4756.1138 2.3953 34.8854
4843.0000 4758.0576 2.3954 34.8854
4845.0000 4760.0010 2.3956 34.8854
4847.0000 4761.9448 2.3959 34.8853
4849.0000 4763.8887 2.3961 34.8853
4851.0000 4765.8315 2.3963 34.8853
4853.0000 4767.7749 2.3966 34.8854
4855.0000 4769.7188 2.3968 34.8854
4857.0000 4771.6631 2.3969 34.8853
4859.0000 4773.6064 2.3969 34.8853
4861.0000 4775.5493 2.3971 34.8853
4863.0000 4777.4932 2.3973 34.8853
4865.0000 4779.4360 2.3977 34.8853
4867.0000 4781.3799 2.3980 34.8853
4869.0000 4783.3237 2.3983 34.8853
4871.0000 4785.2666 2.3984 34.8853
4873.0000 4787.2100 2.3987 34.8852
4875.0000 4789.1538 2.3988 34.8853
4877.0000 4791.0972 2.3991 34.8853
4879.0000 4793.0405 2.3993 34.8853
4881.0000 4794.9839 2.3996 34.8853
4883.0000 4796.9272 2.3999 34.8853
4885.0000 4798.8701 2.4001 34.8853
4887.0000 4800.8135 2.4002 34.8852
4889.0000 4802.7568 2.4005 34.8852
4891.0000 4804.7007 2.4009 34.8853
4893.0000 4806.6436 2.4013 34.8852
4895.0000 4808.5869 2.4015 34.8853
4897.0000 4810.5298 2.4016 34.8853
4899.0000 4812.4727 2.4018 34.8853
4901.0000 4814.4165 2.4020 34.8853
4903.0000 4816.3594 2.4024 34.8853
4905.0000 4818.3027 2.4027 34.8853
4907.0000 4820.2456 2.4030 34.8853
4909.0000 4822.1885 2.4033 34.8853
4911.0000 4824.1323 2.4036 34.8853
4913.0000 4826.0752 2.4037 34.8853
4915.0000 4828.0181 2.4038 34.8852
4917.0000 4829.9614 2.4041 34.8852
4919.0000 4831.9043 2.4046 34.8852
4921.0000 4833.8472 2.4049 34.8853
4923.0000 4835.7900 2.4051 34.8853
4925.0000 4837.7329 2.4052 34.8853
4927.0000 4839.6758 2.4055 34.8853
4929.0000 4841.6191 2.4057 34.8852
4931.0000 4843.5620 2.4059 34.8852
4933.0000 4845.5044 2.4063 34.8853
4935.0000 4847.4473 2.4067 34.8853
4937.0000 4849.3901 2.4068 34.8853
4939.0000 4851.3335 2.4071 34.8853
4941.0000 4853.2759 2.4073 34.8852
4943.0000 4855.2188 2.4076 34.8852
4945.0000 4857.1616 2.4081 34.8852
4947.0000 4859.1045 2.4086 34.8853
4949.0000 4861.0474 2.4088 34.8854
4951.0000 4862.9902 2.4089 34.8852
4953.0000 4864.9331 2.4088 34.8852
4955.0000 4866.8755 2.4092 34.8851
4957.0000 4868.8184 2.4093 34.8853
4959.0000 4870.7612 2.4097 34.8852
4961.0000 4872.7036 2.4100 34.8853
4963.0000 4874.6470 2.4102 34.8852
4965.0000 4876.5894 2.4103 34.8853
4967.0000 4878.5322 2.4106 34.8852
4969.0000 4880.4741 2.4109 34.8853
4971.0000 4882.4170 2.4113 34.8853
4973.0000 4884.3599 2.4115 34.8853
4975.0000 4886.3018 2.4117 34.8851
4977.0000 4888.2441 2.4120 34.8852
4979.0000 4890.1875 2.4124 34.8853
4981.0000 4892.1299 2.4126 34.8853
4983.0000 4894.0723 2.4128 34.8852
4985.0000 4896.0146 2.4129 34.8852
4987.0000 4897.9575 2.4131 34.8852
4989.0000 4899.8994 2.4133 34.8853
4991.0000 4901.8418 2.4137 34.8852
4993.0000 4903.7847 2.4141 34.8852
4995.0000 4905.7271 2.4143 34.8853
4997.0000 4907.6694 2.4145 34.8852
4999.0000 4909.6113 2.4147 34.8852
5001.0000 4911.5542 2.4151 34.8853
5003.0000 4913.4961 2.4152 34.8852
5005.0000 4915.4380 2.4155 34.8851
5007.0000 4917.3809 2.4160 34.8853
5009.0000 4919.3232 2.4162 34.8853
5011.0000 4921.2651 2.4163 34.8853
5013.0000 4923.2075 2.4165 34.8852
5015.0000 4925.1499 2.4170 34.8853
5017.0000 4927.0918 2.4172 34.8853
5019.0000 4929.0342 2.4173 34.8852
5021.0000 4930.9766 2.4175 34.8852
5023.0000 4932.9185 2.4180 34.8852
5025.0000 4934.8604 2.4183 34.8852
5027.0000 4936.8027 2.4186 34.8853
5029.0000 4938.7451 2.4188 34.8853
5031.0000 4940.6865 2.4189 34.8852
5033.0000 4942.6284 2.4192 34.8852
5035.0000 4944.5713 2.4196 34.8852
5037.0000 4946.5132 2.4199 34.8852
5039.0000 4948.4551 2.4200 34.8853
5041.0000 4950.3975 2.4202 34.8853
5043.0000 4952.3394 2.4206 34.8853
5045.0000 4954.2808 2.4210 34.8852
5047.0000 4956.2231 2.4212 34.8853
5049.0000 4958.1655 2.4213 34.8852
5051.0000 4960.1064 2.4216 34.8852
5053.0000 4962.0488 2.4220 34.8853
5055.0000 4963.9907 2.4222 34.8853
5057.0000 4965.9326 2.4225 34.8853
5059.0000 4967.8745 2.4227 34.8853
5061.0000 4969.8164 2.4230 34.8852
5063.0000 4971.7583 2.4231 34.8852
5065.0000 4973.7002 2.4234 34.8852
5067.0000 4975.6416 2.4238 34.8852
5069.0000 4977.5835 2.4241 34.8854
5071.0000 4979.5254 2.4244 34.8853
5073.0000 4981.4673 2.4245 34.8851
5075.0000 4983.4087 2.4248 34.8853
5077.0000 4985.3506 2.4251 34.8853
5079.0000 4987.2920 2.4254 34.8853
5081.0000 4989.2334 2.4256 34.8853
5083.0000 4991.1758 2.4258 34.8853
5085.0000 4993.1172 2.4262 34.8853
5087.0000 4995.0581 2.4264 34.8853
5089.0000 4997.0010 2.4267 34.8852
5091.0000 4998.9419 2.4270 34.8852
5093.0000 5000.8833 2.4272 34.8852
5095.0000 5002.8252 2.4275 34.8852
5097.0000 5004.7666 2.4279 34.8853
5099.0000 5006.7085 2.4281 34.8853
5101.0000 5008.6494 2.4283 34.8854
5103.0000 5010.5913 2.4287 34.8851
5105.0000 5012.5332 2.4288 34.8852
5107.0000 5014.4741 2.4292 34.8853
5109.0000 5016.4150 2.4295 34.8853
5111.0000 5018.3574 2.4296 34.8853
5113.0000 5020.2979 2.4299 34.8852
5115.0000 5022.2397 2.4303 34.8851
5117.0000 5024.1812 2.4306 34.8851
5119.0000 5026.1226 2.4307 34.8852
5121.0000 5028.0640 2.4311 34.8851
5123.0000 5030.0054 2.4313 34.8854
5125.0000 5031.9463 2.4315 34.8852
5127.0000 5033.8877 2.4319 34.8851
5129.0000 5035.8291 2.4320 34.8852
5131.0000 5037.7705 2.4323 34.8851
5133.0000 5039.7114 2.4325 34.8853
5135.0000 5041.6528 2.4328 34.8851
5137.0000 5043.5942 2.4331 34.8851
5139.0000 5045.5352 2.4334 34.8853
5141.0000 5047.4766 2.4336 34.8853
5143.0000 5049.4175 2.4340 34.8852
5145.0000 5051.3584 2.4343 34.8853
5147.0000 5053.2998 2.4344 34.8853
5149.0000 5055.2407 2.4348 34.8852
5151.0000 5057.1821 2.4349 34.8853
5153.0000 5059.1235 2.4352 34.8852
5155.0000 5061.0635 2.4354 34.8852
5157.0000 5063.0054 2.4357 34.8853
5159.0000 5064.9463 2.4359 34.8852
5161.0000 5066.8872 2.4363 34.8851
5163.0000 5068.8281 2.4367 34.8854
5165.0000 5070.7686 2.4370 34.8852
5167.0000 5072.7104 2.4375 34.8851
5169.0000 5074.6509 2.4375 34.8851
5171.0000 5076.5923 2.4377 34.8852
5173.0000 5078.5332 2.4379 34.8851
5175.0000 5080.4736 2.4382 34.8851
5177.0000 5082.4146 2.4385 34.8854
5179.0000 5084.3555 2.4387 34.8853
5181.0000 5086.2964 2.4391 34.8851
5183.0000 5088.2368 2.4392 34.8852
5185.0000 5090.1782 2.4395 34.8853
5187.0000 5092.1187 2.4398 34.8851
5189.0000 5094.0596 2.4401 34.8851
5191.0000 5096.0005 2.4403 34.8852
5193.0000 5097.9414 2.4406 34.8852
5195.0000 5099.8813 2.4409 34.8851
5197.0000 5101.8223 2.4410 34.8852
5199.0000 5103.7637 2.4412 34.8853
5201.0000 5105.7036 2.4415 34.8852
5203.0000 5107.6445 2.4419 34.8851
5205.0000 5109.5850 2.4421 34.8853
5207.0000 5111.5259 2.4428 34.8852
5209.0000 5113.4658 2.4432 34.8851
5211.0000 5115.4072 2.4433 34.8851
5213.0000 5117.3477 2.4433 34.8851
5215.0000 5119.2886 2.4435 34.8851
5217.0000 5121.2285 2.4438 34.8851
5219.0000 5123.1689 2.4444 34.8851
5221.0000 5125.1099 2.4444 34.8850
