CTD cast

DATE:  10-Jan-2016 12:14:00
latitude:  24.5008
longitude:  -32.3659
  P (db)  z (m)    T (^oC)  S (psu)
3.0000 2.9808 23.2172 37.2692
5.0000 4.9680 23.2216 37.2693
7.0000 6.9551 23.2265 37.2693
9.0000 8.9422 23.2307 37.2702
11.0000 10.9293 23.2296 37.2699
13.0000 12.9164 23.2319 37.2708
15.0000 14.9035 23.2346 37.2709
17.0000 16.8906 23.2405 37.2723
19.0000 18.8776 23.2408 37.2723
21.0000 20.8646 23.2384 37.2722
23.0000 22.8516 23.2344 37.2715
25.0000 24.8386 23.2254 37.2695
27.0000 26.8255 23.2203 37.2693
29.0000 28.8125 23.2213 37.2695
31.0000 30.7994 23.2220 37.2709
33.0000 32.7863 23.2175 37.2713
35.0000 34.7732 23.2119 37.2705
37.0000 36.7600 23.2016 37.2692
39.0000 38.7469 23.1964 37.2685
41.0000 40.7337 23.1635 37.2614
43.0000 42.7205 23.1412 37.2571
45.0000 44.7073 23.1493 37.2628
47.0000 46.6941 23.1388 37.2677
49.0000 48.6808 23.1427 37.2716
51.0000 50.6675 23.1470 37.2734
53.0000 52.6542 23.1460 37.2727
55.0000 54.6409 23.1455 37.2723
57.0000 56.6276 23.1297 37.2708
59.0000 58.6142 23.1024 37.2674
61.0000 60.6009 23.1075 37.2677
63.0000 62.5875 23.0918 37.2656
65.0000 64.5741 23.0750 37.2634
67.0000 66.5606 23.0593 37.2616
69.0000 68.5472 23.0369 37.2579
71.0000 70.5337 23.0043 37.2522
73.0000 72.5202 22.9843 37.2474
75.0000 74.5067 22.9490 37.2366
77.0000 76.4932 22.8676 37.2162
79.0000 78.4797 22.8071 37.2023
81.0000 80.4661 22.7879 37.1996
83.0000 82.4525 22.7557 37.1985
85.0000 84.4389 22.6634 37.1935
87.0000 86.4253 22.6194 37.1863
89.0000 88.4117 22.5378 37.1704
91.0000 90.3980 22.4977 37.1640
93.0000 92.3843 22.5090 37.1674
95.0000 94.3706 22.4131 37.1453
97.0000 96.3569 22.0367 37.0790
99.0000 98.3432 21.7689 37.0387
101.0000 100.3294 21.8147 37.0545
103.0000 102.3157 21.3353 36.9929
105.0000 104.3018 21.2175 36.9822
107.0000 106.2880 21.0365 36.9746
109.0000 108.2742 20.8571 36.9727
111.0000 110.2604 20.7608 36.9750
113.0000 112.2465 20.6899 36.9787
115.0000 114.2326 20.6963 36.9805
117.0000 116.2187 20.5775 36.9806
119.0000 118.2048 20.5240 36.9843
121.0000 120.1908 20.4977 36.9853
123.0000 122.1768 20.4757 36.9869
125.0000 124.1629 20.4032 36.9832
127.0000 126.1489 20.3827 36.9823
129.0000 128.1348 20.3746 36.9824
131.0000 130.1208 20.3463 36.9824
133.0000 132.1067 20.3355 36.9819
135.0000 134.0927 20.2838 36.9817
137.0000 136.0786 20.2928 36.9825
139.0000 138.0644 20.2844 36.9793
141.0000 140.0503 20.1690 36.9748
143.0000 142.0361 20.1436 36.9723
145.0000 144.0219 20.1334 36.9718
147.0000 146.0078 20.1230 36.9711
149.0000 147.9935 20.0691 36.9639
151.0000 149.9793 19.9808 36.9569
153.0000 151.9650 19.9412 36.9561
155.0000 153.9508 19.8830 36.9517
157.0000 155.9365 19.8451 36.9494
159.0000 157.9222 19.8130 36.9459
161.0000 159.9078 19.8013 36.9446
163.0000 161.8935 19.7964 36.9447
165.0000 163.8791 19.7705 36.9456
167.0000 165.8647 19.7418 36.9414
169.0000 167.8503 19.7261 36.9380
171.0000 169.8359 19.6755 36.9280
173.0000 171.8214 19.6012 36.9176
175.0000 173.8070 19.5747 36.9147
177.0000 175.7925 19.5384 36.9086
179.0000 177.7780 19.5100 36.9062
181.0000 179.7635 19.4554 36.8932
183.0000 181.7489 19.3976 36.8831
185.0000 183.7344 19.3656 36.8778
187.0000 185.7198 19.3282 36.8746
189.0000 187.7052 19.3397 36.8862
191.0000 189.6906 19.3629 36.8972
193.0000 191.6759 19.3436 36.8941
195.0000 193.6613 19.3011 36.8849
197.0000 195.6466 19.2638 36.8816
199.0000 197.6319 19.2536 36.8794
201.0000 199.6172 19.2359 36.8775
203.0000 201.6024 19.2074 36.8716
205.0000 203.5877 19.1446 36.8577
207.0000 205.5729 19.1012 36.8487
209.0000 207.5581 19.0191 36.8307
211.0000 209.5433 19.0001 36.8313
213.0000 211.5285 19.0116 36.8284
215.0000 213.5136 18.7453 36.7585
217.0000 215.4988 18.6371 36.7328
219.0000 217.4839 18.5072 36.7031
221.0000 219.4690 18.4566 36.6942
223.0000 221.4540 18.4234 36.6858
225.0000 223.4391 18.3491 36.6734
227.0000 225.4241 18.2678 36.6631
229.0000 227.4092 18.2566 36.6626
231.0000 229.3941 18.2382 36.6580
233.0000 231.3791 18.1736 36.6440
235.0000 233.3641 18.0494 36.6227
237.0000 235.3490 17.9993 36.6120
239.0000 237.3339 17.9402 36.5968
241.0000 239.3188 17.8911 36.5869
243.0000 241.3037 17.8440 36.5744
245.0000 243.2886 17.7399 36.5523
247.0000 245.2734 17.6421 36.5322
249.0000 247.2583 17.6176 36.5267
251.0000 249.2431 17.5283 36.5065
253.0000 251.2278 17.4637 36.4900
255.0000 253.2126 17.3504 36.4661
257.0000 255.1974 17.3416 36.4642
259.0000 257.1821 17.3206 36.4604
261.0000 259.1668 17.3120 36.4597
263.0000 261.1515 17.2860 36.4541
265.0000 263.1362 17.2396 36.4451
267.0000 265.1208 17.1884 36.4356
269.0000 267.1054 17.1553 36.4254
271.0000 269.0901 17.1367 36.4262
273.0000 271.0746 16.9676 36.3800
275.0000 273.0593 16.8677 36.3611
277.0000 275.0438 16.7646 36.3410
279.0000 277.0284 16.7428 36.3437
281.0000 279.0128 16.7463 36.3478
283.0000 280.9974 16.7278 36.3456
285.0000 282.9818 16.7673 36.3520
287.0000 284.9663 16.6915 36.3407
289.0000 286.9507 16.6721 36.3368
291.0000 288.9352 16.6168 36.3271
293.0000 290.9196 16.5587 36.3219
295.0000 292.9040 16.5064 36.3150
297.0000 294.8883 16.4759 36.3115
299.0000 296.8727 16.4585 36.3070
301.0000 298.8570 16.4100 36.2943
303.0000 300.8413 16.3799 36.2886
305.0000 302.8256 16.3529 36.2821
307.0000 304.8099 16.2623 36.2622
309.0000 306.7941 16.2060 36.2533
311.0000 308.7784 16.1559 36.2470
313.0000 310.7626 16.1247 36.2408
315.0000 312.7467 16.0859 36.2318
317.0000 314.7309 16.0035 36.2131
319.0000 316.7151 15.9032 36.1920
321.0000 318.6992 15.8493 36.1825
323.0000 320.6833 15.8171 36.1795
325.0000 322.6674 15.7775 36.1730
327.0000 324.6515 15.7460 36.1681
329.0000 326.6356 15.7053 36.1634
331.0000 328.6196 15.7027 36.1662
333.0000 330.6036 15.6752 36.1692
335.0000 332.5876 15.6809 36.1732
337.0000 334.5716 15.6721 36.1718
339.0000 336.5556 15.6652 36.1714
341.0000 338.5396 15.6593 36.1710
343.0000 340.5235 15.6443 36.1688
345.0000 342.5074 15.5812 36.1592
347.0000 344.4913 15.5548 36.1547
349.0000 346.4751 15.5071 36.1469
351.0000 348.4590 15.4443 36.1373
353.0000 350.4428 15.4273 36.1348
355.0000 352.4266 15.4010 36.1298
357.0000 354.4104 15.4218 36.1338
359.0000 356.3942 15.3521 36.1213
361.0000 358.3779 15.2925 36.1132
363.0000 360.3617 15.2605 36.1074
365.0000 362.3454 15.2105 36.1008
367.0000 364.3291 15.1722 36.0940
369.0000 366.3127 15.1713 36.0951
371.0000 368.2964 15.1692 36.0937
373.0000 370.2801 15.0592 36.0759
375.0000 372.2637 15.0322 36.0714
377.0000 374.2473 14.9642 36.0588
379.0000 376.2309 14.9140 36.0521
381.0000 378.2145 14.9065 36.0510
383.0000 380.1980 14.8965 36.0497
385.0000 382.1815 14.8924 36.0491
387.0000 384.1650 14.8708 36.0446
389.0000 386.1485 14.7977 36.0336
391.0000 388.1320 14.7593 36.0278
393.0000 390.1154 14.7463 36.0258
395.0000 392.0989 14.7128 36.0198
397.0000 394.0822 14.6859 36.0158
399.0000 396.0656 14.6597 36.0118
401.0000 398.0490 14.6320 36.0080
403.0000 400.0324 14.6108 36.0052
405.0000 402.0157 14.5964 36.0018
407.0000 403.9990 14.5543 35.9958
409.0000 405.9823 14.5348 35.9935
411.0000 407.9656 14.5181 35.9919
413.0000 409.9489 14.5098 35.9910
415.0000 411.9321 14.5001 35.9894
417.0000 413.9154 14.4922 35.9881
419.0000 415.8985 14.4485 35.9809
421.0000 417.8817 14.4539 35.9859
423.0000 419.8649 14.4013 35.9736
425.0000 421.8480 14.3599 35.9681
427.0000 423.8311 14.3247 35.9621
429.0000 425.8143 14.2961 35.9584
431.0000 427.7973 14.2853 35.9556
433.0000 429.7804 14.2267 35.9450
435.0000 431.7635 14.1844 35.9394
437.0000 433.7465 14.2427 35.9499
439.0000 435.7295 14.1493 35.9332
441.0000 437.7125 14.1018 35.9276
443.0000 439.6955 14.0801 35.9234
445.0000 441.6784 14.0412 35.9182
447.0000 443.6614 14.0292 35.9159
449.0000 445.6443 14.0046 35.9118
451.0000 447.6272 14.0221 35.9163
453.0000 449.6100 14.0000 35.9095
455.0000 451.5929 13.8788 35.8919
457.0000 453.5757 13.8619 35.8902
459.0000 455.5585 13.8564 35.8891
461.0000 457.5414 13.7964 35.8807
463.0000 459.5242 13.7542 35.8754
465.0000 461.5069 13.7303 35.8714
467.0000 463.4897 13.7021 35.8667
469.0000 465.4724 13.6537 35.8596
471.0000 467.4551 13.6667 35.8638
473.0000 469.4378 13.6417 35.8575
475.0000 471.4204 13.5306 35.8418
477.0000 473.4031 13.4798 35.8344
479.0000 475.3858 13.4511 35.8310
481.0000 477.3683 13.4397 35.8295
483.0000 479.3510 13.4152 35.8256
485.0000 481.3335 13.3865 35.8222
487.0000 483.3161 13.3750 35.8207
489.0000 485.2986 13.3588 35.8184
491.0000 487.2811 13.3427 35.8179
493.0000 489.2636 13.3202 35.8135
495.0000 491.2461 13.2961 35.8099
497.0000 493.2286 13.2612 35.8058
499.0000 495.2110 13.2493 35.8039
501.0000 497.1934 13.2343 35.8016
503.0000 499.1758 13.2301 35.8011
505.0000 501.1582 13.1856 35.7941
507.0000 503.1405 13.1699 35.7921
509.0000 505.1229 13.1552 35.7903
511.0000 507.1053 13.1335 35.7869
513.0000 509.0876 13.0880 35.7793
515.0000 511.0698 13.0167 35.7694
517.0000 513.0521 12.9947 35.7680
519.0000 515.0344 12.9894 35.7666
521.0000 517.0165 12.9771 35.7647
523.0000 518.9988 12.9768 35.7662
525.0000 520.9810 12.9526 35.7620
527.0000 522.9632 12.9225 35.7577
529.0000 524.9453 12.9133 35.7562
531.0000 526.9275 12.8936 35.7527
533.0000 528.9096 12.8370 35.7444
535.0000 530.8917 12.7864 35.7390
537.0000 532.8737 12.7822 35.7387
539.0000 534.8558 12.7802 35.7385
541.0000 536.8379 12.7754 35.7377
543.0000 538.8199 12.7581 35.7351
545.0000 540.8019 12.7547 35.7353
547.0000 542.7839 12.7640 35.7365
549.0000 544.7658 12.7075 35.7245
551.0000 546.7478 12.6318 35.7179
553.0000 548.7297 12.6134 35.7154
555.0000 550.7115 12.5712 35.7080
557.0000 552.6935 12.5227 35.7052
559.0000 554.6754 12.5519 35.7067
561.0000 556.6573 12.4238 35.6899
563.0000 558.6390 12.4095 35.6883
565.0000 560.6209 12.3647 35.6813
567.0000 562.6027 12.3253 35.6769
569.0000 564.5844 12.2755 35.6701
571.0000 566.5662 12.2589 35.6681
573.0000 568.5480 12.2457 35.6661
575.0000 570.5297 12.2270 35.6652
577.0000 572.5114 12.2490 35.6658
579.0000 574.4930 12.0802 35.6457
581.0000 576.4747 12.0653 35.6445
583.0000 578.4564 12.0583 35.6440
585.0000 580.4380 12.0498 35.6439
587.0000 582.4197 12.0368 35.6426
589.0000 584.4012 12.0262 35.6414
591.0000 586.3828 12.0345 35.6434
593.0000 588.3643 12.0205 35.6411
595.0000 590.3458 11.9650 35.6328
597.0000 592.3273 11.8917 35.6254
599.0000 594.3088 11.8621 35.6212
601.0000 596.2903 11.8268 35.6174
603.0000 598.2718 11.8172 35.6165
605.0000 600.2532 11.8096 35.6159
607.0000 602.2346 11.8014 35.6148
609.0000 604.2160 11.7802 35.6122
611.0000 606.1974 11.7619 35.6102
613.0000 608.1787 11.7373 35.6070
615.0000 610.1602 11.7014 35.6013
617.0000 612.1415 11.6176 35.5919
619.0000 614.1227 11.5922 35.5900
621.0000 616.1040 11.5788 35.5883
623.0000 618.0853 11.5669 35.5871
625.0000 620.0665 11.5639 35.5870
627.0000 622.0477 11.5614 35.5870
629.0000 624.0289 11.5483 35.5848
631.0000 626.0101 11.5197 35.5812
633.0000 627.9913 11.4888 35.5757
635.0000 629.9724 11.4231 35.5686
637.0000 631.9536 11.4102 35.5671
639.0000 633.9347 11.4002 35.5660
641.0000 635.9158 11.3656 35.5612
643.0000 637.8969 11.3433 35.5585
645.0000 639.8779 11.3015 35.5526
647.0000 641.8589 11.2830 35.5511
649.0000 643.8400 11.2602 35.5492
651.0000 645.8210 11.2447 35.5481
653.0000 647.8019 11.2363 35.5476
655.0000 649.7829 11.2224 35.5459
657.0000 651.7639 11.1773 35.5392
659.0000 653.7448 11.0906 35.5283
661.0000 655.7257 11.0316 35.5218
663.0000 657.7066 11.0002 35.5190
665.0000 659.6874 10.9870 35.5174
667.0000 661.6683 10.9784 35.5165
669.0000 663.6491 10.9747 35.5164
671.0000 665.6299 10.9565 35.5132
673.0000 667.6107 10.9145 35.5093
675.0000 669.5915 10.9044 35.5083
677.0000 671.5723 10.8775 35.5052
679.0000 673.5530 10.8627 35.5041
681.0000 675.5337 10.8449 35.5021
683.0000 677.5144 10.8372 35.5016
685.0000 679.4951 10.8513 35.5035
687.0000 681.4757 10.8655 35.5036
689.0000 683.4564 10.7754 35.4931
691.0000 685.4370 10.7239 35.4877
693.0000 687.4175 10.6935 35.4851
695.0000 689.3982 10.6605 35.4812
697.0000 691.3787 10.6401 35.4794
699.0000 693.3594 10.6335 35.4792
701.0000 695.3398 10.6397 35.4801
703.0000 697.3203 10.5797 35.4733
705.0000 699.3008 10.5538 35.4722
707.0000 701.2812 10.5335 35.4692
709.0000 703.2617 10.5198 35.4687
711.0000 705.2422 10.5105 35.4673
713.0000 707.2226 10.4886 35.4652
715.0000 709.2030 10.4663 35.4632
717.0000 711.1833 10.4519 35.4622
719.0000 713.1637 10.4495 35.4620
721.0000 715.1440 10.4299 35.4602
723.0000 717.1243 10.3997 35.4570
725.0000 719.1047 10.3551 35.4526
727.0000 721.0850 10.3429 35.4519
729.0000 723.0652 10.3263 35.4496
731.0000 725.0455 10.3065 35.4482
733.0000 727.0257 10.3235 35.4499
735.0000 729.0059 10.2662 35.4435
737.0000 730.9861 10.2478 35.4423
739.0000 732.9662 10.2390 35.4414
741.0000 734.9465 10.2141 35.4386
743.0000 736.9265 10.1988 35.4374
745.0000 738.9066 10.1973 35.4378
747.0000 740.8868 10.1688 35.4344
749.0000 742.8668 10.1402 35.4320
751.0000 744.8469 10.1213 35.4300
753.0000 746.8269 10.1057 35.4283
755.0000 748.8068 10.0901 35.4269
757.0000 750.7869 10.0628 35.4240
759.0000 752.7669 10.0356 35.4214
761.0000 754.7469 9.9944 35.4170
763.0000 756.7267 9.9619 35.4138
765.0000 758.7067 9.9283 35.4109
767.0000 760.6866 9.9157 35.4097
769.0000 762.6664 9.9031 35.4083
771.0000 764.6463 9.9068 35.4093
773.0000 766.6262 9.8735 35.4058
775.0000 768.6061 9.8500 35.4028
777.0000 770.5858 9.8241 35.4002
779.0000 772.5656 9.7965 35.3965
781.0000 774.5454 9.7458 35.3908
783.0000 776.5251 9.6940 35.3861
785.0000 778.5049 9.6684 35.3837
787.0000 780.4847 9.6506 35.3813
789.0000 782.4644 9.6093 35.3782
791.0000 784.4440 9.6001 35.3776
793.0000 786.4236 9.5957 35.3774
795.0000 788.4033 9.5836 35.3755
797.0000 790.3829 9.5330 35.3711
799.0000 792.3625 9.5396 35.3689
801.0000 794.3420 9.4665 35.3629
803.0000 796.3217 9.4335 35.3592
805.0000 798.3011 9.4084 35.3556
807.0000 800.2808 9.3967 35.3548
809.0000 802.2603 9.3915 35.3543
811.0000 804.2397 9.3932 35.3551
813.0000 806.2192 9.3757 35.3510
815.0000 808.1987 9.2731 35.3414
817.0000 810.1780 9.2632 35.3402
819.0000 812.1574 9.2419 35.3379
821.0000 814.1369 9.2198 35.3360
823.0000 816.1163 9.1998 35.3329
825.0000 818.0956 9.1694 35.3307
827.0000 820.0750 9.1612 35.3305
829.0000 822.0543 9.1597 35.3305
831.0000 824.0336 9.1556 35.3301
833.0000 826.0128 9.1410 35.3285
835.0000 827.9921 9.1231 35.3258
837.0000 829.9714 9.0552 35.3183
839.0000 831.9506 9.0272 35.3161
841.0000 833.9299 9.0111 35.3147
843.0000 835.9090 9.0036 35.3141
845.0000 837.8881 8.9949 35.3131
847.0000 839.8673 8.9798 35.3117
849.0000 841.8465 8.9663 35.3104
851.0000 843.8257 8.9515 35.3089
853.0000 845.8046 8.9271 35.3068
855.0000 847.7837 8.8979 35.3046
857.0000 849.7628 8.8922 35.3041
859.0000 851.7418 8.8859 35.3031
861.0000 853.7209 8.8347 35.2980
863.0000 855.6999 8.7985 35.2949
865.0000 857.6788 8.7778 35.2931
867.0000 859.6577 8.7648 35.2917
869.0000 861.6368 8.7506 35.2900
871.0000 863.6158 8.7335 35.2888
873.0000 865.5945 8.6976 35.2839
875.0000 867.5735 8.6487 35.2784
877.0000 869.5524 8.6133 35.2759
879.0000 871.5312 8.5996 35.2746
881.0000 873.5100 8.5900 35.2743
883.0000 875.4888 8.5860 35.2741
885.0000 877.4677 8.5816 35.2739
887.0000 879.4464 8.5724 35.2728
889.0000 881.4251 8.5395 35.2689
891.0000 883.4040 8.5031 35.2654
893.0000 885.3825 8.4865 35.2636
895.0000 887.3613 8.4631 35.2610
897.0000 889.3400 8.4422 35.2596
899.0000 891.3187 8.4566 35.2598
901.0000 893.2972 8.3561 35.2490
903.0000 895.2759 8.3291 35.2467
905.0000 897.2545 8.3112 35.2449
907.0000 899.2331 8.2975 35.2442
909.0000 901.2117 8.2837 35.2428
911.0000 903.1902 8.2736 35.2427
913.0000 905.1688 8.2444 35.2395
915.0000 907.1473 8.1855 35.2339
917.0000 909.1257 8.1641 35.2328
919.0000 911.1043 8.1613 35.2329
921.0000 913.0827 8.1593 35.2332
923.0000 915.0611 8.1357 35.2321
925.0000 917.0396 8.1153 35.2310
927.0000 919.0179 8.0831 35.2276
929.0000 920.9963 8.0722 35.2271
931.0000 922.9747 8.0668 35.2269
933.0000 924.9531 8.0324 35.2251
935.0000 926.9313 8.0409 35.2269
937.0000 928.9097 8.0180 35.2239
939.0000 930.8880 7.9887 35.2215
941.0000 932.8662 7.9692 35.2194
943.0000 934.8445 7.8994 35.2118
945.0000 936.8227 7.8690 35.2106
947.0000 938.8009 7.8729 35.2127
949.0000 940.7791 7.8434 35.2088
951.0000 942.7573 7.8300 35.2078
953.0000 944.7354 7.8200 35.2073
955.0000 946.7136 7.8285 35.2080
957.0000 948.6917 7.8073 35.2063
959.0000 950.6697 7.7928 35.2055
961.0000 952.6478 7.7902 35.2053
963.0000 954.6259 7.7850 35.2048
965.0000 956.6039 7.7781 35.2043
967.0000 958.5820 7.7738 35.2042
969.0000 960.5599 7.7947 35.2058
971.0000 962.5380 7.7655 35.2032
973.0000 964.5159 7.7539 35.2028
975.0000 966.4939 7.7464 35.2022
977.0000 968.4719 7.7354 35.2016
979.0000 970.4496 7.7299 35.2013
981.0000 972.4277 7.7176 35.2003
983.0000 974.4055 7.7055 35.1996
985.0000 976.3834 7.6950 35.1988
987.0000 978.3611 7.6583 35.1960
989.0000 980.3391 7.6324 35.1949
991.0000 982.3168 7.5978 35.1934
993.0000 984.2946 7.5849 35.1928
995.0000 986.2724 7.5797 35.1928
997.0000 988.2501 7.5670 35.1920
999.0000 990.2278 7.5398 35.1890
1001.0000 992.2055 7.5069 35.1869
1003.0000 994.1832 7.4818 35.1835
1005.0000 996.1608 7.4542 35.1812
1007.0000 998.1385 7.4424 35.1832
1009.0000 1000.1161 7.4295 35.1838
1011.0000 1002.0938 7.4102 35.1814
1013.0000 1004.0714 7.3992 35.1841
1015.0000 1006.0490 7.3869 35.1863
1017.0000 1008.0264 7.3809 35.1863
1019.0000 1010.0040 7.3778 35.1862
1021.0000 1011.9816 7.3730 35.1860
1023.0000 1013.9591 7.3682 35.1859
1025.0000 1015.9365 7.3539 35.1849
1027.0000 1017.9140 7.3413 35.1845
1029.0000 1019.8915 7.3317 35.1843
1031.0000 1021.8689 7.3218 35.1837
1033.0000 1023.8462 7.3098 35.1835
1035.0000 1025.8237 7.2974 35.1830
1037.0000 1027.8010 7.2766 35.1813
1039.0000 1029.7783 7.2537 35.1807
1041.0000 1031.7556 7.2431 35.1801
1043.0000 1033.7329 7.2292 35.1796
1045.0000 1035.7102 7.2205 35.1792
1047.0000 1037.6875 7.2155 35.1791
1049.0000 1039.6649 7.2086 35.1787
1051.0000 1041.6421 7.2043 35.1786
1053.0000 1043.6193 7.1951 35.1781
1055.0000 1045.5966 7.1771 35.1772
1057.0000 1047.5737 7.1602 35.1762
1059.0000 1049.5508 7.1477 35.1753
1061.0000 1051.5280 7.1324 35.1743
1063.0000 1053.5051 7.1164 35.1736
1065.0000 1055.4823 7.1024 35.1727
1067.0000 1057.4594 7.0891 35.1724
1069.0000 1059.4363 7.0839 35.1723
1071.0000 1061.4133 7.0708 35.1712
1073.0000 1063.3904 7.0533 35.1701
1075.0000 1065.3674 7.0334 35.1687
1077.0000 1067.3445 7.0189 35.1679
1079.0000 1069.3213 7.0244 35.1688
1081.0000 1071.2983 7.0065 35.1681
1083.0000 1073.2754 6.9826 35.1668
1085.0000 1075.2523 6.9423 35.1641
1087.0000 1077.2291 6.9302 35.1634
1089.0000 1079.2061 6.9243 35.1637
1091.0000 1081.1829 6.9177 35.1646
1093.0000 1083.1597 6.9174 35.1649
1095.0000 1085.1366 6.9167 35.1657
1097.0000 1087.1134 6.9152 35.1664
1099.0000 1089.0902 6.9135 35.1666
1101.0000 1091.0668 6.9110 35.1665
1103.0000 1093.0437 6.9015 35.1664
1105.0000 1095.0205 6.8987 35.1666
1107.0000 1096.9971 6.8957 35.1669
1109.0000 1098.9739 6.8765 35.1653
1111.0000 1100.9506 6.8612 35.1651
1113.0000 1102.9271 6.8458 35.1642
1115.0000 1104.9038 6.8282 35.1645
1117.0000 1106.8805 6.8264 35.1649
1119.0000 1108.8571 6.8037 35.1641
1121.0000 1110.8335 6.7968 35.1640
1123.0000 1112.8102 6.7881 35.1637
1125.0000 1114.7866 6.7761 35.1635
1127.0000 1116.7632 6.7563 35.1636
1129.0000 1118.7397 6.7489 35.1634
1131.0000 1120.7163 6.7409 35.1633
1133.0000 1122.6929 6.7305 35.1633
1135.0000 1124.6692 6.7325 35.1637
1137.0000 1126.6456 6.7246 35.1634
1139.0000 1128.6219 6.7053 35.1641
1141.0000 1130.5984 6.7031 35.1643
1143.0000 1132.5748 6.7012 35.1643
1145.0000 1134.5511 6.6944 35.1645
1147.0000 1136.5276 6.6895 35.1645
1149.0000 1138.5038 6.6855 35.1646
1151.0000 1140.4802 6.6719 35.1647
1153.0000 1142.4565 6.6784 35.1647
1155.0000 1144.4326 6.6427 35.1657
1157.0000 1146.4089 6.6297 35.1664
1159.0000 1148.3851 6.6217 35.1673
1161.0000 1150.3615 6.6188 35.1680
1163.0000 1152.3375 6.6157 35.1685
1165.0000 1154.3138 6.6142 35.1688
1167.0000 1156.2899 6.6029 35.1695
1169.0000 1158.2660 6.5846 35.1699
1171.0000 1160.2422 6.5738 35.1703
1173.0000 1162.2183 6.5898 35.1697
1175.0000 1164.1943 6.5473 35.1702
1177.0000 1166.1703 6.5408 35.1712
1179.0000 1168.1464 6.5334 35.1727
1181.0000 1170.1226 6.5270 35.1727
1183.0000 1172.0984 6.5291 35.1730
1185.0000 1174.0745 6.5303 35.1726
1187.0000 1176.0505 6.5234 35.1737
1189.0000 1178.0265 6.5219 35.1740
1191.0000 1180.0023 6.5127 35.1737
1193.0000 1181.9781 6.5082 35.1748
1195.0000 1183.9541 6.5039 35.1740
1197.0000 1185.9298 6.4621 35.1731
1199.0000 1187.9058 6.4187 35.1716
1201.0000 1189.8817 6.4111 35.1709
1203.0000 1191.8575 6.3982 35.1693
1205.0000 1193.8333 6.3793 35.1680
1207.0000 1195.8091 6.3577 35.1667
1209.0000 1197.7849 6.3467 35.1672
1211.0000 1199.7605 6.3383 35.1671
1213.0000 1201.7363 6.3439 35.1675
1215.0000 1203.7120 6.3119 35.1658
1217.0000 1205.6877 6.3023 35.1660
1219.0000 1207.6633 6.2962 35.1662
1221.0000 1209.6389 6.2925 35.1669
1223.0000 1211.6146 6.2899 35.1672
1225.0000 1213.5902 6.2879 35.1675
1227.0000 1215.5658 6.2967 35.1670
1229.0000 1217.5414 6.2879 35.1678
1231.0000 1219.5170 6.2781 35.1684
1233.0000 1221.4926 6.2732 35.1689
1235.0000 1223.4680 6.2633 35.1693
1237.0000 1225.4437 6.2547 35.1692
1239.0000 1227.4191 6.2517 35.1692
1241.0000 1229.3945 6.2430 35.1688
1243.0000 1231.3700 6.2361 35.1695
1245.0000 1233.3453 6.2334 35.1705
1247.0000 1235.3208 6.2237 35.1700
1249.0000 1237.2963 6.2249 35.1717
1251.0000 1239.2716 6.2145 35.1708
1253.0000 1241.2469 6.2113 35.1704
1255.0000 1243.2223 6.2069 35.1697
1257.0000 1245.1976 6.1959 35.1690
1259.0000 1247.1729 6.1892 35.1690
1261.0000 1249.1482 6.1947 35.1688
1263.0000 1251.1234 6.1860 35.1689
1265.0000 1253.0988 6.1821 35.1690
1267.0000 1255.0740 6.1744 35.1688
1269.0000 1257.0491 6.1647 35.1688
1271.0000 1259.0243 6.1683 35.1716
1273.0000 1260.9994 6.1692 35.1719
1275.0000 1262.9745 6.1659 35.1718
1277.0000 1264.9497 6.1538 35.1703
1279.0000 1266.9247 6.1424 35.1698
1281.0000 1268.8998 6.1360 35.1702
1283.0000 1270.8749 6.1351 35.1702
1285.0000 1272.8500 6.1280 35.1699
1287.0000 1274.8250 6.1167 35.1697
1289.0000 1276.8000 6.1149 35.1702
1291.0000 1278.7750 6.1135 35.1708
1293.0000 1280.7500 6.1018 35.1707
1295.0000 1282.7250 6.0921 35.1710
1297.0000 1284.7000 6.0844 35.1711
1299.0000 1286.6749 6.0820 35.1710
1301.0000 1288.6497 6.0773 35.1714
1303.0000 1290.6248 6.0754 35.1714
1305.0000 1292.5996 6.0707 35.1713
1307.0000 1294.5745 6.0582 35.1711
1309.0000 1296.5493 6.0505 35.1709
1311.0000 1298.5243 6.0405 35.1710
1313.0000 1300.4990 6.0333 35.1714
1315.0000 1302.4736 6.0242 35.1718
1317.0000 1304.4485 6.0340 35.1716
1319.0000 1306.4232 6.0132 35.1715
1321.0000 1308.3979 6.0051 35.1719
1323.0000 1310.3726 5.9986 35.1721
1325.0000 1312.3474 5.9944 35.1722
1327.0000 1314.3220 5.9894 35.1720
1329.0000 1316.2966 5.9910 35.1721
1331.0000 1318.2712 5.9894 35.1721
1333.0000 1320.2458 5.9806 35.1720
1335.0000 1322.2205 5.9774 35.1720
1337.0000 1324.1951 5.9743 35.1718
1339.0000 1326.1696 5.9668 35.1713
1341.0000 1328.1440 5.9499 35.1713
1343.0000 1330.1187 5.9459 35.1717
1345.0000 1332.0931 5.9443 35.1720
1347.0000 1334.0676 5.9377 35.1721
1349.0000 1336.0420 5.9326 35.1723
1351.0000 1338.0165 5.9267 35.1718
1353.0000 1339.9910 5.9214 35.1716
1355.0000 1341.9652 5.9172 35.1717
1357.0000 1343.9398 5.9136 35.1716
1359.0000 1345.9142 5.9061 35.1719
1361.0000 1347.8885 5.8967 35.1718
1363.0000 1349.8628 5.8889 35.1715
1365.0000 1351.8372 5.8816 35.1714
1367.0000 1353.8115 5.8772 35.1713
1369.0000 1355.7856 5.8671 35.1713
1371.0000 1357.7600 5.8622 35.1713
1373.0000 1359.7343 5.8585 35.1714
1375.0000 1361.7084 5.8556 35.1717
1377.0000 1363.6825 5.8464 35.1721
1379.0000 1365.6569 5.8452 35.1724
1381.0000 1367.6310 5.8437 35.1728
1383.0000 1369.6051 5.8369 35.1736
1385.0000 1371.5792 5.8364 35.1738
1387.0000 1373.5535 5.8382 35.1737
1389.0000 1375.5276 5.8349 35.1740
1391.0000 1377.5015 5.8182 35.1730
1393.0000 1379.4756 5.8121 35.1730
1395.0000 1381.4496 5.8095 35.1732
1397.0000 1383.4236 5.8069 35.1731
1399.0000 1385.3976 5.8080 35.1731
1401.0000 1387.3716 5.8026 35.1728
1403.0000 1389.3457 5.7968 35.1728
1405.0000 1391.3195 5.7952 35.1728
1407.0000 1393.2935 5.7893 35.1726
1409.0000 1395.2675 5.7835 35.1725
1411.0000 1397.2412 5.7749 35.1722
1413.0000 1399.2151 5.7369 35.1679
1415.0000 1401.1890 5.7063 35.1652
1417.0000 1403.1627 5.6925 35.1642
1419.0000 1405.1366 5.6693 35.1630
1421.0000 1407.1105 5.6616 35.1631
1423.0000 1409.0842 5.6572 35.1629
1425.0000 1411.0580 5.6531 35.1627
1427.0000 1413.0317 5.6430 35.1623
1429.0000 1415.0055 5.6146 35.1602
1431.0000 1416.9791 5.6071 35.1608
1433.0000 1418.9528 5.6020 35.1611
1435.0000 1420.9265 5.5998 35.1612
1437.0000 1422.9001 5.5937 35.1604
1439.0000 1424.8738 5.5810 35.1594
1441.0000 1426.8474 5.5644 35.1578
1443.0000 1428.8209 5.5496 35.1569
1445.0000 1430.7944 5.5424 35.1568
1447.0000 1432.7679 5.5409 35.1569
1449.0000 1434.7417 5.5388 35.1568
1451.0000 1436.7153 5.5390 35.1569
1453.0000 1438.6887 5.5035 35.1556
1455.0000 1440.6621 5.4860 35.1565
1457.0000 1442.6356 5.4783 35.1566
1459.0000 1444.6089 5.4761 35.1566
1461.0000 1446.5824 5.4732 35.1567
1463.0000 1448.5560 5.4684 35.1567
1465.0000 1450.5294 5.4675 35.1571
1467.0000 1452.5026 5.4670 35.1572
1469.0000 1454.4761 5.4635 35.1570
1471.0000 1456.4493 5.4599 35.1570
1473.0000 1458.4225 5.4557 35.1569
1475.0000 1460.3960 5.4465 35.1566
1477.0000 1462.3693 5.4315 35.1561
1479.0000 1464.3424 5.4269 35.1562
1481.0000 1466.3157 5.4251 35.1560
1483.0000 1468.2889 5.4260 35.1563
1485.0000 1470.2622 5.4169 35.1559
1487.0000 1472.2354 5.4118 35.1559
1489.0000 1474.2085 5.4113 35.1560
1491.0000 1476.1816 5.4113 35.1560
1493.0000 1478.1548 5.4100 35.1560
1495.0000 1480.1278 5.4094 35.1559
1497.0000 1482.1011 5.4073 35.1555
1499.0000 1484.0742 5.4050 35.1552
1501.0000 1486.0470 5.4000 35.1548
1503.0000 1488.0201 5.3908 35.1550
1505.0000 1489.9932 5.3815 35.1548
1507.0000 1491.9662 5.3796 35.1548
1509.0000 1493.9392 5.3793 35.1549
1511.0000 1495.9121 5.3773 35.1548
1513.0000 1497.8851 5.3727 35.1544
1515.0000 1499.8579 5.3599 35.1534
1517.0000 1501.8309 5.3461 35.1525
1519.0000 1503.8038 5.3475 35.1526
1521.0000 1505.7766 5.3190 35.1525
1523.0000 1507.7495 5.3023 35.1524
1525.0000 1509.7224 5.2963 35.1525
1527.0000 1511.6953 5.2939 35.1525
1529.0000 1513.6680 5.2917 35.1522
1531.0000 1515.6407 5.2939 35.1522
1533.0000 1517.6135 5.2857 35.1515
1535.0000 1519.5863 5.2765 35.1510
1537.0000 1521.5591 5.2703 35.1508
1539.0000 1523.5317 5.2618 35.1509
1541.0000 1525.5043 5.2565 35.1505
1543.0000 1527.4771 5.2484 35.1501
1545.0000 1529.4498 5.2422 35.1496
1547.0000 1531.4224 5.2347 35.1492
1549.0000 1533.3949 5.2312 35.1492
1551.0000 1535.3677 5.2292 35.1490
1553.0000 1537.3402 5.2244 35.1488
1555.0000 1539.3126 5.2218 35.1487
1557.0000 1541.2852 5.2139 35.1484
1559.0000 1543.2578 5.2087 35.1483
1561.0000 1545.2303 5.2062 35.1482
1563.0000 1547.2026 5.1995 35.1479
1565.0000 1549.1752 5.1910 35.1475
1567.0000 1551.1478 5.1867 35.1473
1569.0000 1553.1201 5.1851 35.1474
1571.0000 1555.0925 5.1822 35.1476
1573.0000 1557.0649 5.1791 35.1473
1575.0000 1559.0374 5.1710 35.1464
1577.0000 1561.0096 5.1583 35.1453
1579.0000 1562.9819 5.1535 35.1448
1581.0000 1564.9542 5.1480 35.1446
1583.0000 1566.9266 5.1419 35.1441
1585.0000 1568.8989 5.1335 35.1437
1587.0000 1570.8712 5.1294 35.1435
1589.0000 1572.8435 5.1229 35.1430
1591.0000 1574.8156 5.1163 35.1430
1593.0000 1576.7878 5.1149 35.1429
1595.0000 1578.7600 5.1124 35.1426
1597.0000 1580.7322 5.1063 35.1424
1599.0000 1582.7043 5.1012 35.1422
1601.0000 1584.6765 5.0986 35.1420
1603.0000 1586.6487 5.1033 35.1422
1605.0000 1588.6207 5.0858 35.1411
1607.0000 1590.5928 5.0813 35.1412
1609.0000 1592.5648 5.0806 35.1411
1611.0000 1594.5369 5.0762 35.1405
1613.0000 1596.5089 5.0694 35.1403
1615.0000 1598.4810 5.0722 35.1404
1617.0000 1600.4529 5.0679 35.1401
1619.0000 1602.4249 5.0618 35.1398
1621.0000 1604.3969 5.0591 35.1398
1623.0000 1606.3689 5.0590 35.1398
1625.0000 1608.3407 5.0574 35.1397
1627.0000 1610.3125 5.0553 35.1395
1629.0000 1612.2844 5.0515 35.1393
1631.0000 1614.2562 5.0488 35.1392
1633.0000 1616.2281 5.0363 35.1385
1635.0000 1618.2000 5.0316 35.1388
1637.0000 1620.1719 5.0162 35.1379
1639.0000 1622.1436 5.0081 35.1375
1641.0000 1624.1154 5.0022 35.1370
1643.0000 1626.0872 4.9943 35.1365
1645.0000 1628.0588 4.9920 35.1365
1647.0000 1630.0304 4.9879 35.1363
1649.0000 1632.0023 4.9856 35.1364
1651.0000 1633.9740 4.9810 35.1359
1653.0000 1635.9454 4.9754 35.1350
1655.0000 1637.9172 4.9643 35.1339
1657.0000 1639.8889 4.9523 35.1326
1659.0000 1641.8602 4.9487 35.1325
1661.0000 1643.8320 4.9470 35.1327
1663.0000 1645.8036 4.9467 35.1328
1665.0000 1647.7751 4.9445 35.1328
1667.0000 1649.7466 4.9366 35.1324
1669.0000 1651.7181 4.9295 35.1326
1671.0000 1653.6896 4.9272 35.1325
1673.0000 1655.6611 4.9218 35.1320
1675.0000 1657.6326 4.9120 35.1311
1677.0000 1659.6041 4.9189 35.1314
1679.0000 1661.5753 4.9012 35.1303
1681.0000 1663.5469 4.8903 35.1288
1683.0000 1665.5183 4.8658 35.1265
1685.0000 1667.4896 4.8480 35.1247
1687.0000 1669.4608 4.8369 35.1238
1689.0000 1671.4324 4.8322 35.1234
1691.0000 1673.4037 4.8311 35.1233
1693.0000 1675.3749 4.8300 35.1232
1695.0000 1677.3462 4.8284 35.1232
1697.0000 1679.3174 4.8266 35.1230
1699.0000 1681.2887 4.8240 35.1226
1701.0000 1683.2599 4.8173 35.1215
1703.0000 1685.2310 4.8095 35.1216
1705.0000 1687.2023 4.8115 35.1214
1707.0000 1689.1732 4.7954 35.1214
1709.0000 1691.1447 4.7918 35.1212
1711.0000 1693.1157 4.7913 35.1212
1713.0000 1695.0869 4.7894 35.1212
1715.0000 1697.0579 4.7892 35.1211
1717.0000 1699.0289 4.7822 35.1204
1719.0000 1701.0001 4.7712 35.1196
1721.0000 1702.9708 4.7614 35.1189
1723.0000 1704.9420 4.7546 35.1183
1725.0000 1706.9131 4.7480 35.1178
1727.0000 1708.8840 4.7421 35.1173
1729.0000 1710.8550 4.7362 35.1168
1731.0000 1712.8259 4.7299 35.1162
1733.0000 1714.7969 4.7251 35.1158
1735.0000 1716.7676 4.7227 35.1157
1737.0000 1718.7385 4.7215 35.1157
1739.0000 1720.7097 4.7176 35.1151
1741.0000 1722.6802 4.7132 35.1146
1743.0000 1724.6511 4.7031 35.1137
1745.0000 1726.6221 4.6925 35.1130
1747.0000 1728.5928 4.6869 35.1124
1749.0000 1730.5635 4.6772 35.1116
1751.0000 1732.5343 4.6674 35.1107
1753.0000 1734.5051 4.6583 35.1097
1755.0000 1736.4757 4.6433 35.1096
1757.0000 1738.4464 4.6357 35.1091
1759.0000 1740.4171 4.6319 35.1086
1761.0000 1742.3878 4.6265 35.1081
1763.0000 1744.3584 4.6193 35.1074
1765.0000 1746.3291 4.6069 35.1064
1767.0000 1748.2998 4.5976 35.1058
1769.0000 1750.2701 4.5947 35.1057
1771.0000 1752.2408 4.5918 35.1055
1773.0000 1754.2115 4.5897 35.1054
1775.0000 1756.1821 4.5882 35.1054
1777.0000 1758.1525 4.5879 35.1053
1779.0000 1760.1229 4.5851 35.1052
1781.0000 1762.0936 4.5825 35.1049
1783.0000 1764.0637 4.5715 35.1039
1785.0000 1766.0344 4.5656 35.1034
1787.0000 1768.0048 4.5620 35.1031
1789.0000 1769.9755 4.5569 35.1027
1791.0000 1771.9456 4.5526 35.1025
1793.0000 1773.9161 4.5446 35.1016
1795.0000 1775.8865 4.5395 35.1013
1797.0000 1777.8566 4.5368 35.1011
1799.0000 1779.8270 4.5356 35.1010
1801.0000 1781.7974 4.5342 35.1010
1803.0000 1783.7675 4.5327 35.1007
1805.0000 1785.7378 4.5280 35.1004
1807.0000 1787.7083 4.5264 35.1003
1809.0000 1789.6783 4.5259 35.1002
1811.0000 1791.6484 4.5244 35.1002
1813.0000 1793.6188 4.5129 35.0985
1815.0000 1795.5891 4.5083 35.0989
1817.0000 1797.5590 4.5043 35.0974
1819.0000 1799.5293 4.4817 35.0963
1821.0000 1801.4994 4.4810 35.0960
1823.0000 1803.4696 4.4749 35.0952
1825.0000 1805.4393 4.4710 35.0949
1827.0000 1807.4097 4.4643 35.0943
1829.0000 1809.3795 4.4796 35.0960
1831.0000 1811.3496 4.4639 35.0939
1833.0000 1813.3196 4.4547 35.0938
1835.0000 1815.2898 4.4522 35.0934
1837.0000 1817.2596 4.4482 35.0932
1839.0000 1819.2296 4.4439 35.0929
1841.0000 1821.1995 4.4350 35.0921
1843.0000 1823.1696 4.4214 35.0911
1845.0000 1825.1393 4.4164 35.0906
1847.0000 1827.1091 4.4189 35.0908
1849.0000 1829.0790 4.4021 35.0894
1851.0000 1831.0491 4.3992 35.0893
1853.0000 1833.0186 4.3964 35.0890
1855.0000 1834.9885 4.3931 35.0887
1857.0000 1836.9584 4.3906 35.0885
1859.0000 1838.9281 4.3867 35.0881
1861.0000 1840.8977 4.3840 35.0878
1863.0000 1842.8676 4.3832 35.0878
1865.0000 1844.8372 4.3821 35.0877
1867.0000 1846.8070 4.3801 35.0872
1869.0000 1848.7769 4.3745 35.0868
1871.0000 1850.7463 4.3734 35.0868
1873.0000 1852.7161 4.3731 35.0868
1875.0000 1854.6854 4.3722 35.0866
1877.0000 1856.6554 4.3617 35.0855
1879.0000 1858.6246 4.3552 35.0850
1881.0000 1860.5944 4.3529 35.0848
1883.0000 1862.5640 4.3473 35.0842
1885.0000 1864.5337 4.3387 35.0831
1887.0000 1866.5029 4.3299 35.0820
1889.0000 1868.4724 4.3255 35.0816
1891.0000 1870.4420 4.3245 35.0814
1893.0000 1872.4114 4.3223 35.0815
1895.0000 1874.3810 4.3221 35.0818
1897.0000 1876.3502 4.3209 35.0818
1899.0000 1878.3197 4.3151 35.0809
1901.0000 1880.2889 4.3063 35.0799
1903.0000 1882.2584 4.2979 35.0788
1905.0000 1884.2277 4.2929 35.0782
1907.0000 1886.1970 4.2921 35.0782
1909.0000 1888.1664 4.2859 35.0774
1911.0000 1890.1357 4.2837 35.0775
1913.0000 1892.1051 4.2812 35.0777
1915.0000 1894.0742 4.2782 35.0776
1917.0000 1896.0435 4.2778 35.0777
1919.0000 1898.0127 4.2793 35.0778
1921.0000 1899.9818 4.2769 35.0779
1923.0000 1901.9513 4.2730 35.0775
1925.0000 1903.9203 4.2743 35.0780
1927.0000 1905.8894 4.2750 35.0784
1929.0000 1907.8584 4.2760 35.0785
1931.0000 1909.8276 4.2767 35.0785
1933.0000 1911.7969 4.2765 35.0786
1935.0000 1913.7657 4.2751 35.0785
1937.0000 1915.7350 4.2716 35.0783
1939.0000 1917.7039 4.2735 35.0780
1941.0000 1919.6729 4.2532 35.0767
1943.0000 1921.6420 4.2476 35.0762
1945.0000 1923.6110 4.2459 35.0760
1947.0000 1925.5801 4.2442 35.0759
1949.0000 1927.5487 4.2441 35.0759
1951.0000 1929.5179 4.2287 35.0739
1953.0000 1931.4869 4.2106 35.0721
1955.0000 1933.4554 4.1932 35.0706
1957.0000 1935.4244 4.1887 35.0704
1959.0000 1937.3933 4.1879 35.0706
1961.0000 1939.3623 4.1884 35.0710
1963.0000 1941.3309 4.1871 35.0710
1965.0000 1943.2998 4.1860 35.0709
1967.0000 1945.2687 4.1834 35.0708
1969.0000 1947.2374 4.1794 35.0704
1971.0000 1949.2061 4.1725 35.0699
1973.0000 1951.1749 4.1707 35.0698
1975.0000 1953.1436 4.1689 35.0696
1977.0000 1955.1122 4.1659 35.0693
1979.0000 1957.0811 4.1642 35.0692
1981.0000 1959.0497 4.1629 35.0691
1983.0000 1961.0181 4.1592 35.0688
1985.0000 1962.9869 4.1550 35.0682
1987.0000 1964.9556 4.1498 35.0678
1989.0000 1966.9242 4.1374 35.0666
1991.0000 1968.8926 4.1346 35.0664
1993.0000 1970.8612 4.1299 35.0658
1995.0000 1972.8298 4.1290 35.0657
1997.0000 1974.7983 4.1273 35.0655
1999.0000 1976.7667 4.1214 35.0650
2001.0000 1978.7354 4.1209 35.0651
2003.0000 1980.7037 4.1142 35.0643
2005.0000 1982.6720 4.1055 35.0637
2007.0000 1984.6406 4.1037 35.0637
2009.0000 1986.6088 4.1028 35.0635
2011.0000 1988.5773 4.1024 35.0637
2013.0000 1990.5457 4.0986 35.0634
2015.0000 1992.5140 4.0968 35.0633
2017.0000 1994.4823 4.0942 35.0631
2019.0000 1996.4507 4.0916 35.0630
2021.0000 1998.4191 4.0881 35.0625
2023.0000 2000.3873 4.0795 35.0618
2025.0000 2002.3556 4.0761 35.0617
2027.0000 2004.3237 4.0722 35.0611
2029.0000 2006.2920 4.0668 35.0608
2031.0000 2008.2601 4.0639 35.0604
2033.0000 2010.2284 4.0538 35.0595
2035.0000 2012.1965 4.0503 35.0592
2037.0000 2014.1648 4.0458 35.0589
2039.0000 2016.1328 4.0411 35.0586
2041.0000 2018.1008 4.0361 35.0580
2043.0000 2020.0690 4.0317 35.0578
2045.0000 2022.0370 4.0285 35.0574
2047.0000 2024.0050 4.0221 35.0568
2049.0000 2025.9733 4.0147 35.0559
2051.0000 2027.9414 4.0073 35.0552
2053.0000 2029.9092 3.9986 35.0543
2055.0000 2031.8772 3.9906 35.0535
2057.0000 2033.8452 3.9868 35.0531
2059.0000 2035.8130 3.9811 35.0523
2061.0000 2037.7810 3.9761 35.0520
2063.0000 2039.7490 3.9711 35.0512
2065.0000 2041.7168 3.9688 35.0510
2067.0000 2043.6846 3.9676 35.0509
2069.0000 2045.6526 3.9673 35.0508
2071.0000 2047.6206 3.9644 35.0510
2073.0000 2049.5881 3.9633 35.0512
2075.0000 2051.5559 3.9629 35.0513
2077.0000 2053.5239 3.9622 35.0514
2079.0000 2055.4915 3.9602 35.0512
2081.0000 2057.4595 3.9552 35.0507
2083.0000 2059.4272 3.9519 35.0504
2085.0000 2061.3950 3.9511 35.0503
2087.0000 2063.3625 3.9493 35.0499
2089.0000 2065.3301 3.9462 35.0494
2091.0000 2067.2979 3.9408 35.0488
2093.0000 2069.2654 3.9303 35.0476
2095.0000 2071.2332 3.9337 35.0480
2097.0000 2073.2007 3.9300 35.0475
2099.0000 2075.1685 3.9188 35.0472
2101.0000 2077.1357 3.9158 35.0471
2103.0000 2079.1035 3.9157 35.0473
2105.0000 2081.0710 3.9139 35.0468
2107.0000 2083.0383 3.9115 35.0465
2109.0000 2085.0059 3.9084 35.0463
2111.0000 2086.9734 3.9059 35.0459
2113.0000 2088.9409 3.9003 35.0453
2115.0000 2090.9082 3.8927 35.0452
2117.0000 2092.8757 3.8922 35.0453
2119.0000 2094.8433 3.8910 35.0453
2121.0000 2096.8103 3.8846 35.0445
2123.0000 2098.7778 3.8790 35.0442
2125.0000 2100.7454 3.8726 35.0434
2127.0000 2102.7124 3.8651 35.0426
2129.0000 2104.6802 3.8640 35.0425
2131.0000 2106.6472 3.8628 35.0425
2133.0000 2108.6145 3.8615 35.0424
2135.0000 2110.5818 3.8604 35.0423
2137.0000 2112.5491 3.8589 35.0422
2139.0000 2114.5161 3.8571 35.0420
2141.0000 2116.4832 3.8472 35.0408
2143.0000 2118.4507 3.8412 35.0400
2145.0000 2120.4177 3.8428 35.0399
2147.0000 2122.3853 3.8329 35.0390
2149.0000 2124.3518 3.8317 35.0389
2151.0000 2126.3191 3.8311 35.0388
2153.0000 2128.2864 3.8300 35.0389
2155.0000 2130.2534 3.8290 35.0388
2157.0000 2132.2205 3.8278 35.0387
2159.0000 2134.1875 3.8275 35.0386
2161.0000 2136.1545 3.8260 35.0385
2163.0000 2138.1213 3.8217 35.0384
2165.0000 2140.0886 3.8136 35.0376
2167.0000 2142.0557 3.8080 35.0372
2169.0000 2144.0222 3.8060 35.0368
2171.0000 2145.9893 3.8027 35.0365
2173.0000 2147.9563 3.7997 35.0364
2175.0000 2149.9233 3.7985 35.0366
2177.0000 2151.8901 3.7965 35.0369
2179.0000 2153.8569 3.7939 35.0367
2181.0000 2155.8237 3.7929 35.0369
2183.0000 2157.7905 3.7932 35.0370
2185.0000 2159.7576 3.7901 35.0369
2187.0000 2161.7241 3.7803 35.0362
2189.0000 2163.6909 3.7775 35.0358
2191.0000 2165.6575 3.7732 35.0354
2193.0000 2167.6245 3.7709 35.0352
2195.0000 2169.5911 3.7691 35.0352
2197.0000 2171.5576 3.7674 35.0350
2199.0000 2173.5247 3.7658 35.0350
2201.0000 2175.4915 3.7663 35.0348
2203.0000 2177.4578 3.7577 35.0343
2205.0000 2179.4246 3.7571 35.0343
2207.0000 2181.3911 3.7524 35.0337
2209.0000 2183.3577 3.7459 35.0330
2211.0000 2185.3242 3.7436 35.0330
2213.0000 2187.2908 3.7475 35.0332
2215.0000 2189.2573 3.7419 35.0326
2217.0000 2191.2236 3.7367 35.0324
2219.0000 2193.1902 3.7285 35.0315
2221.0000 2195.1570 3.7225 35.0310
2223.0000 2197.1235 3.7180 35.0306
2225.0000 2199.0898 3.7273 35.0315
2227.0000 2201.0564 3.7252 35.0311
2229.0000 2203.0225 3.7147 35.0301
2231.0000 2204.9888 3.7055 35.0296
2233.0000 2206.9553 3.6987 35.0290
2235.0000 2208.9216 3.6965 35.0290
2237.0000 2210.8882 3.6996 35.0291
2239.0000 2212.8542 3.6972 35.0289
2241.0000 2214.8208 3.6895 35.0282
2243.0000 2216.7871 3.6798 35.0272
2245.0000 2218.7532 3.6741 35.0267
2247.0000 2220.7195 3.6725 35.0266
2249.0000 2222.6858 3.6692 35.0262
2251.0000 2224.6521 3.6601 35.0252
2253.0000 2226.6182 3.6571 35.0251
2255.0000 2228.5842 3.6557 35.0251
2257.0000 2230.5505 3.6540 35.0250
2259.0000 2232.5164 3.6522 35.0249
2261.0000 2234.4827 3.6509 35.0248
2263.0000 2236.4487 3.6516 35.0247
2265.0000 2238.4146 3.6504 35.0246
2267.0000 2240.3809 3.6455 35.0243
2269.0000 2242.3472 3.6403 35.0237
2271.0000 2244.3132 3.6285 35.0226
2273.0000 2246.2791 3.6256 35.0223
2275.0000 2248.2449 3.6220 35.0219
2277.0000 2250.2112 3.6162 35.0211
2279.0000 2252.1770 3.6110 35.0210
2281.0000 2254.1426 3.6093 35.0209
2283.0000 2256.1089 3.6085 35.0209
2285.0000 2258.0747 3.6062 35.0206
2287.0000 2260.0405 3.5995 35.0201
2289.0000 2262.0066 3.5948 35.0195
2291.0000 2263.9724 3.5854 35.0187
2293.0000 2265.9380 3.5767 35.0179
2295.0000 2267.9041 3.5718 35.0176
2297.0000 2269.8699 3.5705 35.0175
2299.0000 2271.8357 3.5642 35.0167
2301.0000 2273.8013 3.5556 35.0163
2303.0000 2275.7673 3.5523 35.0160
2305.0000 2277.7329 3.5517 35.0159
2307.0000 2279.6982 3.5425 35.0146
2309.0000 2281.6641 3.5367 35.0145
2311.0000 2283.6299 3.5347 35.0145
2313.0000 2285.5955 3.5335 35.0143
2315.0000 2287.5610 3.5309 35.0140
2317.0000 2289.5266 3.5277 35.0137
2319.0000 2291.4924 3.5245 35.0135
2321.0000 2293.4578 3.5220 35.0132
2323.0000 2295.4236 3.5187 35.0130
2325.0000 2297.3889 3.5159 35.0128
2327.0000 2299.3545 3.5142 35.0125
2329.0000 2301.3201 3.5083 35.0120
2331.0000 2303.2856 3.5042 35.0116
2333.0000 2305.2512 3.4970 35.0109
2335.0000 2307.2166 3.4929 35.0106
2337.0000 2309.1819 3.4925 35.0106
2339.0000 2311.1475 3.4921 35.0106
2341.0000 2313.1128 3.4947 35.0106
2343.0000 2315.0781 3.4918 35.0106
2345.0000 2317.0435 3.4903 35.0103
2347.0000 2319.0088 3.4872 35.0101
2349.0000 2320.9741 3.4849 35.0097
2351.0000 2322.9392 3.4815 35.0095
2353.0000 2324.9048 3.4793 35.0093
2355.0000 2326.8699 3.4786 35.0092
2357.0000 2328.8352 3.4744 35.0087
2359.0000 2330.8003 3.4708 35.0084
2361.0000 2332.7656 3.4681 35.0081
2363.0000 2334.7307 3.4655 35.0078
2365.0000 2336.6960 3.4644 35.0079
2367.0000 2338.6614 3.4645 35.0079
2369.0000 2340.6262 3.4640 35.0077
2371.0000 2342.5913 3.4610 35.0073
2373.0000 2344.5566 3.4553 35.0068
2375.0000 2346.5217 3.4615 35.0074
2377.0000 2348.4868 3.4527 35.0062
2379.0000 2350.4519 3.4383 35.0053
2381.0000 2352.4170 3.4375 35.0051
2383.0000 2354.3818 3.4323 35.0044
2385.0000 2356.3469 3.4238 35.0036
2387.0000 2358.3120 3.4213 35.0034
2389.0000 2360.2769 3.4167 35.0030
2391.0000 2362.2419 3.4135 35.0029
2393.0000 2364.2068 3.4120 35.0027
2395.0000 2366.1719 3.4115 35.0027
2397.0000 2368.1365 3.4115 35.0027
2399.0000 2370.1016 3.4112 35.0027
2401.0000 2372.0664 3.4099 35.0025
2403.0000 2374.0310 3.4056 35.0019
2405.0000 2375.9958 3.3977 35.0014
2407.0000 2377.9607 3.3953 35.0011
2409.0000 2379.9255 3.3901 35.0007
2411.0000 2381.8901 3.3881 35.0003
2413.0000 2383.8550 3.3800 34.9997
2415.0000 2385.8198 3.3796 34.9997
2417.0000 2387.7844 3.3832 34.9998
2419.0000 2389.7495 3.3752 34.9992
2421.0000 2391.7141 3.3735 34.9991
2423.0000 2393.6787 3.3726 34.9990
2425.0000 2395.6433 3.3725 34.9990
2427.0000 2397.6079 3.3714 34.9989
2429.0000 2399.5728 3.3697 34.9987
2431.0000 2401.5371 3.3686 34.9987
2433.0000 2403.5017 3.3676 34.9985
2435.0000 2405.4663 3.3720 34.9988
2437.0000 2407.4309 3.3665 34.9982
2439.0000 2409.3953 3.3594 34.9974
2441.0000 2411.3596 3.3543 34.9970
2443.0000 2413.3245 3.3488 34.9965
2445.0000 2415.2886 3.3469 34.9963
2447.0000 2417.2529 3.3451 34.9962
2449.0000 2419.2178 3.3487 34.9964
2451.0000 2421.1819 3.3441 34.9959
2453.0000 2423.1462 3.3398 34.9957
2455.0000 2425.1108 3.3378 34.9955
2457.0000 2427.0754 3.3366 34.9953
2459.0000 2429.0393 3.3358 34.9953
2461.0000 2431.0039 3.3349 34.9951
2463.0000 2432.9683 3.3335 34.9951
2465.0000 2434.9324 3.3316 34.9948
2467.0000 2436.8965 3.3272 34.9944
2469.0000 2438.8611 3.3264 34.9943
2471.0000 2440.8252 3.3297 34.9946
2473.0000 2442.7893 3.3322 34.9946
2475.0000 2444.7534 3.3245 34.9942
2477.0000 2446.7178 3.3211 34.9937
2479.0000 2448.6816 3.3165 34.9933
2481.0000 2450.6460 3.3126 34.9928
2483.0000 2452.6104 3.3078 34.9925
2485.0000 2454.5745 3.3093 34.9924
2487.0000 2456.5383 3.3001 34.9916
2489.0000 2458.5024 3.2947 34.9911
2491.0000 2460.4666 3.2908 34.9909
2493.0000 2462.4304 3.2895 34.9908
2495.0000 2464.3945 3.2882 34.9907
2497.0000 2466.3584 3.2853 34.9903
2499.0000 2468.3225 3.2801 34.9900
2501.0000 2470.2864 3.2792 34.9899
2503.0000 2472.2505 3.2785 34.9898
2505.0000 2474.2146 3.2784 34.9897
2507.0000 2476.1782 3.2787 34.9896
2509.0000 2478.1421 3.2741 34.9893
2511.0000 2480.1060 3.2703 34.9889
2513.0000 2482.0701 3.2673 34.9885
2515.0000 2484.0337 3.2640 34.9885
2517.0000 2485.9973 3.2621 34.9881
2519.0000 2487.9612 3.2599 34.9880
2521.0000 2489.9250 3.2558 34.9875
2523.0000 2491.8889 3.2479 34.9868
2525.0000 2493.8525 3.2443 34.9864
2527.0000 2495.8162 3.2373 34.9859
2529.0000 2497.7800 3.2334 34.9856
2531.0000 2499.7437 3.2319 34.9855
2533.0000 2501.7075 3.2309 34.9853
2535.0000 2503.6711 3.2290 34.9852
2537.0000 2505.6348 3.2270 34.9850
2539.0000 2507.5984 3.2275 34.9849
2541.0000 2509.5618 3.2224 34.9844
2543.0000 2511.5254 3.2158 34.9838
2545.0000 2513.4890 3.2113 34.9836
2547.0000 2515.4526 3.2102 34.9835
2549.0000 2517.4163 3.2095 34.9833
2551.0000 2519.3799 3.2083 34.9833
2553.0000 2521.3433 3.2095 34.9833
2555.0000 2523.3066 3.2070 34.9831
2557.0000 2525.2700 3.2056 34.9830
2559.0000 2527.2334 3.2043 34.9828
2561.0000 2529.1970 3.2008 34.9824
2563.0000 2531.1604 3.2037 34.9826
2565.0000 2533.1238 3.1991 34.9821
2567.0000 2535.0872 3.1955 34.9821
2569.0000 2537.0503 3.1938 34.9817
2571.0000 2539.0137 3.1915 34.9815
2573.0000 2540.9771 3.1884 34.9812
2575.0000 2542.9407 3.1866 34.9811
2577.0000 2544.9036 3.1864 34.9810
2579.0000 2546.8669 3.1896 34.9812
2581.0000 2548.8303 3.1793 34.9802
2583.0000 2550.7932 3.1778 34.9803
2585.0000 2552.7568 3.1773 34.9802
2587.0000 2554.7200 3.1762 34.9800
2589.0000 2556.6829 3.1740 34.9799
2591.0000 2558.6460 3.1714 34.9796
2593.0000 2560.6094 3.1620 34.9785
2595.0000 2562.5725 3.1540 34.9780
2597.0000 2564.5356 3.1554 34.9783
2599.0000 2566.4985 3.1524 34.9779
2601.0000 2568.4619 3.1520 34.9778
2603.0000 2570.4246 3.1478 34.9774
2605.0000 2572.3875 3.1451 34.9772
2607.0000 2574.3508 3.1446 34.9771
2609.0000 2576.3140 3.1442 34.9771
2611.0000 2578.2766 3.1439 34.9770
2613.0000 2580.2395 3.1435 34.9771
2615.0000 2582.2029 3.1422 34.9770
2617.0000 2584.1655 3.1417 34.9769
2619.0000 2586.1284 3.1420 34.9769
2621.0000 2588.0913 3.1428 34.9767
2623.0000 2590.0542 3.1394 34.9765
2625.0000 2592.0171 3.1321 34.9757
2627.0000 2593.9800 3.1270 34.9752
2629.0000 2595.9429 3.1245 34.9751
2631.0000 2597.9055 3.1233 34.9750
2633.0000 2599.8682 3.1233 34.9750
2635.0000 2601.8313 3.1223 34.9747
2637.0000 2603.7939 3.1185 34.9745
2639.0000 2605.7566 3.1169 34.9744
2641.0000 2607.7190 3.1156 34.9742
2643.0000 2609.6821 3.1118 34.9738
2645.0000 2611.6445 3.1073 34.9735
2647.0000 2613.6074 3.1059 34.9733
2649.0000 2615.5698 3.1031 34.9729
2651.0000 2617.5327 3.0993 34.9727
2653.0000 2619.4951 3.0992 34.9726
2655.0000 2621.4578 3.0979 34.9726
2657.0000 2623.4204 3.0953 34.9724
2659.0000 2625.3828 3.0941 34.9722
2661.0000 2627.3455 3.0903 34.9718
2663.0000 2629.3079 3.0889 34.9717
2665.0000 2631.2703 3.0878 34.9716
2667.0000 2633.2329 3.0871 34.9715
2669.0000 2635.1953 3.0850 34.9713
2671.0000 2637.1577 3.0820 34.9709
2673.0000 2639.1201 3.0769 34.9703
2675.0000 2641.0825 3.0687 34.9698
2677.0000 2643.0452 3.0682 34.9697
2679.0000 2645.0073 3.0684 34.9698
2681.0000 2646.9697 3.0664 34.9696
2683.0000 2648.9321 3.0651 34.9694
2685.0000 2650.8945 3.0645 34.9693
2687.0000 2652.8564 3.0639 34.9692
2689.0000 2654.8191 3.0628 34.9692
2691.0000 2656.7812 3.0615 34.9691
2693.0000 2658.7432 3.0599 34.9687
2695.0000 2660.7056 3.0574 34.9686
2697.0000 2662.6680 3.0556 34.9685
2699.0000 2664.6304 3.0573 34.9684
2701.0000 2666.5923 3.0496 34.9679
2703.0000 2668.5544 3.0460 34.9675
2705.0000 2670.5166 3.0438 34.9674
2707.0000 2672.4785 3.0427 34.9672
2709.0000 2674.4407 3.0418 34.9672
2711.0000 2676.4031 3.0416 34.9669
2713.0000 2678.3647 3.0373 34.9667
2715.0000 2680.3269 3.0364 34.9666
2717.0000 2682.2893 3.0338 34.9664
2719.0000 2684.2512 3.0315 34.9661
2721.0000 2686.2129 3.0295 34.9659
2723.0000 2688.1748 3.0271 34.9657
2725.0000 2690.1372 3.0245 34.9655
2727.0000 2692.0989 3.0233 34.9653
2729.0000 2694.0608 3.0197 34.9650
2731.0000 2696.0229 3.0175 34.9647
2733.0000 2697.9849 3.0200 34.9648
2735.0000 2699.9463 3.0130 34.9643
2737.0000 2701.9084 3.0113 34.9643
2739.0000 2703.8704 3.0103 34.9642
2741.0000 2705.8318 3.0094 34.9641
2743.0000 2707.7939 3.0063 34.9635
2745.0000 2709.7556 3.0023 34.9633
2747.0000 2711.7175 3.0086 34.9638
2749.0000 2713.6792 2.9967 34.9629
2751.0000 2715.6409 2.9925 34.9624
2753.0000 2717.6025 2.9871 34.9618
2755.0000 2719.5642 2.9851 34.9618
2757.0000 2721.5259 2.9866 34.9617
2759.0000 2723.4875 2.9820 34.9613
2761.0000 2725.4495 2.9807 34.9612
2763.0000 2727.4109 2.9799 34.9612
2765.0000 2729.3723 2.9783 34.9610
2767.0000 2731.3342 2.9807 34.9611
2769.0000 2733.2957 2.9713 34.9603
2771.0000 2735.2571 2.9699 34.9603
2773.0000 2737.2188 2.9697 34.9602
2775.0000 2739.1802 2.9677 34.9600
2777.0000 2741.1416 2.9655 34.9599
2779.0000 2743.1033 2.9698 34.9600
2781.0000 2745.0647 2.9645 34.9596
2783.0000 2747.0259 2.9608 34.9593
2785.0000 2748.9875 2.9607 34.9593
2787.0000 2750.9490 2.9602 34.9592
2789.0000 2752.9104 2.9599 34.9592
2791.0000 2754.8716 2.9585 34.9590
2793.0000 2756.8330 2.9563 34.9589
2795.0000 2758.7944 2.9564 34.9588
2797.0000 2760.7556 2.9535 34.9585
2799.0000 2762.7168 2.9515 34.9583
2801.0000 2764.6785 2.9449 34.9576
2803.0000 2766.6394 2.9422 34.9574
2805.0000 2768.6008 2.9378 34.9570
2807.0000 2770.5620 2.9351 34.9568
2809.0000 2772.5234 2.9351 34.9567
2811.0000 2774.4844 2.9338 34.9565
2813.0000 2776.4456 2.9317 34.9564
2815.0000 2778.4067 2.9303 34.9561
2817.0000 2780.3679 2.9267 34.9558
2819.0000 2782.3289 2.9234 34.9554
2821.0000 2784.2903 2.9168 34.9547
2823.0000 2786.2512 2.9128 34.9544
2825.0000 2788.2122 2.9085 34.9539
2827.0000 2790.1733 2.9039 34.9535
2829.0000 2792.1343 2.9024 34.9535
2831.0000 2794.0955 2.9014 34.9533
2833.0000 2796.0564 2.9003 34.9532
2835.0000 2798.0173 2.8974 34.9529
2837.0000 2799.9785 2.8956 34.9529
2839.0000 2801.9392 2.8944 34.9527
2841.0000 2803.9004 2.8940 34.9526
2843.0000 2805.8613 2.8932 34.9527
2845.0000 2807.8220 2.8919 34.9525
2847.0000 2809.7830 2.8900 34.9523
2849.0000 2811.7437 2.8882 34.9520
2851.0000 2813.7046 2.8865 34.9519
2853.0000 2815.6653 2.8850 34.9517
2855.0000 2817.6265 2.8812 34.9516
2857.0000 2819.5872 2.8803 34.9513
2859.0000 2821.5476 2.8793 34.9513
2861.0000 2823.5088 2.8791 34.9512
2863.0000 2825.4692 2.8783 34.9512
2865.0000 2827.4299 2.8781 34.9512
2867.0000 2829.3906 2.8768 34.9511
2869.0000 2831.3516 2.8761 34.9510
2871.0000 2833.3123 2.8752 34.9508
2873.0000 2835.2727 2.8744 34.9507
2875.0000 2837.2334 2.8707 34.9504
2877.0000 2839.1941 2.8686 34.9501
2879.0000 2841.1543 2.8692 34.9500
2881.0000 2843.1150 2.8641 34.9497
2883.0000 2845.0757 2.8629 34.9495
2885.0000 2847.0361 2.8616 34.9493
2887.0000 2848.9968 2.8586 34.9489
2889.0000 2850.9573 2.8526 34.9484
2891.0000 2852.9180 2.8471 34.9477
2893.0000 2854.8779 2.8458 34.9478
2895.0000 2856.8384 2.8499 34.9482
2897.0000 2858.7991 2.8500 34.9478
2899.0000 2860.7595 2.8389 34.9470
2901.0000 2862.7197 2.8361 34.9468
2903.0000 2864.6802 2.8347 34.9465
2905.0000 2866.6406 2.8327 34.9464
2907.0000 2868.6008 2.8319 34.9464
2909.0000 2870.5613 2.8305 34.9461
2911.0000 2872.5217 2.8313 34.9462
2913.0000 2874.4819 2.8285 34.9459
2915.0000 2876.4421 2.8262 34.9458
2917.0000 2878.4026 2.8251 34.9457
2919.0000 2880.3625 2.8237 34.9455
2921.0000 2882.3228 2.8217 34.9452
2923.0000 2884.2832 2.8207 34.9451
2925.0000 2886.2437 2.8203 34.9451
2927.0000 2888.2034 2.8197 34.9450
2929.0000 2890.1636 2.8195 34.9451
2931.0000 2892.1235 2.8191 34.9450
2933.0000 2894.0842 2.8199 34.9450
2935.0000 2896.0439 2.8186 34.9450
2937.0000 2898.0042 2.8185 34.9449
2939.0000 2899.9641 2.8185 34.9449
2941.0000 2901.9241 2.8180 34.9449
2943.0000 2903.8840 2.8179 34.9448
2945.0000 2905.8442 2.8181 34.9448
2947.0000 2907.8042 2.8182 34.9448
2949.0000 2909.7642 2.8173 34.9447
2951.0000 2911.7239 2.8171 34.9445
2953.0000 2913.6843 2.8185 34.9446
2955.0000 2915.6438 2.8161 34.9445
2957.0000 2917.6038 2.8164 34.9445
2959.0000 2919.5637 2.8158 34.9443
2961.0000 2921.5237 2.8145 34.9442
2963.0000 2923.4834 2.8136 34.9440
2965.0000 2925.4434 2.8127 34.9440
2967.0000 2927.4031 2.8114 34.9438
2969.0000 2929.3628 2.8100 34.9436
2971.0000 2931.3225 2.8082 34.9435
2973.0000 2933.2825 2.8049 34.9432
2975.0000 2935.2419 2.8028 34.9429
2977.0000 2937.2019 2.8012 34.9428
2979.0000 2939.1614 2.7991 34.9427
2981.0000 2941.1213 2.7987 34.9426
2983.0000 2943.0806 2.7955 34.9421
2985.0000 2945.0405 2.7913 34.9418
2987.0000 2947.0002 2.7906 34.9417
2989.0000 2948.9597 2.7923 34.9418
2991.0000 2950.9194 2.7905 34.9415
2993.0000 2952.8789 2.7852 34.9413
2995.0000 2954.8389 2.7831 34.9409
2997.0000 2956.7979 2.7811 34.9408
2999.0000 2958.7578 2.7804 34.9407
3001.0000 2960.7173 2.7828 34.9408
3003.0000 2962.6765 2.7799 34.9407
3005.0000 2964.6360 2.7798 34.9407
3007.0000 2966.5957 2.7793 34.9405
3009.0000 2968.5552 2.7784 34.9405
3011.0000 2970.5144 2.7774 34.9404
3013.0000 2972.4741 2.7803 34.9405
3015.0000 2974.4333 2.7767 34.9402
3017.0000 2976.3926 2.7752 34.9401
3019.0000 2978.3518 2.7741 34.9400
3021.0000 2980.3115 2.7728 34.9398
3023.0000 2982.2710 2.7719 34.9398
3025.0000 2984.2297 2.7749 34.9398
3027.0000 2986.1892 2.7732 34.9397
3029.0000 2988.1484 2.7691 34.9394
3031.0000 2990.1077 2.7686 34.9393
3033.0000 2992.0669 2.7668 34.9392
3035.0000 2994.0261 2.7660 34.9390
3037.0000 2995.9854 2.7672 34.9391
3039.0000 2997.9443 2.7654 34.9389
3041.0000 2999.9038 2.7639 34.9387
3043.0000 3001.8628 2.7625 34.9387
3045.0000 3003.8220 2.7618 34.9387
3047.0000 3005.7812 2.7609 34.9386
3049.0000 3007.7402 2.7603 34.9385
3051.0000 3009.6990 2.7616 34.9384
3053.0000 3011.6582 2.7607 34.9385
3055.0000 3013.6172 2.7607 34.9384
3057.0000 3015.5764 2.7595 34.9382
3059.0000 3017.5352 2.7573 34.9382
3061.0000 3019.4944 2.7554 34.9378
3063.0000 3021.4534 2.7520 34.9374
3065.0000 3023.4121 2.7486 34.9373
3067.0000 3025.3711 2.7471 34.9372
3069.0000 3027.3301 2.7469 34.9372
3071.0000 3029.2893 2.7447 34.9370
3073.0000 3031.2478 2.7437 34.9370
3075.0000 3033.2068 2.7430 34.9368
3077.0000 3035.1658 2.7405 34.9365
3079.0000 3037.1243 2.7383 34.9363
3081.0000 3039.0833 2.7374 34.9363
3083.0000 3041.0422 2.7370 34.9363
3085.0000 3043.0007 2.7366 34.9362
3087.0000 3044.9595 2.7348 34.9360
3089.0000 3046.9182 2.7322 34.9356
3091.0000 3048.8772 2.7293 34.9353
3093.0000 3050.8357 2.7305 34.9354
3095.0000 3052.7942 2.7259 34.9349
3097.0000 3054.7529 2.7245 34.9348
3099.0000 3056.7119 2.7222 34.9346
3101.0000 3058.6702 2.7182 34.9342
3103.0000 3060.6289 2.7168 34.9341
3105.0000 3062.5876 2.7170 34.9340
3107.0000 3064.5459 2.7161 34.9339
3109.0000 3066.5046 2.7162 34.9340
3111.0000 3068.4634 2.7162 34.9339
3113.0000 3070.4214 2.7167 34.9341
3115.0000 3072.3804 2.7166 34.9340
3117.0000 3074.3386 2.7168 34.9340
3119.0000 3076.2971 2.7146 34.9338
3121.0000 3078.2556 2.7128 34.9338
3123.0000 3080.2139 2.7126 34.9338
3125.0000 3082.1724 2.7126 34.9337
3127.0000 3084.1309 2.7125 34.9336
3129.0000 3086.0891 2.7102 34.9335
3131.0000 3088.0476 2.7083 34.9331
3133.0000 3090.0061 2.7072 34.9332
3135.0000 3091.9641 2.7066 34.9332
3137.0000 3093.9226 2.7060 34.9331
3139.0000 3095.8809 2.7058 34.9329
3141.0000 3097.8394 2.7081 34.9330
3143.0000 3099.7974 2.7008 34.9324
3145.0000 3101.7559 2.6989 34.9321
3147.0000 3103.7141 2.6964 34.9317
3149.0000 3105.6721 2.6940 34.9315
3151.0000 3107.6304 2.6924 34.9313
3153.0000 3109.5889 2.6949 34.9315
3155.0000 3111.5464 2.6904 34.9311
3157.0000 3113.5049 2.6880 34.9309
3159.0000 3115.4629 2.6877 34.9309
3161.0000 3117.4209 2.6883 34.9309
3163.0000 3119.3792 2.6882 34.9309
3165.0000 3121.3372 2.6868 34.9307
3167.0000 3123.2952 2.6867 34.9306
3169.0000 3125.2529 2.6842 34.9305
3171.0000 3127.2112 2.6826 34.9302
3173.0000 3129.1694 2.6790 34.9300
3175.0000 3131.1270 2.6773 34.9298
3177.0000 3133.0852 2.6779 34.9298
3179.0000 3135.0432 2.6768 34.9295
3181.0000 3137.0010 2.6723 34.9293
3183.0000 3138.9587 2.6718 34.9292
3185.0000 3140.9170 2.6716 34.9292
3187.0000 3142.8750 2.6715 34.9292
3189.0000 3144.8323 2.6720 34.9290
3191.0000 3146.7903 2.6724 34.9290
3193.0000 3148.7483 2.6672 34.9286
3195.0000 3150.7061 2.6667 34.9287
3197.0000 3152.6638 2.6664 34.9287
3199.0000 3154.6216 2.6639 34.9284
3201.0000 3156.5796 2.6615 34.9281
3203.0000 3158.5369 2.6637 34.9282
3205.0000 3160.4949 2.6565 34.9275
3207.0000 3162.4526 2.6529 34.9273
3209.0000 3164.4106 2.6519 34.9273
3211.0000 3166.3677 2.6517 34.9272
3213.0000 3168.3254 2.6510 34.9271
3215.0000 3170.2832 2.6499 34.9270
3217.0000 3172.2407 2.6486 34.9268
3219.0000 3174.1982 2.6468 34.9267
3221.0000 3176.1560 2.6464 34.9266
3223.0000 3178.1138 2.6452 34.9264
3225.0000 3180.0710 2.6402 34.9260
3227.0000 3182.0283 2.6390 34.9259
3229.0000 3183.9861 2.6385 34.9257
3231.0000 3185.9436 2.6381 34.9258
3233.0000 3187.9011 2.6376 34.9257
3235.0000 3189.8584 2.6368 34.9256
3237.0000 3191.8157 2.6357 34.9254
3239.0000 3193.7732 2.6335 34.9253
3241.0000 3195.7307 2.6327 34.9252
3243.0000 3197.6880 2.6311 34.9251
3245.0000 3199.6453 2.6308 34.9250
3247.0000 3201.6028 2.6273 34.9245
3249.0000 3203.5603 2.6251 34.9244
3251.0000 3205.5171 2.6252 34.9244
3253.0000 3207.4746 2.6233 34.9242
3255.0000 3209.4321 2.6210 34.9240
3257.0000 3211.3894 2.6201 34.9239
3259.0000 3213.3464 2.6201 34.9240
3261.0000 3215.3035 2.6183 34.9237
3263.0000 3217.2610 2.6209 34.9238
3265.0000 3219.2178 2.6207 34.9238
3267.0000 3221.1753 2.6179 34.9233
3269.0000 3223.1326 2.6133 34.9232
3271.0000 3225.0896 2.6135 34.9233
3273.0000 3227.0464 2.6115 34.9229
3275.0000 3229.0039 2.6101 34.9229
3277.0000 3230.9609 2.6130 34.9229
3279.0000 3232.9180 2.6119 34.9228
3281.0000 3234.8750 2.6092 34.9227
3283.0000 3236.8320 2.6077 34.9226
3285.0000 3238.7891 2.6084 34.9225
3287.0000 3240.7458 2.6068 34.9225
3289.0000 3242.7031 2.6053 34.9224
3291.0000 3244.6599 2.6048 34.9223
3293.0000 3246.6167 2.6043 34.9223
3295.0000 3248.5737 2.6039 34.9222
3297.0000 3250.5308 2.6032 34.9221
3299.0000 3252.4875 2.6036 34.9220
3301.0000 3254.4443 2.6017 34.9217
3303.0000 3256.4014 2.5990 34.9216
3305.0000 3258.3584 2.5984 34.9216
3307.0000 3260.3149 2.5966 34.9215
3309.0000 3262.2720 2.5953 34.9213
3311.0000 3264.2288 2.5935 34.9210
3313.0000 3266.1853 2.5940 34.9209
3315.0000 3268.1418 2.5922 34.9211
3317.0000 3270.0989 2.5917 34.9209
3319.0000 3272.0557 2.5907 34.9208
3321.0000 3274.0122 2.5890 34.9206
3323.0000 3275.9690 2.5886 34.9206
3325.0000 3277.9255 2.5884 34.9205
3327.0000 3279.8821 2.5866 34.9203
3329.0000 3281.8389 2.5858 34.9202
3331.0000 3283.7957 2.5846 34.9201
3333.0000 3285.7522 2.5837 34.9199
3335.0000 3287.7087 2.5832 34.9199
3337.0000 3289.6650 2.5819 34.9198
3339.0000 3291.6218 2.5794 34.9195
3341.0000 3293.5781 2.5786 34.9194
3343.0000 3295.5347 2.5780 34.9193
3345.0000 3297.4915 2.5780 34.9194
3347.0000 3299.4480 2.5759 34.9190
3349.0000 3301.4043 2.5729 34.9189
3351.0000 3303.3606 2.5722 34.9187
3353.0000 3305.3171 2.5712 34.9187
3355.0000 3307.2732 2.5700 34.9185
3357.0000 3309.2297 2.5692 34.9185
3359.0000 3311.1863 2.5689 34.9184
3361.0000 3313.1428 2.5701 34.9183
3363.0000 3315.0989 2.5681 34.9182
3365.0000 3317.0554 2.5672 34.9182
3367.0000 3319.0115 2.5670 34.9182
3369.0000 3320.9675 2.5662 34.9180
3371.0000 3322.9241 2.5639 34.9178
3373.0000 3324.8804 2.5626 34.9177
3375.0000 3326.8364 2.5632 34.9176
3377.0000 3328.7927 2.5658 34.9177
3379.0000 3330.7490 2.5585 34.9172
3381.0000 3332.7053 2.5570 34.9172
3383.0000 3334.6611 2.5565 34.9170
3385.0000 3336.6174 2.5571 34.9170
3387.0000 3338.5735 2.5548 34.9168
3389.0000 3340.5293 2.5537 34.9168
3391.0000 3342.4856 2.5531 34.9166
3393.0000 3344.4417 2.5516 34.9164
3395.0000 3346.3979 2.5530 34.9165
3397.0000 3348.3540 2.5511 34.9164
3399.0000 3350.3098 2.5495 34.9163
3401.0000 3352.2661 2.5488 34.9163
3403.0000 3354.2217 2.5489 34.9163
3405.0000 3356.1775 2.5488 34.9162
3407.0000 3358.1338 2.5478 34.9160
3409.0000 3360.0896 2.5463 34.9159
3411.0000 3362.0452 2.5456 34.9158
3413.0000 3364.0015 2.5484 34.9158
3415.0000 3365.9575 2.5420 34.9153
3417.0000 3367.9128 2.5390 34.9150
3419.0000 3369.8691 2.5378 34.9150
3421.0000 3371.8252 2.5365 34.9148
3423.0000 3373.7810 2.5360 34.9150
3425.0000 3375.7366 2.5362 34.9149
3427.0000 3377.6924 2.5355 34.9147
3429.0000 3379.6479 2.5359 34.9147
3431.0000 3381.6033 2.5364 34.9147
3433.0000 3383.5593 2.5328 34.9145
3435.0000 3385.5151 2.5327 34.9146
3437.0000 3387.4707 2.5325 34.9145
3439.0000 3389.4265 2.5319 34.9144
3441.0000 3391.3821 2.5315 34.9144
3443.0000 3393.3379 2.5318 34.9143
3445.0000 3395.2935 2.5315 34.9142
3447.0000 3397.2488 2.5313 34.9143
3449.0000 3399.2046 2.5314 34.9143
3451.0000 3401.1602 2.5315 34.9143
3453.0000 3403.1157 2.5316 34.9142
3455.0000 3405.0715 2.5318 34.9142
3457.0000 3407.0271 2.5313 34.9142
3459.0000 3408.9822 2.5307 34.9141
3461.0000 3410.9380 2.5297 34.9141
3463.0000 3412.8933 2.5286 34.9138
3465.0000 3414.8486 2.5275 34.9137
3467.0000 3416.8040 2.5274 34.9137
3469.0000 3418.7595 2.5271 34.9136
3471.0000 3420.7148 2.5269 34.9136
3473.0000 3422.6699 2.5268 34.9136
3475.0000 3424.6255 2.5266 34.9135
3477.0000 3426.5808 2.5253 34.9134
3479.0000 3428.5361 2.5248 34.9133
3481.0000 3430.4915 2.5244 34.9132
3483.0000 3432.4470 2.5230 34.9131
3485.0000 3434.4021 2.5232 34.9131
3487.0000 3436.3572 2.5234 34.9133
3489.0000 3438.3125 2.5231 34.9131
3491.0000 3440.2676 2.5222 34.9130
3493.0000 3442.2227 2.5214 34.9129
3495.0000 3444.1782 2.5230 34.9129
3497.0000 3446.1333 2.5215 34.9129
3499.0000 3448.0884 2.5214 34.9129
3501.0000 3450.0432 2.5212 34.9129
3503.0000 3451.9988 2.5214 34.9127
3505.0000 3453.9539 2.5214 34.9128
3507.0000 3455.9084 2.5205 34.9127
3509.0000 3457.8640 2.5198 34.9126
3511.0000 3459.8191 2.5189 34.9125
3513.0000 3461.7737 2.5182 34.9125
3515.0000 3463.7288 2.5173 34.9124
3517.0000 3465.6838 2.5171 34.9122
3519.0000 3467.6387 2.5156 34.9121
3521.0000 3469.5940 2.5149 34.9120
3523.0000 3471.5488 2.5152 34.9120
3525.0000 3473.5034 2.5148 34.9120
3527.0000 3475.4583 2.5140 34.9119
3529.0000 3477.4133 2.5136 34.9120
3531.0000 3479.3684 2.5137 34.9119
3533.0000 3481.3232 2.5138 34.9118
3535.0000 3483.2781 2.5143 34.9118
3537.0000 3485.2327 2.5143 34.9118
3539.0000 3487.1877 2.5143 34.9118
3541.0000 3489.1423 2.5139 34.9117
3543.0000 3491.0969 2.5132 34.9117
3545.0000 3493.0520 2.5126 34.9116
3547.0000 3495.0071 2.5098 34.9114
3549.0000 3496.9612 2.5085 34.9112
3551.0000 3498.9163 2.5079 34.9112
3553.0000 3500.8708 2.5085 34.9111
3555.0000 3502.8252 2.5073 34.9110
3557.0000 3504.7803 2.5066 34.9110
3559.0000 3506.7349 2.5066 34.9110
3561.0000 3508.6892 2.5069 34.9109
3563.0000 3510.6438 2.5063 34.9110
3565.0000 3512.5984 2.5056 34.9108
3567.0000 3514.5530 2.5052 34.9107
3569.0000 3516.5073 2.5041 34.9108
3571.0000 3518.4619 2.5037 34.9106
3573.0000 3520.4165 2.5047 34.9104
3575.0000 3522.3708 2.5037 34.9105
3577.0000 3524.3254 2.5029 34.9105
3579.0000 3526.2800 2.5023 34.9104
3581.0000 3528.2341 2.5014 34.9103
3583.0000 3530.1885 2.5007 34.9101
3585.0000 3532.1431 2.4998 34.9101
3587.0000 3534.0977 2.4996 34.9100
3589.0000 3536.0520 2.4994 34.9100
3591.0000 3538.0061 2.4991 34.9100
3593.0000 3539.9607 2.4989 34.9099
3595.0000 3541.9150 2.4989 34.9099
3597.0000 3543.8691 2.4981 34.9098
3599.0000 3545.8235 2.4979 34.9098
3601.0000 3547.7776 2.4980 34.9097
3603.0000 3549.7319 2.4984 34.9098
3605.0000 3551.6860 2.4986 34.9099
3607.0000 3553.6401 2.4987 34.9098
3609.0000 3555.5945 2.4987 34.9098
3611.0000 3557.5486 2.4989 34.9098
3613.0000 3559.5029 2.4991 34.9098
3615.0000 3561.4570 2.4990 34.9097
3617.0000 3563.4109 2.4994 34.9096
3619.0000 3565.3652 2.4986 34.9096
3621.0000 3567.3193 2.4977 34.9095
3623.0000 3569.2734 2.4971 34.9094
3625.0000 3571.2273 2.4972 34.9094
3627.0000 3573.1816 2.4973 34.9094
3629.0000 3575.1353 2.4973 34.9094
3631.0000 3577.0896 2.4958 34.9093
3633.0000 3579.0435 2.4955 34.9091
3635.0000 3580.9976 2.4957 34.9091
3637.0000 3582.9514 2.4950 34.9091
3639.0000 3584.9053 2.4951 34.9092
3641.0000 3586.8594 2.4945 34.9091
3643.0000 3588.8132 2.4940 34.9090
3645.0000 3590.7666 2.4944 34.9089
3647.0000 3592.7207 2.4945 34.9088
3649.0000 3594.6750 2.4915 34.9087
3651.0000 3596.6284 2.4910 34.9087
3653.0000 3598.5823 2.4901 34.9086
3655.0000 3600.5359 2.4898 34.9085
3657.0000 3602.4902 2.4896 34.9085
3659.0000 3604.4436 2.4895 34.9084
3661.0000 3606.3975 2.4891 34.9084
3663.0000 3608.3511 2.4885 34.9083
3665.0000 3610.3044 2.4895 34.9082
3667.0000 3612.2583 2.4872 34.9082
3669.0000 3614.2122 2.4860 34.9080
3671.0000 3616.1658 2.4840 34.9078
3673.0000 3618.1194 2.4826 34.9077
3675.0000 3620.0730 2.4819 34.9075
3677.0000 3622.0269 2.4797 34.9073
3679.0000 3623.9802 2.4781 34.9071
3681.0000 3625.9336 2.4774 34.9070
3683.0000 3627.8875 2.4751 34.9069
3685.0000 3629.8408 2.4749 34.9067
3687.0000 3631.7942 2.4738 34.9067
3689.0000 3633.7476 2.4725 34.9066
3691.0000 3635.7017 2.4715 34.9065
3693.0000 3637.6548 2.4715 34.9066
3695.0000 3639.6082 2.4713 34.9064
3697.0000 3641.5618 2.4702 34.9064
3699.0000 3643.5149 2.4691 34.9061
3701.0000 3645.4683 2.4690 34.9062
3703.0000 3647.4221 2.4683 34.9061
3705.0000 3649.3755 2.4675 34.9060
3707.0000 3651.3284 2.4674 34.9060
3709.0000 3653.2817 2.4672 34.9059
3711.0000 3655.2351 2.4667 34.9058
3713.0000 3657.1880 2.4666 34.9059
3715.0000 3659.1418 2.4662 34.9057
3717.0000 3661.0952 2.4651 34.9057
3719.0000 3663.0481 2.4641 34.9055
3721.0000 3665.0012 2.4640 34.9054
3723.0000 3666.9546 2.4635 34.9055
3725.0000 3668.9080 2.4626 34.9055
3727.0000 3670.8608 2.4620 34.9052
3729.0000 3672.8142 2.4619 34.9052
3731.0000 3674.7671 2.4615 34.9051
3733.0000 3676.7205 2.4613 34.9052
3735.0000 3678.6736 2.4609 34.9052
3737.0000 3680.6265 2.4604 34.9050
3739.0000 3682.5798 2.4592 34.9049
3741.0000 3684.5325 2.4590 34.9049
3743.0000 3686.4854 2.4588 34.9048
3745.0000 3688.4387 2.4585 34.9048
3747.0000 3690.3921 2.4582 34.9048
3749.0000 3692.3447 2.4584 34.9046
3751.0000 3694.2976 2.4568 34.9046
3753.0000 3696.2505 2.4567 34.9045
3755.0000 3698.2036 2.4569 34.9045
3757.0000 3700.1565 2.4569 34.9045
3759.0000 3702.1094 2.4567 34.9045
3761.0000 3704.0620 2.4566 34.9044
3763.0000 3706.0149 2.4565 34.9043
3765.0000 3707.9678 2.4561 34.9043
3767.0000 3709.9209 2.4559 34.9042
3769.0000 3711.8733 2.4561 34.9043
3771.0000 3713.8259 2.4560 34.9043
3773.0000 3715.7793 2.4558 34.9043
3775.0000 3717.7314 2.4550 34.9041
3777.0000 3719.6843 2.4541 34.9040
3779.0000 3721.6370 2.4536 34.9040
3781.0000 3723.5901 2.4534 34.9038
3783.0000 3725.5425 2.4532 34.9037
3785.0000 3727.4954 2.4516 34.9037
3787.0000 3729.4478 2.4517 34.9036
3789.0000 3731.4004 2.4521 34.9036
3791.0000 3733.3530 2.4515 34.9036
3793.0000 3735.3059 2.4511 34.9036
3795.0000 3737.2583 2.4508 34.9036
3797.0000 3739.2109 2.4507 34.9035
3799.0000 3741.1636 2.4499 34.9034
3801.0000 3743.1160 2.4504 34.9033
3803.0000 3745.0681 2.4486 34.9033
3805.0000 3747.0210 2.4486 34.9033
3807.0000 3748.9736 2.4485 34.9033
3809.0000 3750.9260 2.4486 34.9033
3811.0000 3752.8779 2.4483 34.9032
3813.0000 3754.8308 2.4478 34.9031
3815.0000 3756.7832 2.4470 34.9030
3817.0000 3758.7351 2.4463 34.9029
3819.0000 3760.6875 2.4456 34.9029
3821.0000 3762.6406 2.4449 34.9028
3823.0000 3764.5923 2.4450 34.9028
3825.0000 3766.5447 2.4446 34.9026
3827.0000 3768.4973 2.4447 34.9026
3829.0000 3770.4497 2.4447 34.9027
3831.0000 3772.4016 2.4444 34.9026
3833.0000 3774.3538 2.4427 34.9024
3835.0000 3776.3062 2.4420 34.9023
3837.0000 3778.2583 2.4419 34.9023
3839.0000 3780.2104 2.4425 34.9022
3841.0000 3782.1628 2.4423 34.9023
3843.0000 3784.1150 2.4422 34.9023
3845.0000 3786.0669 2.4424 34.9023
3847.0000 3788.0188 2.4427 34.9023
3849.0000 3789.9714 2.4431 34.9023
3851.0000 3791.9231 2.4433 34.9023
3853.0000 3793.8752 2.4434 34.9022
3855.0000 3795.8276 2.4437 34.9022
3857.0000 3797.7798 2.4439 34.9023
3859.0000 3799.7317 2.4439 34.9023
3861.0000 3801.6836 2.4443 34.9023
3863.0000 3803.6357 2.4445 34.9023
3865.0000 3805.5874 2.4446 34.9023
3867.0000 3807.5396 2.4449 34.9021
3869.0000 3809.4917 2.4447 34.9023
3871.0000 3811.4434 2.4445 34.9021
3873.0000 3813.3950 2.4444 34.9021
3875.0000 3815.3472 2.4446 34.9021
3877.0000 3817.2993 2.4447 34.9022
3879.0000 3819.2507 2.4445 34.9021
3881.0000 3821.2026 2.4454 34.9020
3883.0000 3823.1545 2.4434 34.9019
3885.0000 3825.1064 2.4426 34.9019
3887.0000 3827.0583 2.4418 34.9018
3889.0000 3829.0100 2.4412 34.9017
3891.0000 3830.9617 2.4409 34.9017
3893.0000 3832.9133 2.4409 34.9016
3895.0000 3834.8650 2.4409 34.9016
3897.0000 3836.8167 2.4398 34.9015
3899.0000 3838.7686 2.4418 34.9015
3901.0000 3840.7202 2.4384 34.9012
3903.0000 3842.6719 2.4369 34.9011
3905.0000 3844.6235 2.4359 34.9011
3907.0000 3846.5747 2.4357 34.9010
3909.0000 3848.5264 2.4352 34.9009
3911.0000 3850.4785 2.4351 34.9009
3913.0000 3852.4294 2.4353 34.9010
3915.0000 3854.3816 2.4354 34.9008
3917.0000 3856.3328 2.4360 34.9008
3919.0000 3858.2844 2.4371 34.9008
3921.0000 3860.2358 2.4354 34.9008
3923.0000 3862.1875 2.4352 34.9007
3925.0000 3864.1387 2.4348 34.9006
3927.0000 3866.0901 2.4342 34.9007
3929.0000 3868.0417 2.4341 34.9005
3931.0000 3869.9929 2.4338 34.9005
3933.0000 3871.9446 2.4357 34.9005
3935.0000 3873.8955 2.4348 34.9005
3937.0000 3875.8472 2.4342 34.9005
3939.0000 3877.7986 2.4337 34.9004
3941.0000 3879.7495 2.4332 34.9005
3943.0000 3881.7012 2.4324 34.9003
3945.0000 3883.6523 2.4322 34.9000
3947.0000 3885.6038 2.4296 34.8999
3949.0000 3887.5549 2.4298 34.8999
3951.0000 3889.5061 2.4303 34.9000
3953.0000 3891.4575 2.4305 34.9000
3955.0000 3893.4084 2.4298 34.8998
3957.0000 3895.3596 2.4294 34.8998
3959.0000 3897.3108 2.4290 34.8998
3961.0000 3899.2617 2.4301 34.8997
3963.0000 3901.2134 2.4289 34.8997
3965.0000 3903.1643 2.4288 34.8997
3967.0000 3905.1155 2.4288 34.8997
3969.0000 3907.0664 2.4285 34.8996
3971.0000 3909.0173 2.4265 34.8994
3973.0000 3910.9690 2.4254 34.8993
3975.0000 3912.9194 2.4265 34.8992
3977.0000 3914.8704 2.4270 34.8992
3979.0000 3916.8215 2.4235 34.8990
3981.0000 3918.7727 2.4238 34.8991
3983.0000 3920.7236 2.4241 34.8989
3985.0000 3922.6746 2.4244 34.8990
3987.0000 3924.6255 2.4236 34.8988
3989.0000 3926.5762 2.4222 34.8987
3991.0000 3928.5271 2.4221 34.8988
3993.0000 3930.4783 2.4220 34.8987
3995.0000 3932.4292 2.4218 34.8988
3997.0000 3934.3796 2.4216 34.8987
3999.0000 3936.3306 2.4216 34.8986
4001.0000 3938.2812 2.4233 34.8986
4003.0000 3940.2322 2.4218 34.8985
4005.0000 3942.1826 2.4210 34.8984
4007.0000 3944.1340 2.4202 34.8983
4009.0000 3946.0845 2.4199 34.8983
4011.0000 3948.0352 2.4189 34.8983
4013.0000 3949.9856 2.4188 34.8983
4015.0000 3951.9365 2.4208 34.8982
4017.0000 3953.8870 2.4211 34.8983
4019.0000 3955.8379 2.4181 34.8981
4021.0000 3957.7886 2.4169 34.8979
4023.0000 3959.7388 2.4167 34.8979
4025.0000 3961.6895 2.4163 34.8978
4027.0000 3963.6404 2.4163 34.8978
4029.0000 3965.5913 2.4163 34.8978
4031.0000 3967.5413 2.4170 34.8977
4033.0000 3969.4922 2.4164 34.8977
4035.0000 3971.4426 2.4151 34.8976
4037.0000 3973.3926 2.4139 34.8974
4039.0000 3975.3435 2.4128 34.8973
4041.0000 3977.2939 2.4126 34.8973
4043.0000 3979.2446 2.4126 34.8972
4045.0000 3981.1943 2.4125 34.8973
4047.0000 3983.1453 2.4124 34.8972
4049.0000 3985.0957 2.4125 34.8972
4051.0000 3987.0461 2.4126 34.8972
4053.0000 3988.9961 2.4126 34.8972
4055.0000 3990.9468 2.4129 34.8973
4057.0000 3992.8970 2.4128 34.8972
4059.0000 3994.8474 2.4127 34.8970
4061.0000 3996.7974 2.4126 34.8970
4063.0000 3998.7483 2.4129 34.8971
4065.0000 4000.6978 2.4130 34.8970
4067.0000 4002.6482 2.4130 34.8971
4069.0000 4004.5986 2.4129 34.8971
4071.0000 4006.5491 2.4130 34.8971
4073.0000 4008.4988 2.4128 34.8970
4075.0000 4010.4492 2.4131 34.8969
4077.0000 4012.3992 2.4129 34.8969
4079.0000 4014.3496 2.4131 34.8969
4081.0000 4016.2996 2.4133 34.8969
4083.0000 4018.2500 2.4134 34.8969
4085.0000 4020.1997 2.4136 34.8968
4087.0000 4022.1497 2.4138 34.8969
4089.0000 4024.0996 2.4128 34.8967
4091.0000 4026.0500 2.4118 34.8967
4093.0000 4027.9998 2.4119 34.8967
4095.0000 4029.9502 2.4121 34.8967
4097.0000 4031.8997 2.4120 34.8966
4099.0000 4033.8499 2.4123 34.8965
4101.0000 4035.7998 2.4117 34.8966
4103.0000 4037.7498 2.4117 34.8965
4105.0000 4039.6997 2.4114 34.8966
4107.0000 4041.6494 2.4124 34.8964
4109.0000 4043.5994 2.4120 34.8965
4111.0000 4045.5493 2.4122 34.8965
4113.0000 4047.4985 2.4122 34.8965
4115.0000 4049.4490 2.4120 34.8964
4117.0000 4051.3987 2.4116 34.8964
4119.0000 4053.3486 2.4112 34.8962
4121.0000 4055.2979 2.4107 34.8962
4123.0000 4057.2483 2.4104 34.8962
4125.0000 4059.1978 2.4099 34.8961
4127.0000 4061.1475 2.4090 34.8960
4129.0000 4063.0974 2.4084 34.8959
4131.0000 4065.0471 2.4081 34.8958
4133.0000 4066.9971 2.4080 34.8959
4135.0000 4068.9463 2.4067 34.8956
4137.0000 4070.8958 2.4062 34.8955
4139.0000 4072.8455 2.4044 34.8953
4141.0000 4074.7949 2.4040 34.8953
4143.0000 4076.7446 2.4036 34.8952
4145.0000 4078.6941 2.4044 34.8952
4147.0000 4080.6433 2.4033 34.8952
4149.0000 4082.5935 2.4027 34.8951
4151.0000 4084.5430 2.4018 34.8952
4153.0000 4086.4927 2.4020 34.8950
4155.0000 4088.4417 2.4022 34.8950
4157.0000 4090.3914 2.4020 34.8949
4159.0000 4092.3408 2.4040 34.8949
4161.0000 4094.2898 2.4030 34.8949
4163.0000 4096.2397 2.4023 34.8949
4165.0000 4098.1895 2.4019 34.8948
4167.0000 4100.1387 2.4016 34.8948
4169.0000 4102.0879 2.4012 34.8947
4171.0000 4104.0366 2.4020 34.8946
4173.0000 4105.9863 2.4011 34.8946
4175.0000 4107.9351 2.3994 34.8944
4177.0000 4109.8848 2.3979 34.8943
4179.0000 4111.8345 2.3978 34.8943
4181.0000 4113.7837 2.3979 34.8943
4183.0000 4115.7329 2.3979 34.8943
4185.0000 4117.6821 2.3977 34.8943
4187.0000 4119.6313 2.3981 34.8941
4189.0000 4121.5801 2.3981 34.8942
4191.0000 4123.5293 2.3982 34.8942
4193.0000 4125.4790 2.3983 34.8941
4195.0000 4127.4282 2.3979 34.8941
4197.0000 4129.3770 2.3977 34.8941
4199.0000 4131.3262 2.3977 34.8939
4201.0000 4133.2754 2.3976 34.8940
4203.0000 4135.2246 2.3975 34.8940
4205.0000 4137.1733 2.3971 34.8939
4207.0000 4139.1226 2.3970 34.8938
4209.0000 4141.0718 2.3970 34.8938
4211.0000 4143.0205 2.3966 34.8937
4213.0000 4144.9697 2.3966 34.8938
4215.0000 4146.9185 2.3965 34.8937
4217.0000 4148.8672 2.3966 34.8937
4219.0000 4150.8164 2.3966 34.8937
4221.0000 4152.7651 2.3968 34.8937
4223.0000 4154.7139 2.3971 34.8936
4225.0000 4156.6631 2.3972 34.8936
4227.0000 4158.6118 2.3973 34.8935
4229.0000 4160.5610 2.3971 34.8935
4231.0000 4162.5093 2.3970 34.8935
4233.0000 4164.4585 2.3967 34.8936
4235.0000 4166.4072 2.3965 34.8935
4237.0000 4168.3560 2.3959 34.8934
4239.0000 4170.3047 2.3955 34.8934
4241.0000 4172.2534 2.3955 34.8933
4243.0000 4174.2026 2.3955 34.8932
4245.0000 4176.1509 2.3952 34.8932
4247.0000 4178.0996 2.3955 34.8931
4249.0000 4180.0483 2.3957 34.8931
4251.0000 4181.9971 2.3959 34.8932
4253.0000 4183.9453 2.3960 34.8932
4255.0000 4185.8940 2.3959 34.8931
4257.0000 4187.8433 2.3955 34.8931
4259.0000 4189.7915 2.3953 34.8930
4261.0000 4191.7402 2.3954 34.8930
4263.0000 4193.6890 2.3953 34.8929
4265.0000 4195.6367 2.3955 34.8930
4267.0000 4197.5859 2.3953 34.8929
4269.0000 4199.5347 2.3967 34.8929
4271.0000 4201.4829 2.3946 34.8929
4273.0000 4203.4312 2.3946 34.8927
4275.0000 4205.3799 2.3948 34.8928
4277.0000 4207.3281 2.3948 34.8928
4279.0000 4209.2764 2.3946 34.8927
4281.0000 4211.2251 2.3943 34.8926
4283.0000 4213.1733 2.3951 34.8926
4285.0000 4215.1216 2.3949 34.8925
4287.0000 4217.0698 2.3926 34.8924
4289.0000 4219.0186 2.3926 34.8923
4291.0000 4220.9668 2.3926 34.8923
4293.0000 4222.9150 2.3928 34.8923
4295.0000 4224.8628 2.3925 34.8924
4297.0000 4226.8115 2.3928 34.8922
4299.0000 4228.7598 2.3927 34.8922
4301.0000 4230.7080 2.3925 34.8922
4303.0000 4232.6562 2.3933 34.8921
4305.0000 4234.6045 2.3925 34.8921
4307.0000 4236.5527 2.3924 34.8921
4309.0000 4238.5010 2.3924 34.8921
4311.0000 4240.4492 2.3924 34.8921
4313.0000 4242.3970 2.3925 34.8921
4315.0000 4244.3452 2.3925 34.8919
4317.0000 4246.2935 2.3924 34.8921
4319.0000 4248.2417 2.3926 34.8919
4321.0000 4250.1895 2.3925 34.8920
4323.0000 4252.1377 2.3924 34.8919
4325.0000 4254.0859 2.3924 34.8919
4327.0000 4256.0332 2.3921 34.8919
4329.0000 4257.9819 2.3920 34.8919
4331.0000 4259.9297 2.3920 34.8919
4333.0000 4261.8779 2.3917 34.8917
4335.0000 4263.8252 2.3914 34.8917
4337.0000 4265.7734 2.3912 34.8917
4339.0000 4267.7217 2.3911 34.8916
4341.0000 4269.6689 2.3904 34.8915
4343.0000 4271.6172 2.3900 34.8914
4345.0000 4273.5649 2.3911 34.8913
4347.0000 4275.5127 2.3888 34.8913
4349.0000 4277.4604 2.3887 34.8912
4351.0000 4279.4087 2.3883 34.8912
4353.0000 4281.3564 2.3877 34.8911
4355.0000 4283.3042 2.3871 34.8909
4357.0000 4285.2515 2.3884 34.8910
4359.0000 4287.1997 2.3881 34.8909
4361.0000 4289.1475 2.3866 34.8909
4363.0000 4291.0947 2.3866 34.8908
4365.0000 4293.0430 2.3864 34.8908
4367.0000 4294.9907 2.3863 34.8908
4369.0000 4296.9385 2.3866 34.8908
4371.0000 4298.8853 2.3868 34.8907
4373.0000 4300.8335 2.3868 34.8907
4375.0000 4302.7808 2.3868 34.8908
4377.0000 4304.7285 2.3870 34.8908
4379.0000 4306.6763 2.3873 34.8907
4381.0000 4308.6235 2.3875 34.8907
4383.0000 4310.5713 2.3876 34.8908
4385.0000 4312.5190 2.3880 34.8907
4387.0000 4314.4668 2.3881 34.8907
4389.0000 4316.4136 2.3884 34.8906
4391.0000 4318.3613 2.3885 34.8906
4393.0000 4320.3091 2.3881 34.8906
4395.0000 4322.2563 2.3879 34.8906
4397.0000 4324.2031 2.3880 34.8906
4399.0000 4326.1509 2.3878 34.8906
4401.0000 4328.0986 2.3873 34.8905
4403.0000 4330.0459 2.3875 34.8904
4405.0000 4331.9927 2.3889 34.8903
4407.0000 4333.9404 2.3863 34.8903
4409.0000 4335.8877 2.3866 34.8903
4411.0000 4337.8354 2.3869 34.8903
4413.0000 4339.7827 2.3870 34.8903
4415.0000 4341.7300 2.3868 34.8902
4417.0000 4343.6768 2.3868 34.8902
4419.0000 4345.6240 2.3866 34.8901
4421.0000 4347.5713 2.3867 34.8901
4423.0000 4349.5186 2.3867 34.8901
4425.0000 4351.4658 2.3869 34.8901
4427.0000 4353.4131 2.3869 34.8901
4429.0000 4355.3604 2.3865 34.8900
4431.0000 4357.3071 2.3867 34.8901
4433.0000 4359.2549 2.3870 34.8900
4435.0000 4361.2012 2.3869 34.8900
4437.0000 4363.1484 2.3868 34.8900
4439.0000 4365.0957 2.3866 34.8899
4441.0000 4367.0430 2.3876 34.8898
4443.0000 4368.9902 2.3863 34.8898
4445.0000 4370.9365 2.3864 34.8899
4447.0000 4372.8838 2.3866 34.8898
4449.0000 4374.8311 2.3868 34.8898
4451.0000 4376.7773 2.3869 34.8898
4453.0000 4378.7246 2.3868 34.8898
4455.0000 4380.6714 2.3869 34.8899
4457.0000 4382.6182 2.3875 34.8897
4459.0000 4384.5649 2.3876 34.8897
4461.0000 4386.5122 2.3873 34.8897
4463.0000 4388.4590 2.3870 34.8897
4465.0000 4390.4058 2.3870 34.8896
4467.0000 4392.3525 2.3869 34.8896
4469.0000 4394.2993 2.3875 34.8895
4471.0000 4396.2466 2.3874 34.8897
4473.0000 4398.1934 2.3874 34.8895
4475.0000 4400.1396 2.3873 34.8895
4477.0000 4402.0869 2.3872 34.8895
4479.0000 4404.0332 2.3869 34.8894
4481.0000 4405.9800 2.3865 34.8894
4483.0000 4407.9268 2.3878 34.8893
4485.0000 4409.8730 2.3871 34.8892
4487.0000 4411.8203 2.3857 34.8893
4489.0000 4413.7671 2.3855 34.8891
4491.0000 4415.7134 2.3854 34.8890
4493.0000 4417.6597 2.3851 34.8890
4495.0000 4419.6064 2.3845 34.8890
4497.0000 4421.5532 2.3860 34.8890
4499.0000 4423.4995 2.3862 34.8891
4501.0000 4425.4463 2.3852 34.8890
4503.0000 4427.3931 2.3854 34.8890
4505.0000 4429.3394 2.3853 34.8889
4507.0000 4431.2856 2.3852 34.8890
4509.0000 4433.2319 2.3854 34.8888
4511.0000 4435.1787 2.3853 34.8889
4513.0000 4437.1250 2.3852 34.8888
4515.0000 4439.0718 2.3853 34.8889
4517.0000 4441.0181 2.3853 34.8888
4519.0000 4442.9648 2.3850 34.8887
4521.0000 4444.9102 2.3856 34.8887
4523.0000 4446.8569 2.3852 34.8887
4525.0000 4448.8037 2.3853 34.8887
4527.0000 4450.7495 2.3854 34.8887
4529.0000 4452.6963 2.3854 34.8888
4531.0000 4454.6426 2.3853 34.8887
4533.0000 4456.5889 2.3853 34.8887
4535.0000 4458.5347 2.3860 34.8885
4537.0000 4460.4810 2.3857 34.8886
4539.0000 4462.4272 2.3859 34.8887
4541.0000 4464.3730 2.3855 34.8885
4543.0000 4466.3198 2.3856 34.8886
4545.0000 4468.2661 2.3856 34.8885
4547.0000 4470.2119 2.3862 34.8883
4549.0000 4472.1582 2.3856 34.8885
4551.0000 4474.1045 2.3854 34.8885
4553.0000 4476.0508 2.3857 34.8884
4555.0000 4477.9966 2.3861 34.8885
4557.0000 4479.9424 2.3861 34.8885
4559.0000 4481.8882 2.3857 34.8884
4561.0000 4483.8340 2.3865 34.8882
4563.0000 4485.7803 2.3857 34.8884
4565.0000 4487.7266 2.3856 34.8883
4567.0000 4489.6729 2.3860 34.8884
4569.0000 4491.6187 2.3862 34.8883
4571.0000 4493.5645 2.3863 34.8883
4573.0000 4495.5107 2.3863 34.8882
4575.0000 4497.4565 2.3862 34.8883
4577.0000 4499.4023 2.3864 34.8882
4579.0000 4501.3486 2.3866 34.8882
4581.0000 4503.2939 2.3865 34.8882
4583.0000 4505.2397 2.3868 34.8881
4585.0000 4507.1855 2.3870 34.8881
4587.0000 4509.1313 2.3874 34.8882
4589.0000 4511.0771 2.3876 34.8882
4591.0000 4513.0229 2.3867 34.8881
4593.0000 4514.9688 2.3855 34.8879
4595.0000 4516.9146 2.3850 34.8877
4597.0000 4518.8604 2.3853 34.8878
4599.0000 4520.8062 2.3866 34.8878
4601.0000 4522.7520 2.3847 34.8877
4603.0000 4524.6973 2.3846 34.8877
4605.0000 4526.6431 2.3844 34.8876
4607.0000 4528.5889 2.3841 34.8876
4609.0000 4530.5347 2.3841 34.8876
4611.0000 4532.4805 2.3839 34.8874
4613.0000 4534.4258 2.3836 34.8875
4615.0000 4536.3711 2.3836 34.8875
4617.0000 4538.3164 2.3837 34.8874
4619.0000 4540.2622 2.3838 34.8873
4621.0000 4542.2075 2.3838 34.8874
4623.0000 4544.1528 2.3839 34.8874
4625.0000 4546.0986 2.3839 34.8873
4627.0000 4548.0444 2.3828 34.8871
4629.0000 4549.9897 2.3821 34.8871
4631.0000 4551.9351 2.3832 34.8870
4633.0000 4553.8804 2.3826 34.8871
4635.0000 4555.8262 2.3827 34.8871
4637.0000 4557.7710 2.3830 34.8872
4639.0000 4559.7168 2.3832 34.8872
4641.0000 4561.6626 2.3829 34.8871
4643.0000 4563.6079 2.3829 34.8871
4645.0000 4565.5527 2.3829 34.8870
4647.0000 4567.4980 2.3829 34.8870
4649.0000 4569.4434 2.3827 34.8869
4651.0000 4571.3887 2.3829 34.8870
4653.0000 4573.3340 2.3832 34.8870
4655.0000 4575.2793 2.3831 34.8869
4657.0000 4577.2246 2.3830 34.8869
4659.0000 4579.1699 2.3829 34.8869
4661.0000 4581.1152 2.3830 34.8868
4663.0000 4583.0601 2.3838 34.8867
4665.0000 4585.0049 2.3830 34.8868
4667.0000 4586.9502 2.3831 34.8868
4669.0000 4588.8955 2.3829 34.8868
4671.0000 4590.8403 2.3828 34.8868
4673.0000 4592.7856 2.3828 34.8867
4675.0000 4594.7310 2.3828 34.8867
4677.0000 4596.6763 2.3829 34.8867
4679.0000 4598.6206 2.3830 34.8866
4681.0000 4600.5659 2.3832 34.8866
4683.0000 4602.5112 2.3836 34.8866
4685.0000 4604.4556 2.3838 34.8866
4687.0000 4606.4004 2.3838 34.8866
4689.0000 4608.3457 2.3839 34.8866
4691.0000 4610.2910 2.3838 34.8865
4693.0000 4612.2354 2.3839 34.8866
4695.0000 4614.1807 2.3842 34.8866
4697.0000 4616.1255 2.3843 34.8866
4699.0000 4618.0698 2.3844 34.8867
4701.0000 4620.0151 2.3846 34.8866
4703.0000 4621.9600 2.3846 34.8866
4705.0000 4623.9048 2.3846 34.8865
4707.0000 4625.8496 2.3852 34.8864
4709.0000 4627.7944 2.3848 34.8865
4711.0000 4629.7393 2.3851 34.8866
4713.0000 4631.6836 2.3851 34.8865
4715.0000 4633.6284 2.3850 34.8864
4717.0000 4635.5732 2.3848 34.8864
4719.0000 4637.5186 2.3849 34.8863
4721.0000 4639.4629 2.3852 34.8862
4723.0000 4641.4077 2.3849 34.8864
4725.0000 4643.3525 2.3851 34.8864
4727.0000 4645.2964 2.3854 34.8863
4729.0000 4647.2417 2.3852 34.8862
4731.0000 4649.1860 2.3860 34.8862
4733.0000 4651.1309 2.3857 34.8864
4735.0000 4653.0752 2.3859 34.8862
4737.0000 4655.0195 2.3861 34.8862
4739.0000 4656.9644 2.3861 34.8863
4741.0000 4658.9082 2.3862 34.8862
4743.0000 4660.8530 2.3863 34.8862
4745.0000 4662.7974 2.3866 34.8862
4747.0000 4664.7417 2.3867 34.8862
4749.0000 4666.6860 2.3868 34.8861
4751.0000 4668.6309 2.3871 34.8860
4753.0000 4670.5757 2.3871 34.8862
4755.0000 4672.5200 2.3871 34.8861
4757.0000 4674.4644 2.3869 34.8861
4759.0000 4676.4092 2.3871 34.8860
4761.0000 4678.3525 2.3866 34.8860
4763.0000 4680.2974 2.3865 34.8860
4765.0000 4682.2417 2.3866 34.8858
4767.0000 4684.1860 2.3864 34.8858
4769.0000 4686.1299 2.3867 34.8859
4771.0000 4688.0742 2.3869 34.8859
4773.0000 4690.0186 2.3870 34.8859
4775.0000 4691.9624 2.3870 34.8858
4777.0000 4693.9072 2.3869 34.8858
4779.0000 4695.8516 2.3862 34.8857
4781.0000 4697.7959 2.3864 34.8857
4783.0000 4699.7397 2.3863 34.8856
4785.0000 4701.6841 2.3866 34.8857
4787.0000 4703.6279 2.3869 34.8855
4789.0000 4705.5718 2.3868 34.8856
4791.0000 4707.5161 2.3862 34.8856
4793.0000 4709.4600 2.3860 34.8855
4795.0000 4711.4043 2.3862 34.8856
4797.0000 4713.3486 2.3861 34.8854
4799.0000 4715.2930 2.3862 34.8854
4801.0000 4717.2363 2.3862 34.8854
4803.0000 4719.1802 2.3865 34.8854
4805.0000 4721.1245 2.3861 34.8854
4807.0000 4723.0684 2.3860 34.8853
4809.0000 4725.0122 2.3861 34.8853
4811.0000 4726.9561 2.3862 34.8853
4813.0000 4728.8999 2.3862 34.8853
4815.0000 4730.8447 2.3866 34.8852
4817.0000 4732.7881 2.3868 34.8853
4819.0000 4734.7319 2.3867 34.8852
4821.0000 4736.6758 2.3866 34.8852
4823.0000 4738.6196 2.3869 34.8852
4825.0000 4740.5630 2.3872 34.8852
4827.0000 4742.5068 2.3870 34.8851
4829.0000 4744.4517 2.3871 34.8851
4831.0000 4746.3945 2.3873 34.8851
4833.0000 4748.3384 2.3868 34.8850
4835.0000 4750.2822 2.3861 34.8849
4837.0000 4752.2256 2.3859 34.8849
4839.0000 4754.1694 2.3859 34.8848
4841.0000 4756.1133 2.3861 34.8848
4843.0000 4758.0576 2.3855 34.8848
4845.0000 4760.0005 2.3854 34.8847
4847.0000 4761.9443 2.3852 34.8846
4849.0000 4763.8882 2.3850 34.8846
4851.0000 4765.8311 2.3855 34.8846
4853.0000 4767.7749 2.3858 34.8845
4855.0000 4769.7183 2.3856 34.8846
4857.0000 4771.6626 2.3860 34.8846
4859.0000 4773.6060 2.3863 34.8846
4861.0000 4775.5493 2.3862 34.8846
4863.0000 4777.4927 2.3861 34.8846
4865.0000 4779.4355 2.3863 34.8845
4867.0000 4781.3794 2.3868 34.8844
4869.0000 4783.3232 2.3865 34.8844
4871.0000 4785.2661 2.3859 34.8843
4873.0000 4787.2095 2.3859 34.8843
4875.0000 4789.1533 2.3860 34.8843
4877.0000 4791.0967 2.3859 34.8843
4879.0000 4793.0400 2.3857 34.8843
4881.0000 4794.9834 2.3856 34.8843
4883.0000 4796.9268 2.3868 34.8842
4885.0000 4798.8696 2.3861 34.8842
4887.0000 4800.8130 2.3859 34.8842
4889.0000 4802.7563 2.3860 34.8842
4891.0000 4804.7002 2.3861 34.8843
4893.0000 4806.6431 2.3863 34.8842
4895.0000 4808.5864 2.3864 34.8842
4897.0000 4810.5298 2.3861 34.8841
4899.0000 4812.4722 2.3860 34.8840
4901.0000 4814.4160 2.3871 34.8840
4903.0000 4816.3589 2.3865 34.8840
4905.0000 4818.3022 2.3861 34.8840
4907.0000 4820.2451 2.3860 34.8839
4909.0000 4822.1880 2.3860 34.8839
4911.0000 4824.1318 2.3858 34.8838
4913.0000 4826.0747 2.3856 34.8838
4915.0000 4828.0176 2.3856 34.8838
4917.0000 4829.9609 2.3863 34.8837
4919.0000 4831.9038 2.3864 34.8838
4921.0000 4833.8467 2.3860 34.8838
4923.0000 4835.7896 2.3862 34.8838
4925.0000 4837.7324 2.3861 34.8837
4927.0000 4839.6753 2.3860 34.8837
4929.0000 4841.6187 2.3862 34.8836
4931.0000 4843.5615 2.3865 34.8837
4933.0000 4845.5039 2.3867 34.8836
4935.0000 4847.4468 2.3868 34.8836
4937.0000 4849.3896 2.3871 34.8836
4939.0000 4851.3330 2.3872 34.8837
4941.0000 4853.2754 2.3876 34.8837
4943.0000 4855.2183 2.3880 34.8837
4945.0000 4857.1611 2.3881 34.8837
4947.0000 4859.1040 2.3882 34.8837
4949.0000 4861.0469 2.3884 34.8836
4951.0000 4862.9897 2.3888 34.8835
4953.0000 4864.9326 2.3894 34.8837
4955.0000 4866.8750 2.3900 34.8838
4957.0000 4868.8179 2.3901 34.8837
4959.0000 4870.7607 2.3901 34.8837
4961.0000 4872.7031 2.3903 34.8836
4963.0000 4874.6465 2.3906 34.8836
4965.0000 4876.5889 2.3907 34.8837
4967.0000 4878.5317 2.3906 34.8837
4969.0000 4880.4736 2.3906 34.8836
4971.0000 4882.4165 2.3908 34.8835
4973.0000 4884.3594 2.3910 34.8835
4975.0000 4886.3013 2.3912 34.8836
4977.0000 4888.2437 2.3916 34.8836
4979.0000 4890.1870 2.3919 34.8837
4981.0000 4892.1294 2.3920 34.8836
4983.0000 4894.0718 2.3923 34.8834
4985.0000 4896.0142 2.3925 34.8835
4987.0000 4897.9570 2.3925 34.8836
4989.0000 4899.8989 2.3930 34.8836
4991.0000 4901.8413 2.3932 34.8836
4993.0000 4903.7842 2.3931 34.8835
4995.0000 4905.7261 2.3935 34.8834
4997.0000 4907.6689 2.3939 34.8834
4999.0000 4909.6108 2.3936 34.8835
5001.0000 4911.5537 2.3939 34.8835
5003.0000 4913.4956 2.3942 34.8835
5005.0000 4915.4375 2.3940 34.8835
5007.0000 4917.3804 2.3936 34.8834
5009.0000 4919.3228 2.3948 34.8832
5011.0000 4921.2646 2.3945 34.8833
5013.0000 4923.2070 2.3940 34.8833
5015.0000 4925.1494 2.3942 34.8833
5017.0000 4927.0913 2.3940 34.8833
5019.0000 4929.0337 2.3938 34.8832
5021.0000 4930.9761 2.3943 34.8832
5023.0000 4932.9180 2.3943 34.8832
5025.0000 4934.8599 2.3938 34.8832
5027.0000 4936.8022 2.3931 34.8830
5029.0000 4938.7446 2.3917 34.8828
5031.0000 4940.6860 2.3909 34.8827
5033.0000 4942.6284 2.3910 34.8827
5035.0000 4944.5708 2.3914 34.8828
5037.0000 4946.5127 2.3916 34.8828
5039.0000 4948.4546 2.3918 34.8828
5041.0000 4950.3970 2.3915 34.8827
5043.0000 4952.3389 2.3916 34.8827
5045.0000 4954.2803 2.3916 34.8826
5047.0000 4956.2227 2.3918 34.8826
5049.0000 4958.1650 2.3920 34.8826
5051.0000 4960.1060 2.3919 34.8826
5053.0000 4962.0483 2.3910 34.8825
5055.0000 4963.9902 2.3904 34.8822
5057.0000 4965.9321 2.3910 34.8822
5059.0000 4967.8740 2.3910 34.8823
5061.0000 4969.8159 2.3908 34.8822
5063.0000 4971.7578 2.3910 34.8823
5065.0000 4973.6997 2.3915 34.8824
5067.0000 4975.6411 2.3916 34.8823
5069.0000 4977.5830 2.3912 34.8822
5071.0000 4979.5249 2.3918 34.8821
5073.0000 4981.4668 2.3918 34.8822
5075.0000 4983.4082 2.3922 34.8823
5077.0000 4985.3501 2.3925 34.8822
5079.0000 4987.2915 2.3925 34.8823
5081.0000 4989.2329 2.3926 34.8822
5083.0000 4991.1753 2.3930 34.8822
5085.0000 4993.1167 2.3935 34.8823
5087.0000 4995.0576 2.3937 34.8822
5089.0000 4997.0005 2.3939 34.8822
5091.0000 4998.9414 2.3943 34.8823
5093.0000 5000.8828 2.3946 34.8823
5095.0000 5002.8247 2.3947 34.8823
5097.0000 5004.7661 2.3946 34.8821
5099.0000 5006.7080 2.3951 34.8821
5101.0000 5008.6489 2.3952 34.8821
5103.0000 5010.5908 2.3950 34.8822
5105.0000 5012.5327 2.3952 34.8822
5107.0000 5014.4736 2.3954 34.8822
5109.0000 5016.4146 2.3956 34.8821
5111.0000 5018.3569 2.3957 34.8821
5113.0000 5020.2974 2.3958 34.8821
5115.0000 5022.2393 2.3961 34.8820
5117.0000 5024.1807 2.3966 34.8819
5119.0000 5026.1221 2.3967 34.8822
5121.0000 5028.0635 2.3971 34.8821
5123.0000 5030.0049 2.3973 34.8821
5125.0000 5031.9458 2.3972 34.8821
5127.0000 5033.8872 2.3971 34.8820
5129.0000 5035.8286 2.3973 34.8820
5131.0000 5037.7700 2.3975 34.8818
5133.0000 5039.7109 2.3971 34.8819
5135.0000 5041.6523 2.3973 34.8821
5137.0000 5043.5938 2.3975 34.8820
5139.0000 5045.5347 2.3976 34.8820
5141.0000 5047.4761 2.3976 34.8819
5143.0000 5049.4170 2.3978 34.8818
5145.0000 5051.3579 2.3973 34.8817
5147.0000 5053.2993 2.3971 34.8818
5149.0000 5055.2402 2.3968 34.8817
5151.0000 5057.1816 2.3963 34.8817
5153.0000 5059.1230 2.3971 34.8816
5155.0000 5061.0630 2.3968 34.8816
5157.0000 5063.0049 2.3970 34.8816
5159.0000 5064.9458 2.3973 34.8816
5161.0000 5066.8867 2.3974 34.8816
5163.0000 5068.8276 2.3973 34.8816
5165.0000 5070.7681 2.3977 34.8816
5167.0000 5072.7100 2.3979 34.8816
5169.0000 5074.6504 2.3980 34.8816
5171.0000 5076.5918 2.3983 34.8815
5173.0000 5078.5327 2.3987 34.8816
5175.0000 5080.4731 2.3991 34.8816
5177.0000 5082.4141 2.3993 34.8817
5179.0000 5084.3550 2.3996 34.8816
5181.0000 5086.2959 2.4000 34.8816
5183.0000 5088.2363 2.4004 34.8816
5185.0000 5090.1777 2.4005 34.8815
5187.0000 5092.1182 2.4003 34.8815
5189.0000 5094.0591 2.4009 34.8814
5191.0000 5096.0000 2.4011 34.8815
5193.0000 5097.9409 2.4015 34.8816
5195.0000 5099.8809 2.4016 34.8816
5197.0000 5101.8218 2.4015 34.8816
5199.0000 5103.7632 2.4016 34.8815
5201.0000 5105.7031 2.4022 34.8814
5203.0000 5107.6440 2.4024 34.8815
5205.0000 5109.5845 2.4022 34.8816
5207.0000 5111.5254 2.4026 34.8816
5209.0000 5113.4653 2.4028 34.8816
5211.0000 5115.4067 2.4030 34.8816
5213.0000 5117.3472 2.4029 34.8814
5215.0000 5119.2881 2.4033 34.8813
5217.0000 5121.2280 2.4031 34.8815
5219.0000 5123.1685 2.4035 34.8814
5221.0000 5125.1094 2.4037 34.8814
5223.0000 5127.0493 2.4040 34.8815
5225.0000 5128.9902 2.4041 34.8815
5227.0000 5130.9307 2.4040 34.8813
5229.0000 5132.8716 2.4045 34.8813
5231.0000 5134.8115 2.4043 34.8813
5233.0000 5136.7520 2.4048 34.8814
5235.0000 5138.6924 2.4045 34.8813
5237.0000 5140.6328 2.4045 34.8812
5239.0000 5142.5728 2.4046 34.8813
5241.0000 5144.5137 2.4047 34.8812
5243.0000 5146.4541 2.4050 34.8813
5245.0000 5148.3940 2.4053 34.8812
5247.0000 5150.3345 2.4055 34.8812
5249.0000 5152.2749 2.4058 34.8813
5251.0000 5154.2148 2.4061 34.8812
5253.0000 5156.1553 2.4062 34.8812
5255.0000 5158.0957 2.4065 34.8811
5257.0000 5160.0352 2.4065 34.8812
5259.0000 5161.9756 2.4068 34.8812
5261.0000 5163.9160 2.4072 34.8812
5263.0000 5165.8564 2.4074 34.8813
5265.0000 5167.7964 2.4077 34.8813
5267.0000 5169.7363 2.4079 34.8812
5269.0000 5171.6772 2.4082 34.8810
5271.0000 5173.6167 2.4084 34.8812
5273.0000 5175.5571 2.4086 34.8813
5275.0000 5177.4971 2.4090 34.8813
5277.0000 5179.4370 2.4091 34.8811
5279.0000 5181.3765 2.4090 34.8812
5281.0000 5183.3169 2.4093 34.8811
5283.0000 5185.2568 2.4094 34.8812
5285.0000 5187.1968 2.4091 34.8811
5287.0000 5189.1367 2.4089 34.8810
5289.0000 5191.0771 2.4090 34.8810
5291.0000 5193.0166 2.4094 34.8810
5293.0000 5194.9565 2.4097 34.8811
5295.0000 5196.8965 2.4098 34.8810
5297.0000 5198.8364 2.4100 34.8810
5299.0000 5200.7759 2.4102 34.8810
5301.0000 5202.7163 2.4105 34.8810
5303.0000 5204.6558 2.4108 34.8811
5305.0000 5206.5962 2.4109 34.8809
5307.0000 5208.5356 2.4110 34.8810
5309.0000 5210.4756 2.4112 34.8809
5311.0000 5212.4155 2.4114 34.8810
5313.0000 5214.3545 2.4117 34.8809
5315.0000 5216.2949 2.4119 34.8810
5317.0000 5218.2344 2.4121 34.8810
5319.0000 5220.1743 2.4125 34.8810
5321.0000 5222.1133 2.4128 34.8811
5323.0000 5224.0532 2.4130 34.8810
5325.0000 5225.9927 2.4133 34.8809
5327.0000 5227.9321 2.4134 34.8810
5329.0000 5229.8726 2.4137 34.8809
5331.0000 5231.8120 2.4138 34.8809
5333.0000 5233.7510 2.4142 34.8808
5335.0000 5235.6909 2.4140 34.8810
5337.0000 5237.6309 2.4145 34.8809
5339.0000 5239.5703 2.4148 34.8809
5341.0000 5241.5098 2.4146 34.8809
5343.0000 5243.4497 2.4145 34.8809
5345.0000 5245.3887 2.4154 34.8807
5347.0000 5247.3281 2.4156 34.8808
5349.0000 5249.2671 2.4153 34.8808
5351.0000 5251.2070 2.4155 34.8809
5353.0000 5253.1465 2.4159 34.8809
5355.0000 5255.0859 2.4159 34.8808
5357.0000 5257.0254 2.4160 34.8808
5359.0000 5258.9648 2.4160 34.8808
5361.0000 5260.9038 2.4164 34.8808
5363.0000 5262.8428 2.4167 34.8808
5365.0000 5264.7827 2.4172 34.8808
5367.0000 5266.7222 2.4175 34.8808
5369.0000 5268.6611 2.4177 34.8808
5371.0000 5270.6006 2.4176 34.8808
5373.0000 5272.5396 2.4177 34.8808
5375.0000 5274.4785 2.4184 34.8806
5377.0000 5276.4180 2.4189 34.8806
5379.0000 5278.3574 2.4190 34.8806
5381.0000 5280.2969 2.4193 34.8806
5383.0000 5282.2354 2.4193 34.8806
5385.0000 5284.1748 2.4198 34.8806
5387.0000 5286.1143 2.4199 34.8807
5389.0000 5288.0532 2.4199 34.8808
5391.0000 5289.9927 2.4199 34.8807
5393.0000 5291.9312 2.4200 34.8806
5395.0000 5293.8701 2.4203 34.8806
5397.0000 5295.8096 2.4205 34.8805
5399.0000 5297.7485 2.4211 34.8807
5401.0000 5299.6880 2.4209 34.8807
5403.0000 5301.6265 2.4209 34.8806
5405.0000 5303.5654 2.4211 34.8806
5407.0000 5305.5049 2.4215 34.8805
5409.0000 5307.4429 2.4217 34.8806
5411.0000 5309.3823 2.4215 34.8806
5413.0000 5311.3213 2.4216 34.8806
5415.0000 5313.2603 2.4217 34.8806
5417.0000 5315.1987 2.4218 34.8804
5419.0000 5317.1377 2.4219 34.8805
5421.0000 5319.0771 2.4222 34.8805
5423.0000 5321.0156 2.4224 34.8805
5425.0000 5322.9546 2.4230 34.8804
5427.0000 5324.8936 2.4234 34.8804
5429.0000 5326.8325 2.4236 34.8803
5431.0000 5328.7710 2.4236 34.8803
5433.0000 5330.7100 2.4240 34.8804
5435.0000 5332.6484 2.4242 34.8803
5437.0000 5334.5869 2.4246 34.8805
5439.0000 5336.5259 2.4243 34.8804
5441.0000 5338.4648 2.4243 34.8805
5443.0000 5340.4033 2.4249 34.8803
5445.0000 5342.3418 2.4253 34.8803
5447.0000 5344.2803 2.4251 34.8804
5449.0000 5346.2192 2.4251 34.8804
5451.0000 5348.1577 2.4251 34.8804
5453.0000 5350.0962 2.4255 34.8803
5455.0000 5352.0352 2.4257 34.8803
5457.0000 5353.9736 2.4257 34.8804
5459.0000 5355.9116 2.4259 34.8804
5461.0000 5357.8506 2.4260 34.8803
5463.0000 5359.7896 2.4261 34.8803
5465.0000 5361.7271 2.4262 34.8802
5467.0000 5363.6660 2.4262 34.8802
5469.0000 5365.6050 2.4265 34.8803
5471.0000 5367.5425 2.4270 34.8803
5473.0000 5369.4814 2.4270 34.8803
5475.0000 5371.4199 2.4274 34.8802
5477.0000 5373.3579 2.4272 34.8802
5479.0000 5375.2964 2.4274 34.8801
5481.0000 5377.2354 2.4277 34.8800
5483.0000 5379.1733 2.4279 34.8800
5485.0000 5381.1113 2.4279 34.8800
5487.0000 5383.0498 2.4282 34.8800
5489.0000 5384.9888 2.4282 34.8801
5491.0000 5386.9268 2.4285 34.8800
5493.0000 5388.8647 2.4287 34.8800
5495.0000 5390.8032 2.4287 34.8800
5497.0000 5392.7412 2.4284 34.8801
5499.0000 5394.6792 2.4286 34.8800
5501.0000 5396.6177 2.4295 34.8799
5503.0000 5398.5562 2.4292 34.8800
5505.0000 5400.4941 2.4295 34.8799
5507.0000 5402.4321 2.4298 34.8799
5509.0000 5404.3706 2.4300 34.8799
5511.0000 5406.3086 2.4305 34.8799
5513.0000 5408.2461 2.4307 34.8799
5515.0000 5410.1851 2.4308 34.8799
5517.0000 5412.1226 2.4314 34.8799
5519.0000 5414.0605 2.4315 34.8799
5521.0000 5415.9990 2.4317 34.8799
5523.0000 5417.9370 2.4322 34.8800
5525.0000 5419.8750 2.4324 34.8799
5527.0000 5421.8125 2.4328 34.8800
5529.0000 5423.7510 2.4329 34.8799
5531.0000 5425.6890 2.4329 34.8800
5533.0000 5427.6265 2.4331 34.8798
5535.0000 5429.5649 2.4332 34.8798
5537.0000 5431.5024 2.4331 34.8798
