CTD cast

DATE:  05-Jan-2016 13:21:59
latitude:  24.5002
longitude:  -42.6004
  P (db)  z (m)    T (^oC)  S (psu)
3.0000 2.9808 24.2178 37.4243
5.0000 4.9680 24.2173 37.4242
7.0000 6.9551 24.2169 37.4239
9.0000 8.9422 24.2182 37.4241
11.0000 10.9293 24.2191 37.4243
13.0000 12.9164 24.2197 37.4243
15.0000 14.9035 24.2201 37.4243
17.0000 16.8906 24.2203 37.4243
19.0000 18.8776 24.2213 37.4247
21.0000 20.8646 24.2221 37.4248
23.0000 22.8516 24.2224 37.4248
25.0000 24.8386 24.2225 37.4246
27.0000 26.8255 24.2226 37.4244
29.0000 28.8125 24.2232 37.4245
31.0000 30.7994 24.2244 37.4246
33.0000 32.7863 24.2247 37.4245
35.0000 34.7732 24.2250 37.4246
37.0000 36.7600 24.2259 37.4251
39.0000 38.7469 24.2267 37.4252
41.0000 40.7337 24.2271 37.4252
43.0000 42.7205 24.2270 37.4252
45.0000 44.7073 24.2272 37.4252
47.0000 46.6941 24.2276 37.4251
49.0000 48.6808 24.2279 37.4250
51.0000 50.6675 24.2281 37.4249
53.0000 52.6542 24.2285 37.4248
55.0000 54.6409 24.2288 37.4248
57.0000 56.6276 24.2291 37.4248
59.0000 58.6142 24.2289 37.4249
61.0000 60.6009 24.2271 37.4244
63.0000 62.5875 24.2246 37.4238
65.0000 64.5741 24.2232 37.4232
67.0000 66.5606 24.2236 37.4231
69.0000 68.5472 24.2237 37.4230
71.0000 70.5337 24.2240 37.4230
73.0000 72.5202 24.2236 37.4228
75.0000 74.5067 24.2188 37.4210
77.0000 76.4932 24.2218 37.4219
79.0000 78.4797 24.2098 37.4184
81.0000 80.4661 24.2018 37.4157
83.0000 82.4525 24.1646 37.4054
85.0000 84.4389 24.0041 37.3668
87.0000 86.4253 23.9882 37.3673
89.0000 88.4117 23.7728 37.3225
91.0000 90.3980 23.4577 37.2730
93.0000 92.3843 23.4257 37.2705
95.0000 94.3706 23.4068 37.2677
97.0000 96.3569 23.2134 37.2505
99.0000 98.3432 23.1354 37.2512
101.0000 100.3294 22.9426 37.2461
103.0000 102.3157 22.9142 37.2550
105.0000 104.3018 22.8707 37.2559
107.0000 106.2880 22.7915 37.2527
109.0000 108.2742 22.6866 37.2492
111.0000 110.2604 22.5623 37.2523
113.0000 112.2465 22.4830 37.2572
115.0000 114.2326 22.4735 37.2499
117.0000 116.2187 22.3642 37.2445
119.0000 118.2048 22.3529 37.2468
121.0000 120.1908 22.2958 37.2461
123.0000 122.1768 22.3038 37.2449
125.0000 124.1629 22.1686 37.2437
127.0000 126.1489 22.1949 37.2437
129.0000 128.1348 22.0902 37.2355
131.0000 130.1208 22.0531 37.2349
133.0000 132.1067 22.0104 37.2276
135.0000 134.0927 21.9734 37.2327
137.0000 136.0786 21.9304 37.2273
139.0000 138.0644 21.7948 37.2155
141.0000 140.0503 21.7631 37.2149
143.0000 142.0361 21.7136 37.2107
145.0000 144.0219 21.6449 37.2065
147.0000 146.0078 21.6240 37.2043
149.0000 147.9935 21.5892 37.2000
151.0000 149.9793 21.5211 37.1936
153.0000 151.9650 21.5136 37.1932
155.0000 153.9508 21.5075 37.1926
157.0000 155.9365 21.4942 37.1912
159.0000 157.9222 21.4686 37.1866
161.0000 159.9078 21.4041 37.1784
163.0000 161.8935 21.3181 37.1668
165.0000 163.8791 21.2343 37.1542
167.0000 165.8647 21.2021 37.1497
169.0000 167.8503 21.1953 37.1483
171.0000 169.8359 21.1480 37.1406
173.0000 171.8214 21.1339 37.1387
175.0000 173.8070 21.0761 37.1292
177.0000 175.7925 21.0067 37.1189
179.0000 177.7780 20.9110 37.1025
181.0000 179.7635 20.8218 37.0887
183.0000 181.7489 20.7898 37.0839
185.0000 183.7344 20.7579 37.0774
187.0000 185.7198 20.7077 37.0671
189.0000 187.7052 20.6639 37.0610
191.0000 189.6906 20.5973 37.0476
193.0000 191.6759 20.5519 37.0388
195.0000 193.6613 20.5136 37.0319
197.0000 195.6466 20.4804 37.0245
199.0000 197.6319 20.4518 37.0173
201.0000 199.6172 20.2329 36.9763
203.0000 201.6024 20.1701 36.9650
205.0000 203.5877 20.1352 36.9587
207.0000 205.5729 20.1107 36.9530
209.0000 207.5581 19.9999 36.9355
211.0000 209.5433 19.9500 36.9294
213.0000 211.5285 19.9158 36.9238
215.0000 213.5136 19.9065 36.9219
217.0000 215.4988 19.8129 36.9054
219.0000 217.4839 19.7635 36.8963
221.0000 219.4690 19.7238 36.8896
223.0000 221.4540 19.6961 36.8828
225.0000 223.4391 19.5206 36.8384
227.0000 225.4241 19.3737 36.8142
229.0000 227.4092 19.3408 36.8076
231.0000 229.3941 19.3375 36.8079
233.0000 231.3791 19.3246 36.8060
235.0000 233.3641 19.2772 36.7951
237.0000 235.3490 19.2236 36.7840
239.0000 237.3339 19.1104 36.7645
241.0000 239.3188 19.0310 36.7536
243.0000 241.3037 18.9408 36.7378
245.0000 243.2886 18.8715 36.7259
247.0000 245.2734 18.7805 36.7071
249.0000 247.2583 18.7436 36.6989
251.0000 249.2431 18.6885 36.6890
253.0000 251.2278 18.6740 36.6871
255.0000 253.2126 18.6629 36.6860
257.0000 255.1974 18.6488 36.6831
259.0000 257.1821 18.6197 36.6775
261.0000 259.1668 18.5866 36.6724
263.0000 261.1515 18.5223 36.6606
265.0000 263.1362 18.5131 36.6595
267.0000 265.1208 18.5009 36.6571
269.0000 267.1054 18.4630 36.6485
271.0000 269.0901 18.4180 36.6408
273.0000 271.0746 18.3975 36.6365
275.0000 273.0593 18.3737 36.6326
277.0000 275.0438 18.3526 36.6298
279.0000 277.0284 18.3240 36.6226
281.0000 279.0128 18.2105 36.6044
283.0000 280.9974 18.1625 36.5985
285.0000 282.9818 18.1376 36.5951
287.0000 284.9663 18.1287 36.5938
289.0000 286.9507 18.1207 36.5926
291.0000 288.9352 18.0990 36.5878
293.0000 290.9196 18.0597 36.5808
295.0000 292.9040 18.0421 36.5779
297.0000 294.8883 18.0162 36.5726
299.0000 296.8727 17.9967 36.5685
301.0000 298.8570 17.9688 36.5628
303.0000 300.8413 17.9296 36.5537
305.0000 302.8256 17.8544 36.5387
307.0000 304.8099 17.7904 36.5269
309.0000 306.7941 17.7394 36.5183
311.0000 308.7784 17.7006 36.5118
313.0000 310.7626 17.6634 36.5040
315.0000 312.7467 17.6251 36.4978
317.0000 314.7309 17.6106 36.4960
319.0000 316.7151 17.5774 36.4915
321.0000 318.6992 17.5439 36.4871
323.0000 320.6833 17.4706 36.4719
325.0000 322.6674 17.4118 36.4632
327.0000 324.6515 17.3867 36.4589
329.0000 326.6356 17.3597 36.4546
331.0000 328.6196 17.3221 36.4478
333.0000 330.6036 17.2911 36.4426
335.0000 332.5876 17.2715 36.4394
337.0000 334.5716 17.2489 36.4344
339.0000 336.5556 17.1883 36.4242
341.0000 338.5396 17.1587 36.4192
343.0000 340.5235 17.1271 36.4132
345.0000 342.5074 17.0899 36.4078
347.0000 344.4913 17.0671 36.4036
349.0000 346.4751 17.0285 36.3953
351.0000 348.4590 16.9757 36.3870
353.0000 350.4428 16.9424 36.3816
355.0000 352.4266 16.9019 36.3755
357.0000 354.4104 16.8817 36.3730
359.0000 356.3942 16.8739 36.3722
361.0000 358.3779 16.8606 36.3701
363.0000 360.3617 16.8225 36.3645
365.0000 362.3454 16.7811 36.3570
367.0000 364.3291 16.7477 36.3520
369.0000 366.3127 16.7286 36.3489
371.0000 368.2964 16.7107 36.3457
373.0000 370.2801 16.6833 36.3409
375.0000 372.2637 16.6587 36.3375
377.0000 374.2473 16.6462 36.3352
379.0000 376.2309 16.6162 36.3302
381.0000 378.2145 16.6008 36.3274
383.0000 380.1980 16.5876 36.3255
385.0000 382.1815 16.5755 36.3228
387.0000 384.1650 16.5360 36.3148
389.0000 386.1485 16.4877 36.3066
391.0000 388.1320 16.4541 36.3012
393.0000 390.1154 16.4362 36.2976
395.0000 392.0989 16.3473 36.2818
397.0000 394.0822 16.3050 36.2751
399.0000 396.0656 16.2628 36.2674
401.0000 398.0490 16.2206 36.2608
403.0000 400.0324 16.1594 36.2491
405.0000 402.0157 16.1029 36.2397
407.0000 403.9990 16.0733 36.2354
409.0000 405.9823 16.0422 36.2302
411.0000 407.9656 16.0057 36.2242
413.0000 409.9489 15.9786 36.2204
415.0000 411.9321 15.9547 36.2157
417.0000 413.9154 15.8948 36.2032
419.0000 415.8985 15.8517 36.1979
421.0000 417.8817 15.8180 36.1918
423.0000 419.8649 15.7882 36.1870
425.0000 421.8480 15.7605 36.1829
427.0000 423.8311 15.7366 36.1787
429.0000 425.8143 15.7264 36.1774
431.0000 427.7973 15.7218 36.1757
433.0000 429.7804 15.6866 36.1699
435.0000 431.7635 15.6765 36.1687
437.0000 433.7465 15.6406 36.1621
439.0000 435.7295 15.5765 36.1512
441.0000 437.7125 15.5425 36.1468
443.0000 439.6955 15.5267 36.1449
445.0000 441.6784 15.5079 36.1395
447.0000 443.6614 15.4611 36.1328
449.0000 445.6443 15.4380 36.1287
451.0000 447.6272 15.4271 36.1269
453.0000 449.6100 15.4034 36.1222
455.0000 451.5929 15.3694 36.1168
457.0000 453.5757 15.3406 36.1117
459.0000 455.5585 15.3162 36.1075
461.0000 457.5414 15.2944 36.1036
463.0000 459.5242 15.2311 36.0913
465.0000 461.5069 15.1321 36.0758
467.0000 463.4897 15.1092 36.0731
469.0000 465.4724 15.1041 36.0721
471.0000 467.4551 15.1021 36.0721
473.0000 469.4378 15.1011 36.0722
475.0000 471.4204 15.0975 36.0718
477.0000 473.4031 15.0974 36.0718
479.0000 475.3858 15.0848 36.0695
481.0000 477.3683 15.0702 36.0675
483.0000 479.3510 15.0339 36.0606
485.0000 481.3335 15.0078 36.0566
487.0000 483.3161 14.9770 36.0517
489.0000 485.2986 14.9407 36.0449
491.0000 487.2811 14.8998 36.0392
493.0000 489.2636 14.8611 36.0313
495.0000 491.2461 14.7957 36.0216
497.0000 493.2286 14.7645 36.0169
499.0000 495.2110 14.7367 36.0127
501.0000 497.1934 14.7073 36.0074
503.0000 499.1758 14.6432 35.9966
505.0000 501.1582 14.5652 35.9837
507.0000 503.1405 14.5051 35.9740
509.0000 505.1229 14.4524 35.9662
511.0000 507.1053 14.3851 35.9567
513.0000 509.0876 14.3378 35.9498
515.0000 511.0698 14.2805 35.9417
517.0000 513.0521 14.2529 35.9381
519.0000 515.0344 14.2454 35.9377
521.0000 517.0165 14.2377 35.9366
523.0000 518.9988 14.2258 35.9348
525.0000 520.9810 14.2055 35.9316
527.0000 522.9632 14.1894 35.9297
529.0000 524.9453 14.1651 35.9253
531.0000 526.9275 14.1224 35.9181
533.0000 528.9096 14.0712 35.9111
535.0000 530.8917 14.0153 35.9008
537.0000 532.8737 13.9591 35.8943
539.0000 534.8558 13.9520 35.8935
541.0000 536.8379 13.9359 35.8903
543.0000 538.8199 13.8893 35.8828
545.0000 540.8019 13.8316 35.8745
547.0000 542.7839 13.7979 35.8694
549.0000 544.7658 13.7448 35.8620
551.0000 546.7478 13.7025 35.8569
553.0000 548.7297 13.6781 35.8529
555.0000 550.7115 13.6397 35.8459
557.0000 552.6935 13.6081 35.8418
559.0000 554.6754 13.5680 35.8362
561.0000 556.6573 13.5021 35.8264
563.0000 558.6390 13.4599 35.8213
565.0000 560.6209 13.4371 35.8179
567.0000 562.6027 13.4044 35.8129
569.0000 564.5844 13.3569 35.8051
571.0000 566.5662 13.2753 35.7939
573.0000 568.5480 13.2439 35.7903
575.0000 570.5297 13.2314 35.7877
577.0000 572.5114 13.1804 35.7807
579.0000 574.4930 13.1210 35.7725
581.0000 576.4747 13.0784 35.7674
583.0000 578.4564 13.0604 35.7647
585.0000 580.4380 13.0214 35.7594
587.0000 582.4197 13.0048 35.7586
589.0000 584.4012 12.9758 35.7534
591.0000 586.3828 12.9430 35.7494
593.0000 588.3643 12.9185 35.7459
595.0000 590.3458 12.8642 35.7394
597.0000 592.3273 12.8524 35.7381
599.0000 594.3088 12.8421 35.7370
601.0000 596.2903 12.8291 35.7351
603.0000 598.2718 12.8061 35.7319
605.0000 600.2532 12.7700 35.7266
607.0000 602.2346 12.7220 35.7202
609.0000 604.2160 12.6924 35.7166
611.0000 606.1974 12.6711 35.7136
613.0000 608.1787 12.6504 35.7105
615.0000 610.1602 12.6136 35.7050
617.0000 612.1415 12.5658 35.6996
619.0000 614.1227 12.5429 35.6966
621.0000 616.1040 12.5184 35.6932
623.0000 618.0853 12.5020 35.6910
625.0000 620.0665 12.4444 35.6828
627.0000 622.0477 12.4051 35.6784
629.0000 624.0289 12.3933 35.6766
631.0000 626.0101 12.3680 35.6717
633.0000 627.9913 12.3291 35.6676
635.0000 629.9724 12.2741 35.6612
637.0000 631.9536 12.2442 35.6568
639.0000 633.9347 12.2080 35.6521
641.0000 635.9158 12.1877 35.6498
643.0000 637.8969 12.1350 35.6430
645.0000 639.8779 12.0913 35.6374
647.0000 641.8589 12.0370 35.6310
649.0000 643.8400 12.0143 35.6290
651.0000 645.8210 12.0028 35.6273
653.0000 647.8019 11.9981 35.6271
655.0000 649.7829 11.9963 35.6271
657.0000 651.7639 11.9561 35.6208
659.0000 653.7448 11.8788 35.6122
661.0000 655.7257 11.8697 35.6112
663.0000 657.7066 11.8616 35.6101
665.0000 659.6874 11.8430 35.6079
667.0000 661.6683 11.8200 35.6051
669.0000 663.6491 11.7970 35.6013
671.0000 665.6299 11.7363 35.5928
673.0000 667.6107 11.6680 35.5855
675.0000 669.5915 11.6373 35.5819
677.0000 671.5723 11.5763 35.5754
679.0000 673.5530 11.5560 35.5728
681.0000 675.5337 11.5138 35.5671
683.0000 677.5144 11.4753 35.5630
685.0000 679.4951 11.4385 35.5567
687.0000 681.4757 11.3927 35.5523
689.0000 683.4564 11.3681 35.5494
691.0000 685.4370 11.3525 35.5483
693.0000 687.4175 11.3305 35.5449
695.0000 689.3982 11.2530 35.5353
697.0000 691.3787 11.1960 35.5283
699.0000 693.3594 11.1679 35.5265
701.0000 695.3398 11.1565 35.5253
703.0000 697.3203 11.1351 35.5228
705.0000 699.3008 11.1119 35.5198
707.0000 701.2812 11.0967 35.5178
709.0000 703.2617 11.0561 35.5127
711.0000 705.2422 11.0148 35.5070
713.0000 707.2226 10.9656 35.5004
715.0000 709.2030 10.8777 35.4904
717.0000 711.1833 10.8104 35.4828
719.0000 713.1637 10.7797 35.4795
721.0000 715.1440 10.7643 35.4782
723.0000 717.1243 10.7140 35.4714
725.0000 719.1047 10.6835 35.4698
727.0000 721.0850 10.6516 35.4652
729.0000 723.0652 10.6049 35.4600
731.0000 725.0455 10.5769 35.4561
733.0000 727.0257 10.5511 35.4527
735.0000 729.0059 10.4123 35.4366
737.0000 730.9861 10.3722 35.4310
739.0000 732.9662 10.2927 35.4205
741.0000 734.9465 10.2504 35.4167
743.0000 736.9265 10.2215 35.4132
745.0000 738.9066 10.1528 35.4035
747.0000 740.8868 10.0697 35.3957
749.0000 742.8668 10.0330 35.3913
751.0000 744.8469 10.0188 35.3904
753.0000 746.8269 10.0160 35.3908
755.0000 748.8068 10.0135 35.3909
757.0000 750.7869 10.0104 35.3908
759.0000 752.7669 9.9889 35.3882
761.0000 754.7469 9.9798 35.3876
763.0000 756.7267 9.9541 35.3843
765.0000 758.7067 9.9066 35.3790
767.0000 760.6866 9.8880 35.3778
769.0000 762.6664 9.8766 35.3761
771.0000 764.6463 9.8473 35.3725
773.0000 766.6262 9.8214 35.3679
775.0000 768.6061 9.7616 35.3606
777.0000 770.5858 9.6974 35.3540
779.0000 772.5656 9.6704 35.3505
781.0000 774.5454 9.6635 35.3502
783.0000 776.5251 9.6554 35.3490
785.0000 778.5049 9.6114 35.3436
787.0000 780.4847 9.5692 35.3378
789.0000 782.4644 9.4949 35.3308
791.0000 784.4440 9.4821 35.3302
793.0000 786.4236 9.4769 35.3298
795.0000 788.4033 9.4423 35.3253
797.0000 790.3829 9.3921 35.3192
799.0000 792.3625 9.3554 35.3163
801.0000 794.3420 9.3399 35.3139
803.0000 796.3217 9.3111 35.3111
805.0000 798.3011 9.2821 35.3076
807.0000 800.2808 9.2473 35.3031
809.0000 802.2603 9.1734 35.2956
811.0000 804.2397 9.1528 35.2934
813.0000 806.2192 9.1454 35.2932
815.0000 808.1987 9.0884 35.2865
817.0000 810.1780 9.0687 35.2847
819.0000 812.1574 9.0559 35.2831
821.0000 814.1369 9.0280 35.2793
823.0000 816.1163 8.9708 35.2728
825.0000 818.0956 8.8903 35.2618
827.0000 820.0750 8.8381 35.2575
829.0000 822.0543 8.8236 35.2556
831.0000 824.0336 8.7848 35.2505
833.0000 826.0128 8.7216 35.2437
835.0000 827.9921 8.6839 35.2406
837.0000 829.9714 8.6734 35.2399
839.0000 831.9506 8.6660 35.2396
841.0000 833.9299 8.6524 35.2380
843.0000 835.9090 8.6389 35.2365
845.0000 837.8881 8.6284 35.2354
847.0000 839.8673 8.6124 35.2332
849.0000 841.8465 8.5914 35.2309
851.0000 843.8257 8.5694 35.2283
853.0000 845.8046 8.5363 35.2240
855.0000 847.7837 8.4840 35.2170
857.0000 849.7628 8.4062 35.2099
859.0000 851.7418 8.3920 35.2087
861.0000 853.7209 8.3812 35.2075
863.0000 855.6999 8.3636 35.2060
865.0000 857.6788 8.3523 35.2053
867.0000 859.6577 8.3443 35.2042
869.0000 861.6368 8.3176 35.2010
871.0000 863.6158 8.2910 35.1988
873.0000 865.5945 8.2879 35.1985
875.0000 867.5735 8.2789 35.1976
877.0000 869.5524 8.2667 35.1962
879.0000 871.5312 8.2544 35.1947
881.0000 873.5100 8.2391 35.1932
883.0000 875.4888 8.2170 35.1907
885.0000 877.4677 8.1760 35.1883
887.0000 879.4464 8.1556 35.1855
889.0000 881.4251 8.1210 35.1811
891.0000 883.4040 8.1001 35.1793
893.0000 885.3825 8.0816 35.1766
895.0000 887.3613 8.0515 35.1745
897.0000 889.3400 8.0516 35.1747
899.0000 891.3187 8.0503 35.1747
901.0000 893.2972 8.0480 35.1744
903.0000 895.2759 8.0195 35.1702
905.0000 897.2545 7.9769 35.1673
907.0000 899.2331 7.9673 35.1685
909.0000 901.2117 7.9455 35.1682
911.0000 903.1902 7.9351 35.1682
913.0000 905.1688 7.9310 35.1680
915.0000 907.1473 7.9217 35.1673
917.0000 909.1257 7.9184 35.1666
919.0000 911.1043 7.8945 35.1630
921.0000 913.0827 7.8697 35.1614
923.0000 915.0611 7.8576 35.1604
925.0000 917.0396 7.8025 35.1562
927.0000 919.0179 7.7900 35.1559
929.0000 920.9963 7.7817 35.1549
931.0000 922.9747 7.7605 35.1526
933.0000 924.9531 7.7452 35.1517
935.0000 926.9313 7.7400 35.1513
937.0000 928.9097 7.7356 35.1509
939.0000 930.8880 7.7158 35.1491
941.0000 932.8662 7.7008 35.1473
943.0000 934.8445 7.6869 35.1457
945.0000 936.8227 7.6793 35.1449
947.0000 938.8009 7.6748 35.1444
949.0000 940.7791 7.6591 35.1427
951.0000 942.7573 7.6492 35.1421
953.0000 944.7354 7.5876 35.1373
955.0000 946.7136 7.5609 35.1366
957.0000 948.6917 7.5492 35.1358
959.0000 950.6697 7.5351 35.1347
961.0000 952.6478 7.4996 35.1318
963.0000 954.6259 7.4488 35.1278
965.0000 956.6039 7.4208 35.1265
967.0000 958.5820 7.4106 35.1256
969.0000 960.5599 7.3932 35.1243
971.0000 962.5380 7.3743 35.1231
973.0000 964.5159 7.3593 35.1220
975.0000 966.4939 7.3487 35.1213
977.0000 968.4719 7.3402 35.1206
979.0000 970.4496 7.3281 35.1197
981.0000 972.4277 7.2780 35.1136
983.0000 974.4055 7.1479 35.1059
985.0000 976.3834 7.1292 35.1053
987.0000 978.3611 7.1197 35.1051
989.0000 980.3391 7.1090 35.1044
991.0000 982.3168 7.0814 35.1023
993.0000 984.2946 7.0476 35.1005
995.0000 986.2724 7.0397 35.1004
997.0000 988.2501 7.0382 35.1004
999.0000 990.2278 7.0355 35.1005
1001.0000 992.2055 7.0273 35.0998
1003.0000 994.1832 7.0013 35.0982
1005.0000 996.1608 6.9892 35.0978
1007.0000 998.1385 6.9861 35.0975
1009.0000 1000.1161 6.9643 35.0957
1011.0000 1002.0938 6.9355 35.0938
1013.0000 1004.0714 6.9160 35.0929
1015.0000 1006.0490 6.9123 35.0926
1017.0000 1008.0264 6.8971 35.0911
1019.0000 1010.0040 6.8642 35.0894
1021.0000 1011.9816 6.8574 35.0896
1023.0000 1013.9591 6.8616 35.0886
1025.0000 1015.9365 6.8282 35.0878
1027.0000 1017.9140 6.8262 35.0875
1029.0000 1019.8915 6.8242 35.0877
1031.0000 1021.8689 6.8147 35.0867
1033.0000 1023.8462 6.7986 35.0861
1035.0000 1025.8237 6.7910 35.0856
1037.0000 1027.8010 6.7862 35.0853
1039.0000 1029.7783 6.7736 35.0845
1041.0000 1031.7556 6.7538 35.0829
1043.0000 1033.7329 6.7375 35.0824
1045.0000 1035.7102 6.7225 35.0811
1047.0000 1037.6875 6.7107 35.0807
1049.0000 1039.6649 6.6932 35.0794
1051.0000 1041.6421 6.6746 35.0790
1053.0000 1043.6193 6.6620 35.0785
1055.0000 1045.5966 6.6452 35.0777
1057.0000 1047.5737 6.6290 35.0771
1059.0000 1049.5508 6.6217 35.0770
1061.0000 1051.5280 6.6203 35.0771
1063.0000 1053.5051 6.6187 35.0771
1065.0000 1055.4823 6.6118 35.0768
1067.0000 1057.4594 6.6056 35.0765
1069.0000 1059.4363 6.6000 35.0764
1071.0000 1061.4133 6.5956 35.0761
1073.0000 1063.3904 6.5814 35.0749
1075.0000 1065.3674 6.5658 35.0744
1077.0000 1067.3445 6.5566 35.0741
1079.0000 1069.3213 6.5445 35.0735
1081.0000 1071.2983 6.5321 35.0729
1083.0000 1073.2754 6.5259 35.0724
1085.0000 1075.2523 6.5150 35.0713
1087.0000 1077.2291 6.5117 35.0709
1089.0000 1079.2061 6.5086 35.0704
1091.0000 1081.1829 6.5074 35.0703
1093.0000 1083.1597 6.5040 35.0701
1095.0000 1085.1366 6.4896 35.0695
1097.0000 1087.1134 6.4772 35.0700
1099.0000 1089.0902 6.4719 35.0703
1101.0000 1091.0668 6.4637 35.0698
1103.0000 1093.0437 6.4358 35.0686
1105.0000 1095.0205 6.3808 35.0654
1107.0000 1096.9971 6.3749 35.0647
1109.0000 1098.9739 6.3631 35.0635
1111.0000 1100.9506 6.3492 35.0629
1113.0000 1102.9271 6.3474 35.0642
1115.0000 1104.9038 6.3447 35.0649
1117.0000 1106.8805 6.3122 35.0623
1119.0000 1108.8571 6.3010 35.0620
1121.0000 1110.8335 6.2977 35.0621
1123.0000 1112.8102 6.2952 35.0627
1125.0000 1114.7866 6.2829 35.0622
1127.0000 1116.7632 6.2627 35.0614
1129.0000 1118.7397 6.2569 35.0614
1131.0000 1120.7163 6.2513 35.0612
1133.0000 1122.6929 6.2451 35.0610
1135.0000 1124.6692 6.2358 35.0607
1137.0000 1126.6456 6.2319 35.0605
1139.0000 1128.6219 6.2197 35.0604
1141.0000 1130.5984 6.2037 35.0611
1143.0000 1132.5748 6.1965 35.0613
1145.0000 1134.5511 6.1800 35.0611
1147.0000 1136.5276 6.1684 35.0608
1149.0000 1138.5038 6.1558 35.0607
1151.0000 1140.4802 6.1531 35.0608
1153.0000 1142.4565 6.1521 35.0609
1155.0000 1144.4326 6.1468 35.0607
1157.0000 1146.4089 6.1272 35.0600
1159.0000 1148.3851 6.1055 35.0603
1161.0000 1150.3615 6.0979 35.0606
1163.0000 1152.3375 6.0908 35.0609
1165.0000 1154.3138 6.0858 35.0608
1167.0000 1156.2899 6.0809 35.0609
1169.0000 1158.2660 6.0746 35.0609
1171.0000 1160.2422 6.0705 35.0609
1173.0000 1162.2183 6.0648 35.0608
1175.0000 1164.1943 6.0405 35.0599
1177.0000 1166.1703 6.0263 35.0607
1179.0000 1168.1464 6.0241 35.0606
1181.0000 1170.1226 6.0222 35.0609
1183.0000 1172.0984 6.0211 35.0610
1185.0000 1174.0745 6.0203 35.0609
1187.0000 1176.0505 6.0218 35.0608
1189.0000 1178.0265 6.0195 35.0611
1191.0000 1180.0023 6.0189 35.0610
1193.0000 1181.9781 6.0180 35.0610
1195.0000 1183.9541 6.0182 35.0607
1197.0000 1185.9298 6.0037 35.0604
1199.0000 1187.9058 5.9842 35.0605
1201.0000 1189.8817 5.9743 35.0605
1203.0000 1191.8575 5.9693 35.0604
1205.0000 1193.8333 5.9648 35.0605
1207.0000 1195.8091 5.9597 35.0607
1209.0000 1197.7849 5.9531 35.0607
1211.0000 1199.7605 5.9376 35.0604
1213.0000 1201.7363 5.9148 35.0604
1215.0000 1203.7120 5.9001 35.0608
1217.0000 1205.6877 5.8778 35.0607
1219.0000 1207.6633 5.8693 35.0612
1221.0000 1209.6389 5.8655 35.0610
1223.0000 1211.6146 5.8611 35.0609
1225.0000 1213.5902 5.8524 35.0611
1227.0000 1215.5658 5.8450 35.0626
1229.0000 1217.5414 5.8430 35.0628
1231.0000 1219.5170 5.8256 35.0634
1233.0000 1221.4926 5.8213 35.0637
1235.0000 1223.4680 5.8057 35.0642
1237.0000 1225.4437 5.7897 35.0647
1239.0000 1227.4191 5.7813 35.0650
1241.0000 1229.3945 5.7801 35.0652
1243.0000 1231.3700 5.7792 35.0653
1245.0000 1233.3453 5.7705 35.0653
1247.0000 1235.3208 5.7567 35.0657
1249.0000 1237.2963 5.7505 35.0656
1251.0000 1239.2716 5.7451 35.0654
1253.0000 1241.2469 5.7445 35.0648
1255.0000 1243.2223 5.7426 35.0653
1257.0000 1245.1976 5.7378 35.0649
1259.0000 1247.1729 5.7341 35.0649
1261.0000 1249.1482 5.7330 35.0648
1263.0000 1251.1234 5.7290 35.0642
1265.0000 1253.0988 5.7265 35.0641
1267.0000 1255.0740 5.7243 35.0640
1269.0000 1257.0491 5.7142 35.0636
1271.0000 1259.0243 5.6914 35.0637
1273.0000 1260.9994 5.6888 35.0638
1275.0000 1262.9745 5.6808 35.0639
1277.0000 1264.9497 5.6816 35.0648
1279.0000 1266.9247 5.6831 35.0649
1281.0000 1268.8998 5.6835 35.0652
1283.0000 1270.8749 5.6826 35.0659
1285.0000 1272.8500 5.6727 35.0656
1287.0000 1274.8250 5.6586 35.0654
1289.0000 1276.8000 5.6500 35.0660
1291.0000 1278.7750 5.6425 35.0659
1293.0000 1280.7500 5.6373 35.0659
1295.0000 1282.7250 5.6300 35.0669
1297.0000 1284.7000 5.6255 35.0674
1299.0000 1286.6749 5.6226 35.0682
1301.0000 1288.6497 5.6166 35.0693
1303.0000 1290.6248 5.6120 35.0700
1305.0000 1292.5996 5.6091 35.0701
1307.0000 1294.5745 5.6027 35.0702
1309.0000 1296.5493 5.5968 35.0707
1311.0000 1298.5243 5.5961 35.0711
1313.0000 1300.4990 5.5895 35.0720
1315.0000 1302.4736 5.5724 35.0714
1317.0000 1304.4485 5.5657 35.0714
1319.0000 1306.4232 5.5653 35.0716
1321.0000 1308.3979 5.5655 35.0724
1323.0000 1310.3726 5.5568 35.0739
1325.0000 1312.3474 5.5536 35.0743
1327.0000 1314.3220 5.5506 35.0747
1329.0000 1316.2966 5.5468 35.0747
1331.0000 1318.2712 5.5414 35.0746
1333.0000 1320.2458 5.5432 35.0743
1335.0000 1322.2205 5.5310 35.0745
1337.0000 1324.1951 5.5279 35.0746
1339.0000 1326.1696 5.5269 35.0745
1341.0000 1328.1440 5.5233 35.0749
1343.0000 1330.1187 5.5166 35.0750
1345.0000 1332.0931 5.5160 35.0746
1347.0000 1334.0676 5.4844 35.0752
1349.0000 1336.0420 5.4715 35.0762
1351.0000 1338.0165 5.4694 35.0762
1353.0000 1339.9910 5.4726 35.0761
1355.0000 1341.9652 5.4540 35.0772
1357.0000 1343.9398 5.4536 35.0773
1359.0000 1345.9142 5.4510 35.0774
1361.0000 1347.8885 5.4476 35.0778
1363.0000 1349.8628 5.4429 35.0784
1365.0000 1351.8372 5.4349 35.0793
1367.0000 1353.8115 5.4309 35.0798
1369.0000 1355.7856 5.4286 35.0799
1371.0000 1357.7600 5.4251 35.0801
1373.0000 1359.7343 5.4211 35.0801
1375.0000 1361.7084 5.4177 35.0801
1377.0000 1363.6825 5.4145 35.0801
1379.0000 1365.6569 5.4103 35.0799
1381.0000 1367.6310 5.3992 35.0793
1383.0000 1369.6051 5.3937 35.0789
1385.0000 1371.5792 5.3847 35.0787
1387.0000 1373.5535 5.3724 35.0792
1389.0000 1375.5276 5.3662 35.0792
1391.0000 1377.5015 5.3592 35.0792
1393.0000 1379.4756 5.3553 35.0791
1395.0000 1381.4496 5.3531 35.0791
1397.0000 1383.4236 5.3507 35.0791
1399.0000 1385.3976 5.3495 35.0791
1401.0000 1387.3716 5.3465 35.0790
1403.0000 1389.3457 5.3418 35.0794
1405.0000 1391.3195 5.3393 35.0794
1407.0000 1393.2935 5.3377 35.0792
1409.0000 1395.2675 5.3210 35.0793
1411.0000 1397.2412 5.3067 35.0799
1413.0000 1399.2151 5.3003 35.0795
1415.0000 1401.1890 5.2904 35.0794
1417.0000 1403.1627 5.2851 35.0795
1419.0000 1405.1366 5.2773 35.0798
1421.0000 1407.1105 5.2689 35.0804
1423.0000 1409.0842 5.2648 35.0805
1425.0000 1411.0580 5.2538 35.0794
1427.0000 1413.0317 5.2370 35.0782
1429.0000 1415.0055 5.2239 35.0772
1431.0000 1416.9791 5.2069 35.0750
1433.0000 1418.9528 5.2007 35.0744
1435.0000 1420.9265 5.1801 35.0721
1437.0000 1422.9001 5.1665 35.0721
1439.0000 1424.8738 5.1679 35.0715
1441.0000 1426.8474 5.1597 35.0713
1443.0000 1428.8209 5.1713 35.0748
1445.0000 1430.7944 5.1793 35.0769
1447.0000 1432.7679 5.1751 35.0751
1449.0000 1434.7417 5.1705 35.0758
1451.0000 1436.7153 5.1532 35.0739
1453.0000 1438.6887 5.1392 35.0718
1455.0000 1440.6621 5.1404 35.0718
1457.0000 1442.6356 5.1116 35.0699
1459.0000 1444.6089 5.1030 35.0697
1461.0000 1446.5824 5.0849 35.0676
1463.0000 1448.5560 5.0837 35.0675
1465.0000 1450.5294 5.0845 35.0676
1467.0000 1452.5026 5.0773 35.0681
1469.0000 1454.4761 5.0768 35.0685
1471.0000 1456.4493 5.0629 35.0686
1473.0000 1458.4225 5.0492 35.0684
1475.0000 1460.3960 5.0405 35.0682
1477.0000 1462.3693 5.0225 35.0678
1479.0000 1464.3424 5.0146 35.0676
1481.0000 1466.3157 5.0132 35.0678
1483.0000 1468.2889 5.0126 35.0679
1485.0000 1470.2622 5.0108 35.0679
1487.0000 1472.2354 5.0038 35.0685
1489.0000 1474.2085 4.9914 35.0673
1491.0000 1476.1816 4.9687 35.0660
1493.0000 1478.1548 4.9673 35.0671
1495.0000 1480.1278 4.9594 35.0676
1497.0000 1482.1011 4.9576 35.0690
1499.0000 1484.0742 4.9532 35.0691
1501.0000 1486.0470 4.9472 35.0693
1503.0000 1488.0201 4.9411 35.0690
1505.0000 1489.9932 4.9345 35.0688
1507.0000 1491.9662 4.9288 35.0687
1509.0000 1493.9392 4.9268 35.0689
1511.0000 1495.9121 4.9237 35.0693
1513.0000 1497.8851 4.9188 35.0694
1515.0000 1499.8579 4.9134 35.0692
1517.0000 1501.8309 4.9092 35.0689
1519.0000 1503.8038 4.8993 35.0682
1521.0000 1505.7766 4.8945 35.0679
1523.0000 1507.7495 4.8855 35.0673
1525.0000 1509.7224 4.8756 35.0670
1527.0000 1511.6953 4.8741 35.0668
1529.0000 1513.6680 4.8660 35.0661
1531.0000 1515.6407 4.8530 35.0654
1533.0000 1517.6135 4.8486 35.0652
1535.0000 1519.5863 4.8454 35.0652
1537.0000 1521.5591 4.8428 35.0649
1539.0000 1523.5317 4.8414 35.0649
1541.0000 1525.5043 4.8366 35.0646
1543.0000 1527.4771 4.8253 35.0636
1545.0000 1529.4498 4.8117 35.0626
1547.0000 1531.4224 4.8041 35.0625
1549.0000 1533.3949 4.7977 35.0622
1551.0000 1535.3677 4.7927 35.0620
1553.0000 1537.3402 4.7899 35.0618
1555.0000 1539.3126 4.7865 35.0616
1557.0000 1541.2852 4.7779 35.0612
1559.0000 1543.2578 4.7745 35.0615
1561.0000 1545.2303 4.7746 35.0613
1563.0000 1547.2026 4.7647 35.0600
1565.0000 1549.1752 4.7542 35.0587
1567.0000 1551.1478 4.7504 35.0584
1569.0000 1553.1201 4.7481 35.0585
1571.0000 1555.0925 4.7484 35.0593
1573.0000 1557.0649 4.7490 35.0593
1575.0000 1559.0374 4.7509 35.0603
1577.0000 1561.0096 4.7564 35.0617
1579.0000 1562.9819 4.7567 35.0618
1581.0000 1564.9542 4.7626 35.0636
1583.0000 1566.9266 4.7621 35.0635
1585.0000 1568.8989 4.7542 35.0620
1587.0000 1570.8712 4.7327 35.0603
1589.0000 1572.8435 4.7295 35.0613
1591.0000 1574.8156 4.7311 35.0621
1593.0000 1576.7878 4.7325 35.0623
1595.0000 1578.7600 4.7304 35.0620
1597.0000 1580.7322 4.7312 35.0624
1599.0000 1582.7043 4.7283 35.0625
1601.0000 1584.6765 4.7289 35.0633
1603.0000 1586.6487 4.7319 35.0646
1605.0000 1588.6207 4.7371 35.0661
1607.0000 1590.5928 4.7191 35.0639
1609.0000 1592.5648 4.7114 35.0636
1611.0000 1594.5369 4.7122 35.0638
1613.0000 1596.5089 4.7123 35.0640
1615.0000 1598.4810 4.7091 35.0638
1617.0000 1600.4529 4.7051 35.0644
1619.0000 1602.4249 4.7016 35.0646
1621.0000 1604.3969 4.6936 35.0646
1623.0000 1606.3689 4.6874 35.0642
1625.0000 1608.3407 4.6862 35.0643
1627.0000 1610.3125 4.6855 35.0643
1629.0000 1612.2844 4.6834 35.0640
1631.0000 1614.2562 4.6828 35.0640
1633.0000 1616.2281 4.6655 35.0643
1635.0000 1618.2000 4.6618 35.0647
1637.0000 1620.1719 4.6614 35.0649
1639.0000 1622.1436 4.6614 35.0651
1641.0000 1624.1154 4.6618 35.0654
1643.0000 1626.0872 4.6601 35.0655
1645.0000 1628.0588 4.6538 35.0660
1647.0000 1630.0304 4.6511 35.0661
1649.0000 1632.0023 4.6499 35.0660
1651.0000 1633.9740 4.6488 35.0660
1653.0000 1635.9454 4.6481 35.0660
1655.0000 1637.9172 4.6483 35.0661
1657.0000 1639.8889 4.6484 35.0662
1659.0000 1641.8602 4.6455 35.0661
1661.0000 1643.8320 4.6442 35.0658
1663.0000 1645.8036 4.6333 35.0652
1665.0000 1647.7751 4.6307 35.0652
1667.0000 1649.7466 4.6314 35.0654
1669.0000 1651.7181 4.6222 35.0643
1671.0000 1653.6896 4.6083 35.0634
1673.0000 1655.6611 4.6025 35.0629
1675.0000 1657.6326 4.5945 35.0626
1677.0000 1659.6041 4.5922 35.0626
1679.0000 1661.5753 4.5816 35.0617
1681.0000 1663.5469 4.5752 35.0615
1683.0000 1665.5183 4.5715 35.0612
1685.0000 1667.4896 4.5660 35.0608
1687.0000 1669.4608 4.5620 35.0606
1689.0000 1671.4324 4.5602 35.0605
1691.0000 1673.4037 4.5582 35.0604
1693.0000 1675.3749 4.5558 35.0602
1695.0000 1677.3462 4.5532 35.0600
1697.0000 1679.3174 4.5478 35.0595
1699.0000 1681.2887 4.5448 35.0593
1701.0000 1683.2599 4.5411 35.0590
1703.0000 1685.2310 4.5382 35.0588
1705.0000 1687.2023 4.5361 35.0586
1707.0000 1689.1732 4.5216 35.0576
1709.0000 1691.1447 4.5187 35.0573
1711.0000 1693.1157 4.5158 35.0573
1713.0000 1695.0869 4.5142 35.0573
1715.0000 1697.0579 4.5138 35.0572
1717.0000 1699.0289 4.4939 35.0557
1719.0000 1701.0001 4.4819 35.0550
1721.0000 1702.9708 4.4739 35.0548
1723.0000 1704.9420 4.4776 35.0552
1725.0000 1706.9131 4.4623 35.0534
1727.0000 1708.8840 4.4375 35.0527
1729.0000 1710.8550 4.4311 35.0528
1731.0000 1712.8259 4.4299 35.0528
1733.0000 1714.7969 4.4287 35.0528
1735.0000 1716.7676 4.4259 35.0526
1737.0000 1718.7385 4.4240 35.0524
1739.0000 1720.7097 4.4155 35.0517
1741.0000 1722.6802 4.4060 35.0512
1743.0000 1724.6511 4.4051 35.0513
1745.0000 1726.6221 4.4028 35.0512
1747.0000 1728.5928 4.4020 35.0512
1749.0000 1730.5635 4.3996 35.0513
1751.0000 1732.5343 4.3916 35.0511
1753.0000 1734.5051 4.3894 35.0512
1755.0000 1736.4757 4.3875 35.0505
1757.0000 1738.4464 4.3715 35.0503
1759.0000 1740.4171 4.3681 35.0503
1761.0000 1742.3878 4.3664 35.0500
1763.0000 1744.3584 4.3592 35.0495
1765.0000 1746.3291 4.3529 35.0493
1767.0000 1748.2998 4.3490 35.0494
1769.0000 1750.2701 4.3477 35.0493
1771.0000 1752.2408 4.3443 35.0490
1773.0000 1754.2115 4.3385 35.0489
1775.0000 1756.1821 4.3385 35.0489
1777.0000 1758.1525 4.3369 35.0486
1779.0000 1760.1229 4.3361 35.0486
1781.0000 1762.0936 4.3316 35.0482
1783.0000 1764.0637 4.3296 35.0481
1785.0000 1766.0344 4.3263 35.0479
1787.0000 1768.0048 4.3189 35.0474
1789.0000 1769.9755 4.3176 35.0475
1791.0000 1771.9456 4.3149 35.0474
1793.0000 1773.9161 4.3110 35.0470
1795.0000 1775.8865 4.3048 35.0466
1797.0000 1777.8566 4.3021 35.0463
1799.0000 1779.8270 4.2996 35.0461
1801.0000 1781.7974 4.2961 35.0457
1803.0000 1783.7675 4.2922 35.0452
1805.0000 1785.7378 4.2846 35.0448
1807.0000 1787.7083 4.2785 35.0444
1809.0000 1789.6783 4.2761 35.0443
1811.0000 1791.6484 4.2711 35.0442
1813.0000 1793.6188 4.2677 35.0439
1815.0000 1795.5891 4.2590 35.0437
1817.0000 1797.5590 4.2546 35.0439
1819.0000 1799.5293 4.2537 35.0440
1821.0000 1801.4994 4.2522 35.0439
1823.0000 1803.4696 4.2408 35.0430
1825.0000 1805.4393 4.2279 35.0428
1827.0000 1807.4097 4.2148 35.0414
1829.0000 1809.3795 4.2024 35.0400
1831.0000 1811.3496 4.1970 35.0396
1833.0000 1813.3196 4.1957 35.0394
1835.0000 1815.2898 4.1939 35.0393
1837.0000 1817.2596 4.1826 35.0383
1839.0000 1819.2296 4.1763 35.0384
1841.0000 1821.1995 4.1763 35.0384
1843.0000 1823.1696 4.1724 35.0384
1845.0000 1825.1393 4.1696 35.0386
1847.0000 1827.1091 4.1682 35.0387
1849.0000 1829.0790 4.1650 35.0385
1851.0000 1831.0491 4.1586 35.0383
1853.0000 1833.0186 4.1479 35.0379
1855.0000 1834.9885 4.1405 35.0379
1857.0000 1836.9584 4.1380 35.0378
1859.0000 1838.9281 4.1348 35.0379
1861.0000 1840.8977 4.1327 35.0377
1863.0000 1842.8676 4.1316 35.0377
1865.0000 1844.8372 4.1302 35.0376
1867.0000 1846.8070 4.1257 35.0373
1869.0000 1848.7769 4.1216 35.0369
1871.0000 1850.7463 4.1141 35.0363
1873.0000 1852.7161 4.1042 35.0354
1875.0000 1854.6854 4.0980 35.0353
1877.0000 1856.6554 4.0971 35.0353
1879.0000 1858.6246 4.0951 35.0352
1881.0000 1860.5944 4.0898 35.0348
1883.0000 1862.5640 4.0873 35.0346
1885.0000 1864.5337 4.0816 35.0344
1887.0000 1866.5029 4.0767 35.0341
1889.0000 1868.4724 4.0752 35.0340
1891.0000 1870.4420 4.0731 35.0336
1893.0000 1872.4114 4.0712 35.0334
1895.0000 1874.3810 4.0661 35.0329
1897.0000 1876.3502 4.0611 35.0325
1899.0000 1878.3197 4.0576 35.0323
1901.0000 1880.2889 4.0571 35.0323
1903.0000 1882.2584 4.0571 35.0323
1905.0000 1884.2277 4.0499 35.0314
1907.0000 1886.1970 4.0478 35.0314
1909.0000 1888.1664 4.0468 35.0314
1911.0000 1890.1357 4.0432 35.0310
1913.0000 1892.1051 4.0403 35.0309
1915.0000 1894.0742 4.0395 35.0307
1917.0000 1896.0435 4.0377 35.0307
1919.0000 1898.0127 4.0354 35.0304
1921.0000 1899.9818 4.0316 35.0302
1923.0000 1901.9513 4.0289 35.0299
1925.0000 1903.9203 4.0295 35.0298
1927.0000 1905.8894 4.0244 35.0293
1929.0000 1907.8584 4.0215 35.0292
1931.0000 1909.8276 4.0194 35.0290
1933.0000 1911.7969 4.0173 35.0287
1935.0000 1913.7657 4.0168 35.0287
1937.0000 1915.7350 4.0138 35.0285
1939.0000 1917.7039 3.9974 35.0269
1941.0000 1919.6729 3.9829 35.0259
1943.0000 1921.6420 3.9737 35.0252
1945.0000 1923.6110 3.9708 35.0251
1947.0000 1925.5801 3.9688 35.0250
1949.0000 1927.5487 3.9636 35.0247
1951.0000 1929.5179 3.9616 35.0246
1953.0000 1931.4869 3.9612 35.0246
1955.0000 1933.4554 3.9602 35.0246
1957.0000 1935.4244 3.9605 35.0245
1959.0000 1937.3933 3.9582 35.0244
1961.0000 1939.3623 3.9580 35.0244
1963.0000 1941.3309 3.9581 35.0245
1965.0000 1943.2998 3.9579 35.0244
1967.0000 1945.2687 3.9551 35.0241
1969.0000 1947.2374 3.9510 35.0238
1971.0000 1949.2061 3.9356 35.0226
1973.0000 1951.1749 3.9239 35.0222
1975.0000 1953.1436 3.9235 35.0221
1977.0000 1955.1122 3.9225 35.0220
1979.0000 1957.0811 3.9207 35.0220
1981.0000 1959.0497 3.9204 35.0220
1983.0000 1961.0181 3.9181 35.0220
1985.0000 1962.9869 3.9174 35.0220
1987.0000 1964.9556 3.9175 35.0218
1989.0000 1966.9242 3.9161 35.0217
1991.0000 1968.8926 3.9140 35.0216
1993.0000 1970.8612 3.9115 35.0216
1995.0000 1972.8298 3.9102 35.0215
1997.0000 1974.7983 3.9095 35.0215
1999.0000 1976.7667 3.9081 35.0215
2001.0000 1978.7354 3.9078 35.0215
2003.0000 1980.7037 3.9071 35.0215
2005.0000 1982.6720 3.9047 35.0214
2007.0000 1984.6406 3.9040 35.0213
2009.0000 1986.6088 3.9001 35.0211
2011.0000 1988.5773 3.8983 35.0210
2013.0000 1990.5457 3.8975 35.0206
2015.0000 1992.5140 3.8922 35.0204
2017.0000 1994.4823 3.8835 35.0198
2019.0000 1996.4507 3.8786 35.0196
2021.0000 1998.4191 3.8786 35.0195
2023.0000 2000.3873 3.8752 35.0193
2025.0000 2002.3556 3.8750 35.0194
2027.0000 2004.3237 3.8744 35.0193
2029.0000 2006.2920 3.8687 35.0188
2031.0000 2008.2601 3.8622 35.0184
2033.0000 2010.2284 3.8554 35.0179
2035.0000 2012.1965 3.8508 35.0178
2037.0000 2014.1648 3.8479 35.0177
2039.0000 2016.1328 3.8442 35.0174
2041.0000 2018.1008 3.8429 35.0174
2043.0000 2020.0690 3.8422 35.0174
2045.0000 2022.0370 3.8418 35.0173
2047.0000 2024.0050 3.8413 35.0174
2049.0000 2025.9733 3.8399 35.0172
2051.0000 2027.9414 3.8380 35.0171
2053.0000 2029.9092 3.8352 35.0170
2055.0000 2031.8772 3.8326 35.0168
2057.0000 2033.8452 3.8302 35.0167
2059.0000 2035.8130 3.8286 35.0166
2061.0000 2037.7810 3.8211 35.0158
2063.0000 2039.7490 3.8050 35.0148
2065.0000 2041.7168 3.7794 35.0129
2067.0000 2043.6846 3.7717 35.0128
2069.0000 2045.6526 3.7717 35.0129
2071.0000 2047.6206 3.7721 35.0130
2073.0000 2049.5881 3.7701 35.0128
2075.0000 2051.5559 3.7672 35.0128
2077.0000 2053.5239 3.7660 35.0127
2079.0000 2055.4915 3.7660 35.0127
2081.0000 2057.4595 3.7630 35.0124
2083.0000 2059.4272 3.7597 35.0123
2085.0000 2061.3950 3.7511 35.0118
2087.0000 2063.3625 3.7486 35.0116
2089.0000 2065.3301 3.7464 35.0116
2091.0000 2067.2979 3.7449 35.0115
2093.0000 2069.2654 3.7460 35.0118
2095.0000 2071.2332 3.7460 35.0118
2097.0000 2073.2007 3.7450 35.0115
2099.0000 2075.1685 3.7404 35.0113
2101.0000 2077.1357 3.7393 35.0113
2103.0000 2079.1035 3.7376 35.0110
2105.0000 2081.0710 3.7323 35.0107
2107.0000 2083.0383 3.7215 35.0099
2109.0000 2085.0059 3.7175 35.0100
2111.0000 2086.9734 3.7160 35.0098
2113.0000 2088.9409 3.7146 35.0098
2115.0000 2090.9082 3.7133 35.0097
2117.0000 2092.8757 3.7132 35.0096
2119.0000 2094.8433 3.7126 35.0097
2121.0000 2096.8103 3.7117 35.0096
2123.0000 2098.7778 3.7125 35.0095
2125.0000 2100.7454 3.7105 35.0095
2127.0000 2102.7124 3.7085 35.0093
2129.0000 2104.6802 3.7060 35.0091
2131.0000 2106.6472 3.7041 35.0091
2133.0000 2108.6145 3.6981 35.0085
2135.0000 2110.5818 3.6950 35.0085
2137.0000 2112.5491 3.6939 35.0084
2139.0000 2114.5161 3.6954 35.0082
2141.0000 2116.4832 3.6935 35.0083
2143.0000 2118.4507 3.6937 35.0083
2145.0000 2120.4177 3.6939 35.0083
2147.0000 2122.3853 3.6931 35.0082
2149.0000 2124.3518 3.6924 35.0082
2151.0000 2126.3191 3.6904 35.0079
2153.0000 2128.2864 3.6860 35.0077
2155.0000 2130.2534 3.6835 35.0076
2157.0000 2132.2205 3.6815 35.0075
2159.0000 2134.1875 3.6803 35.0074
2161.0000 2136.1545 3.6676 35.0062
2163.0000 2138.1213 3.6538 35.0052
2165.0000 2140.0886 3.6467 35.0049
2167.0000 2142.0557 3.6447 35.0048
2169.0000 2144.0222 3.6424 35.0046
2171.0000 2145.9893 3.6420 35.0047
2173.0000 2147.9563 3.6380 35.0044
2175.0000 2149.9233 3.6369 35.0043
2177.0000 2151.8901 3.6365 35.0044
2179.0000 2153.8569 3.6363 35.0044
2181.0000 2155.8237 3.6358 35.0043
2183.0000 2157.7905 3.6292 35.0039
2185.0000 2159.7576 3.6248 35.0037
2187.0000 2161.7241 3.6218 35.0035
2189.0000 2163.6909 3.6191 35.0036
2191.0000 2165.6575 3.6188 35.0032
2193.0000 2167.6245 3.6138 35.0029
2195.0000 2169.5911 3.6099 35.0026
2197.0000 2171.5576 3.6035 35.0021
2199.0000 2173.5247 3.6004 35.0020
2201.0000 2175.4915 3.5999 35.0018
2203.0000 2177.4578 3.5976 35.0017
2205.0000 2179.4246 3.5974 35.0016
2207.0000 2181.3911 3.5947 35.0015
2209.0000 2183.3577 3.5909 35.0011
2211.0000 2185.3242 3.5889 35.0012
2213.0000 2187.2908 3.5883 35.0011
2215.0000 2189.2573 3.5867 35.0009
2217.0000 2191.2236 3.5844 35.0007
2219.0000 2193.1902 3.5809 35.0005
2221.0000 2195.1570 3.5740 34.9998
2223.0000 2197.1235 3.5674 34.9994
2225.0000 2199.0898 3.5649 34.9993
2227.0000 2201.0564 3.5595 34.9990
2229.0000 2203.0225 3.5580 34.9989
2231.0000 2204.9888 3.5566 34.9988
2233.0000 2206.9553 3.5535 34.9986
2235.0000 2208.9216 3.5496 34.9984
2237.0000 2210.8882 3.5468 34.9984
2239.0000 2212.8542 3.5449 34.9981
2241.0000 2214.8208 3.5400 34.9977
2243.0000 2216.7871 3.5378 34.9976
2245.0000 2218.7532 3.5358 34.9974
2247.0000 2220.7195 3.5250 34.9964
2249.0000 2222.6858 3.5176 34.9961
2251.0000 2224.6521 3.5150 34.9959
2253.0000 2226.6182 3.5132 34.9957
2255.0000 2228.5842 3.5120 34.9957
2257.0000 2230.5505 3.5096 34.9954
2259.0000 2232.5164 3.5069 34.9953
2261.0000 2234.4827 3.5031 34.9950
2263.0000 2236.4487 3.4986 34.9947
2265.0000 2238.4146 3.4940 34.9944
2267.0000 2240.3809 3.4916 34.9942
2269.0000 2242.3472 3.4904 34.9941
2271.0000 2244.3132 3.4887 34.9940
2273.0000 2246.2791 3.4864 34.9938
2275.0000 2248.2449 3.4820 34.9935
2277.0000 2250.2112 3.4771 34.9931
2279.0000 2252.1770 3.4660 34.9921
2281.0000 2254.1426 3.4538 34.9912
2283.0000 2256.1089 3.4506 34.9909
2285.0000 2258.0747 3.4484 34.9908
2287.0000 2260.0405 3.4466 34.9906
2289.0000 2262.0066 3.4434 34.9904
2291.0000 2263.9724 3.4435 34.9905
2293.0000 2265.9380 3.4418 34.9902
2295.0000 2267.9041 3.4390 34.9902
2297.0000 2269.8699 3.4383 34.9901
2299.0000 2271.8357 3.4386 34.9901
2301.0000 2273.8013 3.4379 34.9902
2303.0000 2275.7673 3.4358 34.9898
2305.0000 2277.7329 3.4332 34.9896
2307.0000 2279.6982 3.4322 34.9897
2309.0000 2281.6641 3.4320 34.9896
2311.0000 2283.6299 3.4309 34.9894
2313.0000 2285.5955 3.4242 34.9888
2315.0000 2287.5610 3.4149 34.9882
2317.0000 2289.5266 3.4129 34.9880
2319.0000 2291.4924 3.4086 34.9877
2321.0000 2293.4578 3.4055 34.9874
2323.0000 2295.4236 3.4048 34.9874
2325.0000 2297.3889 3.4039 34.9874
2327.0000 2299.3545 3.4028 34.9873
2329.0000 2301.3201 3.4026 34.9872
2331.0000 2303.2856 3.4010 34.9871
2333.0000 2305.2512 3.3931 34.9864
2335.0000 2307.2166 3.3904 34.9864
2337.0000 2309.1819 3.3882 34.9860
2339.0000 2311.1475 3.3852 34.9858
2341.0000 2313.1128 3.3835 34.9858
2343.0000 2315.0781 3.3819 34.9855
2345.0000 2317.0435 3.3787 34.9855
2347.0000 2319.0088 3.3784 34.9855
2349.0000 2320.9741 3.3773 34.9855
2351.0000 2322.9392 3.3769 34.9853
2353.0000 2324.9048 3.3766 34.9853
2355.0000 2326.8699 3.3719 34.9849
2357.0000 2328.8352 3.3692 34.9850
2359.0000 2330.8003 3.3652 34.9846
2361.0000 2332.7656 3.3662 34.9845
2363.0000 2334.7307 3.3500 34.9833
2365.0000 2336.6960 3.3436 34.9829
2367.0000 2338.6614 3.3415 34.9825
2369.0000 2340.6262 3.3396 34.9825
2371.0000 2342.5913 3.3385 34.9823
2373.0000 2344.5566 3.3363 34.9823
2375.0000 2346.5217 3.3356 34.9822
2377.0000 2348.4868 3.3333 34.9821
2379.0000 2350.4519 3.3315 34.9818
2381.0000 2352.4170 3.3239 34.9809
2383.0000 2354.3818 3.3113 34.9803
2385.0000 2356.3469 3.3092 34.9803
2387.0000 2358.3120 3.3085 34.9804
2389.0000 2360.2769 3.3077 34.9802
2391.0000 2362.2419 3.3053 34.9800
2393.0000 2364.2068 3.2991 34.9795
2395.0000 2366.1719 3.2960 34.9793
2397.0000 2368.1365 3.2909 34.9790
2399.0000 2370.1016 3.2880 34.9790
2401.0000 2372.0664 3.2884 34.9789
2403.0000 2374.0310 3.2884 34.9790
2405.0000 2375.9958 3.2864 34.9788
2407.0000 2377.9607 3.2823 34.9784
2409.0000 2379.9255 3.2823 34.9784
2411.0000 2381.8901 3.2710 34.9775
2413.0000 2383.8550 3.2648 34.9772
2415.0000 2385.8198 3.2635 34.9771
2417.0000 2387.7844 3.2635 34.9770
2419.0000 2389.7495 3.2585 34.9769
2421.0000 2391.7141 3.2578 34.9768
2423.0000 2393.6787 3.2578 34.9768
2425.0000 2395.6433 3.2580 34.9769
2427.0000 2397.6079 3.2576 34.9768
2429.0000 2399.5728 3.2575 34.9768
2431.0000 2401.5371 3.2560 34.9766
2433.0000 2403.5017 3.2552 34.9765
2435.0000 2405.4663 3.2520 34.9764
2437.0000 2407.4309 3.2510 34.9763
2439.0000 2409.3953 3.2508 34.9763
2441.0000 2411.3596 3.2500 34.9762
2443.0000 2413.3245 3.2495 34.9760
2445.0000 2415.2886 3.2482 34.9760
2447.0000 2417.2529 3.2484 34.9761
2449.0000 2419.2178 3.2480 34.9760
2451.0000 2421.1819 3.2478 34.9759
2453.0000 2423.1462 3.2480 34.9760
2455.0000 2425.1108 3.2478 34.9759
2457.0000 2427.0754 3.2467 34.9758
2459.0000 2429.0393 3.2457 34.9757
2461.0000 2431.0039 3.2451 34.9756
2463.0000 2432.9683 3.2442 34.9756
2465.0000 2434.9324 3.2445 34.9757
2467.0000 2436.8965 3.2442 34.9757
2469.0000 2438.8611 3.2446 34.9755
2471.0000 2440.8252 3.2442 34.9756
2473.0000 2442.7893 3.2443 34.9756
2475.0000 2444.7534 3.2440 34.9756
2477.0000 2446.7178 3.2431 34.9754
2479.0000 2448.6816 3.2402 34.9752
2481.0000 2450.6460 3.2386 34.9752
2483.0000 2452.6104 3.2362 34.9748
2485.0000 2454.5745 3.2321 34.9744
2487.0000 2456.5383 3.2283 34.9742
2489.0000 2458.5024 3.2274 34.9741
2491.0000 2460.4666 3.2261 34.9741
2493.0000 2462.4304 3.2243 34.9740
2495.0000 2464.3945 3.2238 34.9739
2497.0000 2466.3584 3.2234 34.9740
2499.0000 2468.3225 3.2230 34.9739
2501.0000 2470.2864 3.2221 34.9738
2503.0000 2472.2505 3.2213 34.9737
2505.0000 2474.2146 3.2191 34.9735
2507.0000 2476.1782 3.2198 34.9736
2509.0000 2478.1421 3.2197 34.9737
2511.0000 2480.1060 3.2185 34.9735
2513.0000 2482.0701 3.2163 34.9733
2515.0000 2484.0337 3.2147 34.9732
2517.0000 2485.9973 3.2150 34.9733
2519.0000 2487.9612 3.2148 34.9733
2521.0000 2489.9250 3.2137 34.9730
2523.0000 2491.8889 3.2047 34.9723
2525.0000 2493.8525 3.1999 34.9721
2527.0000 2495.8162 3.1996 34.9720
2529.0000 2497.7800 3.1975 34.9720
2531.0000 2499.7437 3.1957 34.9718
2533.0000 2501.7075 3.1933 34.9716
2535.0000 2503.6711 3.1923 34.9714
2537.0000 2505.6348 3.1902 34.9713
2539.0000 2507.5984 3.1877 34.9711
2541.0000 2509.5618 3.1861 34.9710
2543.0000 2511.5254 3.1825 34.9708
2545.0000 2513.4890 3.1815 34.9707
2547.0000 2515.4526 3.1776 34.9702
2549.0000 2517.4163 3.1736 34.9701
2551.0000 2519.3799 3.1714 34.9699
2553.0000 2521.3433 3.1694 34.9698
2555.0000 2523.3066 3.1681 34.9696
2557.0000 2525.2700 3.1659 34.9695
2559.0000 2527.2334 3.1641 34.9694
2561.0000 2529.1970 3.1623 34.9692
2563.0000 2531.1604 3.1596 34.9691
2565.0000 2533.1238 3.1518 34.9682
2567.0000 2535.0872 3.1487 34.9681
2569.0000 2537.0503 3.1496 34.9682
2571.0000 2539.0137 3.1486 34.9681
2573.0000 2540.9771 3.1452 34.9679
2575.0000 2542.9407 3.1440 34.9676
2577.0000 2544.9036 3.1418 34.9676
2579.0000 2546.8669 3.1368 34.9672
2581.0000 2548.8303 3.1367 34.9672
2583.0000 2550.7932 3.1363 34.9672
2585.0000 2552.7568 3.1353 34.9671
2587.0000 2554.7200 3.1348 34.9671
2589.0000 2556.6829 3.1343 34.9670
2591.0000 2558.6460 3.1321 34.9669
2593.0000 2560.6094 3.1290 34.9665
2595.0000 2562.5725 3.1264 34.9662
2597.0000 2564.5356 3.1237 34.9662
2599.0000 2566.4985 3.1218 34.9660
2601.0000 2568.4619 3.1216 34.9657
2603.0000 2570.4246 3.1173 34.9658
2605.0000 2572.3875 3.1175 34.9657
2607.0000 2574.3508 3.1178 34.9658
2609.0000 2576.3140 3.1177 34.9656
2611.0000 2578.2766 3.1176 34.9657
2613.0000 2580.2395 3.1175 34.9656
2615.0000 2582.2029 3.1174 34.9656
2617.0000 2584.1655 3.1175 34.9656
2619.0000 2586.1284 3.1177 34.9656
2621.0000 2588.0913 3.1176 34.9656
2623.0000 2590.0542 3.1180 34.9657
2625.0000 2592.0171 3.1180 34.9656
2627.0000 2593.9800 3.1185 34.9656
2629.0000 2595.9429 3.1187 34.9657
2631.0000 2597.9055 3.1188 34.9657
2633.0000 2599.8682 3.1191 34.9656
2635.0000 2601.8313 3.1191 34.9657
2637.0000 2603.7939 3.1188 34.9656
2639.0000 2605.7566 3.1182 34.9655
2641.0000 2607.7190 3.1151 34.9651
2643.0000 2609.6821 3.1086 34.9647
2645.0000 2611.6445 3.1059 34.9644
2647.0000 2613.6074 3.1034 34.9644
2649.0000 2615.5698 3.1034 34.9643
2651.0000 2617.5327 3.1033 34.9643
2653.0000 2619.4951 3.1032 34.9643
2655.0000 2621.4578 3.1022 34.9642
2657.0000 2623.4204 3.0983 34.9638
2659.0000 2625.3828 3.0990 34.9639
2661.0000 2627.3455 3.0952 34.9636
2663.0000 2629.3079 3.0891 34.9631
2665.0000 2631.2703 3.0881 34.9631
2667.0000 2633.2329 3.0867 34.9630
2669.0000 2635.1953 3.0859 34.9630
2671.0000 2637.1577 3.0846 34.9628
2673.0000 2639.1201 3.0740 34.9618
2675.0000 2641.0825 3.0689 34.9615
2677.0000 2643.0452 3.0653 34.9611
2679.0000 2645.0073 3.0538 34.9605
2681.0000 2646.9697 3.0517 34.9603
2683.0000 2648.9321 3.0493 34.9602
2685.0000 2650.8945 3.0481 34.9600
2687.0000 2652.8564 3.0464 34.9599
2689.0000 2654.8191 3.0438 34.9598
2691.0000 2656.7812 3.0438 34.9597
2693.0000 2658.7432 3.0435 34.9597
2695.0000 2660.7056 3.0420 34.9595
2697.0000 2662.6680 3.0359 34.9591
2699.0000 2664.6304 3.0335 34.9589
2701.0000 2666.5923 3.0337 34.9590
2703.0000 2668.5544 3.0329 34.9587
2705.0000 2670.5166 3.0312 34.9588
2707.0000 2672.4785 3.0304 34.9587
2709.0000 2674.4407 3.0305 34.9586
2711.0000 2676.4031 3.0255 34.9580
2713.0000 2678.3647 3.0211 34.9579
2715.0000 2680.3269 3.0188 34.9577
2717.0000 2682.2893 3.0190 34.9577
2719.0000 2684.2512 3.0171 34.9575
2721.0000 2686.2129 3.0169 34.9577
2723.0000 2688.1748 3.0167 34.9575
2725.0000 2690.1372 3.0152 34.9574
2727.0000 2692.0989 3.0141 34.9573
2729.0000 2694.0608 3.0133 34.9572
2731.0000 2696.0229 3.0123 34.9572
2733.0000 2697.9849 3.0125 34.9571
2735.0000 2699.9463 3.0130 34.9570
2737.0000 2701.9084 3.0126 34.9571
2739.0000 2703.8704 3.0121 34.9571
2741.0000 2705.8318 3.0121 34.9571
2743.0000 2707.7939 3.0061 34.9565
2745.0000 2709.7556 3.0016 34.9562
2747.0000 2711.7175 3.0002 34.9560
2749.0000 2713.6792 2.9979 34.9558
2751.0000 2715.6409 2.9958 34.9558
2753.0000 2717.6025 2.9958 34.9558
2755.0000 2719.5642 2.9949 34.9557
2757.0000 2721.5259 2.9924 34.9554
2759.0000 2723.4875 2.9870 34.9550
2761.0000 2725.4495 2.9846 34.9547
2763.0000 2727.4109 2.9800 34.9544
2765.0000 2729.3723 2.9748 34.9539
2767.0000 2731.3342 2.9724 34.9538
2769.0000 2733.2957 2.9699 34.9536
2771.0000 2735.2571 2.9672 34.9534
2773.0000 2737.2188 2.9658 34.9532
2775.0000 2739.1802 2.9637 34.9531
2777.0000 2741.1416 2.9608 34.9529
2779.0000 2743.1033 2.9581 34.9527
2781.0000 2745.0647 2.9564 34.9525
2783.0000 2747.0259 2.9534 34.9522
2785.0000 2748.9875 2.9502 34.9519
2787.0000 2750.9490 2.9452 34.9515
2789.0000 2752.9104 2.9434 34.9514
2791.0000 2754.8716 2.9418 34.9513
2793.0000 2756.8330 2.9418 34.9514
2795.0000 2758.7944 2.9420 34.9514
2797.0000 2760.7556 2.9420 34.9513
2799.0000 2762.7168 2.9417 34.9513
2801.0000 2764.6785 2.9408 34.9512
2803.0000 2766.6394 2.9375 34.9510
2805.0000 2768.6008 2.9364 34.9509
2807.0000 2770.5620 2.9352 34.9508
2809.0000 2772.5234 2.9329 34.9505
2811.0000 2774.4844 2.9319 34.9505
2813.0000 2776.4456 2.9304 34.9502
2815.0000 2778.4067 2.9242 34.9498
2817.0000 2780.3679 2.9230 34.9496
2819.0000 2782.3289 2.9192 34.9493
2821.0000 2784.2903 2.9168 34.9492
2823.0000 2786.2512 2.9147 34.9489
2825.0000 2788.2122 2.9122 34.9488
2827.0000 2790.1733 2.9100 34.9486
2829.0000 2792.1343 2.9093 34.9486
2831.0000 2794.0955 2.9089 34.9486
2833.0000 2796.0564 2.9086 34.9485
2835.0000 2798.0173 2.9085 34.9485
2837.0000 2799.9785 2.9051 34.9482
2839.0000 2801.9392 2.9023 34.9480
2841.0000 2803.9004 2.9015 34.9479
2843.0000 2805.8613 2.9000 34.9478
2845.0000 2807.8220 2.8983 34.9476
2847.0000 2809.7830 2.8973 34.9475
2849.0000 2811.7437 2.8938 34.9472
2851.0000 2813.7046 2.8920 34.9470
2853.0000 2815.6653 2.8917 34.9470
2855.0000 2817.6265 2.8917 34.9470
2857.0000 2819.5872 2.8917 34.9470
2859.0000 2821.5476 2.8917 34.9470
2861.0000 2823.5088 2.8909 34.9468
2863.0000 2825.4692 2.8863 34.9464
2865.0000 2827.4299 2.8856 34.9465
2867.0000 2829.3906 2.8855 34.9464
2869.0000 2831.3516 2.8836 34.9461
2871.0000 2833.3123 2.8813 34.9460
2873.0000 2835.2727 2.8783 34.9458
2875.0000 2837.2334 2.8787 34.9457
2877.0000 2839.1941 2.8773 34.9457
2879.0000 2841.1543 2.8763 34.9457
2881.0000 2843.1150 2.8762 34.9456
2883.0000 2845.0757 2.8752 34.9453
2885.0000 2847.0361 2.8662 34.9446
2887.0000 2848.9968 2.8615 34.9443
2889.0000 2850.9573 2.8613 34.9443
2891.0000 2852.9180 2.8605 34.9442
2893.0000 2854.8779 2.8570 34.9438
2895.0000 2856.8384 2.8570 34.9439
2897.0000 2858.7991 2.8564 34.9438
2899.0000 2860.7595 2.8560 34.9438
2901.0000 2862.7197 2.8562 34.9438
2903.0000 2864.6802 2.8564 34.9439
2905.0000 2866.6406 2.8566 34.9438
2907.0000 2868.6008 2.8565 34.9439
2909.0000 2870.5613 2.8565 34.9438
2911.0000 2872.5217 2.8564 34.9438
2913.0000 2874.4819 2.8566 34.9437
2915.0000 2876.4421 2.8557 34.9437
2917.0000 2878.4026 2.8556 34.9438
2919.0000 2880.3625 2.8556 34.9436
2921.0000 2882.3228 2.8556 34.9436
2923.0000 2884.2832 2.8555 34.9436
2925.0000 2886.2437 2.8554 34.9436
2927.0000 2888.2034 2.8533 34.9433
2929.0000 2890.1636 2.8498 34.9430
2931.0000 2892.1235 2.8495 34.9431
2933.0000 2894.0842 2.8484 34.9428
2935.0000 2896.0439 2.8483 34.9429
2937.0000 2898.0042 2.8478 34.9428
2939.0000 2899.9641 2.8437 34.9424
2941.0000 2901.9241 2.8421 34.9423
2943.0000 2903.8840 2.8398 34.9421
2945.0000 2905.8442 2.8378 34.9419
2947.0000 2907.8042 2.8344 34.9416
2949.0000 2909.7642 2.8286 34.9411
2951.0000 2911.7239 2.8256 34.9409
2953.0000 2913.6843 2.8244 34.9408
2955.0000 2915.6438 2.8231 34.9406
2957.0000 2917.6038 2.8221 34.9406
2959.0000 2919.5637 2.8213 34.9405
2961.0000 2921.5237 2.8207 34.9405
2963.0000 2923.4834 2.8199 34.9404
2965.0000 2925.4434 2.8186 34.9403
2967.0000 2927.4031 2.8174 34.9401
2969.0000 2929.3628 2.8167 34.9401
2971.0000 2931.3225 2.8153 34.9399
2973.0000 2933.2825 2.8126 34.9397
2975.0000 2935.2419 2.8089 34.9394
2977.0000 2937.2019 2.8053 34.9390
2979.0000 2939.1614 2.7986 34.9383
2981.0000 2941.1213 2.7938 34.9380
2983.0000 2943.0806 2.7909 34.9378
2985.0000 2945.0405 2.7875 34.9375
2987.0000 2947.0002 2.7828 34.9372
2989.0000 2948.9597 2.7808 34.9370
2991.0000 2950.9194 2.7792 34.9368
2993.0000 2952.8789 2.7778 34.9368
2995.0000 2954.8389 2.7772 34.9367
2997.0000 2956.7979 2.7771 34.9368
2999.0000 2958.7578 2.7769 34.9368
3001.0000 2960.7173 2.7769 34.9368
3003.0000 2962.6765 2.7761 34.9367
3005.0000 2964.6360 2.7749 34.9366
3007.0000 2966.5957 2.7750 34.9365
3009.0000 2968.5552 2.7747 34.9366
3011.0000 2970.5144 2.7744 34.9366
3013.0000 2972.4741 2.7742 34.9367
3015.0000 2974.4333 2.7743 34.9366
3017.0000 2976.3926 2.7744 34.9364
3019.0000 2978.3518 2.7741 34.9364
3021.0000 2980.3115 2.7734 34.9365
3023.0000 2982.2710 2.7732 34.9364
3025.0000 2984.2297 2.7726 34.9363
3027.0000 2986.1892 2.7716 34.9362
3029.0000 2988.1484 2.7711 34.9361
3031.0000 2990.1077 2.7706 34.9360
3033.0000 2992.0669 2.7678 34.9357
3035.0000 2994.0261 2.7677 34.9356
3037.0000 2995.9854 2.7606 34.9352
3039.0000 2997.9443 2.7583 34.9350
3041.0000 2999.9038 2.7567 34.9347
3043.0000 3001.8628 2.7553 34.9348
3045.0000 3003.8220 2.7562 34.9348
3047.0000 3005.7812 2.7538 34.9347
3049.0000 3007.7402 2.7532 34.9346
3051.0000 3009.6990 2.7509 34.9345
3053.0000 3011.6582 2.7509 34.9343
3055.0000 3013.6172 2.7503 34.9344
3057.0000 3015.5764 2.7498 34.9342
3059.0000 3017.5352 2.7489 34.9341
3061.0000 3019.4944 2.7468 34.9338
3063.0000 3021.4534 2.7461 34.9338
3065.0000 3023.4121 2.7464 34.9337
3067.0000 3025.3711 2.7457 34.9337
3069.0000 3027.3301 2.7445 34.9337
3071.0000 3029.2893 2.7439 34.9335
3073.0000 3031.2478 2.7430 34.9336
3075.0000 3033.2068 2.7413 34.9335
3077.0000 3035.1658 2.7402 34.9334
3079.0000 3037.1243 2.7393 34.9333
3081.0000 3039.0833 2.7384 34.9332
3083.0000 3041.0422 2.7370 34.9330
3085.0000 3043.0007 2.7355 34.9329
3087.0000 3044.9595 2.7334 34.9327
3089.0000 3046.9182 2.7332 34.9326
3091.0000 3048.8772 2.7330 34.9326
3093.0000 3050.8357 2.7328 34.9326
3095.0000 3052.7942 2.7329 34.9327
3097.0000 3054.7529 2.7319 34.9325
3099.0000 3056.7119 2.7311 34.9325
3101.0000 3058.6702 2.7292 34.9323
3103.0000 3060.6289 2.7284 34.9323
3105.0000 3062.5876 2.7261 34.9320
3107.0000 3064.5459 2.7224 34.9318
3109.0000 3066.5046 2.7206 34.9315
3111.0000 3068.4634 2.7186 34.9314
3113.0000 3070.4214 2.7181 34.9314
3115.0000 3072.3804 2.7184 34.9314
3117.0000 3074.3386 2.7184 34.9314
3119.0000 3076.2971 2.7173 34.9313
3121.0000 3078.2556 2.7175 34.9313
3123.0000 3080.2139 2.7175 34.9313
3125.0000 3082.1724 2.7177 34.9313
3127.0000 3084.1309 2.7175 34.9313
3129.0000 3086.0891 2.7173 34.9312
3131.0000 3088.0476 2.7171 34.9311
3133.0000 3090.0061 2.7163 34.9311
3135.0000 3091.9641 2.7141 34.9309
3137.0000 3093.9226 2.7139 34.9308
3139.0000 3095.8809 2.7131 34.9307
3141.0000 3097.8394 2.7128 34.9307
3143.0000 3099.7974 2.7100 34.9305
3145.0000 3101.7559 2.7091 34.9305
3147.0000 3103.7141 2.7087 34.9304
3149.0000 3105.6721 2.7084 34.9304
3151.0000 3107.6304 2.7063 34.9301
3153.0000 3109.5889 2.7048 34.9299
3155.0000 3111.5464 2.6996 34.9294
3157.0000 3113.5049 2.6930 34.9288
3159.0000 3115.4629 2.6887 34.9285
3161.0000 3117.4209 2.6894 34.9287
3163.0000 3119.3792 2.6897 34.9286
3165.0000 3121.3372 2.6867 34.9285
3167.0000 3123.2952 2.6878 34.9281
3169.0000 3125.2529 2.6820 34.9280
3171.0000 3127.2112 2.6790 34.9278
3173.0000 3129.1694 2.6783 34.9277
3175.0000 3131.1270 2.6787 34.9277
3177.0000 3133.0852 2.6764 34.9275
3179.0000 3135.0432 2.6749 34.9274
3181.0000 3137.0010 2.6730 34.9272
3183.0000 3138.9587 2.6723 34.9271
3185.0000 3140.9170 2.6706 34.9268
3187.0000 3142.8750 2.6699 34.9267
3189.0000 3144.8323 2.6658 34.9266
3191.0000 3146.7903 2.6653 34.9265
3193.0000 3148.7483 2.6651 34.9264
3195.0000 3150.7061 2.6647 34.9264
3197.0000 3152.6638 2.6643 34.9264
3199.0000 3154.6216 2.6636 34.9263
3201.0000 3156.5796 2.6629 34.9262
3203.0000 3158.5369 2.6619 34.9261
3205.0000 3160.4949 2.6603 34.9260
3207.0000 3162.4526 2.6576 34.9257
3209.0000 3164.4106 2.6572 34.9255
3211.0000 3166.3677 2.6539 34.9254
3213.0000 3168.3254 2.6535 34.9254
3215.0000 3170.2832 2.6534 34.9253
3217.0000 3172.2407 2.6533 34.9252
3219.0000 3174.1982 2.6534 34.9253
3221.0000 3176.1560 2.6533 34.9253
3223.0000 3178.1138 2.6498 34.9247
3225.0000 3180.0710 2.6493 34.9249
3227.0000 3182.0283 2.6488 34.9247
3229.0000 3183.9861 2.6476 34.9248
3231.0000 3185.9436 2.6465 34.9246
3233.0000 3187.9011 2.6470 34.9246
3235.0000 3189.8584 2.6453 34.9244
3237.0000 3191.8157 2.6443 34.9243
3239.0000 3193.7732 2.6434 34.9243
3241.0000 3195.7307 2.6431 34.9241
3243.0000 3197.6880 2.6414 34.9241
3245.0000 3199.6453 2.6414 34.9241
3247.0000 3201.6028 2.6416 34.9241
3249.0000 3203.5603 2.6418 34.9240
3251.0000 3205.5171 2.6407 34.9240
3253.0000 3207.4746 2.6406 34.9240
3255.0000 3209.4321 2.6403 34.9239
3257.0000 3211.3894 2.6403 34.9238
3259.0000 3213.3464 2.6403 34.9239
3261.0000 3215.3035 2.6384 34.9237
3263.0000 3217.2610 2.6357 34.9233
3265.0000 3219.2178 2.6356 34.9234
3267.0000 3221.1753 2.6357 34.9234
3269.0000 3223.1326 2.6357 34.9234
3271.0000 3225.0896 2.6357 34.9234
3273.0000 3227.0464 2.6356 34.9232
3275.0000 3229.0039 2.6356 34.9233
3277.0000 3230.9609 2.6354 34.9233
3279.0000 3232.9180 2.6351 34.9232
3281.0000 3234.8750 2.6329 34.9229
3283.0000 3236.8320 2.6291 34.9225
3285.0000 3238.7891 2.6268 34.9223
3287.0000 3240.7458 2.6246 34.9222
3289.0000 3242.7031 2.6239 34.9222
3291.0000 3244.6599 2.6240 34.9221
3293.0000 3246.6167 2.6234 34.9221
3295.0000 3248.5737 2.6226 34.9221
3297.0000 3250.5308 2.6226 34.9220
3299.0000 3252.4875 2.6218 34.9219
3301.0000 3254.4443 2.6201 34.9217
3303.0000 3256.4014 2.6182 34.9215
3305.0000 3258.3584 2.6178 34.9215
3307.0000 3260.3149 2.6176 34.9215
3309.0000 3262.2720 2.6172 34.9214
3311.0000 3264.2288 2.6171 34.9214
3313.0000 3266.1853 2.6173 34.9213
3315.0000 3268.1418 2.6170 34.9212
3317.0000 3270.0989 2.6168 34.9213
3319.0000 3272.0557 2.6159 34.9212
3321.0000 3274.0122 2.6153 34.9211
3323.0000 3275.9690 2.6155 34.9211
3325.0000 3277.9255 2.6156 34.9211
3327.0000 3279.8821 2.6155 34.9211
3329.0000 3281.8389 2.6160 34.9210
3331.0000 3283.7957 2.6153 34.9210
3333.0000 3285.7522 2.6140 34.9209
3335.0000 3287.7087 2.6130 34.9207
3337.0000 3289.6650 2.6105 34.9204
3339.0000 3291.6218 2.6070 34.9202
3341.0000 3293.5781 2.6069 34.9202
3343.0000 3295.5347 2.6053 34.9200
3345.0000 3297.4915 2.6031 34.9198
3347.0000 3299.4480 2.6001 34.9194
3349.0000 3301.4043 2.5943 34.9191
3351.0000 3303.3606 2.5931 34.9189
3353.0000 3305.3171 2.5924 34.9190
3355.0000 3307.2732 2.5929 34.9189
3357.0000 3309.2297 2.5929 34.9190
3359.0000 3311.1863 2.5928 34.9189
3361.0000 3313.1428 2.5926 34.9189
3363.0000 3315.0989 2.5923 34.9189
3365.0000 3317.0554 2.5924 34.9189
3367.0000 3319.0115 2.5926 34.9189
3369.0000 3320.9675 2.5930 34.9189
3371.0000 3322.9241 2.5921 34.9188
3373.0000 3324.8804 2.5883 34.9183
3375.0000 3326.8364 2.5853 34.9182
3377.0000 3328.7927 2.5838 34.9180
3379.0000 3330.7490 2.5831 34.9178
3381.0000 3332.7053 2.5799 34.9175
3383.0000 3334.6611 2.5762 34.9172
3385.0000 3336.6174 2.5729 34.9168
3387.0000 3338.5735 2.5691 34.9166
3389.0000 3340.5293 2.5686 34.9165
3391.0000 3342.4856 2.5678 34.9165
3393.0000 3344.4417 2.5676 34.9164
3395.0000 3346.3979 2.5662 34.9164
3397.0000 3348.3540 2.5661 34.9163
3399.0000 3350.3098 2.5658 34.9163
3401.0000 3352.2661 2.5658 34.9163
3403.0000 3354.2217 2.5654 34.9162
3405.0000 3356.1775 2.5652 34.9162
3407.0000 3358.1338 2.5649 34.9161
3409.0000 3360.0896 2.5650 34.9161
3411.0000 3362.0452 2.5653 34.9161
3413.0000 3364.0015 2.5648 34.9160
3415.0000 3365.9575 2.5649 34.9160
3417.0000 3367.9128 2.5651 34.9160
3419.0000 3369.8691 2.5654 34.9161
3421.0000 3371.8252 2.5652 34.9160
3423.0000 3373.7810 2.5652 34.9160
3425.0000 3375.7366 2.5649 34.9159
3427.0000 3377.6924 2.5650 34.9159
3429.0000 3379.6479 2.5646 34.9159
3431.0000 3381.6033 2.5647 34.9159
3433.0000 3383.5593 2.5637 34.9157
3435.0000 3385.5151 2.5637 34.9157
3437.0000 3387.4707 2.5637 34.9157
3439.0000 3389.4265 2.5640 34.9157
3441.0000 3391.3821 2.5641 34.9156
3443.0000 3393.3379 2.5636 34.9156
3445.0000 3395.2935 2.5627 34.9155
3447.0000 3397.2488 2.5612 34.9153
3449.0000 3399.2046 2.5587 34.9151
3451.0000 3401.1602 2.5580 34.9149
3453.0000 3403.1157 2.5555 34.9147
3455.0000 3405.0715 2.5540 34.9145
3457.0000 3407.0271 2.5536 34.9145
3459.0000 3408.9822 2.5529 34.9145
3461.0000 3410.9380 2.5532 34.9146
3463.0000 3412.8933 2.5520 34.9143
3465.0000 3414.8486 2.5509 34.9142
3467.0000 3416.8040 2.5513 34.9143
3469.0000 3418.7595 2.5514 34.9142
3471.0000 3420.7148 2.5519 34.9144
3473.0000 3422.6699 2.5523 34.9143
3475.0000 3424.6255 2.5523 34.9143
3477.0000 3426.5808 2.5523 34.9141
3479.0000 3428.5361 2.5522 34.9141
3481.0000 3430.4915 2.5521 34.9143
3483.0000 3432.4470 2.5525 34.9143
3485.0000 3434.4021 2.5517 34.9141
3487.0000 3436.3572 2.5522 34.9141
3489.0000 3438.3125 2.5512 34.9141
3491.0000 3440.2676 2.5514 34.9141
3493.0000 3442.2227 2.5514 34.9140
3495.0000 3444.1782 2.5516 34.9140
3497.0000 3446.1333 2.5517 34.9140
3499.0000 3448.0884 2.5515 34.9140
3501.0000 3450.0432 2.5511 34.9139
3503.0000 3451.9988 2.5513 34.9139
3505.0000 3453.9539 2.5516 34.9139
3507.0000 3455.9084 2.5519 34.9139
3509.0000 3457.8640 2.5521 34.9139
3511.0000 3459.8191 2.5520 34.9138
3513.0000 3461.7737 2.5509 34.9138
3515.0000 3463.7288 2.5501 34.9136
3517.0000 3465.6838 2.5488 34.9135
3519.0000 3467.6387 2.5480 34.9134
3521.0000 3469.5940 2.5473 34.9134
3523.0000 3471.5488 2.5474 34.9134
3525.0000 3473.5034 2.5470 34.9132
3527.0000 3475.4583 2.5465 34.9132
3529.0000 3477.4133 2.5458 34.9131
3531.0000 3479.3684 2.5450 34.9130
3533.0000 3481.3232 2.5447 34.9129
3535.0000 3483.2781 2.5450 34.9129
3537.0000 3485.2327 2.5450 34.9130
3539.0000 3487.1877 2.5436 34.9127
3541.0000 3489.1423 2.5424 34.9127
3543.0000 3491.0969 2.5410 34.9125
3545.0000 3493.0520 2.5393 34.9123
3547.0000 3495.0071 2.5390 34.9123
3549.0000 3496.9612 2.5374 34.9121
3551.0000 3498.9163 2.5367 34.9121
3553.0000 3500.8708 2.5368 34.9121
3555.0000 3502.8252 2.5375 34.9122
3557.0000 3504.7803 2.5377 34.9120
3559.0000 3506.7349 2.5377 34.9120
3561.0000 3508.6892 2.5376 34.9120
3563.0000 3510.6438 2.5372 34.9120
3565.0000 3512.5984 2.5364 34.9119
3567.0000 3514.5530 2.5360 34.9118
3569.0000 3516.5073 2.5341 34.9116
3571.0000 3518.4619 2.5337 34.9116
3573.0000 3520.4165 2.5339 34.9115
3575.0000 3522.3708 2.5340 34.9116
3577.0000 3524.3254 2.5339 34.9114
3579.0000 3526.2800 2.5340 34.9115
3581.0000 3528.2341 2.5342 34.9116
3583.0000 3530.1885 2.5344 34.9116
3585.0000 3532.1431 2.5345 34.9116
3587.0000 3534.0977 2.5343 34.9116
3589.0000 3536.0520 2.5342 34.9114
3591.0000 3538.0061 2.5347 34.9115
3593.0000 3539.9607 2.5348 34.9115
3595.0000 3541.9150 2.5347 34.9114
3597.0000 3543.8691 2.5351 34.9112
3599.0000 3545.8235 2.5348 34.9114
3601.0000 3547.7776 2.5344 34.9114
3603.0000 3549.7319 2.5338 34.9111
3605.0000 3551.6860 2.5333 34.9112
3607.0000 3553.6401 2.5332 34.9112
3609.0000 3555.5945 2.5333 34.9111
3611.0000 3557.5486 2.5335 34.9112
3613.0000 3559.5029 2.5337 34.9110
3615.0000 3561.4570 2.5339 34.9110
3617.0000 3563.4109 2.5335 34.9111
3619.0000 3565.3652 2.5337 34.9110
3621.0000 3567.3193 2.5337 34.9110
3623.0000 3569.2734 2.5339 34.9110
3625.0000 3571.2273 2.5338 34.9110
3627.0000 3573.1816 2.5327 34.9108
3629.0000 3575.1353 2.5313 34.9107
3631.0000 3577.0896 2.5316 34.9107
3633.0000 3579.0435 2.5289 34.9104
3635.0000 3580.9976 2.5273 34.9103
3637.0000 3582.9514 2.5274 34.9102
3639.0000 3584.9053 2.5274 34.9103
3641.0000 3586.8594 2.5275 34.9102
3643.0000 3588.8132 2.5265 34.9101
3645.0000 3590.7666 2.5254 34.9100
3647.0000 3592.7207 2.5252 34.9100
3649.0000 3594.6750 2.5251 34.9101
3651.0000 3596.6284 2.5253 34.9100
3653.0000 3598.5823 2.5248 34.9099
3655.0000 3600.5359 2.5234 34.9098
3657.0000 3602.4902 2.5225 34.9097
3659.0000 3604.4436 2.5223 34.9096
3661.0000 3606.3975 2.5218 34.9096
3663.0000 3608.3511 2.5212 34.9094
3665.0000 3610.3044 2.5200 34.9093
3667.0000 3612.2583 2.5193 34.9092
3669.0000 3614.2122 2.5188 34.9094
3671.0000 3616.1658 2.5187 34.9092
3673.0000 3618.1194 2.5167 34.9090
3675.0000 3620.0730 2.5161 34.9089
3677.0000 3622.0269 2.5158 34.9088
3679.0000 3623.9802 2.5159 34.9089
3681.0000 3625.9336 2.5155 34.9088
3683.0000 3627.8875 2.5146 34.9087
3685.0000 3629.8408 2.5142 34.9086
3687.0000 3631.7942 2.5135 34.9085
3689.0000 3633.7476 2.5118 34.9084
3691.0000 3635.7017 2.5114 34.9083
3693.0000 3637.6548 2.5116 34.9083
3695.0000 3639.6082 2.5117 34.9083
3697.0000 3641.5618 2.5120 34.9083
3699.0000 3643.5149 2.5118 34.9083
3701.0000 3645.4683 2.5122 34.9082
3703.0000 3647.4221 2.5121 34.9084
3705.0000 3649.3755 2.5127 34.9083
3707.0000 3651.3284 2.5127 34.9083
3709.0000 3653.2817 2.5124 34.9083
3711.0000 3655.2351 2.5119 34.9082
3713.0000 3657.1880 2.5113 34.9081
3715.0000 3659.1418 2.5111 34.9082
3717.0000 3661.0952 2.5109 34.9080
3719.0000 3663.0481 2.5111 34.9080
3721.0000 3665.0012 2.5117 34.9081
3723.0000 3666.9546 2.5124 34.9081
3725.0000 3668.9080 2.5122 34.9081
3727.0000 3670.8608 2.5125 34.9080
3729.0000 3672.8142 2.5120 34.9081
3731.0000 3674.7671 2.5119 34.9080
3733.0000 3676.7205 2.5118 34.9079
3735.0000 3678.6736 2.5123 34.9080
3737.0000 3680.6265 2.5123 34.9080
3739.0000 3682.5798 2.5127 34.9079
3741.0000 3684.5325 2.5128 34.9079
3743.0000 3686.4854 2.5127 34.9079
3745.0000 3688.4387 2.5126 34.9078
3747.0000 3690.3921 2.5129 34.9078
3749.0000 3692.3447 2.5133 34.9079
3751.0000 3694.2976 2.5133 34.9079
3753.0000 3696.2505 2.5125 34.9077
3755.0000 3698.2036 2.5123 34.9077
3757.0000 3700.1565 2.5115 34.9076
3759.0000 3702.1094 2.5104 34.9075
3761.0000 3704.0620 2.5104 34.9074
3763.0000 3706.0149 2.5105 34.9075
3765.0000 3707.9678 2.5107 34.9076
3767.0000 3709.9209 2.5109 34.9075
3769.0000 3711.8733 2.5110 34.9075
3771.0000 3713.8259 2.5110 34.9075
3773.0000 3715.7793 2.5111 34.9075
3775.0000 3717.7314 2.5110 34.9074
3777.0000 3719.6843 2.5109 34.9074
3779.0000 3721.6370 2.5109 34.9074
3781.0000 3723.5901 2.5108 34.9074
3783.0000 3725.5425 2.5104 34.9073
3785.0000 3727.4954 2.5103 34.9072
3787.0000 3729.4478 2.5103 34.9072
3789.0000 3731.4004 2.5106 34.9072
3791.0000 3733.3530 2.5110 34.9073
3793.0000 3735.3059 2.5106 34.9072
3795.0000 3737.2583 2.5103 34.9071
3797.0000 3739.2109 2.5097 34.9069
3799.0000 3741.1636 2.5094 34.9071
3801.0000 3743.1160 2.5089 34.9069
3803.0000 3745.0681 2.5071 34.9068
3805.0000 3747.0210 2.5064 34.9066
3807.0000 3748.9736 2.5062 34.9066
3809.0000 3750.9260 2.5060 34.9066
3811.0000 3752.8779 2.5063 34.9066
3813.0000 3754.8308 2.5063 34.9066
3815.0000 3756.7832 2.5066 34.9067
3817.0000 3758.7351 2.5071 34.9067
3819.0000 3760.6875 2.5067 34.9066
3821.0000 3762.6406 2.5063 34.9065
3823.0000 3764.5923 2.5063 34.9064
3825.0000 3766.5447 2.5064 34.9065
3827.0000 3768.4973 2.5065 34.9065
3829.0000 3770.4497 2.5068 34.9065
3831.0000 3772.4016 2.5070 34.9064
3833.0000 3774.3538 2.5073 34.9064
3835.0000 3776.3062 2.5076 34.9063
3837.0000 3778.2583 2.5075 34.9065
3839.0000 3780.2104 2.5077 34.9064
3841.0000 3782.1628 2.5077 34.9065
3843.0000 3784.1150 2.5075 34.9063
3845.0000 3786.0669 2.5077 34.9063
3847.0000 3788.0188 2.5082 34.9064
3849.0000 3789.9714 2.5083 34.9063
3851.0000 3791.9231 2.5078 34.9063
3853.0000 3793.8752 2.5077 34.9061
3855.0000 3795.8276 2.5080 34.9063
3857.0000 3797.7798 2.5080 34.9063
3859.0000 3799.7317 2.5076 34.9062
3861.0000 3801.6836 2.5077 34.9060
3863.0000 3803.6357 2.5052 34.9059
3865.0000 3805.5874 2.5040 34.9059
3867.0000 3807.5396 2.5032 34.9056
3869.0000 3809.4917 2.5014 34.9054
3871.0000 3811.4434 2.5010 34.9055
3873.0000 3813.3950 2.5001 34.9054
3875.0000 3815.3472 2.5001 34.9053
3877.0000 3817.2993 2.5002 34.9054
3879.0000 3819.2507 2.5005 34.9053
3881.0000 3821.2026 2.5007 34.9054
3883.0000 3823.1545 2.5009 34.9053
3885.0000 3825.1064 2.5008 34.9054
3887.0000 3827.0583 2.5009 34.9053
3889.0000 3829.0100 2.5009 34.9053
3891.0000 3830.9617 2.5008 34.9052
3893.0000 3832.9133 2.5008 34.9053
3895.0000 3834.8650 2.5010 34.9053
3897.0000 3836.8167 2.5005 34.9052
3899.0000 3838.7686 2.5003 34.9052
3901.0000 3840.7202 2.5007 34.9051
3903.0000 3842.6719 2.5009 34.9052
3905.0000 3844.6235 2.5002 34.9051
3907.0000 3846.5747 2.5002 34.9050
3909.0000 3848.5264 2.5003 34.9050
3911.0000 3850.4785 2.5005 34.9051
3913.0000 3852.4294 2.5001 34.9050
3915.0000 3854.3816 2.4994 34.9048
3917.0000 3856.3328 2.4989 34.9049
3919.0000 3858.2844 2.4956 34.9044
3921.0000 3860.2358 2.4931 34.9043
3923.0000 3862.1875 2.4933 34.9042
3925.0000 3864.1387 2.4935 34.9042
3927.0000 3866.0901 2.4937 34.9043
3929.0000 3868.0417 2.4939 34.9042
3931.0000 3869.9929 2.4939 34.9042
3933.0000 3871.9446 2.4938 34.9041
3935.0000 3873.8955 2.4928 34.9040
3937.0000 3875.8472 2.4929 34.9041
3939.0000 3877.7986 2.4926 34.9040
3941.0000 3879.7495 2.4926 34.9040
3943.0000 3881.7012 2.4929 34.9040
3945.0000 3883.6523 2.4929 34.9039
3947.0000 3885.6038 2.4931 34.9040
3949.0000 3887.5549 2.4931 34.9039
3951.0000 3889.5061 2.4931 34.9039
3953.0000 3891.4575 2.4932 34.9039
3955.0000 3893.4084 2.4934 34.9040
3957.0000 3895.3596 2.4935 34.9039
3959.0000 3897.3108 2.4938 34.9039
3961.0000 3899.2617 2.4936 34.9038
3963.0000 3901.2134 2.4935 34.9038
3965.0000 3903.1643 2.4931 34.9037
3967.0000 3905.1155 2.4924 34.9036
3969.0000 3907.0664 2.4919 34.9036
3971.0000 3909.0173 2.4902 34.9033
3973.0000 3910.9690 2.4895 34.9033
3975.0000 3912.9194 2.4891 34.9033
3977.0000 3914.8704 2.4873 34.9031
3979.0000 3916.8215 2.4869 34.9031
3981.0000 3918.7727 2.4868 34.9030
3983.0000 3920.7236 2.4869 34.9029
3985.0000 3922.6746 2.4860 34.9029
3987.0000 3924.6255 2.4857 34.9028
3989.0000 3926.5762 2.4856 34.9028
3991.0000 3928.5271 2.4857 34.9028
3993.0000 3930.4783 2.4853 34.9028
3995.0000 3932.4292 2.4855 34.9027
3997.0000 3934.3796 2.4854 34.9027
3999.0000 3936.3306 2.4852 34.9027
4001.0000 3938.2812 2.4843 34.9026
4003.0000 3940.2322 2.4829 34.9024
4005.0000 3942.1826 2.4824 34.9024
4007.0000 3944.1340 2.4830 34.9024
4009.0000 3946.0845 2.4829 34.9023
4011.0000 3948.0352 2.4831 34.9023
4013.0000 3949.9856 2.4832 34.9024
4015.0000 3951.9365 2.4837 34.9024
4017.0000 3953.8870 2.4837 34.9025
4019.0000 3955.8379 2.4835 34.9023
4021.0000 3957.7886 2.4836 34.9024
4023.0000 3959.7388 2.4838 34.9023
4025.0000 3961.6895 2.4841 34.9024
4027.0000 3963.6404 2.4842 34.9024
4029.0000 3965.5913 2.4843 34.9023
4031.0000 3967.5413 2.4845 34.9023
4033.0000 3969.4922 2.4847 34.9022
4035.0000 3971.4426 2.4848 34.9022
4037.0000 3973.3926 2.4849 34.9023
4039.0000 3975.3435 2.4850 34.9023
4041.0000 3977.2939 2.4851 34.9023
4043.0000 3979.2446 2.4853 34.9023
4045.0000 3981.1943 2.4854 34.9022
4047.0000 3983.1453 2.4857 34.9022
4049.0000 3985.0957 2.4859 34.9023
4051.0000 3987.0461 2.4860 34.9022
4053.0000 3988.9961 2.4863 34.9022
4055.0000 3990.9468 2.4865 34.9023
4057.0000 3992.8970 2.4867 34.9022
4059.0000 3994.8474 2.4868 34.9022
4061.0000 3996.7974 2.4870 34.9023
4063.0000 3998.7483 2.4870 34.9022
4065.0000 4000.6978 2.4870 34.9021
4067.0000 4002.6482 2.4866 34.9021
4069.0000 4004.5986 2.4864 34.9021
4071.0000 4006.5491 2.4858 34.9019
4073.0000 4008.4988 2.4858 34.9019
4075.0000 4010.4492 2.4859 34.9019
4077.0000 4012.3992 2.4847 34.9019
4079.0000 4014.3496 2.4844 34.9017
4081.0000 4016.2996 2.4836 34.9017
4083.0000 4018.2500 2.4838 34.9017
4085.0000 4020.1997 2.4835 34.9016
4087.0000 4022.1497 2.4836 34.9017
4089.0000 4024.0996 2.4837 34.9016
4091.0000 4026.0500 2.4840 34.9015
4093.0000 4027.9998 2.4841 34.9016
4095.0000 4029.9502 2.4843 34.9016
4097.0000 4031.8997 2.4846 34.9015
4099.0000 4033.8499 2.4850 34.9017
4101.0000 4035.7998 2.4852 34.9015
4103.0000 4037.7498 2.4853 34.9016
4105.0000 4039.6997 2.4858 34.9015
4107.0000 4041.6494 2.4850 34.9015
4109.0000 4043.5994 2.4850 34.9015
4111.0000 4045.5493 2.4840 34.9013
4113.0000 4047.4985 2.4839 34.9013
4115.0000 4049.4490 2.4836 34.9013
4117.0000 4051.3987 2.4838 34.9013
4119.0000 4053.3486 2.4836 34.9014
4121.0000 4055.2979 2.4841 34.9013
4123.0000 4057.2483 2.4840 34.9013
4125.0000 4059.1978 2.4841 34.9013
4127.0000 4061.1475 2.4842 34.9013
4129.0000 4063.0974 2.4846 34.9013
4131.0000 4065.0471 2.4846 34.9012
4133.0000 4066.9971 2.4847 34.9012
4135.0000 4068.9463 2.4852 34.9013
4137.0000 4070.8958 2.4855 34.9013
4139.0000 4072.8455 2.4861 34.9012
4141.0000 4074.7949 2.4862 34.9013
4143.0000 4076.7446 2.4857 34.9012
4145.0000 4078.6941 2.4862 34.9013
4147.0000 4080.6433 2.4858 34.9011
4149.0000 4082.5935 2.4858 34.9011
4151.0000 4084.5430 2.4859 34.9011
4153.0000 4086.4927 2.4856 34.9011
4155.0000 4088.4417 2.4858 34.9010
4157.0000 4090.3914 2.4858 34.9010
4159.0000 4092.3408 2.4859 34.9010
4161.0000 4094.2898 2.4851 34.9010
4163.0000 4096.2397 2.4851 34.9009
4165.0000 4098.1895 2.4856 34.9009
4167.0000 4100.1387 2.4855 34.9009
4169.0000 4102.0879 2.4851 34.9009
4171.0000 4104.0366 2.4851 34.9009
4173.0000 4105.9863 2.4853 34.9009
4175.0000 4107.9351 2.4855 34.9007
4177.0000 4109.8848 2.4852 34.9008
4179.0000 4111.8345 2.4851 34.9008
4181.0000 4113.7837 2.4853 34.9007
4183.0000 4115.7329 2.4857 34.9007
4185.0000 4117.6821 2.4859 34.9008
4187.0000 4119.6313 2.4844 34.9006
4189.0000 4121.5801 2.4824 34.9004
4191.0000 4123.5293 2.4818 34.9002
4193.0000 4125.4790 2.4818 34.9003
4195.0000 4127.4282 2.4820 34.9003
4197.0000 4129.3770 2.4823 34.9003
4199.0000 4131.3262 2.4820 34.9002
4201.0000 4133.2754 2.4820 34.9002
4203.0000 4135.2246 2.4823 34.9002
4205.0000 4137.1733 2.4820 34.9002
4207.0000 4139.1226 2.4819 34.9001
4209.0000 4141.0718 2.4809 34.9000
4211.0000 4143.0205 2.4800 34.8999
4213.0000 4144.9697 2.4794 34.8998
4215.0000 4146.9185 2.4785 34.8997
4217.0000 4148.8672 2.4774 34.8996
4219.0000 4150.8164 2.4759 34.8995
4221.0000 4152.7651 2.4758 34.8994
4223.0000 4154.7139 2.4746 34.8992
4225.0000 4156.6631 2.4738 34.8992
4227.0000 4158.6118 2.4734 34.8991
4229.0000 4160.5610 2.4727 34.8990
4231.0000 4162.5093 2.4725 34.8990
4233.0000 4164.4585 2.4726 34.8990
4235.0000 4166.4072 2.4722 34.8989
4237.0000 4168.3560 2.4728 34.8990
4239.0000 4170.3047 2.4728 34.8990
4241.0000 4172.2534 2.4716 34.8988
4243.0000 4174.2026 2.4718 34.8988
4245.0000 4176.1509 2.4714 34.8988
4247.0000 4178.0996 2.4715 34.8988
4249.0000 4180.0483 2.4716 34.8988
4251.0000 4181.9971 2.4721 34.8987
4253.0000 4183.9453 2.4725 34.8988
4255.0000 4185.8940 2.4726 34.8988
4257.0000 4187.8433 2.4726 34.8987
4259.0000 4189.7915 2.4731 34.8988
4261.0000 4191.7402 2.4737 34.8989
4263.0000 4193.6890 2.4737 34.8988
4265.0000 4195.6367 2.4739 34.8988
4267.0000 4197.5859 2.4742 34.8988
4269.0000 4199.5347 2.4743 34.8988
4271.0000 4201.4829 2.4745 34.8988
4273.0000 4203.4312 2.4748 34.8988
4275.0000 4205.3799 2.4750 34.8987
4277.0000 4207.3281 2.4753 34.8988
4279.0000 4209.2764 2.4756 34.8989
4281.0000 4211.2251 2.4756 34.8988
4283.0000 4213.1733 2.4761 34.8988
4285.0000 4215.1216 2.4765 34.8987
4287.0000 4217.0698 2.4739 34.8985
4289.0000 4219.0186 2.4743 34.8986
4291.0000 4220.9668 2.4760 34.8985
4293.0000 4222.9150 2.4758 34.8984
4295.0000 4224.8628 2.4742 34.8983
4297.0000 4226.8115 2.4742 34.8984
4299.0000 4228.7598 2.4746 34.8985
4301.0000 4230.7080 2.4745 34.8984
4303.0000 4232.6562 2.4740 34.8983
4305.0000 4234.6045 2.4739 34.8983
4307.0000 4236.5527 2.4737 34.8982
4309.0000 4238.5010 2.4728 34.8982
4311.0000 4240.4492 2.4732 34.8982
4313.0000 4242.3970 2.4741 34.8982
4315.0000 4244.3452 2.4734 34.8981
4317.0000 4246.2935 2.4739 34.8982
4319.0000 4248.2417 2.4740 34.8982
4321.0000 4250.1895 2.4732 34.8980
4323.0000 4252.1377 2.4729 34.8980
4325.0000 4254.0859 2.4728 34.8979
4327.0000 4256.0332 2.4730 34.8980
4329.0000 4257.9819 2.4722 34.8978
4331.0000 4259.9297 2.4708 34.8977
4333.0000 4261.8779 2.4707 34.8978
4335.0000 4263.8252 2.4707 34.8976
4337.0000 4265.7734 2.4710 34.8977
4339.0000 4267.7217 2.4711 34.8977
4341.0000 4269.6689 2.4714 34.8976
4343.0000 4271.6172 2.4724 34.8976
4345.0000 4273.5649 2.4725 34.8976
4347.0000 4275.5127 2.4724 34.8976
4349.0000 4277.4604 2.4724 34.8977
4351.0000 4279.4087 2.4723 34.8976
4353.0000 4281.3564 2.4714 34.8975
4355.0000 4283.3042 2.4703 34.8974
4357.0000 4285.2515 2.4691 34.8972
4359.0000 4287.1997 2.4673 34.8971
4361.0000 4289.1475 2.4670 34.8971
4363.0000 4291.0947 2.4670 34.8971
4365.0000 4293.0430 2.4646 34.8968
4367.0000 4294.9907 2.4641 34.8966
4369.0000 4296.9385 2.4645 34.8967
4371.0000 4298.8853 2.4648 34.8967
4373.0000 4300.8335 2.4630 34.8964
4375.0000 4302.7808 2.4622 34.8964
4377.0000 4304.7285 2.4630 34.8964
4379.0000 4306.6763 2.4624 34.8964
4381.0000 4308.6235 2.4625 34.8965
4383.0000 4310.5713 2.4619 34.8963
4385.0000 4312.5190 2.4607 34.8962
4387.0000 4314.4668 2.4600 34.8961
4389.0000 4316.4136 2.4598 34.8960
4391.0000 4318.3613 2.4597 34.8960
4393.0000 4320.3091 2.4604 34.8960
4395.0000 4322.2563 2.4620 34.8960
4397.0000 4324.2031 2.4621 34.8960
4399.0000 4326.1509 2.4624 34.8960
4401.0000 4328.0986 2.4625 34.8960
4403.0000 4330.0459 2.4625 34.8961
4405.0000 4331.9927 2.4627 34.8960
4407.0000 4333.9404 2.4630 34.8961
4409.0000 4335.8877 2.4625 34.8960
4411.0000 4337.8354 2.4630 34.8960
4413.0000 4339.7827 2.4627 34.8960
4415.0000 4341.7300 2.4624 34.8960
4417.0000 4343.6768 2.4627 34.8959
4419.0000 4345.6240 2.4620 34.8959
4421.0000 4347.5713 2.4615 34.8957
4423.0000 4349.5186 2.4610 34.8957
4425.0000 4351.4658 2.4611 34.8956
4427.0000 4353.4131 2.4614 34.8957
4429.0000 4355.3604 2.4603 34.8956
4431.0000 4357.3071 2.4611 34.8955
4433.0000 4359.2549 2.4614 34.8956
4435.0000 4361.2012 2.4619 34.8955
4437.0000 4363.1484 2.4620 34.8955
