CTD cast

DATE:  04-Jan-2016 10:17:00
latitude:  24.4993
longitude:  -45.1999
  P (db)  z (m)    T (^oC)  S (psu)
3.0000 2.9808 24.5864 37.4526
5.0000 4.9680 24.5861 37.4527
7.0000 6.9551 24.5843 37.4528
9.0000 8.9422 24.5887 37.4527
11.0000 10.9293 24.5879 37.4526
13.0000 12.9164 24.5884 37.4526
15.0000 14.9035 24.5888 37.4528
17.0000 16.8906 24.5913 37.4528
19.0000 18.8776 24.5924 37.4529
21.0000 20.8646 24.5926 37.4528
23.0000 22.8516 24.5908 37.4529
25.0000 24.8386 24.5914 37.4528
27.0000 26.8255 24.5916 37.4528
29.0000 28.8125 24.5917 37.4527
31.0000 30.7994 24.5912 37.4524
33.0000 32.7863 24.5894 37.4521
35.0000 34.7732 24.5893 37.4518
37.0000 36.7600 24.5819 37.4502
39.0000 38.7469 24.5559 37.4452
41.0000 40.7337 24.5437 37.4439
43.0000 42.7205 24.4751 37.4361
45.0000 44.7073 24.4784 37.4390
47.0000 46.6941 24.4588 37.4400
49.0000 48.6808 24.4451 37.4404
51.0000 50.6675 24.4090 37.4391
53.0000 52.6542 24.4085 37.4441
55.0000 54.6409 24.4343 37.4587
57.0000 56.6276 24.4348 37.4585
59.0000 58.6142 24.4319 37.4578
61.0000 60.6009 24.4360 37.4600
63.0000 62.5875 24.4357 37.4601
65.0000 64.5741 24.4323 37.4587
67.0000 66.5606 24.4249 37.4572
69.0000 68.5472 24.4247 37.4571
71.0000 70.5337 24.4251 37.4572
73.0000 72.5202 24.4207 37.4556
75.0000 74.5067 24.3902 37.4473
77.0000 76.4932 24.3901 37.4457
79.0000 78.4797 24.3180 37.4242
81.0000 80.4661 24.2320 37.4057
83.0000 82.4525 24.0879 37.3791
85.0000 84.4389 23.9944 37.3637
87.0000 86.4253 24.0223 37.3730
89.0000 88.4117 23.6544 37.3044
91.0000 90.3980 23.4653 37.2788
93.0000 92.3843 23.6005 37.2966
95.0000 94.3706 22.8275 37.1564
97.0000 96.3569 22.8400 37.1704
99.0000 98.3432 22.6920 37.1407
101.0000 100.3294 22.5262 37.1257
103.0000 102.3157 22.6967 37.1555
105.0000 104.3018 22.6271 37.1467
107.0000 106.2880 22.4103 37.1190
109.0000 108.2742 22.3104 37.1121
111.0000 110.2604 22.2534 37.1071
113.0000 112.2465 22.0547 37.0917
115.0000 114.2326 22.0426 37.0929
117.0000 116.2187 21.8591 37.0847
119.0000 118.2048 21.7774 37.0818
121.0000 120.1908 21.7274 37.0816
123.0000 122.1768 21.6842 37.0732
125.0000 124.1629 21.4038 37.0540
127.0000 126.1489 21.3468 37.0479
129.0000 128.1348 21.3383 37.0507
131.0000 130.1208 21.1916 37.0429
133.0000 132.1067 21.1259 37.0397
135.0000 134.0927 21.1170 37.0372
137.0000 136.0786 21.0235 37.0265
139.0000 138.0644 20.9644 37.0177
141.0000 140.0503 20.8398 36.9983
143.0000 142.0361 20.7944 36.9954
145.0000 144.0219 20.7996 36.9987
147.0000 146.0078 20.7650 36.9926
149.0000 147.9935 20.6536 36.9697
151.0000 149.9793 20.5560 36.9485
153.0000 151.9650 20.4728 36.9281
155.0000 153.9508 20.3692 36.8990
157.0000 155.9365 20.0467 36.8310
159.0000 157.9222 19.9751 36.8222
161.0000 159.9078 19.9079 36.8198
163.0000 161.8935 19.8869 36.8196
165.0000 163.8791 19.8741 36.8191
167.0000 165.8647 19.8498 36.8147
169.0000 167.8503 19.8368 36.8146
171.0000 169.8359 19.7828 36.8040
173.0000 171.8214 19.8037 36.8074
175.0000 173.8070 19.7287 36.7954
177.0000 175.7925 19.7064 36.7919
179.0000 177.7780 19.6878 36.7885
181.0000 179.7635 19.6308 36.7780
183.0000 181.7489 19.5793 36.7661
185.0000 183.7344 19.5377 36.7568
187.0000 185.7198 19.4419 36.7313
189.0000 187.7052 19.2562 36.6892
191.0000 189.6906 19.1684 36.6724
193.0000 191.6759 19.1188 36.6616
195.0000 193.6613 19.0159 36.6446
197.0000 195.6466 18.9730 36.6382
199.0000 197.6319 18.9645 36.6370
201.0000 199.6172 18.9639 36.6390
203.0000 201.6024 18.9532 36.6392
205.0000 203.5877 18.8974 36.6334
207.0000 205.5729 18.8820 36.6336
209.0000 207.5581 18.8779 36.6314
211.0000 209.5433 18.8270 36.6245
213.0000 211.5285 18.7472 36.6122
215.0000 213.5136 18.6442 36.5969
217.0000 215.4988 18.5973 36.5890
219.0000 217.4839 18.5715 36.5848
221.0000 219.4690 18.5481 36.5811
223.0000 221.4540 18.5142 36.5752
225.0000 223.4391 18.4934 36.5716
227.0000 225.4241 18.4862 36.5715
229.0000 227.4092 18.4673 36.5688
231.0000 229.3941 18.4510 36.5660
233.0000 231.3791 18.3321 36.5503
235.0000 233.3641 18.2684 36.5462
237.0000 235.3490 18.2628 36.5458
239.0000 237.3339 18.2544 36.5452
241.0000 239.3188 18.2483 36.5446
243.0000 241.3037 18.2457 36.5441
245.0000 243.2886 18.2175 36.5409
247.0000 245.2734 18.1996 36.5383
249.0000 247.2583 18.1602 36.5335
251.0000 249.2431 18.1270 36.5306
253.0000 251.2278 18.0977 36.5276
255.0000 253.2126 18.0664 36.5242
257.0000 255.1974 18.0504 36.5216
259.0000 257.1821 18.0384 36.5196
261.0000 259.1668 18.0331 36.5188
263.0000 261.1515 18.0182 36.5158
265.0000 263.1362 17.9877 36.5115
267.0000 265.1208 17.9386 36.5053
269.0000 267.1054 17.8963 36.5004
271.0000 269.0901 17.8758 36.4987
273.0000 271.0746 17.8737 36.4992
275.0000 273.0593 17.8598 36.4962
277.0000 275.0438 17.8165 36.4897
279.0000 277.0284 17.7975 36.4870
281.0000 279.0128 17.7761 36.4839
283.0000 280.9974 17.7584 36.4821
285.0000 282.9818 17.7352 36.4786
287.0000 284.9663 17.7218 36.4770
289.0000 286.9507 17.7181 36.4765
291.0000 288.9352 17.7097 36.4749
293.0000 290.9196 17.6759 36.4687
295.0000 292.9040 17.6353 36.4638
297.0000 294.8883 17.6166 36.4610
299.0000 296.8727 17.5956 36.4583
301.0000 298.8570 17.5398 36.4502
303.0000 300.8413 17.5064 36.4459
305.0000 302.8256 17.4692 36.4398
307.0000 304.8099 17.4193 36.4339
309.0000 306.7941 17.4115 36.4328
311.0000 308.7784 17.4045 36.4319
313.0000 310.7626 17.3984 36.4312
315.0000 312.7467 17.3871 36.4297
317.0000 314.7309 17.3775 36.4280
319.0000 316.7151 17.3659 36.4265
321.0000 318.6992 17.3545 36.4243
323.0000 320.6833 17.3131 36.4170
325.0000 322.6674 17.2717 36.4125
327.0000 324.6515 17.2612 36.4118
329.0000 326.6356 17.2505 36.4105
331.0000 328.6196 17.2341 36.4075
333.0000 330.6036 17.1745 36.3977
335.0000 332.5876 17.1749 36.3993
337.0000 334.5716 17.1565 36.3938
339.0000 336.5556 17.0742 36.3806
341.0000 338.5396 16.9931 36.3655
343.0000 340.5235 16.9649 36.3623
345.0000 342.5074 16.9491 36.3609
347.0000 344.4913 16.9246 36.3566
349.0000 346.4751 16.8891 36.3505
351.0000 348.4590 16.8497 36.3444
353.0000 350.4428 16.8365 36.3417
355.0000 352.4266 16.7768 36.3315
357.0000 354.4104 16.7486 36.3281
359.0000 356.3942 16.7271 36.3238
361.0000 358.3779 16.6756 36.3148
363.0000 360.3617 16.6322 36.3078
365.0000 362.3454 16.6148 36.3048
367.0000 364.3291 16.5963 36.3010
369.0000 366.3127 16.5118 36.2848
371.0000 368.2964 16.4215 36.2701
373.0000 370.2801 16.3689 36.2621
375.0000 372.2637 16.3148 36.2539
377.0000 374.2473 16.2914 36.2510
379.0000 376.2309 16.2794 36.2490
381.0000 378.2145 16.2616 36.2464
383.0000 380.1980 16.2401 36.2421
385.0000 382.1815 16.1925 36.2351
387.0000 384.1650 16.1125 36.2191
389.0000 386.1485 16.0244 36.2062
391.0000 388.1320 15.9930 36.2004
393.0000 390.1154 15.9356 36.1905
395.0000 392.0989 15.8973 36.1859
397.0000 394.0822 15.9210 36.1878
399.0000 396.0656 15.8278 36.1740
401.0000 398.0490 15.7878 36.1682
403.0000 400.0324 15.7829 36.1684
405.0000 402.0157 15.7543 36.1630
407.0000 403.9990 15.7144 36.1566
409.0000 405.9823 15.7052 36.1562
411.0000 407.9656 15.7095 36.1558
413.0000 409.9489 15.6799 36.1512
415.0000 411.9321 15.6419 36.1448
417.0000 413.9154 15.6099 36.1411
419.0000 415.8985 15.5875 36.1365
421.0000 417.8817 15.5256 36.1262
423.0000 419.8649 15.5140 36.1271
425.0000 421.8480 15.4979 36.1204
427.0000 423.8311 15.3646 36.1002
429.0000 425.8143 15.3024 36.0914
431.0000 427.7973 15.3023 36.0922
433.0000 429.7804 15.1901 36.0742
435.0000 431.7635 15.1539 36.0687
437.0000 433.7465 15.1096 36.0615
439.0000 435.7295 15.0825 36.0578
441.0000 437.7125 15.0573 36.0555
443.0000 439.6955 15.0200 36.0473
445.0000 441.6784 14.9828 36.0424
447.0000 443.6614 14.9285 36.0352
449.0000 445.6443 14.8907 36.0292
451.0000 447.6272 14.8325 36.0183
453.0000 449.6100 14.7925 36.0136
455.0000 451.5929 14.7482 36.0077
457.0000 453.5757 14.6864 35.9979
459.0000 455.5585 14.6119 35.9854
461.0000 457.5414 14.5726 35.9816
463.0000 459.5242 14.5385 35.9750
465.0000 461.5069 14.4868 35.9683
467.0000 463.4897 14.4686 35.9660
469.0000 465.4724 14.4491 35.9634
471.0000 467.4551 14.4275 35.9606
473.0000 469.4378 14.3942 35.9552
475.0000 471.4204 14.3403 35.9476
477.0000 473.4031 14.3237 35.9461
479.0000 475.3858 14.3166 35.9447
481.0000 477.3683 14.3028 35.9433
483.0000 479.3510 14.2868 35.9404
485.0000 481.3335 14.2544 35.9364
487.0000 483.3161 14.2392 35.9342
489.0000 485.2986 14.2218 35.9313
491.0000 487.2811 14.1741 35.9243
493.0000 489.2636 14.1333 35.9185
495.0000 491.2461 14.0951 35.9124
497.0000 493.2286 14.0364 35.9040
499.0000 495.2110 13.9890 35.8982
501.0000 497.1934 13.9861 35.8978
503.0000 499.1758 13.9712 35.8951
505.0000 501.1582 13.9433 35.8907
507.0000 503.1405 13.9013 35.8852
509.0000 505.1229 13.8442 35.8768
511.0000 507.1053 13.7913 35.8689
513.0000 509.0876 13.7553 35.8649
515.0000 511.0698 13.7461 35.8638
517.0000 513.0521 13.7317 35.8622
519.0000 515.0344 13.7239 35.8612
521.0000 517.0165 13.7092 35.8587
523.0000 518.9988 13.6881 35.8552
525.0000 520.9810 13.6152 35.8439
527.0000 522.9632 13.5590 35.8380
529.0000 524.9453 13.5044 35.8285
531.0000 526.9275 13.4135 35.8160
533.0000 528.9096 13.3565 35.8075
535.0000 530.8917 13.3036 35.8015
537.0000 532.8737 13.2268 35.7901
539.0000 534.8558 13.1872 35.7859
541.0000 536.8379 13.1735 35.7837
543.0000 538.8199 13.1367 35.7793
545.0000 540.8019 13.1181 35.7767
547.0000 542.7839 13.1084 35.7757
549.0000 544.7658 13.1051 35.7760
551.0000 546.7478 13.1015 35.7755
553.0000 548.7297 13.1012 35.7755
555.0000 550.7115 13.0992 35.7751
557.0000 552.6935 13.0953 35.7746
559.0000 554.6754 13.0865 35.7727
561.0000 556.6573 13.0176 35.7622
563.0000 558.6390 12.9815 35.7578
565.0000 560.6209 12.9373 35.7509
567.0000 562.6027 12.9016 35.7471
569.0000 564.5844 12.8840 35.7445
571.0000 566.5662 12.8599 35.7398
573.0000 568.5480 12.8559 35.7408
575.0000 570.5297 12.8022 35.7329
577.0000 572.5114 12.7538 35.7261
579.0000 574.4930 12.7228 35.7225
581.0000 576.4747 12.7126 35.7213
583.0000 578.4564 12.6965 35.7186
585.0000 580.4380 12.6751 35.7164
587.0000 582.4197 12.6697 35.7156
589.0000 584.4012 12.6610 35.7143
591.0000 586.3828 12.6514 35.7132
593.0000 588.3643 12.6369 35.7111
595.0000 590.3458 12.6029 35.7055
597.0000 592.3273 12.5330 35.6965
599.0000 594.3088 12.4923 35.6921
601.0000 596.2903 12.4852 35.6911
603.0000 598.2718 12.4719 35.6891
605.0000 600.2532 12.4333 35.6841
607.0000 602.2346 12.4079 35.6807
609.0000 604.2160 12.3463 35.6705
611.0000 606.1974 12.2807 35.6641
613.0000 608.1787 12.2705 35.6637
615.0000 610.1602 12.2016 35.6535
617.0000 612.1415 12.1682 35.6503
619.0000 614.1227 12.1588 35.6493
621.0000 616.1040 12.1490 35.6484
623.0000 618.0853 12.1371 35.6463
625.0000 620.0665 12.0933 35.6401
627.0000 622.0477 12.0565 35.6366
629.0000 624.0289 12.0461 35.6352
631.0000 626.0101 12.0074 35.6295
633.0000 627.9913 11.9737 35.6258
635.0000 629.9724 11.9556 35.6240
637.0000 631.9536 11.9226 35.6187
639.0000 633.9347 11.8831 35.6155
641.0000 635.9158 11.8820 35.6135
643.0000 637.8969 11.7636 35.5983
645.0000 639.8779 11.7091 35.5916
647.0000 641.8589 11.6727 35.5874
649.0000 643.8400 11.6421 35.5846
651.0000 645.8210 11.6311 35.5837
653.0000 647.8019 11.6300 35.5834
655.0000 649.7829 11.5753 35.5763
657.0000 651.7639 11.5318 35.5709
659.0000 653.7448 11.5148 35.5694
661.0000 655.7257 11.4987 35.5673
663.0000 657.7066 11.4735 35.5641
665.0000 659.6874 11.4488 35.5596
667.0000 661.6683 11.3732 35.5495
669.0000 663.6491 11.3366 35.5462
671.0000 665.6299 11.3045 35.5419
673.0000 667.6107 11.2549 35.5372
675.0000 669.5915 11.2255 35.5331
677.0000 671.5723 11.1711 35.5259
679.0000 673.5530 11.1298 35.5215
681.0000 675.5337 11.0728 35.5153
683.0000 677.5144 11.0713 35.5129
685.0000 679.4951 10.9596 35.5028
687.0000 681.4757 10.9312 35.4985
689.0000 683.4564 10.8901 35.4940
691.0000 685.4370 10.8579 35.4905
693.0000 687.4175 10.8218 35.4868
695.0000 689.3982 10.8050 35.4855
697.0000 691.3787 10.7986 35.4851
699.0000 693.3594 10.7803 35.4829
701.0000 695.3398 10.7491 35.4795
703.0000 697.3203 10.7432 35.4796
705.0000 699.3008 10.7127 35.4751
707.0000 701.2812 10.6958 35.4739
709.0000 703.2617 10.6942 35.4739
711.0000 705.2422 10.6757 35.4709
713.0000 707.2226 10.6079 35.4626
715.0000 709.2030 10.5816 35.4602
717.0000 711.1833 10.5507 35.4560
719.0000 713.1637 10.5012 35.4503
721.0000 715.1440 10.4577 35.4450
723.0000 717.1243 10.4100 35.4403
725.0000 719.1047 10.3971 35.4391
727.0000 721.0850 10.3780 35.4368
729.0000 723.0652 10.3499 35.4335
731.0000 725.0455 10.3236 35.4306
733.0000 727.0257 10.2879 35.4267
735.0000 729.0059 10.2425 35.4210
737.0000 730.9861 10.1759 35.4131
739.0000 732.9662 10.1152 35.4075
741.0000 734.9465 10.0928 35.4043
743.0000 736.9265 10.0574 35.4012
745.0000 738.9066 10.0334 35.3983
747.0000 740.8868 10.0023 35.3953
749.0000 742.8668 9.9757 35.3919
751.0000 744.8469 9.9518 35.3900
753.0000 746.8269 9.9452 35.3895
755.0000 748.8068 9.9223 35.3859
757.0000 750.7869 9.8688 35.3803
759.0000 752.7669 9.8728 35.3827
761.0000 754.7469 9.7912 35.3699
763.0000 756.7267 9.7021 35.3624
765.0000 758.7067 9.6501 35.3554
767.0000 760.6866 9.5900 35.3492
769.0000 762.6664 9.5087 35.3397
771.0000 764.6463 9.4701 35.3374
773.0000 766.6262 9.4572 35.3356
775.0000 768.6061 9.4432 35.3345
777.0000 770.5858 9.4318 35.3338
779.0000 772.5656 9.4044 35.3305
781.0000 774.5454 9.3501 35.3240
783.0000 776.5251 9.3244 35.3221
785.0000 778.5049 9.3137 35.3206
787.0000 780.4847 9.2921 35.3183
789.0000 782.4644 9.2751 35.3161
791.0000 784.4440 9.2551 35.3137
793.0000 786.4236 9.2327 35.3112
795.0000 788.4033 9.2134 35.3091
797.0000 790.3829 9.1919 35.3066
799.0000 792.3625 9.1816 35.3055
801.0000 794.3420 9.1660 35.3033
803.0000 796.3217 9.1506 35.3017
805.0000 798.3011 9.1350 35.2997
807.0000 800.2808 9.1143 35.2968
809.0000 802.2603 9.0923 35.2942
811.0000 804.2397 9.0736 35.2918
813.0000 806.2192 9.0473 35.2886
815.0000 808.1987 9.0237 35.2856
817.0000 810.1780 8.9633 35.2772
819.0000 812.1574 8.8608 35.2656
821.0000 814.1369 8.7750 35.2581
823.0000 816.1163 8.7319 35.2519
825.0000 818.0956 8.6352 35.2390
827.0000 820.0750 8.5863 35.2321
829.0000 822.0543 8.5685 35.2305
831.0000 824.0336 8.5435 35.2273
833.0000 826.0128 8.5238 35.2253
835.0000 827.9921 8.5099 35.2236
837.0000 829.9714 8.5183 35.2253
839.0000 831.9506 8.4673 35.2184
841.0000 833.9299 8.4454 35.2164
843.0000 835.9090 8.4334 35.2147
845.0000 837.8881 8.4189 35.2131
847.0000 839.8673 8.4045 35.2113
849.0000 841.8465 8.3888 35.2095
851.0000 843.8257 8.3717 35.2072
853.0000 845.8046 8.3376 35.2033
855.0000 847.7837 8.3264 35.2021
857.0000 849.7628 8.3073 35.1998
859.0000 851.7418 8.2807 35.1967
861.0000 853.7209 8.2451 35.1924
863.0000 855.6999 8.1833 35.1850
865.0000 857.6788 8.1501 35.1818
867.0000 859.6577 8.1273 35.1791
869.0000 861.6368 8.0721 35.1721
871.0000 863.6158 8.0263 35.1679
873.0000 865.5945 8.0217 35.1677
875.0000 867.5735 8.0164 35.1674
877.0000 869.5524 8.0034 35.1660
879.0000 871.5312 7.9970 35.1656
881.0000 873.5100 7.9892 35.1645
883.0000 875.4888 7.9442 35.1578
885.0000 877.4677 7.8622 35.1503
887.0000 879.4464 7.8511 35.1509
889.0000 881.4251 7.8728 35.1511
891.0000 883.4040 7.8205 35.1468
893.0000 885.3825 7.8198 35.1468
895.0000 887.3613 7.8203 35.1470
897.0000 889.3400 7.8129 35.1459
899.0000 891.3187 7.7846 35.1427
901.0000 893.2972 7.7524 35.1400
903.0000 895.2759 7.7430 35.1393
905.0000 897.2545 7.7325 35.1385
907.0000 899.2331 7.7028 35.1362
909.0000 901.2117 7.6760 35.1343
911.0000 903.1902 7.6568 35.1319
913.0000 905.1688 7.6313 35.1289
915.0000 907.1473 7.6029 35.1255
917.0000 909.1257 7.5308 35.1174
919.0000 911.1043 7.4954 35.1157
921.0000 913.0827 7.4796 35.1141
923.0000 915.0611 7.4670 35.1133
925.0000 917.0396 7.4589 35.1129
927.0000 919.0179 7.4445 35.1114
929.0000 920.9963 7.3874 35.1036
931.0000 922.9747 7.3172 35.0998
933.0000 924.9531 7.2982 35.0975
935.0000 926.9313 7.2666 35.0950
937.0000 928.9097 7.2625 35.0948
939.0000 930.8880 7.2587 35.0945
941.0000 932.8662 7.2521 35.0942
943.0000 934.8445 7.2470 35.0938
945.0000 936.8227 7.2407 35.0933
947.0000 938.8009 7.2322 35.0924
949.0000 940.7791 7.2162 35.0907
951.0000 942.7573 7.1887 35.0878
953.0000 944.7354 7.1564 35.0850
955.0000 946.7136 7.0952 35.0793
957.0000 948.6917 7.0652 35.0782
959.0000 950.6697 7.0553 35.0780
961.0000 952.6478 7.0532 35.0782
963.0000 954.6259 7.0475 35.0779
965.0000 956.6039 7.0245 35.0765
967.0000 958.5820 6.9988 35.0746
969.0000 960.5599 6.9693 35.0724
971.0000 962.5380 6.9628 35.0718
973.0000 964.5159 6.9612 35.0720
975.0000 966.4939 6.9614 35.0722
977.0000 968.4719 6.9615 35.0721
979.0000 970.4496 6.9623 35.0721
981.0000 972.4277 6.9615 35.0723
983.0000 974.4055 6.9605 35.0720
985.0000 976.3834 6.9592 35.0719
987.0000 978.3611 6.9571 35.0718
989.0000 980.3391 6.9515 35.0712
991.0000 982.3168 6.9392 35.0702
993.0000 984.2946 6.9310 35.0694
995.0000 986.2724 6.9052 35.0674
997.0000 988.2501 6.8758 35.0653
999.0000 990.2278 6.8660 35.0651
1001.0000 992.2055 6.8607 35.0648
1003.0000 994.1832 6.8577 35.0645
1005.0000 996.1608 6.8468 35.0640
1007.0000 998.1385 6.8376 35.0635
1009.0000 1000.1161 6.8343 35.0633
1011.0000 1002.0938 6.8298 35.0629
1013.0000 1004.0714 6.8196 35.0624
1015.0000 1006.0490 6.8111 35.0618
1017.0000 1008.0264 6.7998 35.0614
1019.0000 1010.0040 6.7991 35.0609
1021.0000 1011.9816 6.7533 35.0577
1023.0000 1013.9591 6.6914 35.0541
1025.0000 1015.9365 6.6858 35.0550
1027.0000 1017.9140 6.6510 35.0527
1029.0000 1019.8915 6.6350 35.0517
1031.0000 1021.8689 6.6310 35.0517
1033.0000 1023.8462 6.6217 35.0513
1035.0000 1025.8237 6.6069 35.0503
1037.0000 1027.8010 6.5998 35.0504
1039.0000 1029.7783 6.5955 35.0502
1041.0000 1031.7556 6.5889 35.0498
1043.0000 1033.7329 6.5802 35.0498
1045.0000 1035.7102 6.5771 35.0495
1047.0000 1037.6875 6.5745 35.0491
1049.0000 1039.6649 6.5575 35.0495
1051.0000 1041.6421 6.5215 35.0495
1053.0000 1043.6193 6.5004 35.0486
1055.0000 1045.5966 6.4940 35.0477
1057.0000 1047.5737 6.4769 35.0461
1059.0000 1049.5508 6.4338 35.0439
1061.0000 1051.5280 6.4253 35.0437
1063.0000 1053.5051 6.4219 35.0433
1065.0000 1055.4823 6.4179 35.0433
1067.0000 1057.4594 6.4095 35.0432
1069.0000 1059.4363 6.3739 35.0435
1071.0000 1061.4133 6.3502 35.0424
1073.0000 1063.3904 6.3231 35.0422
1075.0000 1065.3674 6.3219 35.0425
1077.0000 1067.3445 6.3166 35.0422
1079.0000 1069.3213 6.3047 35.0425
1081.0000 1071.2983 6.2997 35.0431
1083.0000 1073.2754 6.2745 35.0410
1085.0000 1075.2523 6.2436 35.0391
1087.0000 1077.2291 6.2344 35.0414
1089.0000 1079.2061 6.2319 35.0417
1091.0000 1081.1829 6.2231 35.0425
1093.0000 1083.1597 6.2192 35.0428
1095.0000 1085.1366 6.2119 35.0417
1097.0000 1087.1134 6.1647 35.0408
1099.0000 1089.0902 6.1381 35.0396
1101.0000 1091.0668 6.1197 35.0381
1103.0000 1093.0437 6.0789 35.0347
1105.0000 1095.0205 6.0753 35.0347
1107.0000 1096.9971 6.0756 35.0347
1109.0000 1098.9739 6.0755 35.0349
1111.0000 1100.9506 6.0689 35.0356
1113.0000 1102.9271 6.0657 35.0357
1115.0000 1104.9038 6.0655 35.0358
1117.0000 1106.8805 6.0640 35.0357
1119.0000 1108.8571 6.0588 35.0355
1121.0000 1110.8335 6.0468 35.0350
1123.0000 1112.8102 6.0432 35.0353
1125.0000 1114.7866 6.0396 35.0352
1127.0000 1116.7632 6.0348 35.0360
1129.0000 1118.7397 6.0348 35.0374
1131.0000 1120.7163 6.0349 35.0382
1133.0000 1122.6929 6.0353 35.0389
1135.0000 1124.6692 6.0354 35.0390
1137.0000 1126.6456 6.0355 35.0390
1139.0000 1128.6219 6.0356 35.0393
1141.0000 1130.5984 6.0352 35.0400
1143.0000 1132.5748 6.0255 35.0419
1145.0000 1134.5511 6.0091 35.0444
1147.0000 1136.5276 6.0000 35.0457
1149.0000 1138.5038 5.9900 35.0462
1151.0000 1140.4802 5.9831 35.0476
1153.0000 1142.4565 5.9709 35.0494
1155.0000 1144.4326 5.9520 35.0508
1157.0000 1146.4089 5.9366 35.0510
1159.0000 1148.3851 5.9397 35.0509
1161.0000 1150.3615 5.9308 35.0511
1163.0000 1152.3375 5.9268 35.0510
1165.0000 1154.3138 5.9160 35.0515
1167.0000 1156.2899 5.8991 35.0515
1169.0000 1158.2660 5.8792 35.0521
1171.0000 1160.2422 5.8668 35.0528
1173.0000 1162.2183 5.8531 35.0535
1175.0000 1164.1943 5.8477 35.0534
1177.0000 1166.1703 5.8441 35.0536
1179.0000 1168.1464 5.8400 35.0535
1181.0000 1170.1226 5.8379 35.0537
1183.0000 1172.0984 5.8333 35.0545
1185.0000 1174.0745 5.8315 35.0560
1187.0000 1176.0505 5.8273 35.0553
1189.0000 1178.0265 5.8015 35.0548
1191.0000 1180.0023 5.7691 35.0533
1193.0000 1181.9781 5.7595 35.0536
1195.0000 1183.9541 5.7503 35.0540
1197.0000 1185.9298 5.7438 35.0544
1199.0000 1187.9058 5.7421 35.0544
1201.0000 1189.8817 5.7357 35.0545
1203.0000 1191.8575 5.7292 35.0545
1205.0000 1193.8333 5.7222 35.0543
1207.0000 1195.8091 5.7114 35.0543
1209.0000 1197.7849 5.6897 35.0545
1211.0000 1199.7605 5.6738 35.0548
1213.0000 1201.7363 5.6649 35.0551
1215.0000 1203.7120 5.6601 35.0553
1217.0000 1205.6877 5.6559 35.0553
1219.0000 1207.6633 5.6533 35.0556
1221.0000 1209.6389 5.6471 35.0553
1223.0000 1211.6146 5.6385 35.0559
1225.0000 1213.5902 5.6318 35.0559
1227.0000 1215.5658 5.6214 35.0571
1229.0000 1217.5414 5.6201 35.0572
1231.0000 1219.5170 5.6175 35.0572
1233.0000 1221.4926 5.6048 35.0572
1235.0000 1223.4680 5.6033 35.0572
1237.0000 1225.4437 5.5978 35.0571
1239.0000 1227.4191 5.5930 35.0573
1241.0000 1229.3945 5.5911 35.0575
1243.0000 1231.3700 5.5861 35.0575
1245.0000 1233.3453 5.5793 35.0575
1247.0000 1235.3208 5.5695 35.0574
1249.0000 1237.2963 5.5574 35.0578
1251.0000 1239.2716 5.5496 35.0586
1253.0000 1241.2469 5.5488 35.0587
1255.0000 1243.2223 5.5447 35.0589
1257.0000 1245.1976 5.5233 35.0600
1259.0000 1247.1729 5.5291 35.0594
1261.0000 1249.1482 5.5150 35.0604
1263.0000 1251.1234 5.5148 35.0604
1265.0000 1253.0988 5.5130 35.0603
1267.0000 1255.0740 5.5151 35.0603
1269.0000 1257.0491 5.5105 35.0601
1271.0000 1259.0243 5.5043 35.0605
1273.0000 1260.9994 5.5030 35.0610
1275.0000 1262.9745 5.4994 35.0626
1277.0000 1264.9497 5.4932 35.0636
1279.0000 1266.9247 5.4850 35.0646
1281.0000 1268.8998 5.4792 35.0652
1283.0000 1270.8749 5.4772 35.0655
1285.0000 1272.8500 5.4702 35.0663
1287.0000 1274.8250 5.4577 35.0671
1289.0000 1276.8000 5.4508 35.0674
1291.0000 1278.7750 5.4478 35.0680
1293.0000 1280.7500 5.4414 35.0681
1295.0000 1282.7250 5.4370 35.0686
1297.0000 1284.7000 5.4324 35.0690
1299.0000 1286.6749 5.4318 35.0687
1301.0000 1288.6497 5.4192 35.0686
1303.0000 1290.6248 5.4162 35.0685
1305.0000 1292.5996 5.4152 35.0683
1307.0000 1294.5745 5.4083 35.0671
1309.0000 1296.5493 5.4065 35.0670
1311.0000 1298.5243 5.4077 35.0670
1313.0000 1300.4990 5.3945 35.0662
1315.0000 1302.4736 5.3855 35.0654
1317.0000 1304.4485 5.3783 35.0655
1319.0000 1306.4232 5.3741 35.0651
1321.0000 1308.3979 5.3564 35.0630
1323.0000 1310.3726 5.3599 35.0661
1325.0000 1312.3474 5.3505 35.0673
1327.0000 1314.3220 5.3428 35.0667
1329.0000 1316.2966 5.3316 35.0664
1331.0000 1318.2712 5.3190 35.0659
1333.0000 1320.2458 5.3024 35.0656
1335.0000 1322.2205 5.2873 35.0654
1337.0000 1324.1951 5.2813 35.0649
1339.0000 1326.1696 5.2754 35.0651
1341.0000 1328.1440 5.2738 35.0651
1343.0000 1330.1187 5.2722 35.0656
1345.0000 1332.0931 5.2710 35.0660
1347.0000 1334.0676 5.2685 35.0661
1349.0000 1336.0420 5.2675 35.0663
1351.0000 1338.0165 5.2674 35.0663
1353.0000 1339.9910 5.2676 35.0664
1355.0000 1341.9652 5.2680 35.0663
1357.0000 1343.9398 5.2681 35.0663
1359.0000 1345.9142 5.2677 35.0663
1361.0000 1347.8885 5.2681 35.0664
1363.0000 1349.8628 5.2683 35.0665
1365.0000 1351.8372 5.2673 35.0667
1367.0000 1353.8115 5.2638 35.0670
1369.0000 1355.7856 5.2587 35.0673
1371.0000 1357.7600 5.2560 35.0674
1373.0000 1359.7343 5.2524 35.0675
1375.0000 1361.7084 5.2478 35.0682
1377.0000 1363.6825 5.2424 35.0686
1379.0000 1365.6569 5.2323 35.0694
1381.0000 1367.6310 5.2325 35.0699
1383.0000 1369.6051 5.2292 35.0700
1385.0000 1371.5792 5.2168 35.0715
1387.0000 1373.5535 5.2143 35.0715
1389.0000 1375.5276 5.2118 35.0714
1391.0000 1377.5015 5.2101 35.0717
1393.0000 1379.4756 5.2075 35.0717
1395.0000 1381.4496 5.2021 35.0717
1397.0000 1383.4236 5.1914 35.0717
1399.0000 1385.3976 5.1793 35.0720
1401.0000 1387.3716 5.1748 35.0720
1403.0000 1389.3457 5.1712 35.0719
1405.0000 1391.3195 5.1654 35.0718
1407.0000 1393.2935 5.1616 35.0718
1409.0000 1395.2675 5.1608 35.0718
1411.0000 1397.2412 5.1558 35.0714
1413.0000 1399.2151 5.1492 35.0709
1415.0000 1401.1890 5.1444 35.0710
1417.0000 1403.1627 5.1458 35.0710
1419.0000 1405.1366 5.1354 35.0707
1421.0000 1407.1105 5.1343 35.0711
1423.0000 1409.0842 5.1340 35.0714
1425.0000 1411.0580 5.1317 35.0716
1427.0000 1413.0317 5.1282 35.0714
1429.0000 1415.0055 5.1213 35.0713
1431.0000 1416.9791 5.1145 35.0711
1433.0000 1418.9528 5.1112 35.0718
1435.0000 1420.9265 5.1051 35.0732
1437.0000 1422.9001 5.0995 35.0738
1439.0000 1424.8738 5.0982 35.0740
1441.0000 1426.8474 5.0913 35.0742
1443.0000 1428.8209 5.0846 35.0749
1445.0000 1430.7944 5.0867 35.0745
1447.0000 1432.7679 5.0803 35.0750
1449.0000 1434.7417 5.0731 35.0753
1451.0000 1436.7153 5.0620 35.0756
1453.0000 1438.6887 5.0541 35.0753
1455.0000 1440.6621 5.0482 35.0755
1457.0000 1442.6356 5.0438 35.0757
1459.0000 1444.6089 5.0410 35.0761
1461.0000 1446.5824 5.0318 35.0761
1463.0000 1448.5560 5.0239 35.0765
1465.0000 1450.5294 5.0208 35.0765
1467.0000 1452.5026 5.0185 35.0765
1469.0000 1454.4761 5.0180 35.0765
1471.0000 1456.4493 5.0155 35.0767
1473.0000 1458.4225 5.0133 35.0765
1475.0000 1460.3960 4.9959 35.0754
1477.0000 1462.3693 4.9819 35.0753
1479.0000 1464.3424 4.9616 35.0750
1481.0000 1466.3157 4.9467 35.0748
1483.0000 1468.2889 4.9425 35.0749
1485.0000 1470.2622 4.9412 35.0749
1487.0000 1472.2354 4.9419 35.0751
1489.0000 1474.2085 4.9376 35.0748
1491.0000 1476.1816 4.9303 35.0746
1493.0000 1478.1548 4.9163 35.0743
1495.0000 1480.1278 4.9105 35.0745
1497.0000 1482.1011 4.9087 35.0746
1499.0000 1484.0742 4.9088 35.0747
1501.0000 1486.0470 4.9081 35.0747
1503.0000 1488.0201 4.8915 35.0751
1505.0000 1489.9932 4.8850 35.0747
1507.0000 1491.9662 4.8809 35.0749
1509.0000 1493.9392 4.8839 35.0747
1511.0000 1495.9121 4.8787 35.0748
1513.0000 1497.8851 4.8765 35.0748
1515.0000 1499.8579 4.8690 35.0743
1517.0000 1501.8309 4.8638 35.0741
1519.0000 1503.8038 4.8633 35.0742
1521.0000 1505.7766 4.8404 35.0725
1523.0000 1507.7495 4.8308 35.0733
1525.0000 1509.7224 4.8304 35.0734
1527.0000 1511.6953 4.8218 35.0730
1529.0000 1513.6680 4.8161 35.0730
1531.0000 1515.6407 4.8137 35.0730
1533.0000 1517.6135 4.8095 35.0726
1535.0000 1519.5863 4.8059 35.0724
1537.0000 1521.5591 4.7986 35.0718
1539.0000 1523.5317 4.7927 35.0714
1541.0000 1525.5043 4.7908 35.0713
1543.0000 1527.4771 4.7900 35.0713
1545.0000 1529.4498 4.7889 35.0714
1547.0000 1531.4224 4.7895 35.0713
1549.0000 1533.3949 4.7874 35.0711
1551.0000 1535.3677 4.7840 35.0711
1553.0000 1537.3402 4.7789 35.0707
1555.0000 1539.3126 4.7763 35.0708
1557.0000 1541.2852 4.7644 35.0702
1559.0000 1543.2578 4.7583 35.0705
1561.0000 1545.2303 4.7578 35.0705
1563.0000 1547.2026 4.7572 35.0706
1565.0000 1549.1752 4.7506 35.0706
1567.0000 1551.1478 4.7451 35.0706
1569.0000 1553.1201 4.7441 35.0706
1571.0000 1555.0925 4.7388 35.0700
1573.0000 1557.0649 4.7262 35.0698
1575.0000 1559.0374 4.7245 35.0697
1577.0000 1561.0096 4.7229 35.0696
1579.0000 1562.9819 4.7233 35.0697
1581.0000 1564.9542 4.7239 35.0698
1583.0000 1566.9266 4.7225 35.0696
1585.0000 1568.8989 4.7127 35.0689
1587.0000 1570.8712 4.7043 35.0687
1589.0000 1572.8435 4.7037 35.0687
1591.0000 1574.8156 4.7022 35.0685
1593.0000 1576.7878 4.6987 35.0684
1595.0000 1578.7600 4.6970 35.0684
1597.0000 1580.7322 4.6968 35.0682
1599.0000 1582.7043 4.6843 35.0677
1601.0000 1584.6765 4.6729 35.0669
1603.0000 1586.6487 4.6659 35.0669
1605.0000 1588.6207 4.6643 35.0668
1607.0000 1590.5928 4.6611 35.0667
1609.0000 1592.5648 4.6581 35.0663
1611.0000 1594.5369 4.6520 35.0661
1613.0000 1596.5089 4.6485 35.0660
1615.0000 1598.4810 4.6496 35.0660
1617.0000 1600.4529 4.6411 35.0655
1619.0000 1602.4249 4.6299 35.0651
1621.0000 1604.3969 4.6186 35.0646
1623.0000 1606.3689 4.6148 35.0646
1625.0000 1608.3407 4.6106 35.0647
1627.0000 1610.3125 4.6096 35.0647
1629.0000 1612.2844 4.6070 35.0645
1631.0000 1614.2562 4.6048 35.0644
1633.0000 1616.2281 4.6017 35.0641
1635.0000 1618.2000 4.5890 35.0635
1637.0000 1620.1719 4.5830 35.0632
1639.0000 1622.1436 4.5872 35.0633
1641.0000 1624.1154 4.5754 35.0628
1643.0000 1626.0872 4.5721 35.0626
1645.0000 1628.0588 4.5689 35.0624
1647.0000 1630.0304 4.5672 35.0623
1649.0000 1632.0023 4.5669 35.0623
1651.0000 1633.9740 4.5666 35.0622
1653.0000 1635.9454 4.5635 35.0621
1655.0000 1637.9172 4.5594 35.0620
1657.0000 1639.8889 4.5567 35.0619
1659.0000 1641.8602 4.5547 35.0617
1661.0000 1643.8320 4.5510 35.0615
1663.0000 1645.8036 4.5477 35.0614
1665.0000 1647.7751 4.5367 35.0606
1667.0000 1649.7466 4.5292 35.0604
1669.0000 1651.7181 4.5245 35.0599
1671.0000 1653.6896 4.5170 35.0599
1673.0000 1655.6611 4.5112 35.0596
1675.0000 1657.6326 4.5080 35.0594
1677.0000 1659.6041 4.5040 35.0593
1679.0000 1661.5753 4.5019 35.0592
1681.0000 1663.5469 4.5001 35.0591
1683.0000 1665.5183 4.4954 35.0590
1685.0000 1667.4896 4.4921 35.0589
1687.0000 1669.4608 4.4897 35.0588
1689.0000 1671.4324 4.4889 35.0589
1691.0000 1673.4037 4.4870 35.0589
1693.0000 1675.3749 4.4835 35.0587
1695.0000 1677.3462 4.4847 35.0585
1697.0000 1679.3174 4.4761 35.0582
1699.0000 1681.2887 4.4670 35.0575
1701.0000 1683.2599 4.4547 35.0563
1703.0000 1685.2310 4.4313 35.0556
1705.0000 1687.2023 4.4286 35.0553
1707.0000 1689.1732 4.4272 35.0553
1709.0000 1691.1447 4.4271 35.0554
1711.0000 1693.1157 4.4284 35.0554
1713.0000 1695.0869 4.4220 35.0551
1715.0000 1697.0579 4.4218 35.0553
1717.0000 1699.0289 4.4214 35.0551
1719.0000 1701.0001 4.4104 35.0542
1721.0000 1702.9708 4.3929 35.0532
1723.0000 1704.9420 4.3848 35.0531
1725.0000 1706.9131 4.3816 35.0529
1727.0000 1708.8840 4.3735 35.0525
1729.0000 1710.8550 4.3707 35.0526
1731.0000 1712.8259 4.3664 35.0524
1733.0000 1714.7969 4.3626 35.0519
1735.0000 1716.7676 4.3580 35.0520
1737.0000 1718.7385 4.3590 35.0517
1739.0000 1720.7097 4.3483 35.0515
1741.0000 1722.6802 4.3471 35.0514
1743.0000 1724.6511 4.3427 35.0510
1745.0000 1726.6221 4.3382 35.0509
1747.0000 1728.5928 4.3380 35.0510
1749.0000 1730.5635 4.3315 35.0507
1751.0000 1732.5343 4.3289 35.0508
1753.0000 1734.5051 4.3281 35.0508
1755.0000 1736.4757 4.3281 35.0508
1757.0000 1738.4464 4.3250 35.0511
1759.0000 1740.4171 4.3231 35.0511
1761.0000 1742.3878 4.3184 35.0511
1763.0000 1744.3584 4.3056 35.0506
1765.0000 1746.3291 4.2958 35.0504
1767.0000 1748.2998 4.2938 35.0502
1769.0000 1750.2701 4.2861 35.0497
1771.0000 1752.2408 4.2761 35.0490
1773.0000 1754.2115 4.2629 35.0483
1775.0000 1756.1821 4.2466 35.0475
1777.0000 1758.1525 4.2546 35.0478
1779.0000 1760.1229 4.2401 35.0472
1781.0000 1762.0936 4.2352 35.0466
1783.0000 1764.0637 4.2285 35.0461
1785.0000 1766.0344 4.2066 35.0445
1787.0000 1768.0048 4.1986 35.0443
1789.0000 1769.9755 4.1951 35.0443
1791.0000 1771.9456 4.1953 35.0443
1793.0000 1773.9161 4.1939 35.0442
1795.0000 1775.8865 4.1926 35.0441
1797.0000 1777.8566 4.1915 35.0440
1799.0000 1779.8270 4.1850 35.0437
1801.0000 1781.7974 4.1791 35.0434
1803.0000 1783.7675 4.1793 35.0433
1805.0000 1785.7378 4.1773 35.0432
1807.0000 1787.7083 4.1740 35.0432
1809.0000 1789.6783 4.1721 35.0431
1811.0000 1791.6484 4.1711 35.0430
1813.0000 1793.6188 4.1708 35.0431
1815.0000 1795.5891 4.1687 35.0429
1817.0000 1797.5590 4.1697 35.0428
1819.0000 1799.5293 4.1614 35.0425
1821.0000 1801.4994 4.1543 35.0423
1823.0000 1803.4696 4.1494 35.0423
1825.0000 1805.4393 4.1473 35.0417
1827.0000 1807.4097 4.1393 35.0417
1829.0000 1809.3795 4.1381 35.0416
1831.0000 1811.3496 4.1381 35.0415
1833.0000 1813.3196 4.1309 35.0411
1835.0000 1815.2898 4.1205 35.0407
1837.0000 1817.2596 4.1178 35.0406
1839.0000 1819.2296 4.1187 35.0401
1841.0000 1821.1995 4.1106 35.0400
1843.0000 1823.1696 4.1071 35.0397
1845.0000 1825.1393 4.1044 35.0395
1847.0000 1827.1091 4.1024 35.0395
1849.0000 1829.0790 4.1025 35.0395
1851.0000 1831.0491 4.1026 35.0395
1853.0000 1833.0186 4.1023 35.0395
1855.0000 1834.9885 4.1006 35.0393
1857.0000 1836.9584 4.0999 35.0393
1859.0000 1838.9281 4.0993 35.0392
1861.0000 1840.8977 4.0975 35.0390
1863.0000 1842.8676 4.0940 35.0388
1865.0000 1844.8372 4.0934 35.0388
1867.0000 1846.8070 4.0895 35.0385
1869.0000 1848.7769 4.0872 35.0384
1871.0000 1850.7463 4.0825 35.0380
1873.0000 1852.7161 4.0743 35.0374
1875.0000 1854.6854 4.0661 35.0370
1877.0000 1856.6554 4.0485 35.0357
1879.0000 1858.6246 4.0243 35.0349
1881.0000 1860.5944 4.0196 35.0346
1883.0000 1862.5640 4.0159 35.0346
1885.0000 1864.5337 4.0126 35.0345
1887.0000 1866.5029 4.0125 35.0345
1889.0000 1868.4724 4.0069 35.0341
1891.0000 1870.4420 4.0048 35.0339
1893.0000 1872.4114 3.9987 35.0335
1895.0000 1874.3810 3.9850 35.0321
1897.0000 1876.3502 3.9676 35.0308
1899.0000 1878.3197 3.9649 35.0308
1901.0000 1880.2889 3.9620 35.0306
1903.0000 1882.2584 3.9585 35.0304
1905.0000 1884.2277 3.9600 35.0303
1907.0000 1886.1970 3.9514 35.0298
1909.0000 1888.1664 3.9452 35.0293
1911.0000 1890.1357 3.9382 35.0292
1913.0000 1892.1051 3.9347 35.0285
1915.0000 1894.0742 3.9307 35.0283
1917.0000 1896.0435 3.9298 35.0283
1919.0000 1898.0127 3.9294 35.0282
1921.0000 1899.9818 3.9291 35.0282
1923.0000 1901.9513 3.9283 35.0281
1925.0000 1903.9203 3.9199 35.0273
1927.0000 1905.8894 3.9168 35.0274
1929.0000 1907.8584 3.9123 35.0269
1931.0000 1909.8276 3.9109 35.0268
1933.0000 1911.7969 3.9091 35.0267
1935.0000 1913.7657 3.9089 35.0267
1937.0000 1915.7350 3.9090 35.0267
1939.0000 1917.7039 3.9062 35.0263
1941.0000 1919.6729 3.9006 35.0257
1943.0000 1921.6420 3.8935 35.0254
1945.0000 1923.6110 3.8909 35.0252
1947.0000 1925.5801 3.8894 35.0248
1949.0000 1927.5487 3.8823 35.0243
1951.0000 1929.5179 3.8793 35.0241
1953.0000 1931.4869 3.8778 35.0239
1955.0000 1933.4554 3.8630 35.0227
1957.0000 1935.4244 3.8553 35.0222
1959.0000 1937.3933 3.8497 35.0218
1961.0000 1939.3623 3.8410 35.0212
1963.0000 1941.3309 3.8381 35.0212
1965.0000 1943.2998 3.8358 35.0209
1967.0000 1945.2687 3.8333 35.0209
1969.0000 1947.2374 3.8315 35.0207
1971.0000 1949.2061 3.8223 35.0198
1973.0000 1951.1749 3.8216 35.0203
1975.0000 1953.1436 3.8093 35.0187
1977.0000 1955.1122 3.7935 35.0177
1979.0000 1957.0811 3.7886 35.0178
1981.0000 1959.0497 3.7887 35.0175
1983.0000 1961.0181 3.7808 35.0171
1985.0000 1962.9869 3.7826 35.0172
1987.0000 1964.9556 3.7723 35.0164
1989.0000 1966.9242 3.7665 35.0161
1991.0000 1968.8926 3.7639 35.0161
1993.0000 1970.8612 3.7601 35.0152
1995.0000 1972.8298 3.7477 35.0146
1997.0000 1974.7983 3.7467 35.0145
1999.0000 1976.7667 3.7459 35.0144
2001.0000 1978.7354 3.7417 35.0141
2003.0000 1980.7037 3.7370 35.0139
2005.0000 1982.6720 3.7352 35.0136
2007.0000 1984.6406 3.7318 35.0134
2009.0000 1986.6088 3.7302 35.0134
2011.0000 1988.5773 3.7297 35.0133
2013.0000 1990.5457 3.7290 35.0133
2015.0000 1992.5140 3.7270 35.0133
2017.0000 1994.4823 3.7248 35.0129
2019.0000 1996.4507 3.7252 35.0128
2021.0000 1998.4191 3.7090 35.0114
2023.0000 2000.3873 3.6955 35.0105
2025.0000 2002.3556 3.6936 35.0105
2027.0000 2004.3237 3.6963 35.0105
2029.0000 2006.2920 3.6922 35.0103
2031.0000 2008.2601 3.6905 35.0103
2033.0000 2010.2284 3.6889 35.0101
2035.0000 2012.1965 3.6837 35.0096
2037.0000 2014.1648 3.6768 35.0093
2039.0000 2016.1328 3.6759 35.0092
2041.0000 2018.1008 3.6759 35.0093
2043.0000 2020.0690 3.6752 35.0091
2045.0000 2022.0370 3.6710 35.0088
2047.0000 2024.0050 3.6648 35.0083
2049.0000 2025.9733 3.6604 35.0081
2051.0000 2027.9414 3.6554 35.0077
2053.0000 2029.9092 3.6535 35.0076
2055.0000 2031.8772 3.6532 35.0077
2057.0000 2033.8452 3.6528 35.0077
2059.0000 2035.8130 3.6516 35.0076
2061.0000 2037.7810 3.6499 35.0072
2063.0000 2039.7490 3.6341 35.0063
2065.0000 2041.7168 3.6333 35.0061
2067.0000 2043.6846 3.6307 35.0060
2069.0000 2045.6526 3.6300 35.0059
2071.0000 2047.6206 3.6293 35.0059
2073.0000 2049.5881 3.6282 35.0057
2075.0000 2051.5559 3.6235 35.0054
2077.0000 2053.5239 3.6170 35.0049
2079.0000 2055.4915 3.6138 35.0046
2081.0000 2057.4595 3.6072 35.0040
2083.0000 2059.4272 3.6022 35.0036
2085.0000 2061.3950 3.6003 35.0036
2087.0000 2063.3625 3.6004 35.0037
2089.0000 2065.3301 3.6003 35.0036
2091.0000 2067.2979 3.6002 35.0036
2093.0000 2069.2654 3.5976 35.0033
2095.0000 2071.2332 3.5947 35.0031
2097.0000 2073.2007 3.5824 35.0020
2099.0000 2075.1685 3.5787 35.0020
2101.0000 2077.1357 3.5810 35.0019
2103.0000 2079.1035 3.5768 35.0018
2105.0000 2081.0710 3.5753 35.0017
2107.0000 2083.0383 3.5754 35.0017
2109.0000 2085.0059 3.5761 35.0016
2111.0000 2086.9734 3.5732 35.0014
2113.0000 2088.9409 3.5624 35.0005
2115.0000 2090.9082 3.5514 34.9995
2117.0000 2092.8757 3.5322 34.9982
2119.0000 2094.8433 3.5256 34.9980
2121.0000 2096.8103 3.5231 34.9978
2123.0000 2098.7778 3.5266 34.9980
2125.0000 2100.7454 3.5223 34.9978
2127.0000 2102.7124 3.5214 34.9978
2129.0000 2104.6802 3.5188 34.9976
2131.0000 2106.6472 3.5180 34.9975
2133.0000 2108.6145 3.5159 34.9974
2135.0000 2110.5818 3.5071 34.9967
2137.0000 2112.5491 3.5015 34.9962
2139.0000 2114.5161 3.4997 34.9962
2141.0000 2116.4832 3.4990 34.9962
2143.0000 2118.4507 3.4954 34.9959
2145.0000 2120.4177 3.4934 34.9958
2147.0000 2122.3853 3.4925 34.9958
2149.0000 2124.3518 3.4909 34.9955
2151.0000 2126.3191 3.4898 34.9955
2153.0000 2128.2864 3.4893 34.9956
2155.0000 2130.2534 3.4890 34.9954
2157.0000 2132.2205 3.4873 34.9952
2159.0000 2134.1875 3.4809 34.9947
2161.0000 2136.1545 3.4758 34.9945
2163.0000 2138.1213 3.4728 34.9941
2165.0000 2140.0886 3.4722 34.9941
2167.0000 2142.0557 3.4701 34.9941
2169.0000 2144.0222 3.4693 34.9940
2171.0000 2145.9893 3.4685 34.9938
2173.0000 2147.9563 3.4626 34.9935
2175.0000 2149.9233 3.4612 34.9934
2177.0000 2151.8901 3.4615 34.9934
2179.0000 2153.8569 3.4614 34.9934
2181.0000 2155.8237 3.4617 34.9934
2183.0000 2157.7905 3.4612 34.9934
2185.0000 2159.7576 3.4605 34.9933
2187.0000 2161.7241 3.4599 34.9933
2189.0000 2163.6909 3.4598 34.9932
2191.0000 2165.6575 3.4566 34.9929
2193.0000 2167.6245 3.4537 34.9927
2195.0000 2169.5911 3.4518 34.9925
2197.0000 2171.5576 3.4492 34.9923
2199.0000 2173.5247 3.4476 34.9922
2201.0000 2175.4915 3.4471 34.9922
2203.0000 2177.4578 3.4462 34.9921
2205.0000 2179.4246 3.4445 34.9917
2207.0000 2181.3911 3.4408 34.9917
2209.0000 2183.3577 3.4390 34.9915
2211.0000 2185.3242 3.4368 34.9914
2213.0000 2187.2908 3.4361 34.9913
2215.0000 2189.2573 3.4346 34.9911
2217.0000 2191.2236 3.4319 34.9909
2219.0000 2193.1902 3.4296 34.9907
2221.0000 2195.1570 3.4263 34.9904
2223.0000 2197.1235 3.4161 34.9896
2225.0000 2199.0898 3.4065 34.9889
2227.0000 2201.0564 3.3997 34.9885
2229.0000 2203.0225 3.4036 34.9888
2231.0000 2204.9888 3.3971 34.9883
2233.0000 2206.9553 3.3925 34.9880
2235.0000 2208.9216 3.3923 34.9880
2237.0000 2210.8882 3.3904 34.9878
2239.0000 2212.8542 3.3867 34.9875
2241.0000 2214.8208 3.3852 34.9874
2243.0000 2216.7871 3.3828 34.9872
2245.0000 2218.7532 3.3798 34.9870
2247.0000 2220.7195 3.3770 34.9866
2249.0000 2222.6858 3.3746 34.9866
2251.0000 2224.6521 3.3736 34.9865
2253.0000 2226.6182 3.3737 34.9866
2255.0000 2228.5842 3.3734 34.9867
2257.0000 2230.5505 3.3739 34.9866
2259.0000 2232.5164 3.3735 34.9864
2261.0000 2234.4827 3.3715 34.9862
2263.0000 2236.4487 3.3683 34.9861
2265.0000 2238.4146 3.3653 34.9859
2267.0000 2240.3809 3.3636 34.9857
2269.0000 2242.3472 3.3622 34.9855
2271.0000 2244.3132 3.3609 34.9855
2273.0000 2246.2791 3.3606 34.9854
2275.0000 2248.2449 3.3607 34.9855
2277.0000 2250.2112 3.3589 34.9853
2279.0000 2252.1770 3.3583 34.9852
2281.0000 2254.1426 3.3558 34.9851
2283.0000 2256.1089 3.3555 34.9851
2285.0000 2258.0747 3.3547 34.9850
2287.0000 2260.0405 3.3526 34.9847
2289.0000 2262.0066 3.3488 34.9845
2291.0000 2263.9724 3.3450 34.9842
2293.0000 2265.9380 3.3442 34.9841
2295.0000 2267.9041 3.3437 34.9840
2297.0000 2269.8699 3.3430 34.9840
2299.0000 2271.8357 3.3422 34.9839
2301.0000 2273.8013 3.3404 34.9837
2303.0000 2275.7673 3.3376 34.9835
2305.0000 2277.7329 3.3354 34.9833
2307.0000 2279.6982 3.3332 34.9831
2309.0000 2281.6641 3.3302 34.9828
2311.0000 2283.6299 3.3289 34.9828
2313.0000 2285.5955 3.3288 34.9828
2315.0000 2287.5610 3.3289 34.9828
2317.0000 2289.5266 3.3247 34.9822
2319.0000 2291.4924 3.3237 34.9825
2321.0000 2293.4578 3.3228 34.9824
2323.0000 2295.4236 3.3222 34.9823
2325.0000 2297.3889 3.3131 34.9814
2327.0000 2299.3545 3.3076 34.9811
2329.0000 2301.3201 3.3057 34.9810
2331.0000 2303.2856 3.2976 34.9801
2333.0000 2305.2512 3.2899 34.9797
2335.0000 2307.2166 3.2882 34.9796
2337.0000 2309.1819 3.2833 34.9792
2339.0000 2311.1475 3.2746 34.9788
2341.0000 2313.1128 3.2729 34.9787
2343.0000 2315.0781 3.2678 34.9782
2345.0000 2317.0435 3.2642 34.9780
2347.0000 2319.0088 3.2661 34.9780
2349.0000 2320.9741 3.2572 34.9773
2351.0000 2322.9392 3.2527 34.9769
2353.0000 2324.9048 3.2451 34.9762
2355.0000 2326.8699 3.2349 34.9756
2357.0000 2328.8352 3.2326 34.9754
2359.0000 2330.8003 3.2313 34.9754
2361.0000 2332.7656 3.2293 34.9752
2363.0000 2334.7307 3.2275 34.9752
2365.0000 2336.6960 3.2256 34.9750
2367.0000 2338.6614 3.2242 34.9749
2369.0000 2340.6262 3.2217 34.9749
2371.0000 2342.5913 3.2213 34.9747
2373.0000 2344.5566 3.2215 34.9747
2375.0000 2346.5217 3.2213 34.9747
2377.0000 2348.4868 3.2215 34.9748
2379.0000 2350.4519 3.2204 34.9746
2381.0000 2352.4170 3.2182 34.9744
2383.0000 2354.3818 3.2173 34.9742
2385.0000 2356.3469 3.2124 34.9738
2387.0000 2358.3120 3.2067 34.9733
2389.0000 2360.2769 3.2091 34.9736
2391.0000 2362.2419 3.2079 34.9733
2393.0000 2364.2068 3.2023 34.9732
2395.0000 2366.1719 3.2017 34.9730
2397.0000 2368.1365 3.2006 34.9728
2399.0000 2370.1016 3.2001 34.9728
2401.0000 2372.0664 3.1991 34.9727
2403.0000 2374.0310 3.1983 34.9727
2405.0000 2375.9958 3.1980 34.9727
2407.0000 2377.9607 3.1965 34.9725
2409.0000 2379.9255 3.1928 34.9722
2411.0000 2381.8901 3.1882 34.9718
2413.0000 2383.8550 3.1871 34.9717
2415.0000 2385.8198 3.1865 34.9717
2417.0000 2387.7844 3.1838 34.9714
2419.0000 2389.7495 3.1816 34.9712
2421.0000 2391.7141 3.1788 34.9710
2423.0000 2393.6787 3.1714 34.9701
2425.0000 2395.6433 3.1645 34.9697
2427.0000 2397.6079 3.1471 34.9683
2429.0000 2399.5728 3.1420 34.9681
2431.0000 2401.5371 3.1417 34.9681
2433.0000 2403.5017 3.1420 34.9680
2435.0000 2405.4663 3.1424 34.9683
2437.0000 2407.4309 3.1415 34.9682
2439.0000 2409.3953 3.1329 34.9671
2441.0000 2411.3596 3.1258 34.9669
2443.0000 2413.3245 3.1234 34.9665
2445.0000 2415.2886 3.1127 34.9658
2447.0000 2417.2529 3.1069 34.9652
2449.0000 2419.2178 3.0989 34.9647
2451.0000 2421.1819 3.0949 34.9645
2453.0000 2423.1462 3.0991 34.9646
2455.0000 2425.1108 3.0892 34.9641
2457.0000 2427.0754 3.0854 34.9637
2459.0000 2429.0393 3.0848 34.9638
2461.0000 2431.0039 3.0864 34.9639
2463.0000 2432.9683 3.0865 34.9638
2465.0000 2434.9324 3.0860 34.9640
2467.0000 2436.8965 3.0852 34.9639
2469.0000 2438.8611 3.0857 34.9637
2471.0000 2440.8252 3.0781 34.9631
2473.0000 2442.7893 3.0765 34.9630
2475.0000 2444.7534 3.0694 34.9619
2477.0000 2446.7178 3.0624 34.9619
2479.0000 2448.6816 3.0616 34.9617
2481.0000 2450.6460 3.0613 34.9617
2483.0000 2452.6104 3.0597 34.9616
2485.0000 2454.5745 3.0595 34.9616
2487.0000 2456.5383 3.0540 34.9610
2489.0000 2458.5024 3.0473 34.9605
2491.0000 2460.4666 3.0449 34.9603
2493.0000 2462.4304 3.0423 34.9602
2495.0000 2464.3945 3.0411 34.9601
2497.0000 2466.3584 3.0397 34.9600
2499.0000 2468.3225 3.0410 34.9600
2501.0000 2470.2864 3.0398 34.9601
2503.0000 2472.2505 3.0393 34.9599
2505.0000 2474.2146 3.0391 34.9598
2507.0000 2476.1782 3.0384 34.9599
2509.0000 2478.1421 3.0373 34.9595
2511.0000 2480.1060 3.0358 34.9593
2513.0000 2482.0701 3.0262 34.9587
2515.0000 2484.0337 3.0218 34.9584
2517.0000 2485.9973 3.0213 34.9584
2519.0000 2487.9612 3.0204 34.9582
2521.0000 2489.9250 3.0178 34.9581
2523.0000 2491.8889 3.0166 34.9577
2525.0000 2493.8525 3.0075 34.9573
2527.0000 2495.8162 3.0046 34.9568
2529.0000 2497.7800 3.0009 34.9566
2531.0000 2499.7437 2.9999 34.9565
2533.0000 2501.7075 2.9975 34.9565
2535.0000 2503.6711 2.9975 34.9560
2537.0000 2505.6348 2.9910 34.9558
2539.0000 2507.5984 2.9873 34.9552
2541.0000 2509.5618 2.9869 34.9553
2543.0000 2511.5254 2.9780 34.9548
2545.0000 2513.4890 2.9758 34.9544
2547.0000 2515.4526 2.9712 34.9541
2549.0000 2517.4163 2.9694 34.9539
2551.0000 2519.3799 2.9672 34.9536
2553.0000 2521.3433 2.9596 34.9532
2555.0000 2523.3066 2.9580 34.9531
2557.0000 2525.2700 2.9566 34.9530
2559.0000 2527.2334 2.9542 34.9527
2561.0000 2529.1970 2.9521 34.9527
2563.0000 2531.1604 2.9520 34.9526
2565.0000 2533.1238 2.9520 34.9525
2567.0000 2535.0872 2.9518 34.9524
2569.0000 2537.0503 2.9462 34.9520
2571.0000 2539.0137 2.9425 34.9517
2573.0000 2540.9771 2.9386 34.9513
2575.0000 2542.9407 2.9374 34.9512
2577.0000 2544.9036 2.9354 34.9511
2579.0000 2546.8669 2.9346 34.9511
2581.0000 2548.8303 2.9318 34.9508
2583.0000 2550.7932 2.9288 34.9506
2585.0000 2552.7568 2.9283 34.9503
2587.0000 2554.7200 2.9212 34.9497
2589.0000 2556.6829 2.9151 34.9494
2591.0000 2558.6460 2.9133 34.9492
2593.0000 2560.6094 2.9108 34.9490
2595.0000 2562.5725 2.9038 34.9483
2597.0000 2564.5356 2.9000 34.9481
2599.0000 2566.4985 2.8996 34.9480
2601.0000 2568.4619 2.8971 34.9475
2603.0000 2570.4246 2.8883 34.9470
2605.0000 2572.3875 2.8756 34.9457
2607.0000 2574.3508 2.8702 34.9455
2609.0000 2576.3140 2.8684 34.9455
2611.0000 2578.2766 2.8652 34.9450
2613.0000 2580.2395 2.8562 34.9442
2615.0000 2582.2029 2.8468 34.9435
2617.0000 2584.1655 2.8428 34.9433
2619.0000 2586.1284 2.8417 34.9433
2621.0000 2588.0913 2.8412 34.9433
2623.0000 2590.0542 2.8395 34.9432
2625.0000 2592.0171 2.8388 34.9431
2627.0000 2593.9800 2.8385 34.9431
2629.0000 2595.9429 2.8363 34.9429
2631.0000 2597.9055 2.8343 34.9427
2633.0000 2599.8682 2.8333 34.9426
2635.0000 2601.8313 2.8322 34.9425
2637.0000 2603.7939 2.8306 34.9424
2639.0000 2605.7566 2.8300 34.9423
2641.0000 2607.7190 2.8290 34.9423
2643.0000 2609.6821 2.8283 34.9421
2645.0000 2611.6445 2.8254 34.9418
2647.0000 2613.6074 2.8261 34.9418
2649.0000 2615.5698 2.8224 34.9415
2651.0000 2617.5327 2.8145 34.9408
2653.0000 2619.4951 2.8160 34.9409
2655.0000 2621.4578 2.8123 34.9405
2657.0000 2623.4204 2.8101 34.9405
2659.0000 2625.3828 2.8104 34.9405
2661.0000 2627.3455 2.8108 34.9405
2663.0000 2629.3079 2.8109 34.9405
2665.0000 2631.2703 2.8110 34.9404
2667.0000 2633.2329 2.8107 34.9405
2669.0000 2635.1953 2.8109 34.9406
2671.0000 2637.1577 2.8110 34.9405
2673.0000 2639.1201 2.8113 34.9403
2675.0000 2641.0825 2.8114 34.9404
2677.0000 2643.0452 2.8120 34.9406
2679.0000 2645.0073 2.8125 34.9405
2681.0000 2646.9697 2.8125 34.9405
2683.0000 2648.9321 2.8125 34.9405
2685.0000 2650.8945 2.8125 34.9405
2687.0000 2652.8564 2.8136 34.9406
2689.0000 2654.8191 2.8143 34.9406
2691.0000 2656.7812 2.8150 34.9406
2693.0000 2658.7432 2.8152 34.9406
2695.0000 2660.7056 2.8151 34.9406
2697.0000 2662.6680 2.8153 34.9405
2699.0000 2664.6304 2.8150 34.9404
2701.0000 2666.5923 2.8138 34.9405
2703.0000 2668.5544 2.8140 34.9404
2705.0000 2670.5166 2.8127 34.9402
2707.0000 2672.4785 2.8107 34.9400
2709.0000 2674.4407 2.8101 34.9399
2711.0000 2676.4031 2.8095 34.9399
2713.0000 2678.3647 2.8082 34.9398
2715.0000 2680.3269 2.8067 34.9396
2717.0000 2682.2893 2.8068 34.9396
2719.0000 2684.2512 2.8062 34.9396
2721.0000 2686.2129 2.8059 34.9395
2723.0000 2688.1748 2.8044 34.9392
2725.0000 2690.1372 2.8007 34.9391
2727.0000 2692.0989 2.8022 34.9388
2729.0000 2694.0608 2.7975 34.9387
2731.0000 2696.0229 2.7956 34.9384
2733.0000 2697.9849 2.7936 34.9383
2735.0000 2699.9463 2.7925 34.9383
2737.0000 2701.9084 2.7896 34.9379
2739.0000 2703.8704 2.7875 34.9379
2741.0000 2705.8318 2.7871 34.9378
2743.0000 2707.7939 2.7874 34.9377
2745.0000 2709.7556 2.7854 34.9377
2747.0000 2711.7175 2.7841 34.9376
2749.0000 2713.6792 2.7844 34.9375
2751.0000 2715.6409 2.7841 34.9375
2753.0000 2717.6025 2.7841 34.9375
2755.0000 2719.5642 2.7847 34.9376
2757.0000 2721.5259 2.7845 34.9375
2759.0000 2723.4875 2.7839 34.9375
2761.0000 2725.4495 2.7826 34.9373
2763.0000 2727.4109 2.7816 34.9372
2765.0000 2729.3723 2.7812 34.9371
2767.0000 2731.3342 2.7800 34.9370
2769.0000 2733.2957 2.7801 34.9369
2771.0000 2735.2571 2.7796 34.9369
2773.0000 2737.2188 2.7783 34.9368
2775.0000 2739.1802 2.7782 34.9368
2777.0000 2741.1416 2.7782 34.9367
2779.0000 2743.1033 2.7778 34.9368
2781.0000 2745.0647 2.7768 34.9367
2783.0000 2747.0259 2.7767 34.9366
2785.0000 2748.9875 2.7758 34.9366
2787.0000 2750.9490 2.7756 34.9366
2789.0000 2752.9104 2.7757 34.9365
2791.0000 2754.8716 2.7757 34.9366
2793.0000 2756.8330 2.7759 34.9365
2795.0000 2758.7944 2.7760 34.9366
2797.0000 2760.7556 2.7757 34.9366
2799.0000 2762.7168 2.7740 34.9364
2801.0000 2764.6785 2.7739 34.9363
2803.0000 2766.6394 2.7739 34.9363
2805.0000 2768.6008 2.7734 34.9363
2807.0000 2770.5620 2.7718 34.9362
2809.0000 2772.5234 2.7713 34.9362
2811.0000 2774.4844 2.7716 34.9360
2813.0000 2776.4456 2.7712 34.9360
2815.0000 2778.4067 2.7697 34.9358
2817.0000 2780.3679 2.7693 34.9358
2819.0000 2782.3289 2.7689 34.9358
2821.0000 2784.2903 2.7692 34.9358
2823.0000 2786.2512 2.7679 34.9356
2825.0000 2788.2122 2.7677 34.9356
2827.0000 2790.1733 2.7680 34.9357
2829.0000 2792.1343 2.7680 34.9356
2831.0000 2794.0955 2.7681 34.9356
2833.0000 2796.0564 2.7680 34.9355
2835.0000 2798.0173 2.7680 34.9355
2837.0000 2799.9785 2.7681 34.9355
2839.0000 2801.9392 2.7682 34.9355
2841.0000 2803.9004 2.7678 34.9356
2843.0000 2805.8613 2.7676 34.9355
2845.0000 2807.8220 2.7678 34.9354
2847.0000 2809.7830 2.7677 34.9354
2849.0000 2811.7437 2.7663 34.9353
2851.0000 2813.7046 2.7653 34.9352
2853.0000 2815.6653 2.7658 34.9351
2855.0000 2817.6265 2.7652 34.9351
2857.0000 2819.5872 2.7606 34.9346
2859.0000 2821.5476 2.7581 34.9346
2861.0000 2823.5088 2.7583 34.9346
2863.0000 2825.4692 2.7586 34.9345
2865.0000 2827.4299 2.7587 34.9346
2867.0000 2829.3906 2.7591 34.9346
2869.0000 2831.3516 2.7589 34.9346
2871.0000 2833.3123 2.7571 34.9343
2873.0000 2835.2727 2.7538 34.9341
2875.0000 2837.2334 2.7532 34.9340
2877.0000 2839.1941 2.7524 34.9340
2879.0000 2841.1543 2.7520 34.9340
2881.0000 2843.1150 2.7513 34.9338
2883.0000 2845.0757 2.7502 34.9338
2885.0000 2847.0361 2.7502 34.9338
2887.0000 2848.9968 2.7502 34.9338
2889.0000 2850.9573 2.7503 34.9338
2891.0000 2852.9180 2.7492 34.9337
2893.0000 2854.8779 2.7481 34.9337
2895.0000 2856.8384 2.7475 34.9335
2897.0000 2858.7991 2.7484 34.9336
2899.0000 2860.7595 2.7475 34.9335
2901.0000 2862.7197 2.7475 34.9334
2903.0000 2864.6802 2.7478 34.9333
2905.0000 2866.6406 2.7475 34.9335
2907.0000 2868.6008 2.7474 34.9335
2909.0000 2870.5613 2.7474 34.9334
2911.0000 2872.5217 2.7475 34.9333
2913.0000 2874.4819 2.7476 34.9334
2915.0000 2876.4421 2.7464 34.9333
2917.0000 2878.4026 2.7456 34.9332
2919.0000 2880.3625 2.7457 34.9331
2921.0000 2882.3228 2.7442 34.9332
2923.0000 2884.2832 2.7434 34.9329
2925.0000 2886.2437 2.7412 34.9327
2927.0000 2888.2034 2.7392 34.9325
2929.0000 2890.1636 2.7381 34.9324
2931.0000 2892.1235 2.7376 34.9325
2933.0000 2894.0842 2.7364 34.9323
2935.0000 2896.0439 2.7361 34.9323
2937.0000 2898.0042 2.7357 34.9323
2939.0000 2899.9641 2.7356 34.9322
2941.0000 2901.9241 2.7350 34.9322
2943.0000 2903.8840 2.7354 34.9321
2945.0000 2905.8442 2.7340 34.9321
2947.0000 2907.8042 2.7331 34.9320
2949.0000 2909.7642 2.7332 34.9320
2951.0000 2911.7239 2.7333 34.9320
2953.0000 2913.6843 2.7323 34.9319
2955.0000 2915.6438 2.7324 34.9319
2957.0000 2917.6038 2.7325 34.9318
2959.0000 2919.5637 2.7330 34.9318
2961.0000 2921.5237 2.7306 34.9317
2963.0000 2923.4834 2.7307 34.9317
2965.0000 2925.4434 2.7315 34.9318
2967.0000 2927.4031 2.7303 34.9316
2969.0000 2929.3628 2.7269 34.9312
2971.0000 2931.3225 2.7261 34.9313
2973.0000 2933.2825 2.7260 34.9311
2975.0000 2935.2419 2.7255 34.9311
2977.0000 2937.2019 2.7248 34.9311
2979.0000 2939.1614 2.7241 34.9309
2981.0000 2941.1213 2.7214 34.9308
2983.0000 2943.0806 2.7214 34.9308
2985.0000 2945.0405 2.7214 34.9308
2987.0000 2947.0002 2.7214 34.9308
2989.0000 2948.9597 2.7210 34.9307
2991.0000 2950.9194 2.7206 34.9307
2993.0000 2952.8789 2.7214 34.9306
2995.0000 2954.8389 2.7210 34.9307
2997.0000 2956.7979 2.7210 34.9307
2999.0000 2958.7578 2.7208 34.9306
3001.0000 2960.7173 2.7208 34.9306
3003.0000 2962.6765 2.7210 34.9306
3005.0000 2964.6360 2.7212 34.9307
3007.0000 2966.5957 2.7211 34.9306
3009.0000 2968.5552 2.7214 34.9304
3011.0000 2970.5144 2.7205 34.9304
3013.0000 2972.4741 2.7206 34.9305
3015.0000 2974.4333 2.7204 34.9304
3017.0000 2976.3926 2.7190 34.9303
3019.0000 2978.3518 2.7188 34.9303
3021.0000 2980.3115 2.7188 34.9303
3023.0000 2982.2710 2.7181 34.9302
3025.0000 2984.2297 2.7182 34.9302
3027.0000 2986.1892 2.7186 34.9301
3029.0000 2988.1484 2.7189 34.9302
3031.0000 2990.1077 2.7174 34.9300
3033.0000 2992.0669 2.7162 34.9300
3035.0000 2994.0261 2.7171 34.9299
3037.0000 2995.9854 2.7165 34.9300
3039.0000 2997.9443 2.7169 34.9299
3041.0000 2999.9038 2.7168 34.9299
3043.0000 3001.8628 2.7164 34.9298
3045.0000 3003.8220 2.7149 34.9296
3047.0000 3005.7812 2.7141 34.9297
3049.0000 3007.7402 2.7137 34.9295
3051.0000 3009.6990 2.7139 34.9297
3053.0000 3011.6582 2.7137 34.9296
3055.0000 3013.6172 2.7137 34.9296
3057.0000 3015.5764 2.7134 34.9295
3059.0000 3017.5352 2.7135 34.9295
3061.0000 3019.4944 2.7146 34.9295
3063.0000 3021.4534 2.7138 34.9296
3065.0000 3023.4121 2.7134 34.9295
3067.0000 3025.3711 2.7137 34.9295
3069.0000 3027.3301 2.7143 34.9295
3071.0000 3029.2893 2.7146 34.9295
3073.0000 3031.2478 2.7146 34.9296
3075.0000 3033.2068 2.7137 34.9294
3077.0000 3035.1658 2.7119 34.9292
3079.0000 3037.1243 2.7131 34.9292
3081.0000 3039.0833 2.7094 34.9289
3083.0000 3041.0422 2.7090 34.9291
3085.0000 3043.0007 2.7102 34.9292
3087.0000 3044.9595 2.7101 34.9290
3089.0000 3046.9182 2.7102 34.9291
3091.0000 3048.8772 2.7093 34.9289
3093.0000 3050.8357 2.7088 34.9290
3095.0000 3052.7942 2.7092 34.9290
3097.0000 3054.7529 2.7093 34.9289
3099.0000 3056.7119 2.7093 34.9288
3101.0000 3058.6702 2.7092 34.9289
3103.0000 3060.6289 2.7093 34.9289
3105.0000 3062.5876 2.7097 34.9288
3107.0000 3064.5459 2.7105 34.9287
3109.0000 3066.5046 2.7108 34.9287
3111.0000 3068.4634 2.7110 34.9287
3113.0000 3070.4214 2.7109 34.9288
3115.0000 3072.3804 2.7104 34.9286
3117.0000 3074.3386 2.7078 34.9285
3119.0000 3076.2971 2.7089 34.9286
3121.0000 3078.2556 2.7075 34.9284
3123.0000 3080.2139 2.7055 34.9283
3125.0000 3082.1724 2.7051 34.9282
3127.0000 3084.1309 2.7055 34.9282
3129.0000 3086.0891 2.7047 34.9281
3131.0000 3088.0476 2.7045 34.9281
3133.0000 3090.0061 2.7017 34.9279
3135.0000 3091.9641 2.7015 34.9278
3137.0000 3093.9226 2.7009 34.9278
3139.0000 3095.8809 2.7007 34.9280
3141.0000 3097.8394 2.7013 34.9278
3143.0000 3099.7974 2.7015 34.9278
3145.0000 3101.7559 2.7000 34.9277
3147.0000 3103.7141 2.7008 34.9277
3149.0000 3105.6721 2.6985 34.9276
3151.0000 3107.6304 2.6994 34.9275
3153.0000 3109.5889 2.6988 34.9276
3155.0000 3111.5464 2.6998 34.9275
3157.0000 3113.5049 2.6998 34.9274
3159.0000 3115.4629 2.6994 34.9274
3161.0000 3117.4209 2.6982 34.9274
3163.0000 3119.3792 2.6980 34.9273
3165.0000 3121.3372 2.6957 34.9272
3167.0000 3123.2952 2.6956 34.9271
3169.0000 3125.2529 2.6954 34.9271
3171.0000 3127.2112 2.6953 34.9270
3173.0000 3129.1694 2.6953 34.9270
3175.0000 3131.1270 2.6956 34.9271
3177.0000 3133.0852 2.6958 34.9270
3179.0000 3135.0432 2.6959 34.9271
3181.0000 3137.0010 2.6959 34.9270
3183.0000 3138.9587 2.6952 34.9270
3185.0000 3140.9170 2.6947 34.9270
3187.0000 3142.8750 2.6951 34.9269
3189.0000 3144.8323 2.6944 34.9268
3191.0000 3146.7903 2.6936 34.9268
3193.0000 3148.7483 2.6946 34.9268
3195.0000 3150.7061 2.6928 34.9266
3197.0000 3152.6638 2.6924 34.9266
3199.0000 3154.6216 2.6916 34.9266
3201.0000 3156.5796 2.6924 34.9265
3203.0000 3158.5369 2.6914 34.9266
3205.0000 3160.4949 2.6919 34.9265
3207.0000 3162.4526 2.6917 34.9264
3209.0000 3164.4106 2.6925 34.9264
3211.0000 3166.3677 2.6922 34.9264
3213.0000 3168.3254 2.6915 34.9264
3215.0000 3170.2832 2.6917 34.9263
3217.0000 3172.2407 2.6905 34.9263
3219.0000 3174.1982 2.6904 34.9263
3221.0000 3176.1560 2.6897 34.9261
3223.0000 3178.1138 2.6900 34.9262
3225.0000 3180.0710 2.6898 34.9261
3227.0000 3182.0283 2.6896 34.9262
3229.0000 3183.9861 2.6896 34.9262
3231.0000 3185.9436 2.6899 34.9261
3233.0000 3187.9011 2.6900 34.9263
3235.0000 3189.8584 2.6885 34.9260
3237.0000 3191.8157 2.6888 34.9259
3239.0000 3193.7732 2.6863 34.9258
3241.0000 3195.7307 2.6869 34.9258
3243.0000 3197.6880 2.6869 34.9259
3245.0000 3199.6453 2.6867 34.9258
3247.0000 3201.6028 2.6869 34.9257
3249.0000 3203.5603 2.6869 34.9257
3251.0000 3205.5171 2.6856 34.9258
3253.0000 3207.4746 2.6864 34.9256
3255.0000 3209.4321 2.6840 34.9255
3257.0000 3211.3894 2.6843 34.9255
3259.0000 3213.3464 2.6850 34.9254
3261.0000 3215.3035 2.6846 34.9254
3263.0000 3217.2610 2.6849 34.9254
3265.0000 3219.2178 2.6849 34.9254
3267.0000 3221.1753 2.6845 34.9254
3269.0000 3223.1326 2.6840 34.9252
3271.0000 3225.0896 2.6832 34.9252
3273.0000 3227.0464 2.6831 34.9251
3275.0000 3229.0039 2.6832 34.9251
