CTD cast

DATE:  11-Jan-2016 18:12:00
latitude:  24.5002
longitude:  -29.8335
  P (db)  z (m)    T (^oC)  S (psu)
3.0000 2.9808 23.5336 37.0499
5.0000 4.9680 23.5355 37.0498
7.0000 6.9551 23.5356 37.0499
9.0000 8.9422 23.5367 37.0499
11.0000 10.9293 23.5364 37.0498
13.0000 12.9164 23.5347 37.0500
15.0000 14.9035 23.5377 37.0498
17.0000 16.8906 23.5384 37.0498
19.0000 18.8776 23.5384 37.0497
21.0000 20.8646 23.5372 37.0494
23.0000 22.8516 23.5373 37.0493
25.0000 24.8386 23.5348 37.0485
27.0000 26.8255 23.5267 37.0468
29.0000 28.8125 23.5257 37.0465
31.0000 30.7994 23.5244 37.0460
33.0000 32.7863 23.5231 37.0458
35.0000 34.7732 23.5234 37.0458
37.0000 36.7600 23.5169 37.0444
39.0000 38.7469 23.5092 37.0430
41.0000 40.7337 23.5065 37.0433
43.0000 42.7205 23.5029 37.0437
45.0000 44.7073 23.5018 37.0451
47.0000 46.6941 23.4573 37.0501
49.0000 48.6808 23.4013 37.0544
51.0000 50.6675 23.0767 37.0480
53.0000 52.6542 22.9515 37.0609
55.0000 54.6409 23.0178 37.0837
57.0000 56.6276 22.9351 37.2142
59.0000 58.6142 22.8081 37.2294
61.0000 60.6009 22.7566 37.2258
63.0000 62.5875 22.6988 37.2312
65.0000 64.5741 22.6824 37.2297
67.0000 66.5606 22.6414 37.2194
69.0000 68.5472 22.5155 37.1807
71.0000 70.5337 22.3160 37.1400
73.0000 72.5202 21.7601 37.0139
75.0000 74.5067 21.3938 36.9786
77.0000 76.4932 21.4932 36.9948
79.0000 78.4797 21.2913 36.9633
81.0000 80.4661 20.8408 36.9062
83.0000 82.4525 20.5696 36.8949
85.0000 84.4389 20.5042 36.9074
87.0000 86.4253 20.3965 36.9014
89.0000 88.4117 20.2515 36.8857
91.0000 90.3980 20.1713 36.8896
93.0000 92.3843 20.1661 36.8900
95.0000 94.3706 20.1099 36.8879
97.0000 96.3569 20.0517 36.8855
99.0000 98.3432 20.0378 36.8943
101.0000 100.3294 20.0711 36.8923
103.0000 102.3157 20.0468 36.8984
105.0000 104.3018 19.9602 36.9100
107.0000 106.2880 19.9225 36.9108
109.0000 108.2742 19.9059 36.9137
111.0000 110.2604 19.9129 36.9236
113.0000 112.2465 19.8986 36.9240
115.0000 114.2326 19.8813 36.9204
117.0000 116.2187 19.8721 36.9213
119.0000 118.2048 19.8334 36.9214
121.0000 120.1908 19.8068 36.9206
123.0000 122.1768 19.7601 36.9178
125.0000 124.1629 19.7740 36.9268
127.0000 126.1489 19.6986 36.9352
129.0000 128.1348 19.6155 36.9171
131.0000 130.1208 19.5297 36.8988
133.0000 132.1067 19.5103 36.8983
135.0000 134.0927 19.5261 36.9044
137.0000 136.0786 19.4643 36.9022
139.0000 138.0644 19.4457 36.9002
141.0000 140.0503 19.4001 36.8936
143.0000 142.0361 19.4370 36.8987
145.0000 144.0219 19.3620 36.8880
147.0000 146.0078 19.3447 36.8844
149.0000 147.9935 19.2730 36.8639
151.0000 149.9793 19.2380 36.8578
153.0000 151.9650 19.2673 36.8657
155.0000 153.9508 19.2420 36.8648
157.0000 155.9365 19.2105 36.8599
159.0000 157.9222 19.1423 36.8499
161.0000 159.9078 19.1498 36.8519
163.0000 161.8935 19.0944 36.8422
165.0000 163.8791 19.0340 36.8317
167.0000 165.8647 18.9570 36.8172
169.0000 167.8503 18.9302 36.8120
171.0000 169.8359 18.9141 36.8099
173.0000 171.8214 18.8993 36.8068
175.0000 173.8070 18.8566 36.7983
177.0000 175.7925 18.8376 36.7949
179.0000 177.7780 18.8287 36.7928
181.0000 179.7635 18.8006 36.7865
183.0000 181.7489 18.7617 36.7792
185.0000 183.7344 18.7252 36.7725
187.0000 185.7198 18.6893 36.7658
189.0000 187.7052 18.6713 36.7622
191.0000 189.6906 18.6373 36.7551
193.0000 191.6759 18.6253 36.7530
195.0000 193.6613 18.6127 36.7504
197.0000 195.6466 18.5943 36.7480
199.0000 197.6319 18.5483 36.7377
201.0000 199.6172 18.4835 36.7274
203.0000 201.6024 18.4824 36.7307
205.0000 203.5877 18.4767 36.7329
207.0000 205.5729 18.4685 36.7320
209.0000 207.5581 18.4539 36.7297
211.0000 209.5433 18.4428 36.7278
213.0000 211.5285 18.4181 36.7213
215.0000 213.5136 18.3440 36.7039
217.0000 215.4988 18.3148 36.6986
219.0000 217.4839 18.2840 36.6904
221.0000 219.4690 18.2410 36.6818
223.0000 221.4540 18.2158 36.6769
225.0000 223.4391 18.1961 36.6718
227.0000 225.4241 18.1374 36.6583
229.0000 227.4092 18.0804 36.6462
231.0000 229.3941 18.0429 36.6383
233.0000 231.3791 18.0361 36.6375
235.0000 233.3641 18.0354 36.6375
237.0000 235.3490 18.0261 36.6339
239.0000 237.3339 17.9274 36.6138
241.0000 239.3188 17.8622 36.5993
243.0000 241.3037 17.7627 36.5757
245.0000 243.2886 17.6591 36.5519
247.0000 245.2734 17.5702 36.5354
249.0000 247.2583 17.5120 36.5232
251.0000 249.2431 17.4456 36.5091
253.0000 251.2278 17.4170 36.5028
255.0000 253.2126 17.3736 36.4939
257.0000 255.1974 17.3319 36.4866
259.0000 257.1821 17.2972 36.4795
261.0000 259.1668 17.3212 36.4845
263.0000 261.1515 17.1733 36.4531
265.0000 263.1362 17.0843 36.4368
267.0000 265.1208 17.0492 36.4285
269.0000 267.1054 16.9947 36.4170
271.0000 269.0901 16.8977 36.3967
273.0000 271.0746 16.8405 36.3870
275.0000 273.0593 16.7995 36.3792
277.0000 275.0438 16.7421 36.3671
279.0000 277.0284 16.6428 36.3500
281.0000 279.0128 16.5835 36.3383
283.0000 280.9974 16.5363 36.3295
285.0000 282.9818 16.5080 36.3236
287.0000 284.9663 16.4718 36.3156
289.0000 286.9507 16.4149 36.3045
291.0000 288.9352 16.3785 36.2974
293.0000 290.9196 16.3478 36.2921
295.0000 292.9040 16.3373 36.2900
297.0000 294.8883 16.3078 36.2828
299.0000 296.8727 16.1989 36.2621
301.0000 298.8570 16.1000 36.2427
303.0000 300.8413 16.0474 36.2351
305.0000 302.8256 16.0381 36.2335
307.0000 304.8099 16.0155 36.2291
309.0000 306.7941 15.9849 36.2229
311.0000 308.7784 15.9473 36.2161
313.0000 310.7626 15.9055 36.2074
315.0000 312.7467 15.8070 36.1887
317.0000 314.7309 15.7275 36.1758
319.0000 316.7151 15.7094 36.1713
321.0000 318.6992 15.6738 36.1628
323.0000 320.6833 15.5557 36.1393
325.0000 322.6674 15.5218 36.1346
327.0000 324.6515 15.5195 36.1346
329.0000 326.6356 15.4912 36.1266
331.0000 328.6196 15.4324 36.1142
333.0000 330.6036 15.3307 36.0964
335.0000 332.5876 15.3168 36.0990
337.0000 334.5716 15.3080 36.0979
339.0000 336.5556 15.2647 36.0878
341.0000 338.5396 15.1863 36.0771
343.0000 340.5235 15.1252 36.0743
345.0000 342.5074 15.0764 36.0675
347.0000 344.4913 15.0504 36.0633
349.0000 346.4751 15.0385 36.0615
351.0000 348.4590 15.0273 36.0596
353.0000 350.4428 15.0094 36.0558
355.0000 352.4266 14.9809 36.0505
357.0000 354.4104 14.9441 36.0458
359.0000 356.3942 14.9047 36.0387
361.0000 358.3779 14.8513 36.0270
363.0000 360.3617 14.7974 36.0158
365.0000 362.3454 14.7175 36.0023
367.0000 364.3291 14.6916 35.9982
369.0000 366.3127 14.6356 35.9900
371.0000 368.2964 14.5504 35.9714
373.0000 370.2801 14.4715 35.9618
375.0000 372.2637 14.4541 35.9589
377.0000 374.2473 14.4187 35.9512
379.0000 376.2309 14.3655 35.9445
381.0000 378.2145 14.3171 35.9373
383.0000 380.1980 14.2955 35.9339
385.0000 382.1815 14.2872 35.9330
387.0000 384.1650 14.2865 35.9330
389.0000 386.1485 14.2781 35.9317
391.0000 388.1320 14.2147 35.9205
393.0000 390.1154 14.1745 35.9146
395.0000 392.0989 14.1452 35.9094
397.0000 394.0822 14.0876 35.8968
399.0000 396.0656 14.0412 35.8900
401.0000 398.0490 14.0405 35.8907
403.0000 400.0324 14.0359 35.8894
405.0000 402.0157 14.0079 35.8845
407.0000 403.9990 13.9538 35.8726
409.0000 405.9823 13.8726 35.8552
411.0000 407.9656 13.8211 35.8455
413.0000 409.9489 13.8119 35.8433
415.0000 411.9321 13.7689 35.8361
417.0000 413.9154 13.7414 35.8333
419.0000 415.8985 13.7363 35.8335
421.0000 417.8817 13.7345 35.8346
423.0000 419.8649 13.7272 35.8355
425.0000 421.8480 13.7067 35.8339
427.0000 423.8311 13.7155 35.8416
429.0000 425.8143 13.7168 35.8432
431.0000 427.7973 13.7147 35.8457
433.0000 429.7804 13.6654 35.8386
435.0000 431.7635 13.6018 35.8299
437.0000 433.7465 13.5828 35.8272
439.0000 435.7295 13.5605 35.8223
441.0000 437.7125 13.5379 35.8189
443.0000 439.6955 13.5319 35.8178
445.0000 441.6784 13.5183 35.8150
447.0000 443.6614 13.4747 35.8067
449.0000 445.6443 13.4534 35.8032
451.0000 447.6272 13.4270 35.7981
453.0000 449.6100 13.3636 35.7895
455.0000 451.5929 13.3407 35.7878
457.0000 453.5757 13.3381 35.7881
459.0000 455.5585 13.3217 35.7871
461.0000 457.5414 13.2928 35.7843
463.0000 459.5242 13.2846 35.7842
465.0000 461.5069 13.2695 35.7825
467.0000 463.4897 13.2452 35.7800
469.0000 465.4724 13.2293 35.7783
471.0000 467.4551 13.2201 35.7775
473.0000 469.4378 13.1906 35.7741
475.0000 471.4204 13.1785 35.7737
477.0000 473.4031 13.1684 35.7735
479.0000 475.3858 13.1408 35.7700
481.0000 477.3683 13.1183 35.7665
483.0000 479.3510 13.0935 35.7629
485.0000 481.3335 13.0577 35.7567
487.0000 483.3161 13.0039 35.7501
489.0000 485.2986 12.9792 35.7467
491.0000 487.2811 12.9566 35.7437
493.0000 489.2636 12.9357 35.7412
495.0000 491.2461 12.8866 35.7339
497.0000 493.2286 12.8436 35.7288
499.0000 495.2110 12.8362 35.7279
501.0000 497.1934 12.8203 35.7257
503.0000 499.1758 12.8031 35.7233
505.0000 501.1582 12.7375 35.7153
507.0000 503.1405 12.7228 35.7138
509.0000 505.1229 12.7111 35.7117
511.0000 507.1053 12.6894 35.7083
513.0000 509.0876 12.6374 35.7007
515.0000 511.0698 12.5862 35.6947
517.0000 513.0521 12.5509 35.6906
519.0000 515.0344 12.5033 35.6862
521.0000 517.0165 12.4716 35.6817
523.0000 518.9988 12.4530 35.6799
525.0000 520.9810 12.4410 35.6785
527.0000 522.9632 12.4116 35.6760
529.0000 524.9453 12.3945 35.6756
531.0000 526.9275 12.3823 35.6739
533.0000 528.9096 12.3568 35.6707
535.0000 530.8917 12.3374 35.6681
537.0000 532.8737 12.3052 35.6645
539.0000 534.8558 12.2311 35.6514
541.0000 536.8379 12.1959 35.6472
543.0000 538.8199 12.1741 35.6442
545.0000 540.8019 12.1236 35.6359
547.0000 542.7839 12.0865 35.6333
549.0000 544.7658 12.0986 35.6381
551.0000 546.7478 12.1009 35.6408
553.0000 548.7297 12.0733 35.6373
555.0000 550.7115 12.0114 35.6236
557.0000 552.6935 11.9403 35.6125
559.0000 554.6754 11.8694 35.5999
561.0000 556.6573 11.8295 35.5951
563.0000 558.6390 11.8111 35.5925
565.0000 560.6209 11.7859 35.5894
567.0000 562.6027 11.7573 35.5858
569.0000 564.5844 11.7411 35.5844
571.0000 566.5662 11.7277 35.5827
573.0000 568.5480 11.7226 35.5826
575.0000 570.5297 11.7279 35.5855
577.0000 572.5114 11.7296 35.5864
579.0000 574.4930 11.7062 35.5817
581.0000 576.4747 11.6321 35.5708
583.0000 578.4564 11.6172 35.5707
585.0000 580.4380 11.5951 35.5656
587.0000 582.4197 11.5861 35.5671
589.0000 584.4012 11.5589 35.5600
591.0000 586.3828 11.5185 35.5555
593.0000 588.3643 11.5046 35.5573
595.0000 590.3458 11.5136 35.5621
597.0000 592.3273 11.4946 35.5608
599.0000 594.3088 11.5268 35.5741
601.0000 596.2903 11.4936 35.5689
603.0000 598.2718 11.4730 35.5669
605.0000 600.2532 11.4657 35.5678
607.0000 602.2346 11.4523 35.5686
609.0000 604.2160 11.4414 35.5689
611.0000 606.1974 11.4319 35.5685
613.0000 608.1787 11.4182 35.5661
615.0000 610.1602 11.3913 35.5628
617.0000 612.1415 11.3784 35.5611
619.0000 614.1227 11.3470 35.5558
621.0000 616.1040 11.3285 35.5561
623.0000 618.0853 11.3002 35.5527
625.0000 620.0665 11.2374 35.5454
627.0000 622.0477 11.2050 35.5422
629.0000 624.0289 11.1788 35.5389
631.0000 626.0101 11.1642 35.5373
633.0000 627.9913 11.1562 35.5365
635.0000 629.9724 11.1530 35.5360
637.0000 631.9536 11.1286 35.5313
639.0000 633.9347 11.0838 35.5270
641.0000 635.9158 11.0611 35.5247
643.0000 637.8969 11.0269 35.5205
645.0000 639.8779 11.0075 35.5189
647.0000 641.8589 10.9872 35.5165
649.0000 643.8400 10.9695 35.5147
651.0000 645.8210 10.9595 35.5140
653.0000 647.8019 10.9224 35.5093
655.0000 649.7829 10.9038 35.5076
657.0000 651.7639 10.8831 35.5055
659.0000 653.7448 10.8807 35.5055
661.0000 655.7257 10.8803 35.5056
663.0000 657.7066 10.8791 35.5055
665.0000 659.6874 10.8717 35.5044
667.0000 661.6683 10.8563 35.5024
669.0000 663.6491 10.8358 35.5001
671.0000 665.6299 10.8028 35.4957
673.0000 667.6107 10.7529 35.4893
675.0000 669.5915 10.7280 35.4873
677.0000 671.5723 10.7054 35.4856
679.0000 673.5530 10.6932 35.4837
681.0000 675.5337 10.6731 35.4820
683.0000 677.5144 10.6528 35.4801
685.0000 679.4951 10.6409 35.4788
687.0000 681.4757 10.6169 35.4757
689.0000 683.4564 10.5843 35.4701
691.0000 685.4370 10.5535 35.4647
693.0000 687.4175 10.5445 35.4631
695.0000 689.3982 10.5262 35.4591
697.0000 691.3787 10.5147 35.4623
699.0000 693.3594 10.4696 35.4563
701.0000 695.3398 10.4246 35.4513
703.0000 697.3203 10.3943 35.4458
705.0000 699.3008 10.3155 35.4347
707.0000 701.2812 10.2554 35.4288
709.0000 703.2617 10.2260 35.4311
711.0000 705.2422 10.2345 35.4346
713.0000 707.2226 10.2379 35.4366
715.0000 709.2030 10.2105 35.4335
717.0000 711.1833 10.1677 35.4273
719.0000 713.1637 10.1331 35.4262
721.0000 715.1440 10.1108 35.4237
723.0000 717.1243 10.0950 35.4228
725.0000 719.1047 10.0802 35.4216
727.0000 721.0850 10.0665 35.4200
729.0000 723.0652 10.0183 35.4134
731.0000 725.0455 9.9712 35.4083
733.0000 727.0257 9.9443 35.4054
735.0000 729.0059 9.9531 35.4074
737.0000 730.9861 9.8968 35.4009
739.0000 732.9662 9.8535 35.3939
741.0000 734.9465 9.8181 35.3903
743.0000 736.9265 9.7865 35.3876
745.0000 738.9066 9.7662 35.3846
747.0000 740.8868 9.6933 35.3758
749.0000 742.8668 9.6663 35.3726
751.0000 744.8469 9.6438 35.3701
753.0000 746.8269 9.6335 35.3690
755.0000 748.8068 9.6041 35.3653
757.0000 750.7869 9.5795 35.3627
759.0000 752.7669 9.5630 35.3603
761.0000 754.7469 9.5127 35.3529
763.0000 756.7267 9.4834 35.3486
765.0000 758.7067 9.4552 35.3445
767.0000 760.6866 9.4311 35.3437
769.0000 762.6664 9.4134 35.3424
771.0000 764.6463 9.4020 35.3433
773.0000 766.6262 9.3969 35.3429
775.0000 768.6061 9.3713 35.3397
777.0000 770.5858 9.3650 35.3393
779.0000 772.5656 9.3539 35.3380
781.0000 774.5454 9.3356 35.3359
783.0000 776.5251 9.3164 35.3327
785.0000 778.5049 9.2942 35.3298
787.0000 780.4847 9.2818 35.3302
789.0000 782.4644 9.2728 35.3296
791.0000 784.4440 9.2589 35.3283
793.0000 786.4236 9.2343 35.3256
795.0000 788.4033 9.2071 35.3226
797.0000 790.3829 9.1980 35.3215
799.0000 792.3625 9.1862 35.3201
801.0000 794.3420 9.1704 35.3182
803.0000 796.3217 9.1472 35.3158
805.0000 798.3011 9.1392 35.3171
807.0000 800.2808 9.1230 35.3184
809.0000 802.2603 9.0668 35.3105
811.0000 804.2397 9.0124 35.3059
813.0000 806.2192 8.9977 35.3043
815.0000 808.1987 8.9917 35.3038
817.0000 810.1780 8.9728 35.3024
819.0000 812.1574 8.9558 35.3026
821.0000 814.1369 8.9359 35.3022
823.0000 816.1163 8.9020 35.2965
825.0000 818.0956 8.8683 35.2924
827.0000 820.0750 8.8468 35.2940
829.0000 822.0543 8.8149 35.2901
831.0000 824.0336 8.7836 35.2855
833.0000 826.0128 8.7658 35.2836
835.0000 827.9921 8.7542 35.2822
837.0000 829.9714 8.7077 35.2767
839.0000 831.9506 8.6847 35.2742
841.0000 833.9299 8.6678 35.2723
843.0000 835.9090 8.6475 35.2703
845.0000 837.8881 8.6432 35.2729
847.0000 839.8673 8.6393 35.2732
849.0000 841.8465 8.6373 35.2740
851.0000 843.8257 8.6308 35.2742
853.0000 845.8046 8.6143 35.2734
855.0000 847.7837 8.5927 35.2699
857.0000 849.7628 8.5617 35.2666
859.0000 851.7418 8.5448 35.2655
861.0000 853.7209 8.5406 35.2667
863.0000 855.6999 8.5316 35.2660
865.0000 857.6788 8.5250 35.2652
867.0000 859.6577 8.5196 35.2647
869.0000 861.6368 8.5143 35.2643
871.0000 863.6158 8.5057 35.2631
873.0000 865.5945 8.4599 35.2564
875.0000 867.5735 8.4277 35.2533
877.0000 869.5524 8.3964 35.2505
879.0000 871.5312 8.3760 35.2486
881.0000 873.5100 8.3548 35.2463
883.0000 875.4888 8.3344 35.2459
885.0000 877.4677 8.3177 35.2450
887.0000 879.4464 8.2846 35.2429
889.0000 881.4251 8.2701 35.2412
891.0000 883.4040 8.2542 35.2398
893.0000 885.3825 8.2471 35.2396
895.0000 887.3613 8.2326 35.2391
897.0000 889.3400 8.2149 35.2406
899.0000 891.3187 8.2090 35.2408
901.0000 893.2972 8.1875 35.2385
903.0000 895.2759 8.1743 35.2373
905.0000 897.2545 8.1633 35.2361
907.0000 899.2331 8.1496 35.2351
909.0000 901.2117 8.1181 35.2313
911.0000 903.1902 8.0744 35.2253
913.0000 905.1688 8.0355 35.2208
915.0000 907.1473 8.0078 35.2169
917.0000 909.1257 7.9999 35.2169
919.0000 911.1043 8.0001 35.2176
921.0000 913.0827 8.0212 35.2255
923.0000 915.0611 8.0158 35.2262
925.0000 917.0396 7.9783 35.2223
927.0000 919.0179 7.9426 35.2176
929.0000 920.9963 7.9026 35.2123
931.0000 922.9747 7.8595 35.2083
933.0000 924.9531 7.8328 35.2058
935.0000 926.9313 7.8100 35.2055
937.0000 928.9097 7.8012 35.2046
939.0000 930.8880 7.7903 35.2038
941.0000 932.8662 7.7777 35.2030
943.0000 934.8445 7.7383 35.2001
945.0000 936.8227 7.7268 35.1993
947.0000 938.8009 7.7150 35.1988
949.0000 940.7791 7.7066 35.1981
951.0000 942.7573 7.6937 35.1977
953.0000 944.7354 7.6877 35.1973
955.0000 946.7136 7.6773 35.1966
957.0000 948.6917 7.6676 35.1960
959.0000 950.6697 7.6476 35.1941
961.0000 952.6478 7.6188 35.1924
963.0000 954.6259 7.6134 35.1919
965.0000 956.6039 7.6086 35.1914
967.0000 958.5820 7.6013 35.1909
969.0000 960.5599 7.5949 35.1903
971.0000 962.5380 7.5848 35.1894
973.0000 964.5159 7.5718 35.1889
975.0000 966.4939 7.5696 35.1887
977.0000 968.4719 7.5583 35.1875
979.0000 970.4496 7.5310 35.1850
981.0000 972.4277 7.5110 35.1848
983.0000 974.4055 7.5090 35.1852
985.0000 976.3834 7.5052 35.1847
987.0000 978.3611 7.4968 35.1841
989.0000 980.3391 7.4773 35.1824
991.0000 982.3168 7.4528 35.1820
993.0000 984.2946 7.4521 35.1840
995.0000 986.2724 7.4462 35.1848
997.0000 988.2501 7.4301 35.1829
999.0000 990.2278 7.4177 35.1823
1001.0000 992.2055 7.4204 35.1835
1003.0000 994.1832 7.4145 35.1834
1005.0000 996.1608 7.4046 35.1819
1007.0000 998.1385 7.3845 35.1803
1009.0000 1000.1161 7.3792 35.1799
1011.0000 1002.0938 7.3641 35.1793
1013.0000 1004.0714 7.3606 35.1796
1015.0000 1006.0490 7.3594 35.1798
1017.0000 1008.0264 7.3418 35.1802
1019.0000 1010.0040 7.3297 35.1815
1021.0000 1011.9816 7.3095 35.1811
1023.0000 1013.9591 7.2925 35.1804
1025.0000 1015.9365 7.2623 35.1776
1027.0000 1017.9140 7.2335 35.1760
1029.0000 1019.8915 7.2220 35.1752
1031.0000 1021.8689 7.2003 35.1732
1033.0000 1023.8462 7.1865 35.1729
1035.0000 1025.8237 7.1813 35.1725
1037.0000 1027.8010 7.1592 35.1699
1039.0000 1029.7783 7.1145 35.1657
1041.0000 1031.7556 7.0914 35.1639
1043.0000 1033.7329 7.0764 35.1626
1045.0000 1035.7102 7.0586 35.1605
1047.0000 1037.6875 7.0330 35.1582
1049.0000 1039.6649 7.0154 35.1570
1051.0000 1041.6421 6.9922 35.1556
1053.0000 1043.6193 6.9697 35.1548
1055.0000 1045.5966 6.9526 35.1539
1057.0000 1047.5737 6.9435 35.1532
1059.0000 1049.5508 6.9317 35.1522
1061.0000 1051.5280 6.9082 35.1521
1063.0000 1053.5051 6.9050 35.1522
1065.0000 1055.4823 6.9010 35.1520
1067.0000 1057.4594 6.8963 35.1519
1069.0000 1059.4363 6.8944 35.1527
1071.0000 1061.4133 6.8928 35.1528
1073.0000 1063.3904 6.8901 35.1524
1075.0000 1065.3674 6.8859 35.1520
1077.0000 1067.3445 6.8811 35.1526
1079.0000 1069.3213 6.8536 35.1496
1081.0000 1071.2983 6.8123 35.1452
1083.0000 1073.2754 6.7923 35.1440
1085.0000 1075.2523 6.7790 35.1436
1087.0000 1077.2291 6.7726 35.1433
1089.0000 1079.2061 6.7676 35.1430
1091.0000 1081.1829 6.7575 35.1427
1093.0000 1083.1597 6.7521 35.1426
1095.0000 1085.1366 6.7495 35.1427
1097.0000 1087.1134 6.7483 35.1427
1099.0000 1089.0902 6.7436 35.1426
1101.0000 1091.0668 6.7416 35.1443
1103.0000 1093.0437 6.7475 35.1467
1105.0000 1095.0205 6.7495 35.1476
1107.0000 1096.9971 6.7289 35.1454
1109.0000 1098.9739 6.7178 35.1469
1111.0000 1100.9506 6.7179 35.1481
1113.0000 1102.9271 6.7058 35.1473
1115.0000 1104.9038 6.6929 35.1485
1117.0000 1106.8805 6.6963 35.1521
1119.0000 1108.8571 6.6740 35.1504
1121.0000 1110.8335 6.6677 35.1505
1123.0000 1112.8102 6.6560 35.1496
1125.0000 1114.7866 6.6516 35.1498
1127.0000 1116.7632 6.6485 35.1526
1129.0000 1118.7397 6.6512 35.1540
1131.0000 1120.7163 6.6599 35.1581
1133.0000 1122.6929 6.6644 35.1608
1135.0000 1124.6692 6.6602 35.1599
1137.0000 1126.6456 6.6675 35.1663
1139.0000 1128.6219 6.6720 35.1709
1141.0000 1130.5984 6.6908 35.1761
1143.0000 1132.5748 6.7065 35.1802
1145.0000 1134.5511 6.7123 35.1824
1147.0000 1136.5276 6.6843 35.1778
1149.0000 1138.5038 6.6785 35.1820
1151.0000 1140.4802 6.6685 35.1831
1153.0000 1142.4565 6.6657 35.1849
1155.0000 1144.4326 6.6636 35.1847
1157.0000 1146.4089 6.6623 35.1846
1159.0000 1148.3851 6.6931 35.1952
1161.0000 1150.3615 6.7119 35.1995
1163.0000 1152.3375 6.7118 35.1993
1165.0000 1154.3138 6.7133 35.1999
1167.0000 1156.2899 6.7173 35.2024
1169.0000 1158.2660 6.7179 35.2033
1171.0000 1160.2422 6.7181 35.2035
1173.0000 1162.2183 6.7166 35.2037
1175.0000 1164.1943 6.7108 35.2040
1177.0000 1166.1703 6.7024 35.2041
1179.0000 1168.1464 6.6934 35.2036
1181.0000 1170.1226 6.6822 35.2041
1183.0000 1172.0984 6.6695 35.2035
1185.0000 1174.0745 6.6603 35.2035
1187.0000 1176.0505 6.6607 35.2052
1189.0000 1178.0265 6.6605 35.2059
1191.0000 1180.0023 6.6565 35.2058
1193.0000 1181.9781 6.6463 35.2067
1195.0000 1183.9541 6.6432 35.2085
1197.0000 1185.9298 6.6406 35.2097
1199.0000 1187.9058 6.6377 35.2100
1201.0000 1189.8817 6.6337 35.2103
1203.0000 1191.8575 6.6264 35.2105
1205.0000 1193.8333 6.6143 35.2106
1207.0000 1195.8091 6.6109 35.2140
1209.0000 1197.7849 6.6054 35.2151
1211.0000 1199.7605 6.5969 35.2142
1213.0000 1201.7363 6.6072 35.2195
1215.0000 1203.7120 6.6030 35.2206
1217.0000 1205.6877 6.5788 35.2203
1219.0000 1207.6633 6.5693 35.2203
1221.0000 1209.6389 6.5686 35.2203
1223.0000 1211.6146 6.5595 35.2195
1225.0000 1213.5902 6.5369 35.2173
1227.0000 1215.5658 6.5161 35.2150
1229.0000 1217.5414 6.4942 35.2131
1231.0000 1219.5170 6.4697 35.2120
1233.0000 1221.4926 6.4664 35.2121
1235.0000 1223.4680 6.4504 35.2119
1237.0000 1225.4437 6.4349 35.2116
1239.0000 1227.4191 6.4198 35.2109
1241.0000 1229.3945 6.4127 35.2107
1243.0000 1231.3700 6.4104 35.2106
1245.0000 1233.3453 6.4044 35.2103
1247.0000 1235.3208 6.3935 35.2100
1249.0000 1237.2963 6.3846 35.2099
1251.0000 1239.2716 6.3762 35.2091
1253.0000 1241.2469 6.3448 35.2079
1255.0000 1243.2223 6.3311 35.2079
1257.0000 1245.1976 6.3235 35.2083
1259.0000 1247.1729 6.3172 35.2084
1261.0000 1249.1482 6.3101 35.2083
1263.0000 1251.1234 6.3026 35.2082
1265.0000 1253.0988 6.2923 35.2077
1267.0000 1255.0740 6.2871 35.2079
1269.0000 1257.0491 6.2848 35.2081
1271.0000 1259.0243 6.2808 35.2081
1273.0000 1260.9994 6.2738 35.2077
1275.0000 1262.9745 6.2624 35.2081
1277.0000 1264.9497 6.2612 35.2082
1279.0000 1266.9247 6.2580 35.2082
1281.0000 1268.8998 6.2412 35.2085
1283.0000 1270.8749 6.2368 35.2098
1285.0000 1272.8500 6.2328 35.2102
1287.0000 1274.8250 6.2277 35.2105
1289.0000 1276.8000 6.2251 35.2104
1291.0000 1278.7750 6.2199 35.2099
1293.0000 1280.7500 6.2156 35.2096
1295.0000 1282.7250 6.2085 35.2088
1297.0000 1284.7000 6.2051 35.2097
1299.0000 1286.6749 6.2062 35.2101
1301.0000 1288.6497 6.1935 35.2098
1303.0000 1290.6248 6.1797 35.2101
1305.0000 1292.5996 6.1738 35.2108
1307.0000 1294.5745 6.1577 35.2099
1309.0000 1296.5493 6.1388 35.2087
1311.0000 1298.5243 6.1292 35.2079
1313.0000 1300.4990 6.1216 35.2075
1315.0000 1302.4736 6.1178 35.2073
1317.0000 1304.4485 6.1144 35.2072
1319.0000 1306.4232 6.1082 35.2072
1321.0000 1308.3979 6.1028 35.2073
1323.0000 1310.3726 6.0982 35.2076
1325.0000 1312.3474 6.0960 35.2078
1327.0000 1314.3220 6.0950 35.2079
1329.0000 1316.2966 6.0922 35.2078
1331.0000 1318.2712 6.0900 35.2077
1333.0000 1320.2458 6.0773 35.2069
1335.0000 1322.2205 6.0672 35.2064
1337.0000 1324.1951 6.0607 35.2063
1339.0000 1326.1696 6.0507 35.2069
1341.0000 1328.1440 6.0473 35.2075
1343.0000 1330.1187 6.0514 35.2105
1345.0000 1332.0931 6.0331 35.2084
1347.0000 1334.0676 6.0083 35.2056
1349.0000 1336.0420 5.9997 35.2050
1351.0000 1338.0165 5.9954 35.2046
1353.0000 1339.9910 5.9869 35.2041
1355.0000 1341.9652 5.9836 35.2050
1357.0000 1343.9398 5.9825 35.2052
1359.0000 1345.9142 5.9807 35.2052
1361.0000 1347.8885 5.9752 35.2045
1363.0000 1349.8628 5.9641 35.2038
1365.0000 1351.8372 5.9583 35.2036
1367.0000 1353.8115 5.9598 35.2053
1369.0000 1355.7856 5.9569 35.2060
1371.0000 1357.7600 5.9529 35.2063
1373.0000 1359.7343 5.9511 35.2070
1375.0000 1361.7084 5.9446 35.2068
1377.0000 1363.6825 5.9303 35.2070
1379.0000 1365.6569 5.9209 35.2075
1381.0000 1367.6310 5.9236 35.2099
1383.0000 1369.6051 5.9301 35.2119
1385.0000 1371.5792 5.9290 35.2118
1387.0000 1373.5535 5.9198 35.2112
1389.0000 1375.5276 5.9030 35.2097
1391.0000 1377.5015 5.9010 35.2102
1393.0000 1379.4756 5.9008 35.2107
1395.0000 1381.4496 5.8956 35.2104
1397.0000 1383.4236 5.8910 35.2107
1399.0000 1385.3976 5.8856 35.2112
1401.0000 1387.3716 5.8780 35.2100
1403.0000 1389.3457 5.8632 35.2088
1405.0000 1391.3195 5.8706 35.2119
1407.0000 1393.2935 5.8567 35.2116
1409.0000 1395.2675 5.8528 35.2130
1411.0000 1397.2412 5.8481 35.2131
1413.0000 1399.2151 5.8404 35.2126
1415.0000 1401.1890 5.8275 35.2118
1417.0000 1403.1627 5.8151 35.2107
1419.0000 1405.1366 5.8048 35.2098
1421.0000 1407.1105 5.7832 35.2089
1423.0000 1409.0842 5.7776 35.2086
1425.0000 1411.0580 5.7661 35.2078
1427.0000 1413.0317 5.7544 35.2067
1429.0000 1415.0055 5.7397 35.2055
1431.0000 1416.9791 5.7251 35.2039
1433.0000 1418.9528 5.7088 35.2024
1435.0000 1420.9265 5.6873 35.2007
1437.0000 1422.9001 5.6799 35.1998
1439.0000 1424.8738 5.6669 35.1989
1441.0000 1426.8474 5.6515 35.1974
1443.0000 1428.8209 5.6480 35.1975
1445.0000 1430.7944 5.6409 35.1965
1447.0000 1432.7679 5.6291 35.1959
1449.0000 1434.7417 5.6259 35.1972
1451.0000 1436.7153 5.6240 35.1974
1453.0000 1438.6887 5.6254 35.1981
1455.0000 1440.6621 5.6251 35.1982
1457.0000 1442.6356 5.6243 35.1981
1459.0000 1444.6089 5.6219 35.1973
1461.0000 1446.5824 5.6210 35.1973
1463.0000 1448.5560 5.6200 35.1973
1465.0000 1450.5294 5.6181 35.1971
1467.0000 1452.5026 5.6090 35.1966
1469.0000 1454.4761 5.6030 35.1963
1471.0000 1456.4493 5.5933 35.1956
1473.0000 1458.4225 5.5898 35.1956
1475.0000 1460.3960 5.5859 35.1955
1477.0000 1462.3693 5.5836 35.1956
1479.0000 1464.3424 5.5823 35.1957
1481.0000 1466.3157 5.5812 35.1958
1483.0000 1468.2889 5.5798 35.1958
1485.0000 1470.2622 5.5752 35.1960
1487.0000 1472.2354 5.5696 35.1966
1489.0000 1474.2085 5.5674 35.1969
1491.0000 1476.1816 5.5662 35.1967
1493.0000 1478.1548 5.5643 35.1965
1495.0000 1480.1278 5.5637 35.1968
1497.0000 1482.1011 5.5654 35.1970
1499.0000 1484.0742 5.5652 35.1975
1501.0000 1486.0470 5.5641 35.1975
1503.0000 1488.0201 5.5642 35.1975
1505.0000 1489.9932 5.5577 35.1971
1507.0000 1491.9662 5.5543 35.1972
1509.0000 1493.9392 5.5533 35.1973
1511.0000 1495.9121 5.5447 35.1979
1513.0000 1497.8851 5.5398 35.1982
1515.0000 1499.8579 5.5270 35.1978
1517.0000 1501.8309 5.5251 35.1981
1519.0000 1503.8038 5.5155 35.1980
1521.0000 1505.7766 5.4985 35.1968
1523.0000 1507.7495 5.4806 35.1949
1525.0000 1509.7224 5.4746 35.1947
1527.0000 1511.6953 5.4734 35.1948
1529.0000 1513.6680 5.4670 35.1941
1531.0000 1515.6407 5.4606 35.1941
1533.0000 1517.6135 5.4566 35.1936
1535.0000 1519.5863 5.4457 35.1929
1537.0000 1521.5591 5.4393 35.1929
1539.0000 1523.5317 5.4315 35.1921
1541.0000 1525.5043 5.4200 35.1913
1543.0000 1527.4771 5.4121 35.1907
1545.0000 1529.4498 5.4067 35.1905
1547.0000 1531.4224 5.3941 35.1907
1549.0000 1533.3949 5.3889 35.1908
1551.0000 1535.3677 5.3740 35.1899
1553.0000 1537.3402 5.3688 35.1898
1555.0000 1539.3126 5.3646 35.1897
1557.0000 1541.2852 5.3643 35.1899
1559.0000 1543.2578 5.3637 35.1900
1561.0000 1545.2303 5.3581 35.1897
1563.0000 1547.2026 5.3545 35.1903
1565.0000 1549.1752 5.3550 35.1906
1567.0000 1551.1478 5.3559 35.1911
1569.0000 1553.1201 5.3541 35.1911
1571.0000 1555.0925 5.3503 35.1907
1573.0000 1557.0649 5.3493 35.1904
1575.0000 1559.0374 5.3378 35.1897
1577.0000 1561.0096 5.3337 35.1895
1579.0000 1562.9819 5.3282 35.1890
1581.0000 1564.9542 5.3220 35.1887
1583.0000 1566.9266 5.3185 35.1883
1585.0000 1568.8989 5.3139 35.1879
1587.0000 1570.8712 5.3096 35.1878
1589.0000 1572.8435 5.3002 35.1871
1591.0000 1574.8156 5.2933 35.1866
1593.0000 1576.7878 5.2856 35.1861
1595.0000 1578.7600 5.2810 35.1858
1597.0000 1580.7322 5.2786 35.1856
1599.0000 1582.7043 5.2726 35.1850
1601.0000 1584.6765 5.2663 35.1845
1603.0000 1586.6487 5.2608 35.1840
1605.0000 1588.6207 5.2583 35.1839
1607.0000 1590.5928 5.2571 35.1839
1609.0000 1592.5648 5.2553 35.1837
1611.0000 1594.5369 5.2506 35.1831
1613.0000 1596.5089 5.2446 35.1827
1615.0000 1598.4810 5.2337 35.1816
1617.0000 1600.4529 5.2241 35.1810
1619.0000 1602.4249 5.2213 35.1811
1621.0000 1604.3969 5.2172 35.1804
1623.0000 1606.3689 5.2145 35.1804
1625.0000 1608.3407 5.2125 35.1802
1627.0000 1610.3125 5.2108 35.1801
1629.0000 1612.2844 5.2086 35.1798
1631.0000 1614.2562 5.1994 35.1788
1633.0000 1616.2281 5.1882 35.1778
1635.0000 1618.2000 5.1815 35.1770
1637.0000 1620.1719 5.1712 35.1761
1639.0000 1622.1436 5.1619 35.1756
1641.0000 1624.1154 5.1549 35.1752
1643.0000 1626.0872 5.1421 35.1740
1645.0000 1628.0588 5.1312 35.1730
1647.0000 1630.0304 5.1279 35.1726
1649.0000 1632.0023 5.1275 35.1727
1651.0000 1633.9740 5.1199 35.1715
1653.0000 1635.9454 5.1040 35.1698
1655.0000 1637.9172 5.0921 35.1688
1657.0000 1639.8889 5.0803 35.1672
1659.0000 1641.8602 5.0671 35.1661
1661.0000 1643.8320 5.0583 35.1650
1663.0000 1645.8036 5.0508 35.1640
1665.0000 1647.7751 5.0337 35.1627
1667.0000 1649.7466 5.0278 35.1625
1669.0000 1651.7181 5.0200 35.1619
1671.0000 1653.6896 5.0127 35.1614
1673.0000 1655.6611 5.0083 35.1610
1675.0000 1657.6326 4.9995 35.1602
1677.0000 1659.6041 4.9895 35.1589
1679.0000 1661.5753 4.9845 35.1585
1681.0000 1663.5469 4.9773 35.1574
1683.0000 1665.5183 4.9716 35.1569
1685.0000 1667.4896 4.9681 35.1562
1687.0000 1669.4608 4.9542 35.1550
1689.0000 1671.4324 4.9449 35.1542
1691.0000 1673.4037 4.9404 35.1538
1693.0000 1675.3749 4.9355 35.1536
1695.0000 1677.3462 4.9308 35.1535
1697.0000 1679.3174 4.9245 35.1533
1699.0000 1681.2887 4.9152 35.1521
1701.0000 1683.2599 4.9109 35.1521
1703.0000 1685.2310 4.9109 35.1518
1705.0000 1687.2023 4.9014 35.1504
1707.0000 1689.1732 4.8888 35.1494
1709.0000 1691.1447 4.8845 35.1493
1711.0000 1693.1157 4.8830 35.1497
1713.0000 1695.0869 4.8863 35.1506
1715.0000 1697.0579 4.8877 35.1509
1717.0000 1699.0289 4.8862 35.1511
1719.0000 1701.0001 4.8813 35.1507
1721.0000 1702.9708 4.8777 35.1504
1723.0000 1704.9420 4.8762 35.1500
1725.0000 1706.9131 4.8701 35.1493
1727.0000 1708.8840 4.8640 35.1486
1729.0000 1710.8550 4.8583 35.1479
1731.0000 1712.8259 4.8492 35.1471
1733.0000 1714.7969 4.8433 35.1466
1735.0000 1716.7676 4.8350 35.1457
1737.0000 1718.7385 4.8305 35.1453
1739.0000 1720.7097 4.8283 35.1449
1741.0000 1722.6802 4.8239 35.1443
1743.0000 1724.6511 4.8068 35.1425
1745.0000 1726.6221 4.7981 35.1413
1747.0000 1728.5928 4.7895 35.1403
1749.0000 1730.5635 4.7824 35.1396
1751.0000 1732.5343 4.7747 35.1388
1753.0000 1734.5051 4.7682 35.1379
1755.0000 1736.4757 4.7572 35.1368
1757.0000 1738.4464 4.7514 35.1361
1759.0000 1740.4171 4.7419 35.1351
1761.0000 1742.3878 4.7317 35.1339
1763.0000 1744.3584 4.7209 35.1330
1765.0000 1746.3291 4.7258 35.1337
1767.0000 1748.2998 4.7101 35.1319
1769.0000 1750.2701 4.7012 35.1310
1771.0000 1752.2408 4.6972 35.1306
1773.0000 1754.2115 4.6924 35.1299
1775.0000 1756.1821 4.6896 35.1297
1777.0000 1758.1525 4.6873 35.1294
1779.0000 1760.1229 4.6823 35.1287
1781.0000 1762.0936 4.6746 35.1281
1783.0000 1764.0637 4.6723 35.1277
1785.0000 1766.0344 4.6642 35.1266
1787.0000 1768.0048 4.6429 35.1244
1789.0000 1769.9755 4.6345 35.1237
1791.0000 1771.9456 4.6269 35.1229
1793.0000 1773.9161 4.6241 35.1228
1795.0000 1775.8865 4.6211 35.1223
1797.0000 1777.8566 4.6146 35.1215
1799.0000 1779.8270 4.6076 35.1210
1801.0000 1781.7974 4.6065 35.1210
1803.0000 1783.7675 4.6054 35.1209
1805.0000 1785.7378 4.6019 35.1204
1807.0000 1787.7083 4.6012 35.1204
1809.0000 1789.6783 4.5939 35.1194
1811.0000 1791.6484 4.5816 35.1182
1813.0000 1793.6188 4.5725 35.1174
1815.0000 1795.5891 4.5666 35.1167
1817.0000 1797.5590 4.5587 35.1159
1819.0000 1799.5293 4.5555 35.1156
1821.0000 1801.4994 4.5491 35.1150
1823.0000 1803.4696 4.5438 35.1146
1825.0000 1805.4393 4.5352 35.1135
1827.0000 1807.4097 4.5264 35.1128
1829.0000 1809.3795 4.5209 35.1116
1831.0000 1811.3496 4.5098 35.1111
1833.0000 1813.3196 4.5050 35.1105
1835.0000 1815.2898 4.4979 35.1097
1837.0000 1817.2596 4.4903 35.1089
1839.0000 1819.2296 4.4861 35.1085
1841.0000 1821.1995 4.4851 35.1085
1843.0000 1823.1696 4.4808 35.1080
1845.0000 1825.1393 4.4713 35.1070
1847.0000 1827.1091 4.4618 35.1063
1849.0000 1829.0790 4.4602 35.1064
1851.0000 1831.0491 4.4555 35.1061
1853.0000 1833.0186 4.4425 35.1042
1855.0000 1834.9885 4.4336 35.1031
1857.0000 1836.9584 4.4300 35.1026
1859.0000 1838.9281 4.4244 35.1017
1861.0000 1840.8977 4.4146 35.1007
1863.0000 1842.8676 4.4128 35.1004
1865.0000 1844.8372 4.4121 35.1005
1867.0000 1846.8070 4.4067 35.0998
1869.0000 1848.7769 4.4030 35.0996
1871.0000 1850.7463 4.3987 35.0995
1873.0000 1852.7161 4.3931 35.0990
1875.0000 1854.6854 4.3900 35.0990
1877.0000 1856.6554 4.3867 35.0986
1879.0000 1858.6246 4.3790 35.0974
1881.0000 1860.5944 4.3634 35.0956
1883.0000 1862.5640 4.3538 35.0947
1885.0000 1864.5337 4.3509 35.0943
1887.0000 1866.5029 4.3472 35.0939
1889.0000 1868.4724 4.3450 35.0935
1891.0000 1870.4420 4.3421 35.0932
1893.0000 1872.4114 4.3325 35.0919
1895.0000 1874.3810 4.3189 35.0907
1897.0000 1876.3502 4.3143 35.0903
1899.0000 1878.3197 4.3135 35.0903
1901.0000 1880.2889 4.3096 35.0899
1903.0000 1882.2584 4.3039 35.0893
1905.0000 1884.2277 4.3024 35.0891
1907.0000 1886.1970 4.2904 35.0878
1909.0000 1888.1664 4.2787 35.0868
1911.0000 1890.1357 4.2744 35.0864
1913.0000 1892.1051 4.2696 35.0860
1915.0000 1894.0742 4.2687 35.0859
1917.0000 1896.0435 4.2679 35.0860
1919.0000 1898.0127 4.2657 35.0855
1921.0000 1899.9818 4.2613 35.0850
1923.0000 1901.9513 4.2566 35.0846
1925.0000 1903.9203 4.2504 35.0839
1927.0000 1905.8894 4.2434 35.0834
1929.0000 1907.8584 4.2391 35.0828
1931.0000 1909.8276 4.2278 35.0816
1933.0000 1911.7969 4.2198 35.0808
1935.0000 1913.7657 4.2132 35.0804
1937.0000 1915.7350 4.2061 35.0795
1939.0000 1917.7039 4.2013 35.0793
1941.0000 1919.6729 4.1985 35.0791
1943.0000 1921.6420 4.1945 35.0786
1945.0000 1923.6110 4.1875 35.0779
1947.0000 1925.5801 4.1816 35.0776
1949.0000 1927.5487 4.1768 35.0771
1951.0000 1929.5179 4.1740 35.0769
1953.0000 1931.4869 4.1696 35.0764
1955.0000 1933.4554 4.1652 35.0762
1957.0000 1935.4244 4.1622 35.0757
1959.0000 1937.3933 4.1567 35.0751
1961.0000 1939.3623 4.1512 35.0745
1963.0000 1941.3309 4.1430 35.0736
1965.0000 1943.2998 4.1382 35.0733
1967.0000 1945.2687 4.1348 35.0728
1969.0000 1947.2374 4.1282 35.0721
1971.0000 1949.2061 4.1205 35.0713
1973.0000 1951.1749 4.1167 35.0709
1975.0000 1953.1436 4.1126 35.0705
1977.0000 1955.1122 4.1117 35.0705
1979.0000 1957.0811 4.1060 35.0701
1981.0000 1959.0497 4.1043 35.0698
1983.0000 1961.0181 4.1034 35.0696
1985.0000 1962.9869 4.0979 35.0689
1987.0000 1964.9556 4.0905 35.0681
1989.0000 1966.9242 4.0875 35.0678
1991.0000 1968.8926 4.0868 35.0677
1993.0000 1970.8612 4.0819 35.0668
1995.0000 1972.8298 4.0687 35.0652
1997.0000 1974.7983 4.0560 35.0635
1999.0000 1976.7667 4.0513 35.0631
2001.0000 1978.7354 4.0439 35.0622
2003.0000 1980.7037 4.0404 35.0618
2005.0000 1982.6720 4.0374 35.0615
2007.0000 1984.6406 4.0315 35.0609
2009.0000 1986.6088 4.0200 35.0597
2011.0000 1988.5773 4.0153 35.0595
2013.0000 1990.5457 4.0148 35.0599
2015.0000 1992.5140 4.0108 35.0590
2017.0000 1994.4823 4.0029 35.0584
2019.0000 1996.4507 3.9998 35.0579
2021.0000 1998.4191 3.9931 35.0573
2023.0000 2000.3873 3.9868 35.0568
2025.0000 2002.3556 3.9849 35.0567
2027.0000 2004.3237 3.9834 35.0566
2029.0000 2006.2920 3.9813 35.0564
2031.0000 2008.2601 3.9745 35.0555
2033.0000 2010.2284 3.9710 35.0551
2035.0000 2012.1965 3.9687 35.0549
2037.0000 2014.1648 3.9647 35.0541
2039.0000 2016.1328 3.9546 35.0535
2041.0000 2018.1008 3.9473 35.0529
2043.0000 2020.0690 3.9448 35.0528
2045.0000 2022.0370 3.9444 35.0528
2047.0000 2024.0050 3.9420 35.0524
2049.0000 2025.9733 3.9351 35.0521
2051.0000 2027.9414 3.9335 35.0519
2053.0000 2029.9092 3.9302 35.0515
2055.0000 2031.8772 3.9250 35.0513
2057.0000 2033.8452 3.9237 35.0512
2059.0000 2035.8130 3.9228 35.0511
2061.0000 2037.7810 3.9217 35.0509
2063.0000 2039.7490 3.9194 35.0507
2065.0000 2041.7168 3.9173 35.0504
2067.0000 2043.6846 3.9140 35.0501
2069.0000 2045.6526 3.9112 35.0498
2071.0000 2047.6206 3.9074 35.0495
2073.0000 2049.5881 3.9031 35.0489
2075.0000 2051.5559 3.8988 35.0485
2077.0000 2053.5239 3.8934 35.0479
2079.0000 2055.4915 3.8875 35.0476
2081.0000 2057.4595 3.8863 35.0474
2083.0000 2059.4272 3.8820 35.0469
2085.0000 2061.3950 3.8790 35.0466
2087.0000 2063.3625 3.8727 35.0457
2089.0000 2065.3301 3.8634 35.0450
2091.0000 2067.2979 3.8584 35.0448
2093.0000 2069.2654 3.8561 35.0446
2095.0000 2071.2332 3.8492 35.0439
2097.0000 2073.2007 3.8453 35.0437
2099.0000 2075.1685 3.8430 35.0436
2101.0000 2077.1357 3.8400 35.0433
2103.0000 2079.1035 3.8360 35.0428
2105.0000 2081.0710 3.8289 35.0424
2107.0000 2083.0383 3.8222 35.0416
2109.0000 2085.0059 3.8119 35.0407
2111.0000 2086.9734 3.8029 35.0399
2113.0000 2088.9409 3.7965 35.0392
2115.0000 2090.9082 3.7937 35.0391
2117.0000 2092.8757 3.7921 35.0390
2119.0000 2094.8433 3.7887 35.0389
2121.0000 2096.8103 3.7885 35.0388
2123.0000 2098.7778 3.7881 35.0388
2125.0000 2100.7454 3.7852 35.0385
2127.0000 2102.7124 3.7836 35.0384
2129.0000 2104.6802 3.7835 35.0383
2131.0000 2106.6472 3.7833 35.0382
2133.0000 2108.6145 3.7823 35.0380
2135.0000 2110.5818 3.7787 35.0377
2137.0000 2112.5491 3.7750 35.0373
2139.0000 2114.5161 3.7680 35.0367
2141.0000 2116.4832 3.7638 35.0363
2143.0000 2118.4507 3.7620 35.0361
2145.0000 2120.4177 3.7601 35.0360
2147.0000 2122.3853 3.7590 35.0358
2149.0000 2124.3518 3.7573 35.0357
2151.0000 2126.3191 3.7499 35.0350
2153.0000 2128.2864 3.7468 35.0346
2155.0000 2130.2534 3.7454 35.0346
2157.0000 2132.2205 3.7428 35.0343
2159.0000 2134.1875 3.7392 35.0340
2161.0000 2136.1545 3.7342 35.0335
2163.0000 2138.1213 3.7319 35.0333
2165.0000 2140.0886 3.7314 35.0332
2167.0000 2142.0557 3.7293 35.0330
2169.0000 2144.0222 3.7229 35.0323
2171.0000 2145.9893 3.7164 35.0318
2173.0000 2147.9563 3.7107 35.0310
2175.0000 2149.9233 3.7053 35.0305
2177.0000 2151.8901 3.7021 35.0302
2179.0000 2153.8569 3.6976 35.0301
2181.0000 2155.8237 3.6936 35.0295
2183.0000 2157.7905 3.6912 35.0293
2185.0000 2159.7576 3.6907 35.0292
2187.0000 2161.7241 3.6879 35.0291
2189.0000 2163.6909 3.6860 35.0289
2191.0000 2165.6575 3.6847 35.0290
2193.0000 2167.6245 3.6819 35.0287
2195.0000 2169.5911 3.6772 35.0284
2197.0000 2171.5576 3.6740 35.0281
2199.0000 2173.5247 3.6707 35.0278
2201.0000 2175.4915 3.6695 35.0277
2203.0000 2177.4578 3.6687 35.0276
2205.0000 2179.4246 3.6639 35.0270
2207.0000 2181.3911 3.6583 35.0265
2209.0000 2183.3577 3.6550 35.0259
2211.0000 2185.3242 3.6501 35.0252
2213.0000 2187.2908 3.6428 35.0245
2215.0000 2189.2573 3.6404 35.0243
2217.0000 2191.2236 3.6329 35.0235
2219.0000 2193.1902 3.6256 35.0229
2221.0000 2195.1570 3.6209 35.0227
2223.0000 2197.1235 3.6172 35.0223
2225.0000 2199.0898 3.6152 35.0221
2227.0000 2201.0564 3.6068 35.0211
2229.0000 2203.0225 3.5984 35.0206
2231.0000 2204.9888 3.5972 35.0205
2233.0000 2206.9553 3.5946 35.0203
2235.0000 2208.9216 3.5877 35.0195
2237.0000 2210.8882 3.5774 35.0188
2239.0000 2212.8542 3.5764 35.0187
2241.0000 2214.8208 3.5750 35.0187
2243.0000 2216.7871 3.5729 35.0184
2245.0000 2218.7532 3.5693 35.0182
2247.0000 2220.7195 3.5675 35.0180
2249.0000 2222.6858 3.5669 35.0180
2251.0000 2224.6521 3.5668 35.0180
2253.0000 2226.6182 3.5659 35.0179
2255.0000 2228.5842 3.5631 35.0175
2257.0000 2230.5505 3.5558 35.0168
2259.0000 2232.5164 3.5493 35.0162
2261.0000 2234.4827 3.5465 35.0160
2263.0000 2236.4487 3.5458 35.0161
2265.0000 2238.4146 3.5442 35.0158
2267.0000 2240.3809 3.5398 35.0153
2269.0000 2242.3472 3.5385 35.0153
2271.0000 2244.3132 3.5369 35.0151
2273.0000 2246.2791 3.5359 35.0150
2275.0000 2248.2449 3.5350 35.0150
2277.0000 2250.2112 3.5341 35.0149
2279.0000 2252.1770 3.5338 35.0149
2281.0000 2254.1426 3.5337 35.0149
2283.0000 2256.1089 3.5305 35.0143
2285.0000 2258.0747 3.5317 35.0146
2287.0000 2260.0405 3.5274 35.0143
2289.0000 2262.0066 3.5271 35.0142
2291.0000 2263.9724 3.5257 35.0139
2293.0000 2265.9380 3.5222 35.0136
2295.0000 2267.9041 3.5198 35.0136
2297.0000 2269.8699 3.5201 35.0133
2299.0000 2271.8357 3.5096 35.0121
2301.0000 2273.8013 3.5066 35.0123
2303.0000 2275.7673 3.5062 35.0122
2305.0000 2277.7329 3.5047 35.0119
2307.0000 2279.6982 3.5032 35.0119
2309.0000 2281.6641 3.5012 35.0117
2311.0000 2283.6299 3.4932 35.0107
2313.0000 2285.5955 3.4844 35.0099
2315.0000 2287.5610 3.4798 35.0095
2317.0000 2289.5266 3.4779 35.0093
2319.0000 2291.4924 3.4765 35.0094
2321.0000 2293.4578 3.4760 35.0093
2323.0000 2295.4236 3.4742 35.0091
2325.0000 2297.3889 3.4706 35.0087
2327.0000 2299.3545 3.4660 35.0082
2329.0000 2301.3201 3.4613 35.0078
2331.0000 2303.2856 3.4573 35.0075
2333.0000 2305.2512 3.4517 35.0068
2335.0000 2307.2166 3.4489 35.0069
2337.0000 2309.1819 3.4482 35.0067
2339.0000 2311.1475 3.4475 35.0066
2341.0000 2313.1128 3.4463 35.0065
2343.0000 2315.0781 3.4443 35.0063
2345.0000 2317.0435 3.4405 35.0058
2347.0000 2319.0088 3.4390 35.0057
2349.0000 2320.9741 3.4353 35.0052
2351.0000 2322.9392 3.4306 35.0048
2353.0000 2324.9048 3.4254 35.0044
2355.0000 2326.8699 3.4246 35.0043
2357.0000 2328.8352 3.4224 35.0041
2359.0000 2330.8003 3.4180 35.0035
2361.0000 2332.7656 3.4177 35.0034
2363.0000 2334.7307 3.4085 35.0027
2365.0000 2336.6960 3.4081 35.0027
2367.0000 2338.6614 3.4077 35.0028
2369.0000 2340.6262 3.4075 35.0026
2371.0000 2342.5913 3.4061 35.0025
2373.0000 2344.5566 3.3993 35.0017
2375.0000 2346.5217 3.3963 35.0015
2377.0000 2348.4868 3.3955 35.0015
2379.0000 2350.4519 3.3938 35.0014
2381.0000 2352.4170 3.3904 35.0010
2383.0000 2354.3818 3.3845 35.0003
2385.0000 2356.3469 3.3792 34.9999
2387.0000 2358.3120 3.3768 34.9998
2389.0000 2360.2769 3.3758 34.9996
2391.0000 2362.2419 3.3741 34.9995
2393.0000 2364.2068 3.3745 34.9993
2395.0000 2366.1719 3.3643 34.9985
2397.0000 2368.1365 3.3618 34.9983
2399.0000 2370.1016 3.3607 34.9983
2401.0000 2372.0664 3.3593 34.9981
2403.0000 2374.0310 3.3562 34.9978
2405.0000 2375.9958 3.3523 34.9974
2407.0000 2377.9607 3.3497 34.9973
2409.0000 2379.9255 3.3513 34.9971
2411.0000 2381.8901 3.3371 34.9958
2413.0000 2383.8550 3.3269 34.9951
2415.0000 2385.8198 3.3215 34.9943
2417.0000 2387.7844 3.3155 34.9941
2419.0000 2389.7495 3.3148 34.9941
2421.0000 2391.7141 3.3165 34.9943
2423.0000 2393.6787 3.3096 34.9935
2425.0000 2395.6433 3.3031 34.9929
2427.0000 2397.6079 3.3008 34.9928
2429.0000 2399.5728 3.2989 34.9925
2431.0000 2401.5371 3.2976 34.9924
2433.0000 2403.5017 3.2914 34.9917
2435.0000 2405.4663 3.2867 34.9914
2437.0000 2407.4309 3.2820 34.9909
2439.0000 2409.3953 3.2776 34.9905
2441.0000 2411.3596 3.2740 34.9902
2443.0000 2413.3245 3.2715 34.9900
2445.0000 2415.2886 3.2704 34.9898
2447.0000 2417.2529 3.2679 34.9895
2449.0000 2419.2178 3.2621 34.9889
2451.0000 2421.1819 3.2557 34.9883
2453.0000 2423.1462 3.2541 34.9883
2455.0000 2425.1108 3.2517 34.9881
2457.0000 2427.0754 3.2500 34.9879
2459.0000 2429.0393 3.2463 34.9875
2461.0000 2431.0039 3.2426 34.9872
2463.0000 2432.9683 3.2402 34.9870
2465.0000 2434.9324 3.2383 34.9869
2467.0000 2436.8965 3.2351 34.9865
2469.0000 2438.8611 3.2338 34.9864
2471.0000 2440.8252 3.2296 34.9860
2473.0000 2442.7893 3.2260 34.9857
2475.0000 2444.7534 3.2243 34.9855
2477.0000 2446.7178 3.2213 34.9853
2479.0000 2448.6816 3.2189 34.9850
2481.0000 2450.6460 3.2163 34.9847
2483.0000 2452.6104 3.2118 34.9842
2485.0000 2454.5745 3.2101 34.9842
2487.0000 2456.5383 3.2093 34.9841
2489.0000 2458.5024 3.2020 34.9832
2491.0000 2460.4666 3.1983 34.9830
2493.0000 2462.4304 3.1971 34.9829
2495.0000 2464.3945 3.1966 34.9827
2497.0000 2466.3584 3.1935 34.9825
2499.0000 2468.3225 3.1907 34.9822
2501.0000 2470.2864 3.1881 34.9820
2503.0000 2472.2505 3.1880 34.9821
2505.0000 2474.2146 3.1879 34.9820
2507.0000 2476.1782 3.1874 34.9820
2509.0000 2478.1421 3.1868 34.9819
2511.0000 2480.1060 3.1838 34.9815
2513.0000 2482.0701 3.1790 34.9811
2515.0000 2484.0337 3.1750 34.9806
2517.0000 2485.9973 3.1698 34.9801
2519.0000 2487.9612 3.1656 34.9797
2521.0000 2489.9250 3.1644 34.9797
2523.0000 2491.8889 3.1630 34.9795
2525.0000 2493.8525 3.1610 34.9793
2527.0000 2495.8162 3.1583 34.9791
2529.0000 2497.7800 3.1562 34.9789
2531.0000 2499.7437 3.1522 34.9786
2533.0000 2501.7075 3.1517 34.9785
2535.0000 2503.6711 3.1512 34.9784
2537.0000 2505.6348 3.1507 34.9784
2539.0000 2507.5984 3.1506 34.9783
2541.0000 2509.5618 3.1499 34.9782
2543.0000 2511.5254 3.1499 34.9783
2545.0000 2513.4890 3.1493 34.9782
2547.0000 2515.4526 3.1487 34.9781
2549.0000 2517.4163 3.1467 34.9779
2551.0000 2519.3799 3.1426 34.9774
2553.0000 2521.3433 3.1402 34.9771
2555.0000 2523.3066 3.1383 34.9771
2557.0000 2525.2700 3.1383 34.9770
2559.0000 2527.2334 3.1381 34.9771
2561.0000 2529.1970 3.1352 34.9766
2563.0000 2531.1604 3.1298 34.9762
2565.0000 2533.1238 3.1299 34.9762
2567.0000 2535.0872 3.1310 34.9762
2569.0000 2537.0503 3.1269 34.9759
2571.0000 2539.0137 3.1240 34.9755
2573.0000 2540.9771 3.1188 34.9752
2575.0000 2542.9407 3.1169 34.9748
2577.0000 2544.9036 3.1129 34.9745
2579.0000 2546.8669 3.1115 34.9743
2581.0000 2548.8303 3.1114 34.9743
2583.0000 2550.7932 3.1114 34.9744
2585.0000 2552.7568 3.1106 34.9743
2587.0000 2554.7200 3.1084 34.9741
2589.0000 2556.6829 3.1059 34.9737
2591.0000 2558.6460 3.1024 34.9735
2593.0000 2560.6094 3.0975 34.9730
2595.0000 2562.5725 3.0965 34.9730
2597.0000 2564.5356 3.0963 34.9729
2599.0000 2566.4985 3.0961 34.9726
2601.0000 2568.4619 3.0872 34.9721
2603.0000 2570.4246 3.0866 34.9721
2605.0000 2572.3875 3.0861 34.9719
2607.0000 2574.3508 3.0854 34.9719
2609.0000 2576.3140 3.0851 34.9719
2611.0000 2578.2766 3.0847 34.9718
2613.0000 2580.2395 3.0841 34.9717
2615.0000 2582.2029 3.0829 34.9716
2617.0000 2584.1655 3.0804 34.9714
2619.0000 2586.1284 3.0786 34.9712
2621.0000 2588.0913 3.0752 34.9708
2623.0000 2590.0542 3.0691 34.9702
2625.0000 2592.0171 3.0659 34.9699
2627.0000 2593.9800 3.0628 34.9697
2629.0000 2595.9429 3.0622 34.9696
2631.0000 2597.9055 3.0601 34.9694
2633.0000 2599.8682 3.0595 34.9693
2635.0000 2601.8313 3.0586 34.9693
2637.0000 2603.7939 3.0578 34.9692
2639.0000 2605.7566 3.0572 34.9692
2641.0000 2607.7190 3.0562 34.9690
2643.0000 2609.6821 3.0548 34.9688
2645.0000 2611.6445 3.0536 34.9687
2647.0000 2613.6074 3.0519 34.9685
2649.0000 2615.5698 3.0512 34.9683
2651.0000 2617.5327 3.0473 34.9681
2653.0000 2619.4951 3.0468 34.9680
2655.0000 2621.4578 3.0448 34.9678
2657.0000 2623.4204 3.0431 34.9676
2659.0000 2625.3828 3.0405 34.9674
2661.0000 2627.3455 3.0343 34.9668
2663.0000 2629.3079 3.0311 34.9664
2665.0000 2631.2703 3.0278 34.9662
2667.0000 2633.2329 3.0278 34.9661
2669.0000 2635.1953 3.0260 34.9660
2671.0000 2637.1577 3.0226 34.9657
2673.0000 2639.1201 3.0191 34.9652
2675.0000 2641.0825 3.0161 34.9651
2677.0000 2643.0452 3.0156 34.9649
2679.0000 2645.0073 3.0149 34.9649
2681.0000 2646.9697 3.0141 34.9648
2683.0000 2648.9321 3.0115 34.9646
2685.0000 2650.8945 3.0099 34.9644
2687.0000 2652.8564 3.0075 34.9642
2689.0000 2654.8191 3.0044 34.9639
2691.0000 2656.7812 3.0030 34.9638
2693.0000 2658.7432 2.9996 34.9634
2695.0000 2660.7056 2.9958 34.9630
2697.0000 2662.6680 2.9947 34.9630
2699.0000 2664.6304 2.9931 34.9628
2701.0000 2666.5923 2.9911 34.9627
2703.0000 2668.5544 2.9892 34.9624
2705.0000 2670.5166 2.9853 34.9620
2707.0000 2672.4785 2.9812 34.9617
2709.0000 2674.4407 2.9770 34.9612
2711.0000 2676.4031 2.9735 34.9611
2713.0000 2678.3647 2.9717 34.9608
2715.0000 2680.3269 2.9707 34.9608
2717.0000 2682.2893 2.9698 34.9606
2719.0000 2684.2512 2.9683 34.9605
2721.0000 2686.2129 2.9659 34.9602
2723.0000 2688.1748 2.9599 34.9595
2725.0000 2690.1372 2.9540 34.9591
2727.0000 2692.0989 2.9505 34.9587
2729.0000 2694.0608 2.9483 34.9586
2731.0000 2696.0229 2.9478 34.9585
2733.0000 2697.9849 2.9465 34.9583
2735.0000 2699.9463 2.9426 34.9580
2737.0000 2701.9084 2.9384 34.9578
2739.0000 2703.8704 2.9375 34.9577
2741.0000 2705.8318 2.9370 34.9576
2743.0000 2707.7939 2.9355 34.9574
2745.0000 2709.7556 2.9321 34.9571
2747.0000 2711.7175 2.9305 34.9569
2749.0000 2713.6792 2.9295 34.9568
2751.0000 2715.6409 2.9275 34.9566
2753.0000 2717.6025 2.9251 34.9565
2755.0000 2719.5642 2.9232 34.9562
2757.0000 2721.5259 2.9219 34.9562
2759.0000 2723.4875 2.9214 34.9561
2761.0000 2725.4495 2.9208 34.9560
2763.0000 2727.4109 2.9195 34.9559
2765.0000 2729.3723 2.9189 34.9558
2767.0000 2731.3342 2.9189 34.9557
2769.0000 2733.2957 2.9177 34.9557
2771.0000 2735.2571 2.9164 34.9555
2773.0000 2737.2188 2.9129 34.9552
2775.0000 2739.1802 2.9115 34.9551
2777.0000 2741.1416 2.9115 34.9549
2779.0000 2743.1033 2.9114 34.9549
2781.0000 2745.0647 2.9107 34.9549
2783.0000 2747.0259 2.9097 34.9548
2785.0000 2748.9875 2.9093 34.9548
2787.0000 2750.9490 2.9057 34.9543
2789.0000 2752.9104 2.9002 34.9538
2791.0000 2754.8716 2.9010 34.9539
2793.0000 2756.8330 2.8946 34.9533
2795.0000 2758.7944 2.8927 34.9530
2797.0000 2760.7556 2.8904 34.9528
2799.0000 2762.7168 2.8848 34.9523
2801.0000 2764.6785 2.8835 34.9522
2803.0000 2766.6394 2.8816 34.9521
2805.0000 2768.6008 2.8800 34.9519
2807.0000 2770.5620 2.8776 34.9517
2809.0000 2772.5234 2.8741 34.9513
2811.0000 2774.4844 2.8704 34.9509
2813.0000 2776.4456 2.8660 34.9507
2815.0000 2778.4067 2.8661 34.9508
2817.0000 2780.3679 2.8649 34.9506
2819.0000 2782.3289 2.8628 34.9504
2821.0000 2784.2903 2.8604 34.9501
2823.0000 2786.2512 2.8601 34.9500
2825.0000 2788.2122 2.8554 34.9497
2827.0000 2790.1733 2.8542 34.9496
2829.0000 2792.1343 2.8522 34.9494
2831.0000 2794.0955 2.8520 34.9493
2833.0000 2796.0564 2.8508 34.9491
2835.0000 2798.0173 2.8519 34.9490
2837.0000 2799.9785 2.8478 34.9489
2839.0000 2801.9392 2.8467 34.9488
2841.0000 2803.9004 2.8467 34.9488
2843.0000 2805.8613 2.8462 34.9487
2845.0000 2807.8220 2.8433 34.9484
2847.0000 2809.7830 2.8409 34.9482
2849.0000 2811.7437 2.8387 34.9480
2851.0000 2813.7046 2.8368 34.9477
2853.0000 2815.6653 2.8315 34.9472
2855.0000 2817.6265 2.8263 34.9468
2857.0000 2819.5872 2.8242 34.9466
2859.0000 2821.5476 2.8223 34.9463
2861.0000 2823.5088 2.8206 34.9463
2863.0000 2825.4692 2.8202 34.9462
2865.0000 2827.4299 2.8184 34.9460
2867.0000 2829.3906 2.8175 34.9460
2869.0000 2831.3516 2.8170 34.9459
2871.0000 2833.3123 2.8170 34.9459
2873.0000 2835.2727 2.8165 34.9459
2875.0000 2837.2334 2.8158 34.9458
2877.0000 2839.1941 2.8150 34.9457
2879.0000 2841.1543 2.8142 34.9456
2881.0000 2843.1150 2.8139 34.9455
2883.0000 2845.0757 2.8126 34.9454
2885.0000 2847.0361 2.8083 34.9450
2887.0000 2848.9968 2.8055 34.9448
2889.0000 2850.9573 2.8042 34.9446
2891.0000 2852.9180 2.8037 34.9445
2893.0000 2854.8779 2.8025 34.9445
2895.0000 2856.8384 2.7977 34.9440
2897.0000 2858.7991 2.7956 34.9437
2899.0000 2860.7595 2.7945 34.9437
2901.0000 2862.7197 2.7942 34.9436
2903.0000 2864.6802 2.7955 34.9436
2905.0000 2866.6406 2.7929 34.9435
2907.0000 2868.6008 2.7927 34.9434
2909.0000 2870.5613 2.7920 34.9434
2911.0000 2872.5217 2.7904 34.9433
2913.0000 2874.4819 2.7903 34.9433
2915.0000 2876.4421 2.7913 34.9431
2917.0000 2878.4026 2.7866 34.9427
2919.0000 2880.3625 2.7808 34.9421
2921.0000 2882.3228 2.7781 34.9420
2923.0000 2884.2832 2.7753 34.9417
2925.0000 2886.2437 2.7736 34.9416
2927.0000 2888.2034 2.7718 34.9414
2929.0000 2890.1636 2.7670 34.9409
2931.0000 2892.1235 2.7621 34.9406
2933.0000 2894.0842 2.7605 34.9402
2935.0000 2896.0439 2.7567 34.9400
2937.0000 2898.0042 2.7586 34.9401
2939.0000 2899.9641 2.7556 34.9399
2941.0000 2901.9241 2.7546 34.9398
2943.0000 2903.8840 2.7545 34.9399
2945.0000 2905.8442 2.7545 34.9398
2947.0000 2907.8042 2.7514 34.9394
2949.0000 2909.7642 2.7484 34.9391
2951.0000 2911.7239 2.7469 34.9390
2953.0000 2913.6843 2.7465 34.9390
2955.0000 2915.6438 2.7476 34.9390
2957.0000 2917.6038 2.7470 34.9390
2959.0000 2919.5637 2.7469 34.9391
2961.0000 2921.5237 2.7467 34.9389
2963.0000 2923.4834 2.7456 34.9389
2965.0000 2925.4434 2.7453 34.9388
2967.0000 2927.4031 2.7454 34.9386
2969.0000 2929.3628 2.7445 34.9387
2971.0000 2931.3225 2.7438 34.9387
2973.0000 2933.2825 2.7435 34.9387
2975.0000 2935.2419 2.7426 34.9386
2977.0000 2937.2019 2.7399 34.9383
2979.0000 2939.1614 2.7355 34.9376
2981.0000 2941.1213 2.7339 34.9377
2983.0000 2943.0806 2.7333 34.9375
2985.0000 2945.0405 2.7332 34.9376
2987.0000 2947.0002 2.7324 34.9375
2989.0000 2948.9597 2.7316 34.9375
2991.0000 2950.9194 2.7314 34.9374
2993.0000 2952.8789 2.7305 34.9372
2995.0000 2954.8389 2.7307 34.9371
2997.0000 2956.7979 2.7304 34.9371
2999.0000 2958.7578 2.7263 34.9368
3001.0000 2960.7173 2.7259 34.9368
3003.0000 2962.6765 2.7251 34.9366
3005.0000 2964.6360 2.7208 34.9362
3007.0000 2966.5957 2.7194 34.9362
3009.0000 2968.5552 2.7186 34.9359
3011.0000 2970.5144 2.7179 34.9359
3013.0000 2972.4741 2.7177 34.9359
3015.0000 2974.4333 2.7171 34.9358
3017.0000 2976.3926 2.7165 34.9358
3019.0000 2978.3518 2.7151 34.9356
3021.0000 2980.3115 2.7139 34.9355
3023.0000 2982.2710 2.7101 34.9351
3025.0000 2984.2297 2.7076 34.9349
3027.0000 2986.1892 2.7059 34.9347
3029.0000 2988.1484 2.7045 34.9345
3031.0000 2990.1077 2.7030 34.9345
3033.0000 2992.0669 2.7018 34.9343
3035.0000 2994.0261 2.7011 34.9343
3037.0000 2995.9854 2.7007 34.9342
3039.0000 2997.9443 2.6996 34.9340
3041.0000 2999.9038 2.6977 34.9339
3043.0000 3001.8628 2.6974 34.9339
3045.0000 3003.8220 2.6975 34.9339
3047.0000 3005.7812 2.6959 34.9336
3049.0000 3007.7402 2.6943 34.9335
3051.0000 3009.6990 2.6929 34.9334
3053.0000 3011.6582 2.6922 34.9333
3055.0000 3013.6172 2.6906 34.9332
3057.0000 3015.5764 2.6892 34.9331
3059.0000 3017.5352 2.6874 34.9328
3061.0000 3019.4944 2.6851 34.9327
3063.0000 3021.4534 2.6843 34.9326
3065.0000 3023.4121 2.6839 34.9325
3067.0000 3025.3711 2.6839 34.9325
3069.0000 3027.3301 2.6838 34.9324
3071.0000 3029.2893 2.6834 34.9324
3073.0000 3031.2478 2.6831 34.9323
3075.0000 3033.2068 2.6824 34.9323
3077.0000 3035.1658 2.6827 34.9323
3079.0000 3037.1243 2.6828 34.9324
3081.0000 3039.0833 2.6822 34.9323
3083.0000 3041.0422 2.6793 34.9318
3085.0000 3043.0007 2.6767 34.9317
3087.0000 3044.9595 2.6762 34.9315
3089.0000 3046.9182 2.6763 34.9316
3091.0000 3048.8772 2.6758 34.9316
3093.0000 3050.8357 2.6750 34.9314
3095.0000 3052.7942 2.6712 34.9309
3097.0000 3054.7529 2.6703 34.9308
3099.0000 3056.7119 2.6703 34.9308
3101.0000 3058.6702 2.6708 34.9308
3103.0000 3060.6289 2.6701 34.9309
3105.0000 3062.5876 2.6673 34.9306
3107.0000 3064.5459 2.6637 34.9303
3109.0000 3066.5046 2.6627 34.9301
3111.0000 3068.4634 2.6624 34.9301
3113.0000 3070.4214 2.6619 34.9300
3115.0000 3072.3804 2.6614 34.9299
3117.0000 3074.3386 2.6595 34.9298
3119.0000 3076.2971 2.6578 34.9296
3121.0000 3078.2556 2.6579 34.9297
3123.0000 3080.2139 2.6581 34.9296
3125.0000 3082.1724 2.6572 34.9295
3127.0000 3084.1309 2.6564 34.9294
3129.0000 3086.0891 2.6544 34.9292
3131.0000 3088.0476 2.6541 34.9291
3133.0000 3090.0061 2.6520 34.9289
3135.0000 3091.9641 2.6508 34.9289
3137.0000 3093.9226 2.6512 34.9290
3139.0000 3095.8809 2.6505 34.9289
3141.0000 3097.8394 2.6500 34.9287
3143.0000 3099.7974 2.6503 34.9286
3145.0000 3101.7559 2.6499 34.9285
3147.0000 3103.7141 2.6468 34.9283
3149.0000 3105.6721 2.6435 34.9280
3151.0000 3107.6304 2.6398 34.9277
3153.0000 3109.5889 2.6388 34.9276
3155.0000 3111.5464 2.6383 34.9275
3157.0000 3113.5049 2.6380 34.9275
3159.0000 3115.4629 2.6374 34.9274
3161.0000 3117.4209 2.6367 34.9273
3163.0000 3119.3792 2.6367 34.9272
3165.0000 3121.3372 2.6365 34.9273
3167.0000 3123.2952 2.6365 34.9273
3169.0000 3125.2529 2.6361 34.9272
3171.0000 3127.2112 2.6360 34.9272
3173.0000 3129.1694 2.6358 34.9271
3175.0000 3131.1270 2.6356 34.9270
3177.0000 3133.0852 2.6351 34.9270
3179.0000 3135.0432 2.6335 34.9267
3181.0000 3137.0010 2.6298 34.9265
3183.0000 3138.9587 2.6287 34.9264
3185.0000 3140.9170 2.6286 34.9263
3187.0000 3142.8750 2.6279 34.9263
3189.0000 3144.8323 2.6275 34.9262
3191.0000 3146.7903 2.6273 34.9261
3193.0000 3148.7483 2.6261 34.9261
3195.0000 3150.7061 2.6252 34.9259
3197.0000 3152.6638 2.6248 34.9259
3199.0000 3154.6216 2.6250 34.9259
3201.0000 3156.5796 2.6248 34.9258
3203.0000 3158.5369 2.6239 34.9257
3205.0000 3160.4949 2.6232 34.9256
3207.0000 3162.4526 2.6225 34.9256
3209.0000 3164.4106 2.6208 34.9254
3211.0000 3166.3677 2.6197 34.9253
3213.0000 3168.3254 2.6169 34.9249
3215.0000 3170.2832 2.6152 34.9248
3217.0000 3172.2407 2.6134 34.9245
3219.0000 3174.1982 2.6125 34.9245
3221.0000 3176.1560 2.6126 34.9246
3223.0000 3178.1138 2.6126 34.9245
3225.0000 3180.0710 2.6120 34.9244
3227.0000 3182.0283 2.6097 34.9242
3229.0000 3183.9861 2.6093 34.9242
3231.0000 3185.9436 2.6093 34.9242
3233.0000 3187.9011 2.6089 34.9241
3235.0000 3189.8584 2.6067 34.9238
3237.0000 3191.8157 2.6058 34.9237
3239.0000 3193.7732 2.6042 34.9236
3241.0000 3195.7307 2.6034 34.9234
3243.0000 3197.6880 2.6044 34.9235
3245.0000 3199.6453 2.6034 34.9235
3247.0000 3201.6028 2.6029 34.9234
3249.0000 3203.5603 2.6033 34.9236
3251.0000 3205.5171 2.6028 34.9235
3253.0000 3207.4746 2.6024 34.9235
3255.0000 3209.4321 2.6010 34.9232
3257.0000 3211.3894 2.6004 34.9232
3259.0000 3213.3464 2.6003 34.9232
3261.0000 3215.3035 2.5999 34.9231
3263.0000 3217.2610 2.5992 34.9230
3265.0000 3219.2178 2.5999 34.9229
3267.0000 3221.1753 2.5981 34.9229
3269.0000 3223.1326 2.5977 34.9228
3271.0000 3225.0896 2.5963 34.9227
3273.0000 3227.0464 2.5960 34.9227
3275.0000 3229.0039 2.5947 34.9225
3277.0000 3230.9609 2.5956 34.9224
3279.0000 3232.9180 2.5935 34.9224
3281.0000 3234.8750 2.5934 34.9224
3283.0000 3236.8320 2.5933 34.9223
3285.0000 3238.7891 2.5931 34.9224
3287.0000 3240.7458 2.5934 34.9223
3289.0000 3242.7031 2.5935 34.9223
3291.0000 3244.6599 2.5926 34.9222
3293.0000 3246.6167 2.5922 34.9221
3295.0000 3248.5737 2.5917 34.9220
3297.0000 3250.5308 2.5905 34.9218
3299.0000 3252.4875 2.5905 34.9220
3301.0000 3254.4443 2.5900 34.9218
3303.0000 3256.4014 2.5892 34.9217
3305.0000 3258.3584 2.5877 34.9216
3307.0000 3260.3149 2.5861 34.9214
3309.0000 3262.2720 2.5882 34.9214
3311.0000 3264.2288 2.5835 34.9211
3313.0000 3266.1853 2.5831 34.9210
3315.0000 3268.1418 2.5812 34.9208
3317.0000 3270.0989 2.5800 34.9207
3319.0000 3272.0557 2.5785 34.9205
3321.0000 3274.0122 2.5764 34.9203
3323.0000 3275.9690 2.5755 34.9203
3325.0000 3277.9255 2.5745 34.9202
3327.0000 3279.8821 2.5732 34.9200
3329.0000 3281.8389 2.5728 34.9200
3331.0000 3283.7957 2.5717 34.9199
3333.0000 3285.7522 2.5710 34.9198
3335.0000 3287.7087 2.5707 34.9197
3337.0000 3289.6650 2.5694 34.9196
3339.0000 3291.6218 2.5689 34.9195
3341.0000 3293.5781 2.5688 34.9194
3343.0000 3295.5347 2.5687 34.9194
3345.0000 3297.4915 2.5677 34.9194
3347.0000 3299.4480 2.5656 34.9191
3349.0000 3301.4043 2.5651 34.9190
3351.0000 3303.3606 2.5642 34.9190
3353.0000 3305.3171 2.5650 34.9189
3355.0000 3307.2732 2.5634 34.9189
3357.0000 3309.2297 2.5631 34.9189
3359.0000 3311.1863 2.5628 34.9188
3361.0000 3313.1428 2.5624 34.9188
3363.0000 3315.0989 2.5622 34.9186
3365.0000 3317.0554 2.5615 34.9186
3367.0000 3319.0115 2.5615 34.9187
3369.0000 3320.9675 2.5613 34.9185
3371.0000 3322.9241 2.5607 34.9184
3373.0000 3324.8804 2.5605 34.9185
3375.0000 3326.8364 2.5602 34.9184
3377.0000 3328.7927 2.5598 34.9183
3379.0000 3330.7490 2.5587 34.9181
3381.0000 3332.7053 2.5571 34.9180
3383.0000 3334.6611 2.5561 34.9180
3385.0000 3336.6174 2.5553 34.9179
3387.0000 3338.5735 2.5546 34.9177
3389.0000 3340.5293 2.5538 34.9177
3391.0000 3342.4856 2.5531 34.9176
3393.0000 3344.4417 2.5530 34.9175
3395.0000 3346.3979 2.5521 34.9173
3397.0000 3348.3540 2.5508 34.9172
3399.0000 3350.3098 2.5508 34.9173
3401.0000 3352.2661 2.5507 34.9172
3403.0000 3354.2217 2.5501 34.9172
3405.0000 3356.1775 2.5499 34.9171
3407.0000 3358.1338 2.5492 34.9170
3409.0000 3360.0896 2.5475 34.9169
3411.0000 3362.0452 2.5475 34.9169
3413.0000 3364.0015 2.5475 34.9169
3415.0000 3365.9575 2.5476 34.9168
3417.0000 3367.9128 2.5467 34.9167
3419.0000 3369.8691 2.5459 34.9166
3421.0000 3371.8252 2.5455 34.9166
3423.0000 3373.7810 2.5450 34.9165
3425.0000 3375.7366 2.5446 34.9164
3427.0000 3377.6924 2.5440 34.9163
3429.0000 3379.6479 2.5430 34.9163
3431.0000 3381.6033 2.5428 34.9162
3433.0000 3383.5593 2.5421 34.9163
3435.0000 3385.5151 2.5420 34.9162
3437.0000 3387.4707 2.5419 34.9161
3439.0000 3389.4265 2.5419 34.9161
3441.0000 3391.3821 2.5417 34.9160
3443.0000 3393.3379 2.5396 34.9157
3445.0000 3395.2935 2.5383 34.9158
3447.0000 3397.2488 2.5371 34.9156
3449.0000 3399.2046 2.5358 34.9154
3451.0000 3401.1602 2.5356 34.9155
3453.0000 3403.1157 2.5348 34.9153
3455.0000 3405.0715 2.5326 34.9150
3457.0000 3407.0271 2.5303 34.9149
3459.0000 3408.9822 2.5310 34.9149
3461.0000 3410.9380 2.5300 34.9148
3463.0000 3412.8933 2.5301 34.9148
3465.0000 3414.8486 2.5280 34.9145
3467.0000 3416.8040 2.5262 34.9144
3469.0000 3418.7595 2.5259 34.9143
3471.0000 3420.7148 2.5249 34.9142
3473.0000 3422.6699 2.5247 34.9142
3475.0000 3424.6255 2.5244 34.9142
3477.0000 3426.5808 2.5230 34.9139
3479.0000 3428.5361 2.5219 34.9139
3481.0000 3430.4915 2.5208 34.9137
3483.0000 3432.4470 2.5196 34.9136
3485.0000 3434.4021 2.5190 34.9135
3487.0000 3436.3572 2.5192 34.9135
3489.0000 3438.3125 2.5194 34.9135
3491.0000 3440.2676 2.5194 34.9134
3493.0000 3442.2227 2.5194 34.9134
3495.0000 3444.1782 2.5186 34.9134
3497.0000 3446.1333 2.5183 34.9134
3499.0000 3448.0884 2.5181 34.9133
3501.0000 3450.0432 2.5180 34.9132
3503.0000 3451.9988 2.5165 34.9131
3505.0000 3453.9539 2.5150 34.9129
3507.0000 3455.9084 2.5143 34.9127
3509.0000 3457.8640 2.5136 34.9127
3511.0000 3459.8191 2.5133 34.9127
3513.0000 3461.7737 2.5134 34.9128
3515.0000 3463.7288 2.5131 34.9127
3517.0000 3465.6838 2.5125 34.9125
3519.0000 3467.6387 2.5120 34.9125
3521.0000 3469.5940 2.5118 34.9124
3523.0000 3471.5488 2.5117 34.9124
3525.0000 3473.5034 2.5100 34.9123
3527.0000 3475.4583 2.5088 34.9120
3529.0000 3477.4133 2.5072 34.9120
3531.0000 3479.3684 2.5067 34.9119
3533.0000 3481.3232 2.5065 34.9119
3535.0000 3483.2781 2.5062 34.9118
3537.0000 3485.2327 2.5051 34.9117
3539.0000 3487.1877 2.5057 34.9116
3541.0000 3489.1423 2.5041 34.9115
3543.0000 3491.0969 2.5035 34.9114
3545.0000 3493.0520 2.5034 34.9115
3547.0000 3495.0071 2.5026 34.9113
3549.0000 3496.9612 2.5020 34.9113
3551.0000 3498.9163 2.5022 34.9113
3553.0000 3500.8708 2.5015 34.9111
3555.0000 3502.8252 2.4998 34.9109
3557.0000 3504.7803 2.4981 34.9107
3559.0000 3506.7349 2.4966 34.9107
3561.0000 3508.6892 2.4956 34.9106
3563.0000 3510.6438 2.4958 34.9106
3565.0000 3512.5984 2.4959 34.9106
3567.0000 3514.5530 2.4958 34.9106
3569.0000 3516.5073 2.4949 34.9104
3571.0000 3518.4619 2.4942 34.9103
3573.0000 3520.4165 2.4933 34.9102
3575.0000 3522.3708 2.4913 34.9100
3577.0000 3524.3254 2.4911 34.9100
3579.0000 3526.2800 2.4908 34.9100
3581.0000 3528.2341 2.4900 34.9098
3583.0000 3530.1885 2.4886 34.9095
3585.0000 3532.1431 2.4880 34.9097
3587.0000 3534.0977 2.4875 34.9096
3589.0000 3536.0520 2.4873 34.9096
3591.0000 3538.0061 2.4875 34.9096
3593.0000 3539.9607 2.4872 34.9094
3595.0000 3541.9150 2.4857 34.9093
3597.0000 3543.8691 2.4845 34.9092
3599.0000 3545.8235 2.4840 34.9091
3601.0000 3547.7776 2.4830 34.9091
3603.0000 3549.7319 2.4826 34.9090
3605.0000 3551.6860 2.4832 34.9089
3607.0000 3553.6401 2.4821 34.9089
3609.0000 3555.5945 2.4819 34.9088
3611.0000 3557.5486 2.4818 34.9088
3613.0000 3559.5029 2.4813 34.9087
3615.0000 3561.4570 2.4807 34.9087
3617.0000 3563.4109 2.4792 34.9084
3619.0000 3565.3652 2.4781 34.9083
3621.0000 3567.3193 2.4773 34.9083
3623.0000 3569.2734 2.4773 34.9083
3625.0000 3571.2273 2.4773 34.9083
3627.0000 3573.1816 2.4772 34.9083
3629.0000 3575.1353 2.4758 34.9081
3631.0000 3577.0896 2.4745 34.9079
3633.0000 3579.0435 2.4734 34.9078
3635.0000 3580.9976 2.4736 34.9078
3637.0000 3582.9514 2.4737 34.9078
3639.0000 3584.9053 2.4733 34.9077
3641.0000 3586.8594 2.4732 34.9077
3643.0000 3588.8132 2.4729 34.9077
3645.0000 3590.7666 2.4726 34.9077
3647.0000 3592.7207 2.4725 34.9076
3649.0000 3594.6750 2.4716 34.9075
3651.0000 3596.6284 2.4713 34.9075
3653.0000 3598.5823 2.4703 34.9074
3655.0000 3600.5359 2.4701 34.9073
3657.0000 3602.4902 2.4701 34.9073
3659.0000 3604.4436 2.4702 34.9073
3661.0000 3606.3975 2.4704 34.9072
3663.0000 3608.3511 2.4704 34.9073
3665.0000 3610.3044 2.4701 34.9073
3667.0000 3612.2583 2.4697 34.9072
3669.0000 3614.2122 2.4696 34.9070
3671.0000 3616.1658 2.4688 34.9070
3673.0000 3618.1194 2.4684 34.9069
3675.0000 3620.0730 2.4678 34.9068
3677.0000 3622.0269 2.4666 34.9067
3679.0000 3623.9802 2.4660 34.9065
3681.0000 3625.9336 2.4639 34.9064
3683.0000 3627.8875 2.4638 34.9064
3685.0000 3629.8408 2.4640 34.9064
3687.0000 3631.7942 2.4641 34.9063
3689.0000 3633.7476 2.4636 34.9064
3691.0000 3635.7017 2.4642 34.9061
3693.0000 3637.6548 2.4627 34.9061
3695.0000 3639.6082 2.4616 34.9061
3697.0000 3641.5618 2.4612 34.9060
3699.0000 3643.5149 2.4608 34.9059
3701.0000 3645.4683 2.4607 34.9060
3703.0000 3647.4221 2.4600 34.9058
3705.0000 3649.3755 2.4590 34.9057
3707.0000 3651.3284 2.4588 34.9057
3709.0000 3653.2817 2.4592 34.9056
3711.0000 3655.2351 2.4591 34.9056
3713.0000 3657.1880 2.4589 34.9056
3715.0000 3659.1418 2.4585 34.9056
3717.0000 3661.0952 2.4582 34.9055
3719.0000 3663.0481 2.4584 34.9055
3721.0000 3665.0012 2.4580 34.9053
3723.0000 3666.9546 2.4575 34.9053
3725.0000 3668.9080 2.4575 34.9053
3727.0000 3670.8608 2.4575 34.9053
3729.0000 3672.8142 2.4570 34.9052
3731.0000 3674.7671 2.4560 34.9051
3733.0000 3676.7205 2.4560 34.9051
3735.0000 3678.6736 2.4555 34.9050
3737.0000 3680.6265 2.4550 34.9050
3739.0000 3682.5798 2.4544 34.9048
3741.0000 3684.5325 2.4543 34.9048
3743.0000 3686.4854 2.4540 34.9048
3745.0000 3688.4387 2.4527 34.9045
3747.0000 3690.3921 2.4523 34.9046
3749.0000 3692.3447 2.4517 34.9046
3751.0000 3694.2976 2.4512 34.9044
3753.0000 3696.2505 2.4507 34.9043
3755.0000 3698.2036 2.4501 34.9043
3757.0000 3700.1565 2.4486 34.9042
3759.0000 3702.1094 2.4484 34.9041
3761.0000 3704.0620 2.4486 34.9041
3763.0000 3706.0149 2.4485 34.9042
3765.0000 3707.9678 2.4481 34.9040
3767.0000 3709.9209 2.4468 34.9039
3769.0000 3711.8733 2.4467 34.9039
3771.0000 3713.8259 2.4460 34.9037
3773.0000 3715.7793 2.4459 34.9037
3775.0000 3717.7314 2.4454 34.9037
3777.0000 3719.6843 2.4446 34.9036
3779.0000 3721.6370 2.4440 34.9035
3781.0000 3723.5901 2.4440 34.9035
3783.0000 3725.5425 2.4442 34.9035
3785.0000 3727.4954 2.4445 34.9035
3787.0000 3729.4478 2.4446 34.9035
3789.0000 3731.4004 2.4447 34.9034
3791.0000 3733.3530 2.4446 34.9034
3793.0000 3735.3059 2.4446 34.9035
3795.0000 3737.2583 2.4443 34.9033
3797.0000 3739.2109 2.4433 34.9032
3799.0000 3741.1636 2.4432 34.9033
3801.0000 3743.1160 2.4433 34.9032
3803.0000 3745.0681 2.4437 34.9031
3805.0000 3747.0210 2.4438 34.9032
3807.0000 3748.9736 2.4435 34.9031
3809.0000 3750.9260 2.4426 34.9031
3811.0000 3752.8779 2.4417 34.9029
3813.0000 3754.8308 2.4402 34.9027
3815.0000 3756.7832 2.4392 34.9026
3817.0000 3758.7351 2.4388 34.9025
3819.0000 3760.6875 2.4387 34.9025
3821.0000 3762.6406 2.4384 34.9025
3823.0000 3764.5923 2.4382 34.9025
3825.0000 3766.5447 2.4381 34.9025
3827.0000 3768.4973 2.4380 34.9023
3829.0000 3770.4497 2.4374 34.9023
3831.0000 3772.4016 2.4354 34.9021
3833.0000 3774.3538 2.4334 34.9019
3835.0000 3776.3062 2.4326 34.9017
3837.0000 3778.2583 2.4324 34.9017
3839.0000 3780.2104 2.4320 34.9017
3841.0000 3782.1628 2.4320 34.9017
3843.0000 3784.1150 2.4319 34.9016
3845.0000 3786.0669 2.4314 34.9016
3847.0000 3788.0188 2.4308 34.9015
3849.0000 3789.9714 2.4315 34.9015
3851.0000 3791.9231 2.4306 34.9014
3853.0000 3793.8752 2.4306 34.9014
3855.0000 3795.8276 2.4307 34.9014
3857.0000 3797.7798 2.4298 34.9012
3859.0000 3799.7317 2.4292 34.9011
3861.0000 3801.6836 2.4291 34.9011
3863.0000 3803.6357 2.4288 34.9011
3865.0000 3805.5874 2.4280 34.9010
3867.0000 3807.5396 2.4272 34.9009
3869.0000 3809.4917 2.4267 34.9009
3871.0000 3811.4434 2.4268 34.9008
3873.0000 3813.3950 2.4268 34.9008
3875.0000 3815.3472 2.4264 34.9007
3877.0000 3817.2993 2.4258 34.9007
3879.0000 3819.2507 2.4256 34.9006
3881.0000 3821.2026 2.4257 34.9006
3883.0000 3823.1545 2.4232 34.9002
3885.0000 3825.1064 2.4222 34.9002
3887.0000 3827.0583 2.4215 34.9002
3889.0000 3829.0100 2.4201 34.9000
3891.0000 3830.9617 2.4202 34.9000
3893.0000 3832.9133 2.4202 34.8999
3895.0000 3834.8650 2.4198 34.9000
3897.0000 3836.8167 2.4197 34.8999
3899.0000 3838.7686 2.4198 34.8999
3901.0000 3840.7202 2.4198 34.8998
3903.0000 3842.6719 2.4197 34.8998
3905.0000 3844.6235 2.4199 34.8998
3907.0000 3846.5747 2.4200 34.8999
3909.0000 3848.5264 2.4201 34.8999
3911.0000 3850.4785 2.4201 34.8998
3913.0000 3852.4294 2.4202 34.8997
3915.0000 3854.3816 2.4205 34.8998
3917.0000 3856.3328 2.4206 34.8998
3919.0000 3858.2844 2.4198 34.8996
3921.0000 3860.2358 2.4189 34.8995
3923.0000 3862.1875 2.4188 34.8995
3925.0000 3864.1387 2.4188 34.8994
3927.0000 3866.0901 2.4183 34.8993
3929.0000 3868.0417 2.4178 34.8992
3931.0000 3869.9929 2.4175 34.8993
3933.0000 3871.9446 2.4175 34.8993
3935.0000 3873.8955 2.4172 34.8992
3937.0000 3875.8472 2.4177 34.8991
3939.0000 3877.7986 2.4177 34.8992
3941.0000 3879.7495 2.4179 34.8992
3943.0000 3881.7012 2.4181 34.8992
3945.0000 3883.6523 2.4182 34.8991
3947.0000 3885.6038 2.4181 34.8992
3949.0000 3887.5549 2.4177 34.8991
3951.0000 3889.5061 2.4178 34.8990
3953.0000 3891.4575 2.4171 34.8990
3955.0000 3893.4084 2.4162 34.8989
3957.0000 3895.3596 2.4159 34.8988
3959.0000 3897.3108 2.4156 34.8987
3961.0000 3899.2617 2.4159 34.8988
3963.0000 3901.2134 2.4149 34.8985
3965.0000 3903.1643 2.4149 34.8986
3967.0000 3905.1155 2.4149 34.8985
3969.0000 3907.0664 2.4149 34.8985
3971.0000 3909.0173 2.4151 34.8986
3973.0000 3910.9690 2.4149 34.8985
3975.0000 3912.9194 2.4148 34.8986
3977.0000 3914.8704 2.4147 34.8985
3979.0000 3916.8215 2.4148 34.8985
3981.0000 3918.7727 2.4149 34.8984
3983.0000 3920.7236 2.4151 34.8985
3985.0000 3922.6746 2.4152 34.8985
3987.0000 3924.6255 2.4152 34.8984
3989.0000 3926.5762 2.4149 34.8984
3991.0000 3928.5271 2.4148 34.8983
3993.0000 3930.4783 2.4150 34.8984
3995.0000 3932.4292 2.4148 34.8983
3997.0000 3934.3796 2.4141 34.8982
3999.0000 3936.3306 2.4135 34.8980
4001.0000 3938.2812 2.4127 34.8979
4003.0000 3940.2322 2.4109 34.8977
4005.0000 3942.1826 2.4106 34.8979
4007.0000 3944.1340 2.4104 34.8978
4009.0000 3946.0845 2.4104 34.8977
4011.0000 3948.0352 2.4106 34.8978
4013.0000 3949.9856 2.4106 34.8977
4015.0000 3951.9365 2.4106 34.8977
4017.0000 3953.8870 2.4106 34.8977
4019.0000 3955.8379 2.4106 34.8976
4021.0000 3957.7886 2.4106 34.8976
4023.0000 3959.7388 2.4108 34.8977
4025.0000 3961.6895 2.4105 34.8976
4027.0000 3963.6404 2.4103 34.8976
4029.0000 3965.5913 2.4099 34.8975
4031.0000 3967.5413 2.4094 34.8973
4033.0000 3969.4922 2.4085 34.8971
4035.0000 3971.4426 2.4076 34.8971
4037.0000 3973.3926 2.4063 34.8970
4039.0000 3975.3435 2.4054 34.8968
4041.0000 3977.2939 2.4050 34.8968
4043.0000 3979.2446 2.4040 34.8966
4045.0000 3981.1943 2.4034 34.8966
4047.0000 3983.1453 2.4033 34.8966
4049.0000 3985.0957 2.4025 34.8965
4051.0000 3987.0461 2.4022 34.8965
4053.0000 3988.9961 2.4023 34.8965
4055.0000 3990.9468 2.4025 34.8965
4057.0000 3992.8970 2.4027 34.8964
4059.0000 3994.8474 2.4024 34.8964
4061.0000 3996.7974 2.4012 34.8963
4063.0000 3998.7483 2.4007 34.8962
4065.0000 4000.6978 2.4007 34.8962
4067.0000 4002.6482 2.4009 34.8962
4069.0000 4004.5986 2.4011 34.8963
4071.0000 4006.5491 2.4010 34.8962
4073.0000 4008.4988 2.4010 34.8961
4075.0000 4010.4492 2.4013 34.8961
4077.0000 4012.3992 2.4013 34.8961
4079.0000 4014.3496 2.4015 34.8962
4081.0000 4016.2996 2.4017 34.8962
4083.0000 4018.2500 2.4015 34.8961
4085.0000 4020.1997 2.4016 34.8961
4087.0000 4022.1497 2.4014 34.8961
4089.0000 4024.0996 2.4014 34.8960
4091.0000 4026.0500 2.4017 34.8961
4093.0000 4027.9998 2.4019 34.8961
4095.0000 4029.9502 2.4018 34.8960
4097.0000 4031.8997 2.4016 34.8959
4099.0000 4033.8499 2.4017 34.8958
4101.0000 4035.7998 2.4012 34.8959
4103.0000 4037.7498 2.4011 34.8957
4105.0000 4039.6997 2.4006 34.8958
4107.0000 4041.6494 2.4008 34.8958
4109.0000 4043.5994 2.4010 34.8957
4111.0000 4045.5493 2.4006 34.8956
4113.0000 4047.4985 2.3996 34.8955
4115.0000 4049.4490 2.3995 34.8955
4117.0000 4051.3987 2.3997 34.8955
4119.0000 4053.3486 2.3998 34.8955
4121.0000 4055.2979 2.3998 34.8955
4123.0000 4057.2483 2.4000 34.8955
4125.0000 4059.1978 2.4002 34.8955
4127.0000 4061.1475 2.4003 34.8955
4129.0000 4063.0974 2.4001 34.8954
4131.0000 4065.0471 2.4003 34.8954
4133.0000 4066.9971 2.4006 34.8955
4135.0000 4068.9463 2.4007 34.8953
4137.0000 4070.8958 2.4008 34.8954
4139.0000 4072.8455 2.4001 34.8953
4141.0000 4074.7949 2.3991 34.8951
4143.0000 4076.7446 2.3985 34.8949
4145.0000 4078.6941 2.3982 34.8950
4147.0000 4080.6433 2.3986 34.8950
4149.0000 4082.5935 2.3988 34.8951
4151.0000 4084.5430 2.3986 34.8950
4153.0000 4086.4927 2.3985 34.8949
4155.0000 4088.4417 2.3983 34.8949
4157.0000 4090.3914 2.3983 34.8949
4159.0000 4092.3408 2.3977 34.8949
4161.0000 4094.2898 2.3970 34.8947
4163.0000 4096.2397 2.3968 34.8947
4165.0000 4098.1895 2.3965 34.8946
4167.0000 4100.1387 2.3960 34.8946
4169.0000 4102.0879 2.3956 34.8945
4171.0000 4104.0366 2.3954 34.8945
4173.0000 4105.9863 2.3953 34.8944
4175.0000 4107.9351 2.3947 34.8944
4177.0000 4109.8848 2.3941 34.8942
4179.0000 4111.8345 2.3939 34.8943
4181.0000 4113.7837 2.3938 34.8942
4183.0000 4115.7329 2.3940 34.8941
4185.0000 4117.6821 2.3935 34.8941
4187.0000 4119.6313 2.3939 34.8941
4189.0000 4121.5801 2.3943 34.8941
4191.0000 4123.5293 2.3940 34.8941
4193.0000 4125.4790 2.3935 34.8941
4195.0000 4127.4282 2.3936 34.8941
4197.0000 4129.3770 2.3938 34.8941
4199.0000 4131.3262 2.3939 34.8940
4201.0000 4133.2754 2.3939 34.8939
4203.0000 4135.2246 2.3936 34.8939
4205.0000 4137.1733 2.3921 34.8937
4207.0000 4139.1226 2.3915 34.8937
4209.0000 4141.0718 2.3918 34.8936
4211.0000 4143.0205 2.3918 34.8936
4213.0000 4144.9697 2.3919 34.8937
4215.0000 4146.9185 2.3918 34.8937
4217.0000 4148.8672 2.3916 34.8936
4219.0000 4150.8164 2.3914 34.8936
4221.0000 4152.7651 2.3911 34.8934
4223.0000 4154.7139 2.3904 34.8933
4225.0000 4156.6631 2.3903 34.8934
4227.0000 4158.6118 2.3907 34.8935
4229.0000 4160.5610 2.3908 34.8934
4231.0000 4162.5093 2.3909 34.8933
4233.0000 4164.4585 2.3907 34.8933
4235.0000 4166.4072 2.3906 34.8933
4237.0000 4168.3560 2.3894 34.8930
4239.0000 4170.3047 2.3884 34.8930
4241.0000 4172.2534 2.3887 34.8930
4243.0000 4174.2026 2.3888 34.8930
4245.0000 4176.1509 2.3890 34.8929
4247.0000 4178.0996 2.3894 34.8930
4249.0000 4180.0483 2.3897 34.8931
4251.0000 4181.9971 2.3900 34.8930
4253.0000 4183.9453 2.3902 34.8930
4255.0000 4185.8940 2.3905 34.8930
4257.0000 4187.8433 2.3907 34.8930
4259.0000 4189.7915 2.3911 34.8930
4261.0000 4191.7402 2.3914 34.8930
4263.0000 4193.6890 2.3902 34.8928
4265.0000 4195.6367 2.3903 34.8930
4267.0000 4197.5859 2.3901 34.8928
4269.0000 4199.5347 2.3892 34.8926
4271.0000 4201.4829 2.3883 34.8926
4273.0000 4203.4312 2.3876 34.8925
4275.0000 4205.3799 2.3874 34.8924
4277.0000 4207.3281 2.3867 34.8923
4279.0000 4209.2764 2.3875 34.8925
4281.0000 4211.2251 2.3873 34.8924
4283.0000 4213.1733 2.3869 34.8923
4285.0000 4215.1216 2.3871 34.8923
4287.0000 4217.0698 2.3872 34.8923
4289.0000 4219.0186 2.3868 34.8922
4291.0000 4220.9668 2.3868 34.8922
4293.0000 4222.9150 2.3868 34.8922
4295.0000 4224.8628 2.3868 34.8921
4297.0000 4226.8115 2.3863 34.8921
4299.0000 4228.7598 2.3861 34.8920
4301.0000 4230.7080 2.3859 34.8919
4303.0000 4232.6562 2.3856 34.8919
4305.0000 4234.6045 2.3857 34.8919
4307.0000 4236.5527 2.3860 34.8920
4309.0000 4238.5010 2.3862 34.8919
4311.0000 4240.4492 2.3863 34.8919
4313.0000 4242.3970 2.3866 34.8920
4315.0000 4244.3452 2.3868 34.8919
4317.0000 4246.2935 2.3869 34.8920
4319.0000 4248.2417 2.3871 34.8919
4321.0000 4250.1895 2.3870 34.8919
4323.0000 4252.1377 2.3869 34.8919
4325.0000 4254.0859 2.3868 34.8919
4327.0000 4256.0332 2.3863 34.8917
4329.0000 4257.9819 2.3862 34.8917
4331.0000 4259.9297 2.3857 34.8915
4333.0000 4261.8779 2.3851 34.8916
4335.0000 4263.8252 2.3854 34.8915
4337.0000 4265.7734 2.3858 34.8915
4339.0000 4267.7217 2.3850 34.8914
4341.0000 4269.6689 2.3851 34.8914
4343.0000 4271.6172 2.3849 34.8913
4345.0000 4273.5649 2.3848 34.8913
4347.0000 4275.5127 2.3846 34.8913
4349.0000 4277.4604 2.3847 34.8913
4351.0000 4279.4087 2.3846 34.8913
4353.0000 4281.3564 2.3849 34.8912
4355.0000 4283.3042 2.3851 34.8913
4357.0000 4285.2515 2.3851 34.8912
4359.0000 4287.1997 2.3849 34.8911
4361.0000 4289.1475 2.3851 34.8911
4363.0000 4291.0947 2.3853 34.8912
4365.0000 4293.0430 2.3850 34.8912
4367.0000 4294.9907 2.3841 34.8909
4369.0000 4296.9385 2.3837 34.8909
4371.0000 4298.8853 2.3838 34.8909
4373.0000 4300.8335 2.3840 34.8910
4375.0000 4302.7808 2.3842 34.8909
4377.0000 4304.7285 2.3840 34.8908
4379.0000 4306.6763 2.3839 34.8908
4381.0000 4308.6235 2.3837 34.8908
4383.0000 4310.5713 2.3833 34.8907
4385.0000 4312.5190 2.3832 34.8906
4387.0000 4314.4668 2.3832 34.8907
4389.0000 4316.4136 2.3833 34.8906
4391.0000 4318.3613 2.3836 34.8906
4393.0000 4320.3091 2.3837 34.8907
4395.0000 4322.2563 2.3840 34.8907
4397.0000 4324.2031 2.3842 34.8907
4399.0000 4326.1509 2.3845 34.8906
4401.0000 4328.0986 2.3846 34.8907
4403.0000 4330.0459 2.3847 34.8906
4405.0000 4331.9927 2.3843 34.8905
4407.0000 4333.9404 2.3838 34.8904
4409.0000 4335.8877 2.3834 34.8903
4411.0000 4337.8354 2.3829 34.8903
4413.0000 4339.7827 2.3826 34.8903
4415.0000 4341.7300 2.3824 34.8901
4417.0000 4343.6768 2.3826 34.8902
4419.0000 4345.6240 2.3828 34.8903
4421.0000 4347.5713 2.3832 34.8902
4423.0000 4349.5186 2.3839 34.8903
4425.0000 4351.4658 2.3842 34.8903
4427.0000 4353.4131 2.3836 34.8902
4429.0000 4355.3604 2.3830 34.8901
4431.0000 4357.3071 2.3835 34.8902
4433.0000 4359.2549 2.3835 34.8901
4435.0000 4361.2012 2.3836 34.8900
4437.0000 4363.1484 2.3833 34.8901
4439.0000 4365.0957 2.3834 34.8901
4441.0000 4367.0430 2.3834 34.8899
4443.0000 4368.9902 2.3830 34.8899
4445.0000 4370.9365 2.3829 34.8899
4447.0000 4372.8838 2.3831 34.8898
4449.0000 4374.8311 2.3833 34.8899
4451.0000 4376.7773 2.3837 34.8898
4453.0000 4378.7246 2.3838 34.8899
4455.0000 4380.6714 2.3838 34.8898
4457.0000 4382.6182 2.3842 34.8898
4459.0000 4384.5649 2.3844 34.8898
4461.0000 4386.5122 2.3847 34.8899
4463.0000 4388.4590 2.3853 34.8898
4465.0000 4390.4058 2.3856 34.8900
4467.0000 4392.3525 2.3861 34.8899
4469.0000 4394.2993 2.3865 34.8899
4471.0000 4396.2466 2.3870 34.8899
4473.0000 4398.1934 2.3872 34.8900
4475.0000 4400.1396 2.3874 34.8899
4477.0000 4402.0869 2.3876 34.8900
4479.0000 4404.0332 2.3879 34.8900
4481.0000 4405.9800 2.3882 34.8900
4483.0000 4407.9268 2.3883 34.8899
4485.0000 4409.8730 2.3885 34.8899
4487.0000 4411.8203 2.3889 34.8899
4489.0000 4413.7671 2.3892 34.8899
4491.0000 4415.7134 2.3893 34.8900
4493.0000 4417.6597 2.3894 34.8899
4495.0000 4419.6064 2.3894 34.8899
4497.0000 4421.5532 2.3893 34.8899
4499.0000 4423.4995 2.3895 34.8898
4501.0000 4425.4463 2.3895 34.8897
4503.0000 4427.3931 2.3892 34.8898
4505.0000 4429.3394 2.3884 34.8896
4507.0000 4431.2856 2.3883 34.8896
4509.0000 4433.2319 2.3885 34.8895
4511.0000 4435.1787 2.3880 34.8895
4513.0000 4437.1250 2.3872 34.8894
4515.0000 4439.0718 2.3870 34.8893
4517.0000 4441.0181 2.3863 34.8892
4519.0000 4442.9648 2.3859 34.8892
4521.0000 4444.9102 2.3857 34.8891
4523.0000 4446.8569 2.3857 34.8891
4525.0000 4448.8037 2.3854 34.8891
4527.0000 4450.7495 2.3854 34.8890
4529.0000 4452.6963 2.3855 34.8890
4531.0000 4454.6426 2.3851 34.8890
4533.0000 4456.5889 2.3848 34.8889
4535.0000 4458.5347 2.3848 34.8889
4537.0000 4460.4810 2.3848 34.8889
4539.0000 4462.4272 2.3849 34.8889
4541.0000 4464.3730 2.3848 34.8888
4543.0000 4466.3198 2.3850 34.8888
4545.0000 4468.2661 2.3851 34.8888
4547.0000 4470.2119 2.3850 34.8889
4549.0000 4472.1582 2.3851 34.8888
4551.0000 4474.1045 2.3855 34.8886
4553.0000 4476.0508 2.3850 34.8887
4555.0000 4477.9966 2.3845 34.8887
4557.0000 4479.9424 2.3840 34.8886
4559.0000 4481.8882 2.3839 34.8885
4561.0000 4483.8340 2.3831 34.8884
4563.0000 4485.7803 2.3823 34.8882
4565.0000 4487.7266 2.3821 34.8882
4567.0000 4489.6729 2.3820 34.8882
4569.0000 4491.6187 2.3821 34.8882
4571.0000 4493.5645 2.3816 34.8881
4573.0000 4495.5107 2.3814 34.8881
4575.0000 4497.4565 2.3810 34.8880
4577.0000 4499.4023 2.3809 34.8880
4579.0000 4501.3486 2.3811 34.8879
4581.0000 4503.2939 2.3814 34.8880
4583.0000 4505.2397 2.3816 34.8880
4585.0000 4507.1855 2.3819 34.8880
4587.0000 4509.1313 2.3823 34.8880
4589.0000 4511.0771 2.3822 34.8880
4591.0000 4513.0229 2.3824 34.8881
4593.0000 4514.9688 2.3826 34.8880
4595.0000 4516.9146 2.3827 34.8880
4597.0000 4518.8604 2.3829 34.8879
4599.0000 4520.8062 2.3832 34.8879
4601.0000 4522.7520 2.3834 34.8879
4603.0000 4524.6973 2.3834 34.8879
4605.0000 4526.6431 2.3832 34.8879
4607.0000 4528.5889 2.3832 34.8878
4609.0000 4530.5347 2.3833 34.8878
4611.0000 4532.4805 2.3835 34.8878
4613.0000 4534.4258 2.3836 34.8877
4615.0000 4536.3711 2.3836 34.8877
4617.0000 4538.3164 2.3838 34.8878
4619.0000 4540.2622 2.3841 34.8878
4621.0000 4542.2075 2.3835 34.8877
4623.0000 4544.1528 2.3831 34.8877
4625.0000 4546.0986 2.3833 34.8875
4627.0000 4548.0444 2.3836 34.8874
4629.0000 4549.9897 2.3839 34.8876
4631.0000 4551.9351 2.3844 34.8875
4633.0000 4553.8804 2.3845 34.8876
4635.0000 4555.8262 2.3846 34.8876
4637.0000 4557.7710 2.3845 34.8875
4639.0000 4559.7168 2.3842 34.8874
4641.0000 4561.6626 2.3843 34.8875
4643.0000 4563.6079 2.3845 34.8874
4645.0000 4565.5527 2.3844 34.8875
4647.0000 4567.4980 2.3846 34.8874
4649.0000 4569.4434 2.3849 34.8874
4651.0000 4571.3887 2.3850 34.8874
4653.0000 4573.3340 2.3855 34.8875
4655.0000 4575.2793 2.3858 34.8875
4657.0000 4577.2246 2.3860 34.8874
4659.0000 4579.1699 2.3859 34.8874
4661.0000 4581.1152 2.3862 34.8875
4663.0000 4583.0601 2.3865 34.8873
4665.0000 4585.0049 2.3867 34.8874
4667.0000 4586.9502 2.3863 34.8873
4669.0000 4588.8955 2.3861 34.8872
4671.0000 4590.8403 2.3861 34.8872
4673.0000 4592.7856 2.3857 34.8872
4675.0000 4594.7310 2.3858 34.8871
4677.0000 4596.6763 2.3859 34.8871
4679.0000 4598.6206 2.3857 34.8871
4681.0000 4600.5659 2.3856 34.8871
4683.0000 4602.5112 2.3856 34.8871
4685.0000 4604.4556 2.3854 34.8869
4687.0000 4606.4004 2.3854 34.8871
4689.0000 4608.3457 2.3857 34.8870
4691.0000 4610.2910 2.3854 34.8869
4693.0000 4612.2354 2.3856 34.8869
4695.0000 4614.1807 2.3858 34.8869
4697.0000 4616.1255 2.3858 34.8868
4699.0000 4618.0698 2.3857 34.8869
4701.0000 4620.0151 2.3858 34.8868
4703.0000 4621.9600 2.3856 34.8867
4705.0000 4623.9048 2.3857 34.8868
4707.0000 4625.8496 2.3861 34.8868
4709.0000 4627.7944 2.3861 34.8867
4711.0000 4629.7393 2.3863 34.8867
4713.0000 4631.6836 2.3865 34.8868
4715.0000 4633.6284 2.3865 34.8867
4717.0000 4635.5732 2.3866 34.8867
4719.0000 4637.5186 2.3867 34.8866
4721.0000 4639.4629 2.3859 34.8865
4723.0000 4641.4077 2.3852 34.8864
4725.0000 4643.3525 2.3851 34.8864
4727.0000 4645.2964 2.3849 34.8864
4729.0000 4647.2417 2.3851 34.8864
4731.0000 4649.1860 2.3849 34.8863
4733.0000 4651.1309 2.3845 34.8862
4735.0000 4653.0752 2.3848 34.8861
4737.0000 4655.0195 2.3844 34.8861
4739.0000 4656.9644 2.3844 34.8862
4741.0000 4658.9082 2.3845 34.8862
4743.0000 4660.8530 2.3848 34.8862
4745.0000 4662.7974 2.3851 34.8862
4747.0000 4664.7417 2.3851 34.8861
4749.0000 4666.6860 2.3850 34.8861
4751.0000 4668.6309 2.3851 34.8860
4753.0000 4670.5757 2.3848 34.8859
4755.0000 4672.5200 2.3844 34.8859
4757.0000 4674.4644 2.3845 34.8860
4759.0000 4676.4092 2.3844 34.8859
4761.0000 4678.3525 2.3841 34.8858
4763.0000 4680.2974 2.3840 34.8858
4765.0000 4682.2417 2.3842 34.8858
4767.0000 4684.1860 2.3844 34.8858
4769.0000 4686.1299 2.3847 34.8858
4771.0000 4688.0742 2.3848 34.8857
4773.0000 4690.0186 2.3848 34.8857
4775.0000 4691.9624 2.3851 34.8857
4777.0000 4693.9072 2.3850 34.8857
4779.0000 4695.8516 2.3842 34.8856
4781.0000 4697.7959 2.3845 34.8856
4783.0000 4699.7397 2.3847 34.8855
4785.0000 4701.6841 2.3848 34.8856
4787.0000 4703.6279 2.3849 34.8855
4789.0000 4705.5718 2.3850 34.8855
4791.0000 4707.5161 2.3853 34.8855
4793.0000 4709.4600 2.3855 34.8855
4795.0000 4711.4043 2.3859 34.8855
4797.0000 4713.3486 2.3861 34.8855
4799.0000 4715.2930 2.3860 34.8855
4801.0000 4717.2363 2.3857 34.8854
4803.0000 4719.1802 2.3858 34.8854
4805.0000 4721.1245 2.3859 34.8854
4807.0000 4723.0684 2.3861 34.8854
4809.0000 4725.0122 2.3863 34.8853
4811.0000 4726.9561 2.3864 34.8852
4813.0000 4728.8999 2.3866 34.8853
4815.0000 4730.8447 2.3868 34.8854
4817.0000 4732.7881 2.3871 34.8853
4819.0000 4734.7319 2.3873 34.8854
4821.0000 4736.6758 2.3874 34.8853
4823.0000 4738.6196 2.3876 34.8853
4825.0000 4740.5630 2.3875 34.8852
4827.0000 4742.5068 2.3874 34.8852
4829.0000 4744.4517 2.3874 34.8851
4831.0000 4746.3945 2.3874 34.8852
4833.0000 4748.3384 2.3877 34.8852
4835.0000 4750.2822 2.3878 34.8852
4837.0000 4752.2256 2.3880 34.8851
4839.0000 4754.1694 2.3882 34.8852
4841.0000 4756.1133 2.3885 34.8851
4843.0000 4758.0576 2.3888 34.8853
4845.0000 4760.0005 2.3890 34.8852
4847.0000 4761.9443 2.3891 34.8852
4849.0000 4763.8882 2.3892 34.8851
4851.0000 4765.8311 2.3894 34.8850
4853.0000 4767.7749 2.3896 34.8851
4855.0000 4769.7183 2.3899 34.8851
4857.0000 4771.6626 2.3898 34.8850
4859.0000 4773.6060 2.3901 34.8850
4861.0000 4775.5493 2.3897 34.8851
4863.0000 4777.4927 2.3895 34.8850
4865.0000 4779.4355 2.3900 34.8847
4867.0000 4781.3794 2.3896 34.8849
4869.0000 4783.3232 2.3900 34.8849
4871.0000 4785.2661 2.3898 34.8848
4873.0000 4787.2095 2.3901 34.8849
4875.0000 4789.1533 2.3902 34.8849
4877.0000 4791.0967 2.3904 34.8849
4879.0000 4793.0400 2.3905 34.8848
4881.0000 4794.9834 2.3908 34.8849
4883.0000 4796.9268 2.3911 34.8849
4885.0000 4798.8696 2.3914 34.8848
4887.0000 4800.8130 2.3914 34.8848
4889.0000 4802.7563 2.3915 34.8849
4891.0000 4804.7002 2.3918 34.8848
4893.0000 4806.6431 2.3921 34.8849
4895.0000 4808.5864 2.3924 34.8848
4897.0000 4810.5298 2.3927 34.8848
4899.0000 4812.4722 2.3928 34.8848
4901.0000 4814.4160 2.3930 34.8848
4903.0000 4816.3589 2.3932 34.8847
4905.0000 4818.3022 2.3934 34.8848
4907.0000 4820.2451 2.3935 34.8847
4909.0000 4822.1880 2.3941 34.8845
4911.0000 4824.1318 2.3940 34.8845
4913.0000 4826.0747 2.3941 34.8846
4915.0000 4828.0176 2.3945 34.8847
4917.0000 4829.9609 2.3945 34.8846
4919.0000 4831.9038 2.3946 34.8847
4921.0000 4833.8467 2.3948 34.8847
4923.0000 4835.7896 2.3949 34.8847
4925.0000 4837.7324 2.3949 34.8847
4927.0000 4839.6753 2.3952 34.8846
4929.0000 4841.6187 2.3954 34.8846
4931.0000 4843.5615 2.3956 34.8846
4933.0000 4845.5039 2.3957 34.8846
4935.0000 4847.4468 2.3959 34.8845
4937.0000 4849.3896 2.3960 34.8846
4939.0000 4851.3330 2.3959 34.8845
4941.0000 4853.2754 2.3961 34.8845
4943.0000 4855.2183 2.3966 34.8846
4945.0000 4857.1611 2.3965 34.8845
4947.0000 4859.1040 2.3965 34.8845
4949.0000 4861.0469 2.3950 34.8843
4951.0000 4862.9897 2.3952 34.8843
4953.0000 4864.9326 2.3955 34.8842
4955.0000 4866.8750 2.3960 34.8844
4957.0000 4868.8179 2.3965 34.8844
4959.0000 4870.7607 2.3970 34.8844
4961.0000 4872.7031 2.3972 34.8844
4963.0000 4874.6465 2.3971 34.8843
4965.0000 4876.5889 2.3962 34.8842
4967.0000 4878.5317 2.3965 34.8841
4969.0000 4880.4736 2.3967 34.8842
4971.0000 4882.4165 2.3966 34.8841
4973.0000 4884.3594 2.3963 34.8841
4975.0000 4886.3013 2.3966 34.8842
4977.0000 4888.2437 2.3970 34.8842
4979.0000 4890.1870 2.3968 34.8840
4981.0000 4892.1294 2.3971 34.8840
4983.0000 4894.0718 2.3976 34.8841
4985.0000 4896.0142 2.3976 34.8842
4987.0000 4897.9570 2.3974 34.8840
4989.0000 4899.8989 2.3978 34.8840
4991.0000 4901.8413 2.3980 34.8840
4993.0000 4903.7842 2.3981 34.8840
4995.0000 4905.7261 2.3983 34.8840
4997.0000 4907.6689 2.3985 34.8840
4999.0000 4909.6108 2.3988 34.8840
5001.0000 4911.5537 2.3988 34.8840
5003.0000 4913.4956 2.3990 34.8840
5005.0000 4915.4375 2.3995 34.8840
5007.0000 4917.3804 2.3998 34.8840
5009.0000 4919.3228 2.3998 34.8839
5011.0000 4921.2646 2.4003 34.8838
5013.0000 4923.2070 2.4003 34.8837
5015.0000 4925.1494 2.4002 34.8837
5017.0000 4927.0913 2.4001 34.8837
5019.0000 4929.0337 2.4003 34.8837
5021.0000 4930.9761 2.4005 34.8837
5023.0000 4932.9180 2.4006 34.8838
5025.0000 4934.8599 2.4010 34.8837
5027.0000 4936.8022 2.4012 34.8837
5029.0000 4938.7446 2.4012 34.8837
5031.0000 4940.6860 2.4016 34.8837
5033.0000 4942.6284 2.4018 34.8838
5035.0000 4944.5708 2.4021 34.8836
5037.0000 4946.5127 2.4018 34.8837
5039.0000 4948.4546 2.4022 34.8836
5041.0000 4950.3970 2.4017 34.8837
5043.0000 4952.3389 2.4019 34.8835
5045.0000 4954.2803 2.4026 34.8835
5047.0000 4956.2227 2.4028 34.8835
5049.0000 4958.1650 2.4030 34.8836
5051.0000 4960.1060 2.4034 34.8835
5053.0000 4962.0483 2.4037 34.8835
5055.0000 4963.9902 2.4037 34.8834
5057.0000 4965.9321 2.4034 34.8835
5059.0000 4967.8740 2.4033 34.8835
5061.0000 4969.8159 2.4033 34.8834
5063.0000 4971.7578 2.4030 34.8833
5065.0000 4973.6997 2.4029 34.8833
5067.0000 4975.6411 2.4031 34.8833
5069.0000 4977.5830 2.4031 34.8833
5071.0000 4979.5249 2.4033 34.8832
5073.0000 4981.4668 2.4033 34.8832
5075.0000 4983.4082 2.4036 34.8831
5077.0000 4985.3501 2.4038 34.8832
5079.0000 4987.2915 2.4039 34.8832
5081.0000 4989.2329 2.4041 34.8831
5083.0000 4991.1753 2.4034 34.8831
5085.0000 4993.1167 2.4039 34.8830
5087.0000 4995.0576 2.4039 34.8830
5089.0000 4997.0005 2.4044 34.8830
5091.0000 4998.9414 2.4048 34.8830
5093.0000 5000.8828 2.4047 34.8830
5095.0000 5002.8247 2.4049 34.8831
5097.0000 5004.7661 2.4051 34.8830
5099.0000 5006.7080 2.4054 34.8831
5101.0000 5008.6489 2.4057 34.8830
5103.0000 5010.5908 2.4060 34.8830
5105.0000 5012.5327 2.4062 34.8830
5107.0000 5014.4736 2.4066 34.8830
5109.0000 5016.4146 2.4068 34.8830
5111.0000 5018.3569 2.4073 34.8830
5113.0000 5020.2974 2.4075 34.8830
5115.0000 5022.2393 2.4076 34.8830
5117.0000 5024.1807 2.4078 34.8831
5119.0000 5026.1221 2.4081 34.8830
5121.0000 5028.0635 2.4084 34.8831
5123.0000 5030.0049 2.4087 34.8830
5125.0000 5031.9458 2.4090 34.8830
5127.0000 5033.8872 2.4092 34.8831
5129.0000 5035.8286 2.4096 34.8831
5131.0000 5037.7700 2.4100 34.8830
5133.0000 5039.7109 2.4102 34.8830
5135.0000 5041.6523 2.4105 34.8831
5137.0000 5043.5938 2.4107 34.8831
5139.0000 5045.5347 2.4109 34.8832
5141.0000 5047.4761 2.4112 34.8830
5143.0000 5049.4170 2.4115 34.8831
5145.0000 5051.3579 2.4118 34.8832
5147.0000 5053.2993 2.4121 34.8830
5149.0000 5055.2402 2.4122 34.8830
