CTD cast

DATE:  16-Jan-2016 20:17:59
latitude:  24.9169
longitude:  -22.2672
  P (db)  z (m)    T (^oC)  S (psu)
3.0000 2.9807 22.0603 36.7194
5.0000 4.9678 22.0596 36.7190
7.0000 6.9549 22.0601 36.7192
9.0000 8.9420 22.0611 36.7191
11.0000 10.9290 22.0625 36.7195
13.0000 12.9161 22.0616 36.7200
15.0000 14.9031 22.0590 36.7211
17.0000 16.8901 22.0574 36.7217
19.0000 18.8771 22.0568 36.7220
21.0000 20.8640 22.0535 36.7223
23.0000 22.8509 22.0411 36.7233
25.0000 24.8379 21.9638 36.7216
27.0000 26.8248 21.9349 36.7225
29.0000 28.8116 21.9342 36.7237
31.0000 30.7985 21.9376 36.7261
33.0000 32.7853 21.9288 36.7252
35.0000 34.7722 21.9285 36.7264
37.0000 36.7590 21.9331 36.7320
39.0000 38.7458 21.9359 36.7338
41.0000 40.7325 21.9344 36.7340
43.0000 42.7193 21.9325 36.7342
45.0000 44.7060 21.9301 36.7342
47.0000 46.6927 21.9257 36.7333
49.0000 48.6794 21.9168 36.7306
51.0000 50.6661 21.9140 36.7312
53.0000 52.6527 21.9196 36.7371
55.0000 54.6393 21.9199 36.7396
57.0000 56.6259 21.9170 36.7383
59.0000 58.6125 21.9163 36.7418
61.0000 60.5991 21.9429 36.7619
63.0000 62.5857 21.9526 36.7658
65.0000 64.5722 21.9982 36.7919
67.0000 66.5587 22.0159 36.8028
69.0000 68.5452 22.0334 36.8160
71.0000 70.5317 22.0344 36.8154
73.0000 72.5181 22.0368 36.8188
75.0000 74.5046 22.0391 36.8208
77.0000 76.4910 22.0491 36.8261
79.0000 78.4774 22.0757 36.8433
81.0000 80.4638 22.0893 36.8571
83.0000 82.4501 22.0772 36.8519
85.0000 84.4365 22.0628 36.8502
87.0000 86.4228 22.0607 36.8496
89.0000 88.4091 22.0492 36.8435
91.0000 90.3954 21.4694 36.6927
93.0000 92.3816 20.8978 36.6245
95.0000 94.3679 20.1927 36.5974
97.0000 96.3541 19.6948 36.5411
99.0000 98.3403 18.9150 36.4486
101.0000 100.3265 19.0391 36.4714
103.0000 102.3127 18.8670 36.4621
105.0000 104.2988 18.6042 36.4441
107.0000 106.2849 18.7646 36.5449
109.0000 108.2710 18.7430 36.5569
111.0000 110.2571 18.5592 36.5211
113.0000 112.2432 18.4282 36.5071
115.0000 114.2293 18.2048 36.4587
117.0000 116.2153 18.0587 36.4325
119.0000 118.2013 17.9830 36.4207
121.0000 120.1873 17.7862 36.3877
123.0000 122.1733 17.7549 36.3821
125.0000 124.1592 17.7264 36.3842
127.0000 126.1452 17.7719 36.4264
129.0000 128.1311 17.9476 36.4896
131.0000 130.1170 18.0588 36.5528
133.0000 132.1029 18.2294 36.6223
135.0000 134.0887 18.3345 36.6681
137.0000 136.0746 18.4567 36.7108
139.0000 138.0604 18.3782 36.6869
141.0000 140.0462 18.3374 36.6782
143.0000 142.0320 18.3360 36.6771
145.0000 144.0177 18.1990 36.6326
147.0000 146.0035 17.9041 36.5589
149.0000 147.9892 17.8159 36.5437
151.0000 149.9749 17.8655 36.5671
153.0000 151.9606 17.8986 36.5839
155.0000 153.9463 17.8796 36.5813
157.0000 155.9319 17.8731 36.5785
159.0000 157.9176 17.8033 36.5591
161.0000 159.9032 17.7550 36.5472
163.0000 161.8888 17.6497 36.5187
165.0000 163.8743 17.4422 36.4705
167.0000 165.8599 17.3336 36.4462
169.0000 167.8454 17.2798 36.4330
171.0000 169.8309 17.2405 36.4230
173.0000 171.8164 17.0991 36.3876
175.0000 173.8019 17.0129 36.3693
177.0000 175.7874 16.9794 36.3618
179.0000 177.7728 16.9325 36.3492
181.0000 179.7582 16.7776 36.3115
183.0000 181.7436 16.7333 36.3055
185.0000 183.7290 16.7283 36.3054
187.0000 185.7144 16.7542 36.3210
189.0000 187.6997 16.8261 36.3491
191.0000 189.6850 16.8289 36.3501
193.0000 191.6703 16.8303 36.3513
195.0000 193.6556 16.8260 36.3516
197.0000 195.6409 16.5968 36.2889
199.0000 197.6261 16.4472 36.2567
201.0000 199.6114 16.4433 36.2563
203.0000 201.5966 16.4450 36.2574
205.0000 203.5817 16.4464 36.2588
207.0000 205.5669 16.4384 36.2570
209.0000 207.5521 16.4363 36.2570
211.0000 209.5372 16.4326 36.2528
213.0000 211.5223 16.0186 36.1400
215.0000 213.5074 15.8456 36.0987
217.0000 215.4925 15.7407 36.0751
219.0000 217.4775 15.7093 36.0694
221.0000 219.4626 15.7099 36.0731
223.0000 221.4476 15.7142 36.0778
225.0000 223.4326 15.7189 36.0838
227.0000 225.4176 15.7118 36.0893
229.0000 227.4025 15.6966 36.0890
231.0000 229.3875 15.6888 36.0904
233.0000 231.3724 15.6740 36.0867
235.0000 233.3573 15.6053 36.0753
237.0000 235.3422 15.5721 36.0710
239.0000 237.3270 15.5502 36.0674
241.0000 239.3119 15.5351 36.0676
243.0000 241.2967 15.5409 36.0732
245.0000 243.2815 15.6448 36.1153
247.0000 245.2663 15.6207 36.1049
249.0000 247.2511 15.5382 36.0858
251.0000 249.2358 15.5749 36.1014
253.0000 251.2205 15.6604 36.1299
255.0000 253.2052 15.6017 36.1185
257.0000 255.1899 15.5426 36.1075
259.0000 257.1746 15.5194 36.1060
261.0000 259.1593 15.5259 36.1110
263.0000 261.1439 15.5212 36.1126
265.0000 263.1285 15.4683 36.1011
267.0000 265.1131 15.4085 36.0944
269.0000 267.0977 15.3432 36.0837
271.0000 269.0822 15.3129 36.0792
273.0000 271.0667 15.2789 36.0739
275.0000 273.0513 15.2273 36.0638
277.0000 275.0358 15.1745 36.0527
279.0000 277.0203 15.1149 36.0425
281.0000 279.0047 15.0079 36.0085
283.0000 280.9892 14.7952 35.9721
285.0000 282.9736 14.7869 35.9707
287.0000 284.9580 14.7857 35.9717
289.0000 286.9424 14.7860 35.9724
291.0000 288.9268 14.7859 35.9728
293.0000 290.9111 14.7850 35.9727
295.0000 292.8954 14.7407 35.9594
297.0000 294.8797 14.6078 35.9325
299.0000 296.8640 14.5894 35.9375
301.0000 298.8483 14.5759 35.9365
303.0000 300.8325 14.5588 35.9377
305.0000 302.8168 14.5372 35.9365
307.0000 304.8010 14.5183 35.9348
309.0000 306.7852 14.5169 35.9360
311.0000 308.7694 14.5092 35.9359
313.0000 310.7535 14.5821 35.9657
315.0000 312.7376 14.6337 35.9862
317.0000 314.7218 14.6211 35.9857
319.0000 316.7059 14.5976 35.9835
321.0000 318.6899 14.5839 35.9815
323.0000 320.6740 14.5352 35.9695
325.0000 322.6581 14.5023 35.9662
327.0000 324.6421 14.4714 35.9671
329.0000 326.6261 14.4689 35.9706
331.0000 328.6100 14.3995 35.9558
333.0000 330.5940 14.3848 35.9584
335.0000 332.5779 14.3876 35.9611
337.0000 334.5619 14.3501 35.9575
339.0000 336.5458 14.3181 35.9537
341.0000 338.5297 14.3218 35.9605
343.0000 340.5135 14.3208 35.9615
345.0000 342.4974 14.2953 35.9562
347.0000 344.4813 14.2592 35.9498
349.0000 346.4650 14.2352 35.9476
351.0000 348.4488 14.2089 35.9436
353.0000 350.4326 14.1510 35.9345
355.0000 352.4164 14.1286 35.9318
357.0000 354.4001 14.0969 35.9258
359.0000 356.3838 14.0651 35.9217
361.0000 358.3675 14.0435 35.9189
363.0000 360.3512 13.9750 35.9072
365.0000 362.3348 13.9429 35.9024
367.0000 364.3185 13.9168 35.8995
369.0000 366.3021 13.9022 35.8984
371.0000 368.2857 13.8893 35.8969
373.0000 370.2693 13.8665 35.8933
375.0000 372.2528 13.8105 35.8846
377.0000 374.2364 13.7708 35.8813
379.0000 376.2199 13.7438 35.8773
381.0000 378.2035 13.7104 35.8715
383.0000 380.1869 13.6798 35.8678
385.0000 382.1704 13.6673 35.8648
387.0000 384.1538 13.6390 35.8612
389.0000 386.1373 13.6232 35.8598
391.0000 388.1207 13.6011 35.8562
393.0000 390.1041 13.5669 35.8503
395.0000 392.0874 13.5308 35.8452
397.0000 394.0708 13.5085 35.8424
399.0000 396.0541 13.4873 35.8391
401.0000 398.0374 13.4471 35.8330
403.0000 400.0208 13.4320 35.8306
405.0000 402.0040 13.4094 35.8268
407.0000 403.9873 13.3791 35.8219
409.0000 405.9705 13.3571 35.8184
411.0000 407.9537 13.3307 35.8140
413.0000 409.9370 13.3067 35.8103
415.0000 411.9201 13.2797 35.8060
417.0000 413.9033 13.2553 35.8022
419.0000 415.8864 13.2272 35.7979
421.0000 417.8695 13.1947 35.7931
423.0000 419.8526 13.1654 35.7909
425.0000 421.8357 13.1411 35.7891
427.0000 423.8188 13.1088 35.7852
429.0000 425.8019 13.0820 35.7819
431.0000 427.7849 13.0591 35.7788
433.0000 429.7679 13.0318 35.7747
435.0000 431.7509 13.0081 35.7714
437.0000 433.7339 12.9839 35.7676
439.0000 435.7168 12.9543 35.7634
441.0000 437.6997 12.9337 35.7604
443.0000 439.6826 12.9195 35.7582
445.0000 441.6656 12.9087 35.7561
447.0000 443.6484 12.8723 35.7511
449.0000 445.6313 12.8583 35.7499
451.0000 447.6141 12.8208 35.7436
453.0000 449.5970 12.7734 35.7375
455.0000 451.5798 12.7421 35.7331
457.0000 453.5625 12.7129 35.7287
459.0000 455.5453 12.6955 35.7267
461.0000 457.5280 12.6861 35.7250
463.0000 459.5108 12.6446 35.7186
465.0000 461.4935 12.6273 35.7172
467.0000 463.4762 12.6160 35.7155
469.0000 465.4588 12.5898 35.7114
471.0000 467.4415 12.5253 35.7017
473.0000 469.4241 12.4846 35.6963
475.0000 471.4067 12.4673 35.6946
477.0000 473.3893 12.4516 35.6921
479.0000 475.3719 12.4300 35.6898
481.0000 477.3544 12.4209 35.6888
483.0000 479.3370 12.4155 35.6884
485.0000 481.3195 12.4026 35.6861
487.0000 483.3020 12.3669 35.6814
489.0000 485.2845 12.3353 35.6769
491.0000 487.2669 12.2925 35.6707
493.0000 489.2494 12.2630 35.6674
495.0000 491.2318 12.2453 35.6643
497.0000 493.2142 12.2286 35.6618
499.0000 495.1966 12.2000 35.6572
501.0000 497.1789 12.1755 35.6549
503.0000 499.1613 12.1445 35.6510
505.0000 501.1436 12.1140 35.6472
507.0000 503.1259 12.0826 35.6427
509.0000 505.1082 12.0600 35.6410
511.0000 507.0905 12.0401 35.6387
513.0000 509.0728 11.9927 35.6333
515.0000 511.0549 11.9783 35.6320
517.0000 513.0372 11.9576 35.6290
519.0000 515.0194 11.9423 35.6269
521.0000 517.0015 11.9045 35.6214
523.0000 518.9837 11.8599 35.6159
525.0000 520.9659 11.8423 35.6145
527.0000 522.9479 11.8263 35.6122
529.0000 524.9301 11.8151 35.6109
531.0000 526.9121 11.7824 35.6056
533.0000 528.8942 11.7467 35.6019
535.0000 530.8762 11.7345 35.6007
537.0000 532.8582 11.7258 35.5998
539.0000 534.8403 11.6898 35.5942
541.0000 536.8223 11.6601 35.5912
543.0000 538.8042 11.6318 35.5865
545.0000 540.7861 11.5960 35.5822
547.0000 542.7681 11.5624 35.5788
549.0000 544.7499 11.5427 35.5759
551.0000 546.7319 11.5251 35.5738
553.0000 548.7137 11.5032 35.5705
555.0000 550.6956 11.4816 35.5682
557.0000 552.6774 11.4735 35.5670
559.0000 554.6592 11.4604 35.5654
561.0000 556.6411 11.4475 35.5632
563.0000 558.6228 11.3887 35.5550
565.0000 560.6046 11.3545 35.5518
567.0000 562.5863 11.3163 35.5462
569.0000 564.5679 11.2918 35.5436
571.0000 566.5497 11.2781 35.5414
573.0000 568.5314 11.2551 35.5388
575.0000 570.5131 11.2256 35.5344
577.0000 572.4947 11.1921 35.5311
579.0000 574.4763 11.1655 35.5275
581.0000 576.4579 11.1440 35.5251
583.0000 578.4395 11.1378 35.5246
585.0000 580.4211 11.1196 35.5215
587.0000 582.4027 11.0701 35.5158
589.0000 584.3842 11.0543 35.5140
591.0000 586.3657 11.0440 35.5122
593.0000 588.3472 11.0051 35.5080
595.0000 590.3286 10.9694 35.5037
597.0000 592.3101 10.9418 35.5011
599.0000 594.2916 10.9240 35.4988
601.0000 596.2729 10.8844 35.4923
603.0000 598.2543 10.8141 35.4842
605.0000 600.2357 10.8023 35.4830
607.0000 602.2170 10.7789 35.4798
609.0000 604.1984 10.7634 35.4790
611.0000 606.1797 10.7617 35.4785
613.0000 608.1610 10.7542 35.4781
615.0000 610.1424 10.7302 35.4749
617.0000 612.1237 10.6851 35.4696
619.0000 614.1048 10.6739 35.4684
621.0000 616.0861 10.6636 35.4670
623.0000 618.0673 10.6440 35.4643
625.0000 620.0484 10.6338 35.4632
627.0000 622.0296 10.6201 35.4611
629.0000 624.0107 10.5924 35.4569
631.0000 625.9919 10.5543 35.4510
633.0000 627.9730 10.4992 35.4447
635.0000 629.9541 10.4798 35.4427
637.0000 631.9352 10.4276 35.4339
639.0000 633.9162 10.3876 35.4294
641.0000 635.8973 10.3741 35.4283
643.0000 637.8783 10.3703 35.4280
645.0000 639.8593 10.3597 35.4267
647.0000 641.8403 10.3292 35.4231
649.0000 643.8212 10.3086 35.4231
651.0000 645.8022 10.2895 35.4237
653.0000 647.7831 10.2897 35.4288
655.0000 649.7640 10.2761 35.4276
657.0000 651.7449 10.2640 35.4263
659.0000 653.7257 10.2324 35.4228
661.0000 655.7066 10.2014 35.4206
663.0000 657.6874 10.1936 35.4204
665.0000 659.6682 10.1732 35.4192
667.0000 661.6490 10.1746 35.4213
669.0000 663.6298 10.1505 35.4202
671.0000 665.6105 10.1183 35.4176
673.0000 667.5912 10.1064 35.4162
675.0000 669.5720 10.0792 35.4127
677.0000 671.5527 10.0444 35.4078
679.0000 673.5334 10.0001 35.4024
681.0000 675.5140 9.9589 35.3976
683.0000 677.4946 9.9421 35.3966
685.0000 679.4753 9.9149 35.3934
687.0000 681.4558 9.8693 35.3875
689.0000 683.4365 9.8331 35.3831
691.0000 685.4171 9.7977 35.3787
693.0000 687.3975 9.7644 35.3747
695.0000 689.3781 9.7432 35.3723
697.0000 691.3586 9.7097 35.3673
699.0000 693.3392 9.6762 35.3643
701.0000 695.3195 9.6517 35.3603
703.0000 697.3000 9.6202 35.3565
705.0000 699.2805 9.5866 35.3521
707.0000 701.2609 9.5680 35.3506
709.0000 703.2413 9.5622 35.3508
711.0000 705.2217 9.5404 35.3466
713.0000 707.2020 9.5033 35.3422
715.0000 709.1823 9.4613 35.3348
717.0000 711.1627 9.4078 35.3277
719.0000 713.1429 9.3850 35.3238
721.0000 715.1232 9.3671 35.3217
723.0000 717.1035 9.3541 35.3198
725.0000 719.0837 9.2989 35.3110
727.0000 721.0639 9.2702 35.3073
729.0000 723.0441 9.2313 35.3020
731.0000 725.0244 9.2233 35.3013
733.0000 727.0045 9.2169 35.3003
735.0000 728.9846 9.2072 35.2988
737.0000 730.9648 9.1966 35.2973
739.0000 732.9449 9.1700 35.2925
741.0000 734.9250 9.1129 35.2848
743.0000 736.9050 9.0718 35.2798
745.0000 738.8851 9.0382 35.2758
747.0000 740.8652 9.0214 35.2735
749.0000 742.8452 8.9954 35.2694
751.0000 744.8251 8.9364 35.2645
753.0000 746.8052 8.9186 35.2613
755.0000 748.7850 8.8894 35.2569
757.0000 750.7650 8.8689 35.2550
759.0000 752.7450 8.8571 35.2541
761.0000 754.7249 8.8401 35.2539
763.0000 756.7047 8.8285 35.2532
765.0000 758.6846 8.8213 35.2526
767.0000 760.6645 8.8125 35.2519
769.0000 762.6442 8.7778 35.2468
771.0000 764.6240 8.7294 35.2414
773.0000 766.6039 8.7119 35.2423
775.0000 768.5837 8.7020 35.2422
777.0000 770.5634 8.6820 35.2405
779.0000 772.5432 8.6687 35.2388
781.0000 774.5229 8.6402 35.2355
783.0000 776.5025 8.6140 35.2330
785.0000 778.4822 8.6059 35.2331
787.0000 780.4620 8.6001 35.2339
789.0000 782.4415 8.5866 35.2322
791.0000 784.4211 8.5693 35.2313
793.0000 786.4008 8.5591 35.2311
795.0000 788.3804 8.5436 35.2289
797.0000 790.3599 8.5261 35.2268
799.0000 792.3395 8.5143 35.2254
801.0000 794.3189 8.4930 35.2225
803.0000 796.2985 8.4674 35.2196
805.0000 798.2779 8.4482 35.2193
807.0000 800.2574 8.4517 35.2213
809.0000 802.2369 8.4134 35.2153
811.0000 804.2162 8.3893 35.2130
813.0000 806.1957 8.3699 35.2117
815.0000 808.1751 8.3618 35.2116
817.0000 810.1545 8.3616 35.2120
819.0000 812.1338 8.3543 35.2136
821.0000 814.1132 8.3401 35.2134
823.0000 816.0925 8.3368 35.2137
825.0000 818.0718 8.3494 35.2203
827.0000 820.0511 8.3626 35.2267
829.0000 822.0303 8.3538 35.2252
831.0000 824.0096 8.3482 35.2270
833.0000 825.9888 8.3498 35.2292
835.0000 827.9680 8.3417 35.2285
837.0000 829.9472 8.3236 35.2269
839.0000 831.9263 8.2886 35.2225
841.0000 833.9056 8.2550 35.2188
843.0000 835.8846 8.2265 35.2161
845.0000 837.8638 8.2258 35.2167
847.0000 839.8428 8.2173 35.2156
849.0000 841.8220 8.1972 35.2126
851.0000 843.8011 8.1875 35.2137
853.0000 845.7800 8.1814 35.2136
855.0000 847.7590 8.1655 35.2128
857.0000 849.7380 8.1541 35.2115
859.0000 851.7170 8.1618 35.2168
861.0000 853.6960 8.1606 35.2178
863.0000 855.6750 8.1430 35.2161
865.0000 857.6539 8.1320 35.2136
867.0000 859.6327 8.1086 35.2095
869.0000 861.6117 8.0825 35.2055
871.0000 863.5906 8.0456 35.2008
873.0000 865.5693 8.0124 35.1943
875.0000 867.5482 7.9856 35.1913
877.0000 869.5270 7.9649 35.1897
879.0000 871.5058 7.9495 35.1880
881.0000 873.4846 7.9148 35.1823
883.0000 875.4633 7.8616 35.1749
885.0000 877.4421 7.8335 35.1712
887.0000 879.4208 7.8194 35.1697
889.0000 881.3994 7.8058 35.1691
891.0000 883.3782 7.7952 35.1690
893.0000 885.3568 7.7857 35.1688
895.0000 887.3354 7.7733 35.1676
897.0000 889.3141 7.7463 35.1644
899.0000 891.2927 7.7172 35.1630
901.0000 893.2712 7.7009 35.1633
903.0000 895.2498 7.6799 35.1623
905.0000 897.2284 7.6686 35.1623
907.0000 899.2069 7.6552 35.1610
909.0000 901.1854 7.6491 35.1605
911.0000 903.1639 7.6413 35.1598
913.0000 905.1425 7.6322 35.1595
915.0000 907.1208 7.6248 35.1593
917.0000 909.0992 7.6144 35.1579
919.0000 911.0778 7.5932 35.1560
921.0000 913.0562 7.5758 35.1549
923.0000 915.0344 7.5570 35.1548
925.0000 917.0129 7.5605 35.1579
927.0000 918.9912 7.5632 35.1599
929.0000 920.9695 7.5845 35.1707
931.0000 922.9479 7.5828 35.1735
933.0000 924.9261 7.5701 35.1721
935.0000 926.9043 7.5983 35.1816
937.0000 928.8826 7.5957 35.1801
939.0000 930.8609 7.6021 35.1851
941.0000 932.8391 7.6563 35.2020
943.0000 934.8173 7.6594 35.2023
945.0000 936.7954 7.6473 35.2009
947.0000 938.7736 7.6153 35.1974
949.0000 940.7516 7.5967 35.1959
951.0000 942.7299 7.5669 35.1901
953.0000 944.7079 7.5108 35.1823
955.0000 946.6860 7.5074 35.1822
957.0000 948.6641 7.4928 35.1802
959.0000 950.6420 7.4473 35.1745
961.0000 952.6201 7.4294 35.1743
963.0000 954.5981 7.4252 35.1743
965.0000 956.5760 7.4156 35.1740
967.0000 958.5541 7.4114 35.1741
969.0000 960.5320 7.4055 35.1746
971.0000 962.5099 7.3916 35.1740
973.0000 964.4878 7.3989 35.1782
975.0000 966.4658 7.4162 35.1848
977.0000 968.4436 7.4217 35.1867
979.0000 970.4214 7.4218 35.1867
981.0000 972.3994 7.4095 35.1847
983.0000 974.3771 7.4403 35.1968
985.0000 976.3550 7.4662 35.2046
987.0000 978.3326 7.4647 35.2044
989.0000 980.3105 7.4585 35.2034
991.0000 982.2881 7.4471 35.2017
993.0000 984.2659 7.4385 35.2014
995.0000 986.2437 7.4396 35.2031
997.0000 988.2213 7.4531 35.2086
999.0000 990.1990 7.4622 35.2123
1001.0000 992.1766 7.4415 35.2109
1003.0000 994.1543 7.4283 35.2105
1005.0000 996.1318 7.4219 35.2102
1007.0000 998.1095 7.4164 35.2101
1009.0000 1000.0870 7.4135 35.2102
1011.0000 1002.0646 7.4039 35.2092
1013.0000 1004.0421 7.3854 35.2085
1015.0000 1006.0197 7.3727 35.2085
1017.0000 1007.9970 7.3656 35.2078
1019.0000 1009.9745 7.3565 35.2075
1021.0000 1011.9521 7.3417 35.2073
1023.0000 1013.9296 7.3327 35.2076
1025.0000 1015.9069 7.3215 35.2063
1027.0000 1017.8843 7.3163 35.2068
1029.0000 1019.8618 7.3480 35.2170
1031.0000 1021.8391 7.3463 35.2180
1033.0000 1023.8163 7.3430 35.2179
1035.0000 1025.7938 7.3324 35.2173
1037.0000 1027.7711 7.3172 35.2151
1039.0000 1029.7484 7.2877 35.2108
1041.0000 1031.7256 7.2776 35.2091
1043.0000 1033.7029 7.2528 35.2055
1045.0000 1035.6801 7.2497 35.2070
1047.0000 1037.6573 7.2550 35.2095
1049.0000 1039.6346 7.2669 35.2146
1051.0000 1041.6118 7.2717 35.2168
1053.0000 1043.5889 7.2565 35.2165
1055.0000 1045.5660 7.2541 35.2183
1057.0000 1047.5432 7.2494 35.2183
1059.0000 1049.5203 7.2429 35.2189
1061.0000 1051.4973 7.2324 35.2201
1063.0000 1053.4745 7.2251 35.2208
1065.0000 1055.4515 7.2100 35.2203
1067.0000 1057.4285 7.1899 35.2203
1069.0000 1059.4054 7.1817 35.2206
1071.0000 1061.3824 7.1717 35.2205
1073.0000 1063.3594 7.1605 35.2202
1075.0000 1065.3364 7.1512 35.2197
1077.0000 1067.3135 7.1337 35.2188
1079.0000 1069.2902 7.1190 35.2185
1081.0000 1071.2672 7.1147 35.2192
1083.0000 1073.2441 7.1050 35.2189
1085.0000 1075.2211 7.0952 35.2185
1087.0000 1077.1978 7.0846 35.2183
1089.0000 1079.1747 7.0816 35.2203
1091.0000 1081.1514 7.0925 35.2234
1093.0000 1083.1281 7.0930 35.2239
1095.0000 1085.1050 7.0929 35.2241
1097.0000 1087.0817 7.0922 35.2243
1099.0000 1089.0585 7.0918 35.2244
1101.0000 1091.0350 7.0915 35.2244
1103.0000 1093.0118 7.0895 35.2246
1105.0000 1094.9885 7.0813 35.2255
1107.0000 1096.9652 7.0745 35.2258
1109.0000 1098.9419 7.0677 35.2263
1111.0000 1100.9185 7.0626 35.2265
1113.0000 1102.8950 7.0494 35.2270
1115.0000 1104.8716 7.0362 35.2285
1117.0000 1106.8481 7.0338 35.2288
1119.0000 1108.8248 7.0309 35.2291
1121.0000 1110.8011 7.0262 35.2296
1123.0000 1112.7778 7.0237 35.2300
1125.0000 1114.7543 7.0209 35.2303
1127.0000 1116.7307 7.0108 35.2318
1129.0000 1118.7072 7.0028 35.2325
1131.0000 1120.6836 6.9990 35.2330
1133.0000 1122.6602 6.9898 35.2343
1135.0000 1124.6364 6.9827 35.2361
1137.0000 1126.6128 6.9788 35.2366
1139.0000 1128.5891 6.9730 35.2372
1141.0000 1130.5656 6.9718 35.2382
1143.0000 1132.5417 6.9688 35.2390
1145.0000 1134.5181 6.9657 35.2405
1147.0000 1136.4945 6.9616 35.2420
1149.0000 1138.4707 6.9436 35.2420
1151.0000 1140.4469 6.9191 35.2392
1153.0000 1142.4232 6.9044 35.2381
1155.0000 1144.3992 6.9009 35.2385
1157.0000 1146.3755 6.8990 35.2391
1159.0000 1148.3517 6.8959 35.2395
1161.0000 1150.3279 6.8934 35.2394
1163.0000 1152.3040 6.8885 35.2388
1165.0000 1154.2802 6.8772 35.2375
1167.0000 1156.2562 6.8645 35.2368
1169.0000 1158.2322 6.8713 35.2416
1171.0000 1160.2084 6.8611 35.2421
1173.0000 1162.1844 6.8517 35.2415
1175.0000 1164.1604 6.8497 35.2426
1177.0000 1166.1364 6.8386 35.2432
1179.0000 1168.1123 6.8340 35.2466
1181.0000 1170.0884 6.8296 35.2467
1183.0000 1172.0643 6.8237 35.2472
1185.0000 1174.0403 6.8207 35.2468
1187.0000 1176.0162 6.8110 35.2464
1189.0000 1177.9922 6.8067 35.2479
1191.0000 1179.9680 6.7975 35.2481
1193.0000 1181.9437 6.7856 35.2469
1195.0000 1183.9197 6.7583 35.2455
1197.0000 1185.8953 6.7562 35.2481
1199.0000 1187.8712 6.7660 35.2518
1201.0000 1189.8470 6.7746 35.2554
1203.0000 1191.8229 6.7806 35.2584
1205.0000 1193.7985 6.7868 35.2612
1207.0000 1195.7743 6.7955 35.2640
1209.0000 1197.7500 6.8102 35.2686
1211.0000 1199.7256 6.8121 35.2697
1213.0000 1201.7014 6.8121 35.2706
1215.0000 1203.6770 6.8106 35.2710
1217.0000 1205.6526 6.8090 35.2709
1219.0000 1207.6282 6.8082 35.2709
1221.0000 1209.6038 6.8030 35.2707
1223.0000 1211.5793 6.7918 35.2700
1225.0000 1213.5548 6.7824 35.2695
1227.0000 1215.5304 6.7775 35.2693
1229.0000 1217.5060 6.7662 35.2677
1231.0000 1219.4814 6.7525 35.2675
1233.0000 1221.4569 6.7537 35.2683
1235.0000 1223.4324 6.7471 35.2681
1237.0000 1225.4080 6.7254 35.2654
1239.0000 1227.3833 6.7030 35.2622
1241.0000 1229.3586 6.6998 35.2643
1243.0000 1231.3341 6.6591 35.2617
1245.0000 1233.3094 6.6412 35.2605
1247.0000 1235.2848 6.6339 35.2602
1249.0000 1237.2601 6.6329 35.2605
1251.0000 1239.2356 6.6370 35.2623
1253.0000 1241.2108 6.6468 35.2653
1255.0000 1243.1862 6.6384 35.2646
1257.0000 1245.1614 6.6260 35.2636
1259.0000 1247.1365 6.6137 35.2621
1261.0000 1249.1118 6.6100 35.2642
1263.0000 1251.0870 6.6151 35.2672
1265.0000 1253.0623 6.6209 35.2697
1267.0000 1255.0374 6.6221 35.2715
1269.0000 1257.0125 6.6190 35.2715
1271.0000 1258.9875 6.6159 35.2713
1273.0000 1260.9626 6.6119 35.2710
1275.0000 1262.9377 6.6058 35.2707
1277.0000 1264.9128 6.5991 35.2703
1279.0000 1266.8878 6.5935 35.2701
1281.0000 1268.8629 6.5891 35.2697
1283.0000 1270.8379 6.5808 35.2688
1285.0000 1272.8130 6.5688 35.2669
1287.0000 1274.7878 6.5312 35.2629
1289.0000 1276.7629 6.5038 35.2602
1291.0000 1278.7378 6.4726 35.2555
1293.0000 1280.7126 6.4423 35.2519
1295.0000 1282.6876 6.4303 35.2508
1297.0000 1284.6625 6.4225 35.2504
1299.0000 1286.6375 6.4158 35.2522
1301.0000 1288.6122 6.4153 35.2539
1303.0000 1290.5872 6.4167 35.2570
1305.0000 1292.5619 6.4148 35.2589
1307.0000 1294.5367 6.4213 35.2616
1309.0000 1296.5116 6.4162 35.2620
1311.0000 1298.4865 6.4094 35.2613
1313.0000 1300.4612 6.4063 35.2621
1315.0000 1302.4358 6.3947 35.2607
1317.0000 1304.4105 6.3768 35.2586
1319.0000 1306.3853 6.3756 35.2606
1321.0000 1308.3599 6.3781 35.2628
1323.0000 1310.3345 6.3688 35.2626
1325.0000 1312.3092 6.3640 35.2626
1327.0000 1314.2838 6.3512 35.2615
1329.0000 1316.2583 6.3402 35.2610
1331.0000 1318.2329 6.3370 35.2607
1333.0000 1320.2074 6.3303 35.2596
1335.0000 1322.1819 6.3206 35.2587
1337.0000 1324.1565 6.3178 35.2584
1339.0000 1326.1310 6.3052 35.2569
1341.0000 1328.1053 6.2951 35.2558
1343.0000 1330.0798 6.2728 35.2528
1345.0000 1332.0543 6.2480 35.2504
1347.0000 1334.0288 6.2458 35.2517
1349.0000 1336.0031 6.2552 35.2541
1351.0000 1337.9775 6.2647 35.2572
1353.0000 1339.9519 6.2622 35.2572
1355.0000 1341.9261 6.2589 35.2580
1357.0000 1343.9006 6.2498 35.2575
1359.0000 1345.8750 6.2349 35.2566
1361.0000 1347.8494 6.2307 35.2581
1363.0000 1349.8235 6.2210 35.2575
1365.0000 1351.7977 6.2148 35.2580
1367.0000 1353.7721 6.2032 35.2569
1369.0000 1355.7461 6.1889 35.2552
1371.0000 1357.7205 6.1750 35.2538
1373.0000 1359.6947 6.1649 35.2533
1375.0000 1361.6687 6.1524 35.2530
1377.0000 1363.6428 6.1460 35.2527
1379.0000 1365.6171 6.1403 35.2526
1381.0000 1367.5912 6.1370 35.2526
1383.0000 1369.5652 6.1315 35.2521
1385.0000 1371.5393 6.1157 35.2509
1387.0000 1373.5134 6.1094 35.2507
1389.0000 1375.4875 6.1053 35.2513
1391.0000 1377.4614 6.0928 35.2502
1393.0000 1379.4354 6.0652 35.2470
1395.0000 1381.4094 6.0563 35.2468
1397.0000 1383.3832 6.0468 35.2456
1399.0000 1385.3572 6.0337 35.2441
1401.0000 1387.3312 6.0186 35.2426
1403.0000 1389.3052 6.0038 35.2407
1405.0000 1391.2789 5.9918 35.2387
1407.0000 1393.2529 5.9605 35.2334
1409.0000 1395.2268 5.9336 35.2298
1411.0000 1397.2006 5.9310 35.2309
1413.0000 1399.1743 5.9349 35.2322
1415.0000 1401.1482 5.9325 35.2316
1417.0000 1403.1218 5.8843 35.2235
1419.0000 1405.0957 5.8312 35.2163
1421.0000 1407.0696 5.8076 35.2129
1423.0000 1409.0432 5.7860 35.2103
1425.0000 1411.0168 5.7765 35.2095
1427.0000 1412.9906 5.7718 35.2092
1429.0000 1414.9642 5.7694 35.2090
1431.0000 1416.9377 5.7647 35.2084
1433.0000 1418.9114 5.7561 35.2078
1435.0000 1420.8851 5.7510 35.2075
1437.0000 1422.8588 5.7430 35.2068
1439.0000 1424.8323 5.7378 35.2079
1441.0000 1426.8059 5.7438 35.2107
1443.0000 1428.7793 5.7256 35.2081
1445.0000 1430.7528 5.7051 35.2059
1447.0000 1432.7263 5.6979 35.2050
1449.0000 1434.7000 5.6941 35.2046
1451.0000 1436.6735 5.6843 35.2035
1453.0000 1438.6467 5.6754 35.2023
1455.0000 1440.6201 5.6525 35.1989
1457.0000 1442.5936 5.6295 35.1960
1459.0000 1444.5669 5.5937 35.1906
1461.0000 1446.5403 5.5921 35.1931
1463.0000 1448.5138 5.5957 35.1938
1465.0000 1450.4872 5.5837 35.1923
1467.0000 1452.4603 5.5991 35.1961
1469.0000 1454.4337 5.5952 35.1958
1471.0000 1456.4070 5.5856 35.1940
1473.0000 1458.3800 5.5585 35.1892
1475.0000 1460.3534 5.5474 35.1885
1477.0000 1462.3267 5.5594 35.1909
1479.0000 1464.2998 5.5396 35.1864
1481.0000 1466.2729 5.5181 35.1836
1483.0000 1468.2461 5.5037 35.1817
1485.0000 1470.2194 5.4859 35.1792
1487.0000 1472.1924 5.4729 35.1779
1489.0000 1474.1656 5.4659 35.1773
1491.0000 1476.1387 5.4592 35.1766
1493.0000 1478.1117 5.4517 35.1759
1495.0000 1480.0847 5.4420 35.1751
1497.0000 1482.0579 5.4255 35.1732
1499.0000 1484.0310 5.4192 35.1726
1501.0000 1486.0038 5.4115 35.1729
1503.0000 1487.9768 5.4060 35.1724
1505.0000 1489.9498 5.3892 35.1706
1507.0000 1491.9227 5.3826 35.1701
1509.0000 1493.8956 5.3749 35.1692
1511.0000 1495.8687 5.3482 35.1661
1513.0000 1497.8414 5.3340 35.1643
1515.0000 1499.8142 5.3240 35.1634
1517.0000 1501.7872 5.3179 35.1630
1519.0000 1503.7600 5.3094 35.1624
1521.0000 1505.7328 5.3049 35.1626
1523.0000 1507.7056 5.3075 35.1638
1525.0000 1509.6785 5.3079 35.1643
1527.0000 1511.6512 5.3068 35.1652
1529.0000 1513.6239 5.3067 35.1657
1531.0000 1515.5967 5.3063 35.1664
1533.0000 1517.5693 5.3047 35.1663
1535.0000 1519.5420 5.2857 35.1633
1537.0000 1521.5148 5.2601 35.1606
1539.0000 1523.4874 5.2564 35.1609
1541.0000 1525.4598 5.2612 35.1639
1543.0000 1527.4326 5.2720 35.1677
1545.0000 1529.4053 5.2652 35.1672
1547.0000 1531.3778 5.2540 35.1655
1549.0000 1533.3502 5.2405 35.1644
1551.0000 1535.3229 5.2353 35.1637
1553.0000 1537.2954 5.2277 35.1633
1555.0000 1539.2678 5.2200 35.1630
1557.0000 1541.2402 5.2097 35.1621
1559.0000 1543.2129 5.2030 35.1611
1561.0000 1545.1853 5.1857 35.1585
1563.0000 1547.1576 5.1719 35.1569
1565.0000 1549.1301 5.1641 35.1562
1567.0000 1551.1025 5.1613 35.1560
1569.0000 1553.0748 5.1521 35.1550
1571.0000 1555.0472 5.1441 35.1543
1573.0000 1557.0195 5.1291 35.1535
1575.0000 1558.9919 5.1277 35.1544
1577.0000 1560.9641 5.1293 35.1569
1579.0000 1562.9365 5.1225 35.1561
1581.0000 1564.9087 5.1021 35.1531
1583.0000 1566.8810 5.0907 35.1527
1585.0000 1568.8531 5.0940 35.1544
1587.0000 1570.8254 5.1034 35.1580
1589.0000 1572.7977 5.0938 35.1566
1591.0000 1574.7697 5.1016 35.1593
1593.0000 1576.7419 5.1015 35.1594
1595.0000 1578.7141 5.1118 35.1629
1597.0000 1580.6862 5.1178 35.1652
1599.0000 1582.6582 5.1135 35.1648
1601.0000 1584.6304 5.0989 35.1631
1603.0000 1586.6024 5.0884 35.1621
1605.0000 1588.5745 5.0855 35.1618
1607.0000 1590.5465 5.0803 35.1611
1609.0000 1592.5184 5.0739 35.1606
1611.0000 1594.4905 5.0700 35.1600
1613.0000 1596.4624 5.0608 35.1590
1615.0000 1598.4343 5.0500 35.1580
1617.0000 1600.4064 5.0357 35.1566
1619.0000 1602.3782 5.0323 35.1570
1621.0000 1604.3501 5.0246 35.1563
1623.0000 1606.3221 5.0271 35.1564
1625.0000 1608.2938 5.0070 35.1545
1627.0000 1610.2656 4.9889 35.1529
1629.0000 1612.2375 4.9850 35.1525
1631.0000 1614.2092 4.9819 35.1520
1633.0000 1616.1810 4.9788 35.1521
1635.0000 1618.1528 4.9717 35.1510
1637.0000 1620.1246 4.9610 35.1499
1639.0000 1622.0963 4.9536 35.1494
1641.0000 1624.0680 4.9508 35.1490
1643.0000 1626.0398 4.9451 35.1483
1645.0000 1628.0114 4.9373 35.1477
1647.0000 1629.9830 4.9310 35.1468
1649.0000 1631.9548 4.9128 35.1450
1651.0000 1633.9264 4.9001 35.1436
1653.0000 1635.8978 4.8949 35.1432
1655.0000 1637.8695 4.8901 35.1428
1657.0000 1639.8411 4.8863 35.1424
1659.0000 1641.8125 4.8821 35.1417
1661.0000 1643.7842 4.8729 35.1406
1663.0000 1645.7556 4.8662 35.1393
1665.0000 1647.7269 4.8534 35.1376
1667.0000 1649.6986 4.8394 35.1361
1669.0000 1651.6700 4.8350 35.1355
1671.0000 1653.6415 4.8319 35.1352
1673.0000 1655.6129 4.8286 35.1347
1675.0000 1657.5842 4.8229 35.1338
1677.0000 1659.5558 4.8183 35.1334
1679.0000 1661.5270 4.8077 35.1316
1681.0000 1663.4984 4.7976 35.1301
1683.0000 1665.4697 4.7859 35.1286
1685.0000 1667.4410 4.7702 35.1268
1687.0000 1669.4121 4.7532 35.1248
1689.0000 1671.3837 4.7479 35.1245
1691.0000 1673.3550 4.7534 35.1266
1693.0000 1675.3260 4.7540 35.1271
1695.0000 1677.2974 4.7499 35.1268
1697.0000 1679.2684 4.7440 35.1259
1699.0000 1681.2397 4.7290 35.1241
1701.0000 1683.2108 4.7246 35.1236
1703.0000 1685.1819 4.7211 35.1236
1705.0000 1687.1532 4.7212 35.1241
1707.0000 1689.1240 4.7000 35.1202
1709.0000 1691.0953 4.6787 35.1177
1711.0000 1693.0664 4.6757 35.1171
1713.0000 1695.0375 4.6650 35.1159
1715.0000 1697.0084 4.6567 35.1160
1717.0000 1698.9795 4.6541 35.1160
1719.0000 1700.9506 4.6426 35.1146
1721.0000 1702.9213 4.6300 35.1133
1723.0000 1704.8923 4.6205 35.1123
1725.0000 1706.8634 4.6107 35.1112
1727.0000 1708.8342 4.6007 35.1100
1729.0000 1710.8052 4.5980 35.1098
1731.0000 1712.7760 4.5960 35.1096
1733.0000 1714.7469 4.5908 35.1090
1735.0000 1716.7177 4.5823 35.1082
1737.0000 1718.6885 4.5778 35.1079
1739.0000 1720.6595 4.5742 35.1076
1741.0000 1722.6300 4.5691 35.1071
1743.0000 1724.6010 4.5609 35.1063
1745.0000 1726.5718 4.5493 35.1048
1747.0000 1728.5425 4.5389 35.1039
1749.0000 1730.5132 4.5344 35.1032
1751.0000 1732.4838 4.5283 35.1024
1753.0000 1734.4546 4.5213 35.1017
1755.0000 1736.4252 4.5107 35.1006
1757.0000 1738.3958 4.5070 35.1005
1759.0000 1740.3665 4.5008 35.0999
1761.0000 1742.3372 4.4905 35.0986
1763.0000 1744.3076 4.4780 35.0972
1765.0000 1746.2782 4.4703 35.0965
1767.0000 1748.2489 4.4641 35.0957
1769.0000 1750.2192 4.4613 35.0954
1771.0000 1752.1898 4.4560 35.0947
1773.0000 1754.1605 4.4503 35.0941
1775.0000 1756.1310 4.4482 35.0943
1777.0000 1758.1012 4.4488 35.0945
1779.0000 1760.0717 4.4431 35.0938
1781.0000 1762.0424 4.4386 35.0935
1783.0000 1764.0125 4.4280 35.0925
1785.0000 1765.9830 4.4222 35.0921
1787.0000 1767.9532 4.4199 35.0917
1789.0000 1769.9240 4.4156 35.0911
1791.0000 1771.8940 4.4125 35.0907
1793.0000 1773.8645 4.4056 35.0897
1795.0000 1775.8347 4.3986 35.0887
1797.0000 1777.8048 4.3912 35.0879
1799.0000 1779.7751 4.3884 35.0875
1801.0000 1781.7455 4.3781 35.0858
1803.0000 1783.7155 4.3661 35.0847
1805.0000 1785.6858 4.3589 35.0837
1807.0000 1787.6562 4.3525 35.0829
1809.0000 1789.6262 4.3413 35.0818
1811.0000 1791.5963 4.3261 35.0800
1813.0000 1793.5665 4.3167 35.0790
1815.0000 1795.5367 4.2978 35.0765
1817.0000 1797.5066 4.2946 35.0765
1819.0000 1799.4768 4.2949 35.0766
1821.0000 1801.4469 4.3014 35.0791
1823.0000 1803.4171 4.3075 35.0807
1825.0000 1805.3868 4.2997 35.0791
1827.0000 1807.3571 4.2754 35.0759
1829.0000 1809.3268 4.2677 35.0750
1831.0000 1811.2969 4.2605 35.0742
1833.0000 1813.2667 4.2542 35.0736
1835.0000 1815.2369 4.2516 35.0736
1837.0000 1817.2068 4.2470 35.0731
1839.0000 1819.1766 4.2427 35.0729
1841.0000 1821.1465 4.2354 35.0722
1843.0000 1823.1165 4.2305 35.0719
1845.0000 1825.0862 4.2288 35.0720
1847.0000 1827.0559 4.2267 35.0719
1849.0000 1829.0258 4.2232 35.0720
1851.0000 1830.9957 4.2196 35.0723
1853.0000 1832.9652 4.2159 35.0722
1855.0000 1834.9351 4.2147 35.0723
1857.0000 1836.9049 4.2155 35.0728
1859.0000 1838.8745 4.2161 35.0732
1861.0000 1840.8441 4.2118 35.0725
1863.0000 1842.8140 4.2054 35.0717
1865.0000 1844.7833 4.2017 35.0715
1867.0000 1846.7532 4.2006 35.0715
1869.0000 1848.7230 4.1998 35.0716
1871.0000 1850.6924 4.1988 35.0715
1873.0000 1852.6621 4.1901 35.0707
1875.0000 1854.6315 4.1834 35.0709
1877.0000 1856.6013 4.1817 35.0712
1879.0000 1858.5706 4.1785 35.0708
1881.0000 1860.5402 4.1734 35.0705
1883.0000 1862.5098 4.1697 35.0700
1885.0000 1864.4794 4.1640 35.0695
1887.0000 1866.4486 4.1615 35.0695
1889.0000 1868.4180 4.1523 35.0685
1891.0000 1870.3876 4.1491 35.0685
1893.0000 1872.3568 4.1473 35.0683
1895.0000 1874.3264 4.1476 35.0681
1897.0000 1876.2957 4.1419 35.0677
1899.0000 1878.2650 4.1356 35.0673
1901.0000 1880.2343 4.1306 35.0669
1903.0000 1882.2036 4.1294 35.0666
1905.0000 1884.1729 4.1269 35.0665
1907.0000 1886.1421 4.1226 35.0659
1909.0000 1888.1115 4.1164 35.0654
1911.0000 1890.0807 4.1070 35.0643
1913.0000 1892.0500 4.0996 35.0637
1915.0000 1894.0190 4.0883 35.0630
1917.0000 1895.9883 4.0813 35.0620
1919.0000 1897.9574 4.0728 35.0611
1921.0000 1899.9265 4.0682 35.0607
1923.0000 1901.8959 4.0653 35.0605
1925.0000 1903.8649 4.0623 35.0604
1927.0000 1905.8339 4.0599 35.0606
1929.0000 1907.8029 4.0562 35.0600
1931.0000 1909.7720 4.0468 35.0587
1933.0000 1911.7412 4.0381 35.0578
1935.0000 1913.7100 4.0365 35.0577
1937.0000 1915.6792 4.0352 35.0576
1939.0000 1917.6479 4.0333 35.0574
1941.0000 1919.6169 4.0307 35.0571
1943.0000 1921.5859 4.0262 35.0566
1945.0000 1923.5549 4.0214 35.0561
1947.0000 1925.5239 4.0155 35.0557
1949.0000 1927.4926 4.0131 35.0555
1951.0000 1929.4617 4.0121 35.0554
1953.0000 1931.4307 4.0108 35.0557
1955.0000 1933.3990 4.0096 35.0562
1957.0000 1935.3680 4.0096 35.0565
1959.0000 1937.3369 4.0085 35.0566
1961.0000 1939.3058 4.0066 35.0567
1963.0000 1941.2744 4.0028 35.0563
1965.0000 1943.2432 3.9995 35.0560
1967.0000 1945.2120 3.9980 35.0558
1969.0000 1947.1808 3.9970 35.0556
1971.0000 1949.1493 3.9960 35.0562
1973.0000 1951.1182 3.9966 35.0563
1975.0000 1953.0867 3.9912 35.0557
1977.0000 1955.0553 3.9849 35.0554
1979.0000 1957.0240 3.9830 35.0552
1981.0000 1958.9927 3.9784 35.0547
1983.0000 1960.9609 3.9781 35.0545
1985.0000 1962.9298 3.9737 35.0544
1987.0000 1964.8983 3.9711 35.0544
1989.0000 1966.8669 3.9684 35.0539
1991.0000 1968.8353 3.9649 35.0536
1993.0000 1970.8038 3.9624 35.0534
1995.0000 1972.7725 3.9595 35.0531
1997.0000 1974.7407 3.9561 35.0529
1999.0000 1976.7091 3.9539 35.0527
2001.0000 1978.6777 3.9519 35.0525
2003.0000 1980.6461 3.9489 35.0521
2005.0000 1982.6143 3.9401 35.0514
2007.0000 1984.5828 3.9391 35.0514
2009.0000 1986.5509 3.9352 35.0509
2011.0000 1988.5193 3.9248 35.0498
2013.0000 1990.4877 3.9193 35.0494
2015.0000 1992.4561 3.9137 35.0486
2017.0000 1994.4242 3.9087 35.0482
2019.0000 1996.3926 3.9035 35.0476
2021.0000 1998.3610 3.9005 35.0473
2023.0000 2000.3291 3.8969 35.0469
2025.0000 2002.2972 3.8952 35.0468
2027.0000 2004.2654 3.8929 35.0466
2029.0000 2006.2335 3.8905 35.0464
2031.0000 2008.2017 3.8894 35.0463
2033.0000 2010.1698 3.8881 35.0464
2035.0000 2012.1379 3.8876 35.0463
2037.0000 2014.1062 3.8865 35.0461
2039.0000 2016.0741 3.8844 35.0459
2041.0000 2018.0420 3.8835 35.0458
2043.0000 2020.0101 3.8797 35.0453
2045.0000 2021.9781 3.8720 35.0446
2047.0000 2023.9460 3.8703 35.0443
2049.0000 2025.9142 3.8589 35.0428
2051.0000 2027.8823 3.8518 35.0425
2053.0000 2029.8501 3.8512 35.0424
2055.0000 2031.8181 3.8487 35.0421
2057.0000 2033.7860 3.8433 35.0417
2059.0000 2035.7538 3.8397 35.0412
2061.0000 2037.7217 3.8371 35.0410
2063.0000 2039.6896 3.8357 35.0409
2065.0000 2041.6573 3.8315 35.0402
2067.0000 2043.6251 3.8195 35.0390
2069.0000 2045.5930 3.8136 35.0386
2071.0000 2047.5610 3.8097 35.0381
2073.0000 2049.5286 3.8089 35.0381
2075.0000 2051.4963 3.8077 35.0380
2077.0000 2053.4641 3.8051 35.0377
2079.0000 2055.4316 3.7982 35.0370
2081.0000 2057.3994 3.7927 35.0364
2083.0000 2059.3672 3.7872 35.0360
2085.0000 2061.3350 3.7851 35.0359
2087.0000 2063.3025 3.7833 35.0356
2089.0000 2065.2700 3.7791 35.0352
2091.0000 2067.2378 3.7747 35.0347
2093.0000 2069.2053 3.7701 35.0340
2095.0000 2071.1729 3.7664 35.0338
2097.0000 2073.1404 3.7611 35.0332
2099.0000 2075.1079 3.7581 35.0329
2101.0000 2077.0754 3.7566 35.0328
2103.0000 2079.0430 3.7542 35.0325
2105.0000 2081.0103 3.7493 35.0318
2107.0000 2082.9778 3.7471 35.0318
2109.0000 2084.9453 3.7461 35.0316
2111.0000 2086.9128 3.7421 35.0311
2113.0000 2088.8801 3.7387 35.0309
2115.0000 2090.8474 3.7371 35.0307
2117.0000 2092.8149 3.7346 35.0306
2119.0000 2094.7822 3.7307 35.0303
2121.0000 2096.7493 3.7280 35.0301
2123.0000 2098.7168 3.7249 35.0298
2125.0000 2100.6841 3.7228 35.0297
2127.0000 2102.6514 3.7164 35.0289
2129.0000 2104.6187 3.7092 35.0283
2131.0000 2106.5859 3.7069 35.0281
2133.0000 2108.5532 3.7019 35.0275
2135.0000 2110.5203 3.6975 35.0270
2137.0000 2112.4875 3.6965 35.0270
2139.0000 2114.4546 3.6960 35.0269
2141.0000 2116.4216 3.6931 35.0267
2143.0000 2118.3889 3.6903 35.0262
2145.0000 2120.3560 3.6862 35.0258
2147.0000 2122.3232 3.6843 35.0255
2149.0000 2124.2900 3.6797 35.0250
2151.0000 2126.2571 3.6777 35.0248
2153.0000 2128.2244 3.6764 35.0246
2155.0000 2130.1914 3.6742 35.0244
2157.0000 2132.1584 3.6710 35.0241
2159.0000 2134.1252 3.6660 35.0235
2161.0000 2136.0925 3.6595 35.0230
2163.0000 2138.0591 3.6571 35.0229
2165.0000 2140.0261 3.6551 35.0226
2167.0000 2141.9934 3.6518 35.0222
2169.0000 2143.9597 3.6487 35.0220
2171.0000 2145.9268 3.6476 35.0219
2173.0000 2147.8938 3.6459 35.0218
2175.0000 2149.8608 3.6454 35.0217
2177.0000 2151.8274 3.6439 35.0215
2179.0000 2153.7942 3.6423 35.0215
2181.0000 2155.7610 3.6407 35.0211
2183.0000 2157.7278 3.6394 35.0211
2185.0000 2159.6946 3.6391 35.0210
2187.0000 2161.6614 3.6370 35.0208
2189.0000 2163.6279 3.6322 35.0203
2191.0000 2165.5945 3.6304 35.0201
2193.0000 2167.5613 3.6278 35.0199
2195.0000 2169.5281 3.6238 35.0195
2197.0000 2171.4944 3.6203 35.0192
2199.0000 2173.4614 3.6187 35.0191
2201.0000 2175.4280 3.6180 35.0191
2203.0000 2177.3943 3.6154 35.0188
2205.0000 2179.3611 3.6132 35.0186
2207.0000 2181.3274 3.6090 35.0181
2209.0000 2183.2942 3.6068 35.0180
2211.0000 2185.2607 3.6086 35.0181
2213.0000 2187.2271 3.6068 35.0180
2215.0000 2189.1936 3.6024 35.0177
2217.0000 2191.1599 3.5995 35.0174
2219.0000 2193.1265 3.5976 35.0172
2221.0000 2195.0930 3.5966 35.0171
2223.0000 2197.0596 3.5929 35.0166
2225.0000 2199.0259 3.5857 35.0158
2227.0000 2200.9922 3.5814 35.0156
2229.0000 2202.9583 3.5804 35.0154
2231.0000 2204.9246 3.5784 35.0152
2233.0000 2206.8911 3.5756 35.0150
2235.0000 2208.8574 3.5734 35.0147
2237.0000 2210.8237 3.5716 35.0145
2239.0000 2212.7898 3.5717 35.0145
2241.0000 2214.7563 3.5688 35.0142
2243.0000 2216.7227 3.5645 35.0138
2245.0000 2218.6885 3.5638 35.0137
2247.0000 2220.6548 3.5627 35.0137
2249.0000 2222.6211 3.5614 35.0134
2251.0000 2224.5872 3.5574 35.0130
2253.0000 2226.5532 3.5537 35.0127
2255.0000 2228.5193 3.5506 35.0124
2257.0000 2230.4856 3.5461 35.0119
2259.0000 2232.4514 3.5449 35.0119
2261.0000 2234.4175 3.5441 35.0118
2263.0000 2236.3835 3.5437 35.0118
2265.0000 2238.3494 3.5429 35.0118
2267.0000 2240.3157 3.5417 35.0116
2269.0000 2242.2817 3.5414 35.0116
2271.0000 2244.2478 3.5412 35.0117
2273.0000 2246.2136 3.5371 35.0112
2275.0000 2248.1794 3.5270 35.0101
2277.0000 2250.1455 3.5257 35.0101
2279.0000 2252.1113 3.5261 35.0103
2281.0000 2254.0771 3.5253 35.0103
2283.0000 2256.0432 3.5223 35.0100
2285.0000 2258.0090 3.5197 35.0096
2287.0000 2259.9746 3.5188 35.0094
2289.0000 2261.9407 3.5177 35.0092
2291.0000 2263.9065 3.5164 35.0091
2293.0000 2265.8721 3.5099 35.0084
2295.0000 2267.8379 3.5068 35.0082
2297.0000 2269.8037 3.5061 35.0081
2299.0000 2271.7695 3.5040 35.0079
2301.0000 2273.7351 3.5038 35.0079
2303.0000 2275.7009 3.5013 35.0075
2305.0000 2277.6665 3.4951 35.0069
2307.0000 2279.6318 3.4951 35.0070
2309.0000 2281.5977 3.4939 35.0068
2311.0000 2283.5632 3.4913 35.0065
2313.0000 2285.5291 3.4905 35.0065
2315.0000 2287.4944 3.4895 35.0064
2317.0000 2289.4600 3.4858 35.0060
2319.0000 2291.4255 3.4838 35.0058
2321.0000 2293.3911 3.4803 35.0055
2323.0000 2295.3567 3.4785 35.0053
2325.0000 2297.3220 3.4777 35.0053
2327.0000 2299.2876 3.4774 35.0049
2329.0000 2301.2529 3.4709 35.0045
2331.0000 2303.2185 3.4689 35.0044
2333.0000 2305.1841 3.4673 35.0042
2335.0000 2307.1492 3.4644 35.0038
2337.0000 2309.1147 3.4637 35.0038
2339.0000 2311.0801 3.4625 35.0036
2341.0000 2313.0454 3.4602 35.0034
2343.0000 2315.0107 3.4559 35.0030
2345.0000 2316.9761 3.4553 35.0030
2347.0000 2318.9412 3.4503 35.0025
2349.0000 2320.9065 3.4490 35.0024
2351.0000 2322.8716 3.4479 35.0023
2353.0000 2324.8372 3.4444 35.0019
2355.0000 2326.8020 3.4422 35.0017
2357.0000 2328.7673 3.4406 35.0015
2359.0000 2330.7324 3.4405 35.0015
2361.0000 2332.6978 3.4395 35.0014
2363.0000 2334.6628 3.4383 35.0013
2365.0000 2336.6279 3.4363 35.0011
2367.0000 2338.5933 3.4329 35.0007
2369.0000 2340.5581 3.4291 35.0003
2371.0000 2342.5232 3.4264 35.0001
2373.0000 2344.4885 3.4250 35.0000
2375.0000 2346.4534 3.4228 34.9997
2377.0000 2348.4185 3.4205 34.9994
2379.0000 2350.3835 3.4171 34.9992
2381.0000 2352.3484 3.4149 34.9989
2383.0000 2354.3132 3.4123 34.9986
2385.0000 2356.2783 3.4090 34.9983
2387.0000 2358.2432 3.4061 34.9980
2389.0000 2360.2080 3.4038 34.9978
2391.0000 2362.1731 3.4001 34.9976
2393.0000 2364.1379 3.3962 34.9971
2395.0000 2366.1028 3.3947 34.9971
2397.0000 2368.0674 3.3932 34.9969
2399.0000 2370.0325 3.3908 34.9966
2401.0000 2371.9973 3.3886 34.9964
2403.0000 2373.9619 3.3857 34.9962
2405.0000 2375.9268 3.3846 34.9960
2407.0000 2377.8914 3.3816 34.9958
2409.0000 2379.8562 3.3796 34.9956
2411.0000 2381.8208 3.3795 34.9956
2413.0000 2383.7856 3.3745 34.9950
2415.0000 2385.7502 3.3694 34.9946
2417.0000 2387.7148 3.3658 34.9942
2419.0000 2389.6799 3.3645 34.9940
2421.0000 2391.6445 3.3556 34.9934
2423.0000 2393.6091 3.3515 34.9930
2425.0000 2395.5735 3.3461 34.9925
2427.0000 2397.5381 3.3420 34.9922
2429.0000 2399.5027 3.3403 34.9921
2431.0000 2401.4670 3.3393 34.9920
2433.0000 2403.4316 3.3385 34.9920
2435.0000 2405.3962 3.3366 34.9917
2437.0000 2407.3608 3.3335 34.9915
2439.0000 2409.3252 3.3316 34.9913
2441.0000 2411.2896 3.3266 34.9907
2443.0000 2413.2542 3.3186 34.9901
2445.0000 2415.2183 3.3195 34.9900
2447.0000 2417.1826 3.3131 34.9895
2449.0000 2419.1472 3.3082 34.9891
2451.0000 2421.1113 3.3072 34.9891
2453.0000 2423.0757 3.3043 34.9888
2455.0000 2425.0400 3.3015 34.9885
2457.0000 2427.0046 3.2990 34.9882
2459.0000 2428.9688 3.2972 34.9880
2461.0000 2430.9331 3.2952 34.9878
2463.0000 2432.8975 3.2927 34.9876
2465.0000 2434.8613 3.2912 34.9875
2467.0000 2436.8257 3.2890 34.9872
2469.0000 2438.7900 3.2859 34.9870
2471.0000 2440.7542 3.2840 34.9867
2473.0000 2442.7180 3.2827 34.9867
2475.0000 2444.6824 3.2799 34.9864
2477.0000 2446.6465 3.2765 34.9860
2479.0000 2448.6104 3.2742 34.9859
2481.0000 2450.5745 3.2735 34.9858
2483.0000 2452.5388 3.2710 34.9855
2485.0000 2454.5029 3.2693 34.9855
2487.0000 2456.4668 3.2669 34.9850
2489.0000 2458.4309 3.2612 34.9845
2491.0000 2460.3948 3.2598 34.9844
2493.0000 2462.3586 3.2582 34.9842
2495.0000 2464.3228 3.2541 34.9838
2497.0000 2466.2866 3.2525 34.9836
2499.0000 2468.2507 3.2504 34.9834
2501.0000 2470.2144 3.2472 34.9830
2503.0000 2472.1785 3.2435 34.9826
2505.0000 2474.1426 3.2404 34.9823
2507.0000 2476.1060 3.2373 34.9819
2509.0000 2478.0701 3.2370 34.9821
2511.0000 2480.0337 3.2363 34.9821
2513.0000 2481.9978 3.2328 34.9817
2515.0000 2483.9612 3.2305 34.9814
2517.0000 2485.9250 3.2277 34.9811
2519.0000 2487.8887 3.2250 34.9808
2521.0000 2489.8525 3.2235 34.9807
2523.0000 2491.8162 3.2220 34.9805
2525.0000 2493.7800 3.2176 34.9801
2527.0000 2495.7437 3.2163 34.9801
2529.0000 2497.7073 3.2140 34.9797
2531.0000 2499.6709 3.2103 34.9794
2533.0000 2501.6345 3.2072 34.9790
2535.0000 2503.5981 3.2056 34.9789
2537.0000 2505.5618 3.2037 34.9787
2539.0000 2507.5254 3.2021 34.9786
2541.0000 2509.4888 3.2016 34.9785
2543.0000 2511.4524 3.1975 34.9781
2545.0000 2513.4158 3.1943 34.9780
2547.0000 2515.3794 3.1918 34.9777
2549.0000 2517.3430 3.1893 34.9774
2551.0000 2519.3064 3.1857 34.9770
2553.0000 2521.2698 3.1843 34.9769
2555.0000 2523.2332 3.1817 34.9766
2557.0000 2525.1965 3.1769 34.9761
2559.0000 2527.1599 3.1737 34.9758
2561.0000 2529.1233 3.1723 34.9757
2563.0000 2531.0867 3.1697 34.9755
2565.0000 2533.0500 3.1672 34.9753
2567.0000 2535.0134 3.1634 34.9747
2569.0000 2536.9763 3.1583 34.9743
2571.0000 2538.9397 3.1536 34.9738
2573.0000 2540.9031 3.1521 34.9737
2575.0000 2542.8667 3.1487 34.9734
2577.0000 2544.8296 3.1479 34.9733
2579.0000 2546.7930 3.1477 34.9734
2581.0000 2548.7561 3.1471 34.9733
2583.0000 2550.7190 3.1479 34.9736
2585.0000 2552.6824 3.1464 34.9735
2587.0000 2554.6455 3.1415 34.9731
2589.0000 2556.6084 3.1394 34.9730
2591.0000 2558.5715 3.1370 34.9728
2593.0000 2560.5347 3.1359 34.9726
2595.0000 2562.4978 3.1344 34.9724
2597.0000 2564.4609 3.1324 34.9721
2599.0000 2566.4238 3.1310 34.9720
2601.0000 2568.3870 3.1300 34.9720
2603.0000 2570.3496 3.1266 34.9717
2605.0000 2572.3127 3.1250 34.9716
2607.0000 2574.2759 3.1229 34.9714
2609.0000 2576.2388 3.1199 34.9710
2611.0000 2578.2017 3.1177 34.9708
2613.0000 2580.1646 3.1153 34.9706
2615.0000 2582.1277 3.1139 34.9704
2617.0000 2584.0903 3.1104 34.9701
2619.0000 2586.0532 3.1072 34.9696
2621.0000 2588.0159 3.1014 34.9691
2623.0000 2589.9788 3.1001 34.9690
2625.0000 2591.9417 3.0981 34.9691
2627.0000 2593.9045 3.0967 34.9690
2629.0000 2595.8672 3.0951 34.9689
2631.0000 2597.8298 3.0934 34.9686
2633.0000 2599.7925 3.0927 34.9686
2635.0000 2601.7554 3.0921 34.9685
2637.0000 2603.7183 3.0906 34.9683
2639.0000 2605.6807 3.0884 34.9678
2641.0000 2607.6431 3.0824 34.9671
2643.0000 2609.6060 3.0787 34.9667
2645.0000 2611.5686 3.0756 34.9667
2647.0000 2613.5312 3.0746 34.9667
2649.0000 2615.4937 3.0731 34.9665
2651.0000 2617.4563 3.0722 34.9664
2653.0000 2619.4189 3.0686 34.9662
2655.0000 2621.3813 3.0669 34.9662
2657.0000 2623.3440 3.0663 34.9661
2659.0000 2625.3064 3.0652 34.9659
2661.0000 2627.2688 3.0638 34.9658
2663.0000 2629.2314 3.0631 34.9657
2665.0000 2631.1936 3.0628 34.9657
2667.0000 2633.1562 3.0625 34.9657
2669.0000 2635.1187 3.0618 34.9655
2671.0000 2637.0811 3.0612 34.9655
2673.0000 2639.0432 3.0600 34.9655
2675.0000 2641.0056 3.0579 34.9651
2677.0000 2642.9683 3.0549 34.9647
2679.0000 2644.9302 3.0520 34.9644
2681.0000 2646.8926 3.0493 34.9642
2683.0000 2648.8550 3.0474 34.9639
2685.0000 2650.8174 3.0471 34.9640
2687.0000 2652.7793 3.0439 34.9634
2689.0000 2654.7417 3.0409 34.9633
2691.0000 2656.7041 3.0390 34.9633
2693.0000 2658.6658 3.0383 34.9634
2695.0000 2660.6282 3.0361 34.9634
2697.0000 2662.5903 3.0344 34.9632
2699.0000 2664.5527 3.0311 34.9628
2701.0000 2666.5146 3.0291 34.9626
2703.0000 2668.4766 3.0266 34.9623
2705.0000 2670.4390 3.0234 34.9621
2707.0000 2672.4006 3.0229 34.9621
2709.0000 2674.3628 3.0197 34.9616
2711.0000 2676.3252 3.0171 34.9615
2713.0000 2678.2869 3.0160 34.9613
2715.0000 2680.2488 3.0133 34.9610
2717.0000 2682.2112 3.0120 34.9609
2719.0000 2684.1731 3.0103 34.9608
2721.0000 2686.1345 3.0094 34.9608
2723.0000 2688.0964 3.0090 34.9608
2725.0000 2690.0588 3.0084 34.9606
2727.0000 2692.0205 3.0063 34.9605
2729.0000 2693.9824 3.0054 34.9604
2731.0000 2695.9443 3.0047 34.9603
2733.0000 2697.9062 3.0048 34.9601
2735.0000 2699.8677 3.0025 34.9601
2737.0000 2701.8298 3.0008 34.9598
2739.0000 2703.7917 2.9988 34.9596
2741.0000 2705.7529 2.9939 34.9592
2743.0000 2707.7151 2.9920 34.9590
2745.0000 2709.6768 2.9912 34.9590
2747.0000 2711.6384 2.9908 34.9590
2749.0000 2713.6001 2.9905 34.9589
2751.0000 2715.5618 2.9902 34.9589
2753.0000 2717.5234 2.9869 34.9584
2755.0000 2719.4851 2.9847 34.9583
2757.0000 2721.4468 2.9830 34.9581
2759.0000 2723.4082 2.9803 34.9579
2761.0000 2725.3701 2.9789 34.9578
2763.0000 2727.3315 2.9780 34.9577
2765.0000 2729.2930 2.9767 34.9576
2767.0000 2731.2546 2.9753 34.9574
2769.0000 2733.2161 2.9725 34.9571
2771.0000 2735.1775 2.9706 34.9570
2773.0000 2737.1392 2.9683 34.9568
2775.0000 2739.1006 2.9689 34.9568
2777.0000 2741.0618 2.9644 34.9565
2779.0000 2743.0234 2.9629 34.9563
2781.0000 2744.9846 2.9617 34.9562
2783.0000 2746.9458 2.9610 34.9561
2785.0000 2748.9075 2.9592 34.9559
2787.0000 2750.8689 2.9564 34.9556
2789.0000 2752.8301 2.9546 34.9555
2791.0000 2754.7915 2.9529 34.9553
2793.0000 2756.7527 2.9512 34.9552
2795.0000 2758.7141 2.9498 34.9550
2797.0000 2760.6750 2.9469 34.9548
2799.0000 2762.6365 2.9462 34.9546
2801.0000 2764.5979 2.9451 34.9546
2803.0000 2766.5588 2.9425 34.9543
2805.0000 2768.5203 2.9404 34.9540
2807.0000 2770.4814 2.9392 34.9540
2809.0000 2772.4426 2.9386 34.9539
2811.0000 2774.4036 2.9344 34.9535
2813.0000 2776.3647 2.9324 34.9532
2815.0000 2778.3259 2.9312 34.9531
2817.0000 2780.2869 2.9299 34.9531
2819.0000 2782.2478 2.9282 34.9528
2821.0000 2784.2092 2.9259 34.9527
2823.0000 2786.1702 2.9235 34.9524
2825.0000 2788.1309 2.9228 34.9524
2827.0000 2790.0923 2.9227 34.9525
2829.0000 2792.0530 2.9228 34.9524
2831.0000 2794.0139 2.9208 34.9522
2833.0000 2795.9751 2.9186 34.9520
2835.0000 2797.9358 2.9175 34.9519
2837.0000 2799.8970 2.9165 34.9518
2839.0000 2801.8574 2.9159 34.9517
2841.0000 2803.8188 2.9131 34.9514
2843.0000 2805.7795 2.9107 34.9513
2845.0000 2807.7402 2.9091 34.9510
2847.0000 2809.7012 2.9065 34.9508
2849.0000 2811.6619 2.9048 34.9507
2851.0000 2813.6226 2.9023 34.9504
2853.0000 2815.5835 2.9007 34.9503
2855.0000 2817.5444 2.8991 34.9502
2857.0000 2819.5051 2.8956 34.9498
2859.0000 2821.4653 2.8922 34.9496
2861.0000 2823.4265 2.8908 34.9496
2863.0000 2825.3870 2.8902 34.9495
2865.0000 2827.3477 2.8896 34.9493
2867.0000 2829.3083 2.8859 34.9491
2869.0000 2831.2690 2.8840 34.9489
2871.0000 2833.2297 2.8827 34.9488
2873.0000 2835.1902 2.8811 34.9487
2875.0000 2837.1506 2.8785 34.9484
2877.0000 2839.1113 2.8769 34.9483
2879.0000 2841.0718 2.8733 34.9480
2881.0000 2843.0322 2.8699 34.9477
2883.0000 2844.9929 2.8662 34.9473
2885.0000 2846.9534 2.8637 34.9472
2887.0000 2848.9138 2.8632 34.9471
2889.0000 2850.8743 2.8628 34.9471
2891.0000 2852.8350 2.8619 34.9470
2893.0000 2854.7949 2.8605 34.9469
2895.0000 2856.7554 2.8599 34.9469
2897.0000 2858.7158 2.8580 34.9467
2899.0000 2860.6763 2.8545 34.9464
2901.0000 2862.6365 2.8540 34.9463
2903.0000 2864.5969 2.8542 34.9463
2905.0000 2866.5574 2.8524 34.9461
2907.0000 2868.5171 2.8475 34.9459
2909.0000 2870.4778 2.8465 34.9458
2911.0000 2872.4380 2.8458 34.9457
2913.0000 2874.3982 2.8444 34.9455
2915.0000 2876.3584 2.8416 34.9455
2917.0000 2878.3188 2.8401 34.9454
2919.0000 2880.2788 2.8396 34.9454
2921.0000 2882.2390 2.8395 34.9455
2923.0000 2884.1992 2.8387 34.9453
2925.0000 2886.1594 2.8378 34.9452
2927.0000 2888.1191 2.8375 34.9451
2929.0000 2890.0793 2.8360 34.9449
2931.0000 2892.0396 2.8338 34.9448
2933.0000 2893.9998 2.8333 34.9448
2935.0000 2895.9595 2.8319 34.9447
2937.0000 2897.9197 2.8280 34.9444
2939.0000 2899.8799 2.8262 34.9443
2941.0000 2901.8396 2.8238 34.9439
2943.0000 2903.7996 2.8221 34.9438
2945.0000 2905.7598 2.8213 34.9437
2947.0000 2907.7195 2.8203 34.9436
2949.0000 2909.6794 2.8187 34.9433
2951.0000 2911.6392 2.8179 34.9434
2953.0000 2913.5994 2.8167 34.9432
2955.0000 2915.5588 2.8148 34.9430
2957.0000 2917.5188 2.8132 34.9429
2959.0000 2919.4788 2.8131 34.9429
2961.0000 2921.4387 2.8118 34.9427
2963.0000 2923.3982 2.8097 34.9424
2965.0000 2925.3582 2.8084 34.9424
2967.0000 2927.3179 2.8068 34.9423
2969.0000 2929.2773 2.8048 34.9420
2971.0000 2931.2373 2.8039 34.9419
2973.0000 2933.1970 2.8024 34.9418
2975.0000 2935.1565 2.8011 34.9416
2977.0000 2937.1162 2.7974 34.9411
2979.0000 2939.0759 2.7948 34.9407
2981.0000 2941.0356 2.7930 34.9405
2983.0000 2942.9949 2.7921 34.9407
2985.0000 2944.9548 2.7917 34.9407
2987.0000 2946.9146 2.7911 34.9406
2989.0000 2948.8738 2.7893 34.9405
2991.0000 2950.8335 2.7877 34.9404
2993.0000 2952.7930 2.7855 34.9401
2995.0000 2954.7527 2.7837 34.9399
2997.0000 2956.7119 2.7830 34.9398
2999.0000 2958.6716 2.7810 34.9396
3001.0000 2960.6311 2.7785 34.9394
3003.0000 2962.5903 2.7768 34.9391
3005.0000 2964.5496 2.7750 34.9390
3007.0000 2966.5093 2.7742 34.9390
3009.0000 2968.4688 2.7734 34.9388
3011.0000 2970.4280 2.7728 34.9388
3013.0000 2972.3875 2.7719 34.9386
3015.0000 2974.3467 2.7706 34.9385
3017.0000 2976.3059 2.7697 34.9384
3019.0000 2978.2651 2.7689 34.9384
3021.0000 2980.2246 2.7677 34.9381
3023.0000 2982.1841 2.7664 34.9382
3025.0000 2984.1428 2.7644 34.9380
3027.0000 2986.1023 2.7639 34.9379
3029.0000 2988.0615 2.7607 34.9376
3031.0000 2990.0205 2.7583 34.9375
3033.0000 2991.9797 2.7579 34.9375
3035.0000 2993.9390 2.7566 34.9374
3037.0000 2995.8982 2.7561 34.9373
3039.0000 2997.8572 2.7553 34.9372
3041.0000 2999.8164 2.7544 34.9372
3043.0000 3001.7754 2.7539 34.9372
3045.0000 3003.7344 2.7533 34.9371
3047.0000 3005.6936 2.7519 34.9371
3049.0000 3007.6526 2.7505 34.9370
3051.0000 3009.6113 2.7502 34.9370
3053.0000 3011.5703 2.7500 34.9370
3055.0000 3013.5295 2.7493 34.9368
3057.0000 3015.4888 2.7466 34.9366
3059.0000 3017.4473 2.7434 34.9363
3061.0000 3019.4065 2.7426 34.9363
3063.0000 3021.3652 2.7424 34.9362
3065.0000 3023.3242 2.7402 34.9360
3067.0000 3025.2832 2.7405 34.9359
3069.0000 3027.2419 2.7386 34.9359
3071.0000 3029.2009 2.7380 34.9357
3073.0000 3031.1594 2.7356 34.9354
3075.0000 3033.1184 2.7323 34.9349
3077.0000 3035.0774 2.7313 34.9348
3079.0000 3037.0359 2.7300 34.9347
3081.0000 3038.9946 2.7272 34.9342
3083.0000 3040.9536 2.7270 34.9342
3085.0000 3042.9121 2.7263 34.9340
3087.0000 3044.8708 2.7250 34.9338
3089.0000 3046.8293 2.7243 34.9336
3091.0000 3048.7883 2.7227 34.9335
3093.0000 3050.7468 2.7207 34.9333
3095.0000 3052.7053 2.7181 34.9331
3097.0000 3054.6641 2.7163 34.9329
3099.0000 3056.6228 2.7152 34.9328
3101.0000 3058.5811 2.7145 34.9327
3103.0000 3060.5398 2.7124 34.9325
3105.0000 3062.4985 2.7115 34.9323
3107.0000 3064.4568 2.7096 34.9322
3109.0000 3066.4153 2.7076 34.9320
3111.0000 3068.3740 2.7044 34.9316
3113.0000 3070.3320 2.7035 34.9316
3115.0000 3072.2908 2.7022 34.9315
3117.0000 3074.2490 2.7006 34.9314
3119.0000 3076.2078 2.6999 34.9312
3121.0000 3078.1658 2.6985 34.9311
3123.0000 3080.1243 2.6978 34.9311
3125.0000 3082.0828 2.6971 34.9310
3127.0000 3084.0410 2.6956 34.9308
3129.0000 3085.9993 2.6947 34.9307
3131.0000 3087.9575 2.6934 34.9307
3133.0000 3089.9163 2.6925 34.9305
3135.0000 3091.8740 2.6917 34.9305
3137.0000 3093.8325 2.6909 34.9304
3139.0000 3095.7908 2.6904 34.9302
3141.0000 3097.7490 2.6868 34.9300
3143.0000 3099.7073 2.6857 34.9299
3145.0000 3101.6655 2.6848 34.9299
3147.0000 3103.6238 2.6841 34.9298
3149.0000 3105.5815 2.6831 34.9297
3151.0000 3107.5400 2.6817 34.9294
3153.0000 3109.4983 2.6809 34.9295
3155.0000 3111.4558 2.6808 34.9294
3157.0000 3113.4141 2.6808 34.9294
3159.0000 3115.3723 2.6797 34.9293
3161.0000 3117.3303 2.6780 34.9291
3163.0000 3119.2883 2.6774 34.9290
3165.0000 3121.2463 2.6759 34.9290
3167.0000 3123.2043 2.6747 34.9288
3169.0000 3125.1621 2.6741 34.9287
3171.0000 3127.1201 2.6734 34.9287
3173.0000 3129.0784 2.6730 34.9287
3175.0000 3131.0359 2.6714 34.9284
3177.0000 3132.9939 2.6701 34.9284
3179.0000 3134.9519 2.6695 34.9283
3181.0000 3136.9097 2.6686 34.9282
3183.0000 3138.8674 2.6673 34.9280
3185.0000 3140.8254 2.6669 34.9281
3187.0000 3142.7834 2.6659 34.9279
3189.0000 3144.7407 2.6642 34.9277
3191.0000 3146.6987 2.6638 34.9278
3193.0000 3148.6565 2.6634 34.9277
3195.0000 3150.6143 2.6624 34.9276
3197.0000 3152.5720 2.6621 34.9275
3199.0000 3154.5298 2.6604 34.9275
3201.0000 3156.4878 2.6598 34.9276
3203.0000 3158.4448 2.6592 34.9274
3205.0000 3160.4028 2.6580 34.9273
3207.0000 3162.3606 2.6572 34.9272
3209.0000 3164.3184 2.6565 34.9271
3211.0000 3166.2754 2.6538 34.9268
3213.0000 3168.2332 2.6520 34.9267
3215.0000 3170.1909 2.6515 34.9266
3217.0000 3172.1484 2.6510 34.9266
3219.0000 3174.1057 2.6499 34.9265
3221.0000 3176.0635 2.6495 34.9264
3223.0000 3178.0212 2.6484 34.9263
3225.0000 3179.9785 2.6474 34.9262
3227.0000 3181.9358 2.6468 34.9261
3229.0000 3183.8933 2.6444 34.9260
3231.0000 3185.8508 2.6432 34.9258
3233.0000 3187.8083 2.6412 34.9255
3235.0000 3189.7656 2.6398 34.9254
3237.0000 3191.7227 2.6384 34.9252
3239.0000 3193.6802 2.6377 34.9252
3241.0000 3195.6377 2.6371 34.9251
3243.0000 3197.5950 2.6373 34.9252
3245.0000 3199.5520 2.6356 34.9249
3247.0000 3201.5095 2.6343 34.9249
3249.0000 3203.4670 2.6341 34.9249
3251.0000 3205.4238 2.6341 34.9248
3253.0000 3207.3811 2.6342 34.9247
3255.0000 3209.3386 2.6340 34.9248
3257.0000 3211.2959 2.6333 34.9247
3259.0000 3213.2529 2.6323 34.9246
3261.0000 3215.2100 2.6312 34.9244
3263.0000 3217.1672 2.6300 34.9243
3265.0000 3219.1243 2.6293 34.9242
3267.0000 3221.0815 2.6268 34.9239
3269.0000 3223.0388 2.6248 34.9238
3271.0000 3224.9958 2.6225 34.9236
3273.0000 3226.9526 2.6218 34.9235
3275.0000 3228.9099 2.6209 34.9235
3277.0000 3230.8669 2.6197 34.9232
3279.0000 3232.8237 2.6179 34.9231
3281.0000 3234.7808 2.6175 34.9231
3283.0000 3236.7378 2.6167 34.9229
3285.0000 3238.6948 2.6155 34.9228
3287.0000 3240.6516 2.6145 34.9228
3289.0000 3242.6086 2.6143 34.9228
3291.0000 3244.5654 2.6143 34.9228
3293.0000 3246.5222 2.6133 34.9227
3295.0000 3248.4790 2.6108 34.9225
3297.0000 3250.4363 2.6099 34.9223
3299.0000 3252.3928 2.6112 34.9223
3301.0000 3254.3496 2.6083 34.9222
3303.0000 3256.3064 2.6081 34.9222
3305.0000 3258.2634 2.6071 34.9220
3307.0000 3260.2200 2.6056 34.9219
3309.0000 3262.1770 2.6057 34.9218
3311.0000 3264.1338 2.6040 34.9217
3313.0000 3266.0901 2.6032 34.9215
3315.0000 3268.0469 2.6015 34.9213
3317.0000 3270.0037 2.6010 34.9211
3319.0000 3271.9604 2.5979 34.9210
3321.0000 3273.9170 2.5963 34.9209
3323.0000 3275.8735 2.5954 34.9208
3325.0000 3277.8301 2.5951 34.9207
3327.0000 3279.7866 2.5930 34.9205
3329.0000 3281.7432 2.5933 34.9206
3331.0000 3283.7000 2.5920 34.9206
3333.0000 3285.6565 2.5918 34.9205
3335.0000 3287.6128 2.5920 34.9206
3337.0000 3289.5693 2.5918 34.9206
3339.0000 3291.5259 2.5907 34.9204
3341.0000 3293.4822 2.5913 34.9204
3343.0000 3295.4387 2.5883 34.9203
3345.0000 3297.3955 2.5875 34.9202
3347.0000 3299.3518 2.5867 34.9201
3349.0000 3301.3081 2.5846 34.9198
3351.0000 3303.2644 2.5834 34.9198
3353.0000 3305.2209 2.5832 34.9197
3355.0000 3307.1770 2.5832 34.9197
3357.0000 3309.1333 2.5821 34.9195
3359.0000 3311.0898 2.5812 34.9197
3361.0000 3313.0464 2.5797 34.9195
3363.0000 3315.0024 2.5799 34.9199
3365.0000 3316.9587 2.5797 34.9198
3367.0000 3318.9148 2.5794 34.9198
3369.0000 3320.8708 2.5778 34.9195
3371.0000 3322.8271 2.5767 34.9194
3373.0000 3324.7834 2.5764 34.9193
3375.0000 3326.7395 2.5752 34.9192
3377.0000 3328.6958 2.5749 34.9191
3379.0000 3330.6521 2.5729 34.9188
3381.0000 3332.6082 2.5702 34.9186
3383.0000 3334.5640 2.5693 34.9185
3385.0000 3336.5203 2.5686 34.9185
3387.0000 3338.4763 2.5670 34.9182
3389.0000 3340.4321 2.5660 34.9180
3391.0000 3342.3884 2.5649 34.9179
3393.0000 3344.3442 2.5654 34.9183
3395.0000 3346.3005 2.5647 34.9183
3397.0000 3348.2566 2.5640 34.9181
3399.0000 3350.2124 2.5632 34.9181
3401.0000 3352.1685 2.5615 34.9180
3403.0000 3354.1240 2.5609 34.9179
3405.0000 3356.0798 2.5597 34.9178
3407.0000 3358.0361 2.5588 34.9177
3409.0000 3359.9919 2.5582 34.9176
3411.0000 3361.9473 2.5568 34.9175
3413.0000 3363.9036 2.5561 34.9174
3415.0000 3365.8594 2.5554 34.9174
3417.0000 3367.8149 2.5550 34.9172
3419.0000 3369.7710 2.5544 34.9171
3421.0000 3371.7268 2.5524 34.9167
3423.0000 3373.6826 2.5511 34.9166
3425.0000 3375.6382 2.5490 34.9164
3427.0000 3377.5940 2.5487 34.9165
3429.0000 3379.5496 2.5489 34.9166
3431.0000 3381.5049 2.5490 34.9167
3433.0000 3383.4607 2.5490 34.9167
3435.0000 3385.4165 2.5454 34.9161
3437.0000 3387.3721 2.5426 34.9157
3439.0000 3389.3279 2.5404 34.9152
3441.0000 3391.2832 2.5391 34.9151
3443.0000 3393.2390 2.5369 34.9147
3445.0000 3395.1946 2.5351 34.9145
3447.0000 3397.1499 2.5340 34.9144
3449.0000 3399.1057 2.5326 34.9143
3451.0000 3401.0613 2.5321 34.9145
3453.0000 3403.0166 2.5323 34.9145
3455.0000 3404.9724 2.5323 34.9145
3457.0000 3406.9277 2.5320 34.9145
3459.0000 3408.8828 2.5319 34.9145
3461.0000 3410.8386 2.5317 34.9145
3463.0000 3412.7939 2.5314 34.9144
3465.0000 3414.7490 2.5315 34.9145
3467.0000 3416.7046 2.5317 34.9145
3469.0000 3418.6599 2.5315 34.9145
3471.0000 3420.6152 2.5314 34.9145
3473.0000 3422.5703 2.5313 34.9145
3475.0000 3424.5259 2.5287 34.9140
3477.0000 3426.4812 2.5261 34.9137
3479.0000 3428.4363 2.5249 34.9135
3481.0000 3430.3916 2.5240 34.9135
3483.0000 3432.3469 2.5228 34.9133
3485.0000 3434.3020 2.5212 34.9131
3487.0000 3436.2571 2.5211 34.9131
3489.0000 3438.2124 2.5212 34.9133
3491.0000 3440.1675 2.5216 34.9131
3493.0000 3442.1226 2.5199 34.9133
3495.0000 3444.0779 2.5186 34.9131
3497.0000 3446.0330 2.5179 34.9131
3499.0000 3447.9878 2.5175 34.9130
3501.0000 3449.9429 2.5169 34.9128
3503.0000 3451.8982 2.5164 34.9128
3505.0000 3453.8533 2.5162 34.9129
3507.0000 3455.8079 2.5163 34.9129
3509.0000 3457.7632 2.5160 34.9128
3511.0000 3459.7183 2.5153 34.9127
3513.0000 3461.6729 2.5126 34.9122
3515.0000 3463.6279 2.5117 34.9122
3517.0000 3465.5828 2.5116 34.9122
3519.0000 3467.5378 2.5115 34.9121
3521.0000 3469.4929 2.5113 34.9121
3523.0000 3471.4478 2.5097 34.9120
3525.0000 3473.4023 2.5092 34.9120
3527.0000 3475.3569 2.5089 34.9118
3529.0000 3477.3120 2.5085 34.9119
3531.0000 3479.2671 2.5074 34.9118
3533.0000 3481.2219 2.5066 34.9118
3535.0000 3483.1765 2.5063 34.9117
3537.0000 3485.1311 2.5055 34.9116
3539.0000 3487.0862 2.5048 34.9115
3541.0000 3489.0408 2.5042 34.9114
3543.0000 3490.9954 2.5025 34.9111
3545.0000 3492.9502 2.5018 34.9111
3547.0000 3494.9053 2.5013 34.9111
3549.0000 3496.8594 2.5011 34.9110
3551.0000 3498.8145 2.5009 34.9110
3553.0000 3500.7690 2.5008 34.9110
3555.0000 3502.7231 2.4995 34.9108
3557.0000 3504.6782 2.4978 34.9105
3559.0000 3506.6328 2.4962 34.9104
3561.0000 3508.5869 2.4955 34.9103
3563.0000 3510.5415 2.4945 34.9102
3565.0000 3512.4961 2.4940 34.9100
3567.0000 3514.4507 2.4934 34.9102
3569.0000 3516.4048 2.4927 34.9100
3571.0000 3518.3594 2.4914 34.9098
3573.0000 3520.3140 2.4889 34.9096
3575.0000 3522.2681 2.4882 34.9095
3577.0000 3524.2227 2.4880 34.9095
3579.0000 3526.1772 2.4880 34.9094
3581.0000 3528.1313 2.4880 34.9094
3583.0000 3530.0857 2.4876 34.9093
3585.0000 3532.0403 2.4870 34.9092
3587.0000 3533.9949 2.4869 34.9093
3589.0000 3535.9490 2.4872 34.9093
3591.0000 3537.9031 2.4872 34.9093
3593.0000 3539.8577 2.4870 34.9091
3595.0000 3541.8118 2.4863 34.9090
3597.0000 3543.7661 2.4847 34.9089
3599.0000 3545.7202 2.4841 34.9088
3601.0000 3547.6743 2.4833 34.9087
3603.0000 3549.6284 2.4827 34.9086
3605.0000 3551.5825 2.4823 34.9086
3607.0000 3553.5369 2.4817 34.9083
3609.0000 3555.4910 2.4808 34.9083
3611.0000 3557.4451 2.4802 34.9081
3613.0000 3559.3992 2.4799 34.9082
3615.0000 3561.3535 2.4796 34.9082
3617.0000 3563.3071 2.4794 34.9080
3619.0000 3565.2612 2.4792 34.9079
3621.0000 3567.2156 2.4792 34.9079
3623.0000 3569.1697 2.4795 34.9080
3625.0000 3571.1233 2.4794 34.9080
3627.0000 3573.0776 2.4790 34.9078
3629.0000 3575.0312 2.4788 34.9078
3631.0000 3576.9854 2.4782 34.9077
3633.0000 3578.9392 2.4770 34.9076
3635.0000 3580.8933 2.4763 34.9075
3637.0000 3582.8472 2.4764 34.9074
3639.0000 3584.8008 2.4751 34.9073
3641.0000 3586.7549 2.4744 34.9072
3643.0000 3588.7087 2.4743 34.9071
3645.0000 3590.6621 2.4743 34.9071
3647.0000 3592.6162 2.4743 34.9071
3649.0000 3594.5703 2.4738 34.9071
3651.0000 3596.5237 2.4730 34.9070
3653.0000 3598.4773 2.4720 34.9069
3655.0000 3600.4312 2.4706 34.9069
3657.0000 3602.3853 2.4697 34.9067
3659.0000 3604.3386 2.4691 34.9066
3661.0000 3606.2922 2.4683 34.9066
3663.0000 3608.2461 2.4677 34.9064
3665.0000 3610.1995 2.4674 34.9065
3667.0000 3612.1531 2.4668 34.9063
3669.0000 3614.1069 2.4662 34.9064
3671.0000 3616.0605 2.4661 34.9063
3673.0000 3618.0139 2.4655 34.9062
3675.0000 3619.9678 2.4644 34.9060
3677.0000 3621.9214 2.4641 34.9060
3679.0000 3623.8748 2.4632 34.9059
3681.0000 3625.8281 2.4630 34.9059
3683.0000 3627.7817 2.4629 34.9058
3685.0000 3629.7351 2.4633 34.9059
3687.0000 3631.6885 2.4632 34.9058
3689.0000 3633.6418 2.4628 34.9057
3691.0000 3635.5959 2.4626 34.9057
3693.0000 3637.5488 2.4626 34.9057
3695.0000 3639.5022 2.4623 34.9056
3697.0000 3641.4558 2.4616 34.9056
3699.0000 3643.4087 2.4608 34.9055
3701.0000 3645.3621 2.4600 34.9054
3703.0000 3647.3159 2.4600 34.9053
3705.0000 3649.2690 2.4600 34.9053
3707.0000 3651.2222 2.4596 34.9053
3709.0000 3653.1753 2.4593 34.9053
3711.0000 3655.1287 2.4586 34.9051
3713.0000 3657.0815 2.4574 34.9049
3715.0000 3659.0354 2.4561 34.9047
3717.0000 3660.9885 2.4546 34.9045
3719.0000 3662.9414 2.4542 34.9045
3721.0000 3664.8945 2.4543 34.9044
3723.0000 3666.8477 2.4536 34.9044
3725.0000 3668.8010 2.4525 34.9043
3727.0000 3670.7539 2.4512 34.9042
3729.0000 3672.7073 2.4508 34.9042
3731.0000 3674.6602 2.4509 34.9042
3733.0000 3676.6135 2.4511 34.9042
3735.0000 3678.5664 2.4510 34.9041
3737.0000 3680.5193 2.4511 34.9040
3739.0000 3682.4727 2.4509 34.9041
3741.0000 3684.4250 2.4510 34.9041
3743.0000 3686.3779 2.4500 34.9040
3745.0000 3688.3313 2.4489 34.9038
3747.0000 3690.2847 2.4496 34.9037
3749.0000 3692.2371 2.4477 34.9037
3751.0000 3694.1899 2.4471 34.9036
3753.0000 3696.1428 2.4459 34.9034
3755.0000 3698.0959 2.4452 34.9033
3757.0000 3700.0488 2.4445 34.9031
3759.0000 3702.0017 2.4429 34.9030
3761.0000 3703.9541 2.4425 34.9031
3763.0000 3705.9070 2.4421 34.9029
3765.0000 3707.8599 2.4421 34.9028
3767.0000 3709.8127 2.4417 34.9028
3769.0000 3711.7654 2.4414 34.9027
3771.0000 3713.7178 2.4406 34.9026
3773.0000 3715.6711 2.4392 34.9025
3775.0000 3717.6230 2.4387 34.9024
3777.0000 3719.5759 2.4386 34.9024
3779.0000 3721.5286 2.4386 34.9025
3781.0000 3723.4817 2.4380 34.9023
3783.0000 3725.4338 2.4377 34.9022
3785.0000 3727.3867 2.4372 34.9023
3787.0000 3729.3394 2.4366 34.9022
3789.0000 3731.2917 2.4363 34.9020
3791.0000 3733.2441 2.4360 34.9020
3793.0000 3735.1970 2.4354 34.9019
3795.0000 3737.1497 2.4348 34.9018
3797.0000 3739.1021 2.4347 34.9018
3799.0000 3741.0544 2.4347 34.9018
3801.0000 3743.0071 2.4342 34.9019
3803.0000 3744.9592 2.4336 34.9016
3805.0000 3746.9119 2.4328 34.9015
3807.0000 3748.8645 2.4327 34.9016
3809.0000 3750.8169 2.4322 34.9015
3811.0000 3752.7686 2.4315 34.9013
3813.0000 3754.7214 2.4305 34.9011
3815.0000 3756.6738 2.4295 34.9011
3817.0000 3758.6257 2.4283 34.9009
3819.0000 3760.5781 2.4280 34.9010
3821.0000 3762.5310 2.4277 34.9009
3823.0000 3764.4827 2.4277 34.9008
3825.0000 3766.4351 2.4268 34.9008
3827.0000 3768.3875 2.4265 34.9008
3829.0000 3770.3401 2.4266 34.9007
3831.0000 3772.2917 2.4265 34.9007
3833.0000 3774.2437 2.4260 34.9006
3835.0000 3776.1963 2.4247 34.9005
3837.0000 3778.1482 2.4242 34.9004
3839.0000 3780.1003 2.4232 34.9003
3841.0000 3782.0527 2.4225 34.9001
3843.0000 3784.0049 2.4215 34.9001
3845.0000 3785.9565 2.4210 34.9000
3847.0000 3787.9087 2.4208 34.9000
3849.0000 3789.8611 2.4210 34.9000
3851.0000 3791.8127 2.4207 34.9000
3853.0000 3793.7649 2.4205 34.8998
3855.0000 3795.7173 2.4199 34.8999
3857.0000 3797.6692 2.4197 34.8997
3859.0000 3799.6208 2.4194 34.8997
3861.0000 3801.5730 2.4192 34.8997
3863.0000 3803.5251 2.4188 34.8996
3865.0000 3805.4768 2.4181 34.8995
3867.0000 3807.4287 2.4171 34.8994
3869.0000 3809.3809 2.4159 34.8992
3871.0000 3811.3325 2.4158 34.8992
3873.0000 3813.2842 2.4156 34.8991
3875.0000 3815.2361 2.4151 34.8991
3877.0000 3817.1882 2.4138 34.8990
3879.0000 3819.1394 2.4139 34.8989
3881.0000 3821.0916 2.4142 34.8989
3883.0000 3823.0432 2.4130 34.8988
3885.0000 3824.9949 2.4130 34.8987
3887.0000 3826.9468 2.4118 34.8987
3889.0000 3828.8984 2.4110 34.8985
3891.0000 3830.8501 2.4101 34.8984
3893.0000 3832.8018 2.4099 34.8984
3895.0000 3834.7534 2.4093 34.8983
3897.0000 3836.7051 2.4090 34.8983
3899.0000 3838.6567 2.4085 34.8982
3901.0000 3840.6084 2.4083 34.8981
3903.0000 3842.5598 2.4072 34.8979
3905.0000 3844.5115 2.4067 34.8979
3907.0000 3846.4629 2.4062 34.8979
3909.0000 3848.4146 2.4060 34.8979
3911.0000 3850.3665 2.4060 34.8978
3913.0000 3852.3174 2.4060 34.8979
3915.0000 3854.2693 2.4060 34.8978
3917.0000 3856.2205 2.4058 34.8978
3919.0000 3858.1721 2.4054 34.8977
3921.0000 3860.1235 2.4050 34.8976
3923.0000 3862.0750 2.4044 34.8975
3925.0000 3864.0264 2.4041 34.8975
3927.0000 3865.9775 2.4040 34.8974
3929.0000 3867.9292 2.4038 34.8974
3931.0000 3869.8804 2.4034 34.8973
3933.0000 3871.8320 2.4028 34.8973
3935.0000 3873.7827 2.4026 34.8973
3937.0000 3875.7344 2.4024 34.8972
3939.0000 3877.6855 2.4020 34.8971
3941.0000 3879.6365 2.4016 34.8971
3943.0000 3881.5881 2.4010 34.8970
3945.0000 3883.5393 2.4007 34.8969
3947.0000 3885.4905 2.4000 34.8968
3949.0000 3887.4417 2.3993 34.8967
3951.0000 3889.3931 2.3993 34.8968
3953.0000 3891.3442 2.3992 34.8967
3955.0000 3893.2949 2.3984 34.8965
3957.0000 3895.2461 2.3983 34.8965
3959.0000 3897.1975 2.3982 34.8966
3961.0000 3899.1482 2.3979 34.8964
3963.0000 3901.0999 2.3976 34.8964
3965.0000 3903.0505 2.3973 34.8964
3967.0000 3905.0020 2.3969 34.8962
3969.0000 3906.9526 2.3961 34.8962
3971.0000 3908.9036 2.3958 34.8962
3973.0000 3910.8550 2.3947 34.8959
3975.0000 3912.8054 2.3944 34.8959
3977.0000 3914.7563 2.3946 34.8959
3979.0000 3916.7075 2.3942 34.8958
3981.0000 3918.6587 2.3940 34.8958
3983.0000 3920.6096 2.3935 34.8957
3985.0000 3922.5603 2.3929 34.8956
3987.0000 3924.5112 2.3926 34.8957
3989.0000 3926.4619 2.3926 34.8956
3991.0000 3928.4126 2.3920 34.8955
3993.0000 3930.3640 2.3913 34.8954
3995.0000 3932.3147 2.3910 34.8953
3997.0000 3934.2651 2.3908 34.8953
3999.0000 3936.2158 2.3907 34.8953
4001.0000 3938.1667 2.3901 34.8952
4003.0000 3940.1174 2.3898 34.8952
4005.0000 3942.0679 2.3891 34.8951
4007.0000 3944.0190 2.3888 34.8950
4009.0000 3945.9695 2.3888 34.8950
4011.0000 3947.9202 2.3886 34.8950
4013.0000 3949.8706 2.3884 34.8949
4015.0000 3951.8215 2.3879 34.8949
4017.0000 3953.7717 2.3876 34.8948
4019.0000 3955.7227 2.3874 34.8948
4021.0000 3957.6733 2.3868 34.8947
4023.0000 3959.6235 2.3866 34.8946
4025.0000 3961.5742 2.3862 34.8945
4027.0000 3963.5249 2.3857 34.8946
4029.0000 3965.4758 2.3852 34.8945
4031.0000 3967.4258 2.3846 34.8944
4033.0000 3969.3765 2.3844 34.8944
4035.0000 3971.3269 2.3845 34.8942
4037.0000 3973.2769 2.3839 34.8942
4039.0000 3975.2278 2.3832 34.8942
4041.0000 3977.1780 2.3828 34.8941
4043.0000 3979.1289 2.3829 34.8941
4045.0000 3981.0784 2.3827 34.8940
4047.0000 3983.0293 2.3821 34.8938
4049.0000 3984.9795 2.3819 34.8939
4051.0000 3986.9299 2.3815 34.8938
4053.0000 3988.8799 2.3815 34.8938
4055.0000 3990.8306 2.3816 34.8939
4057.0000 3992.7808 2.3816 34.8937
4059.0000 3994.7310 2.3814 34.8938
4061.0000 3996.6809 2.3813 34.8937
4063.0000 3998.6318 2.3811 34.8936
4065.0000 4000.5813 2.3808 34.8936
4067.0000 4002.5317 2.3805 34.8937
4069.0000 4004.4822 2.3802 34.8935
4071.0000 4006.4324 2.3795 34.8934
4073.0000 4008.3821 2.3792 34.8934
4075.0000 4010.3323 2.3794 34.8933
4077.0000 4012.2822 2.3794 34.8932
4079.0000 4014.2327 2.3791 34.8932
4081.0000 4016.1826 2.3788 34.8932
4083.0000 4018.1331 2.3786 34.8931
4085.0000 4020.0825 2.3783 34.8930
4087.0000 4022.0325 2.3778 34.8930
4089.0000 4023.9824 2.3772 34.8929
4091.0000 4025.9329 2.3771 34.8929
4093.0000 4027.8823 2.3771 34.8928
4095.0000 4029.8328 2.3769 34.8928
4097.0000 4031.7822 2.3767 34.8928
4099.0000 4033.7324 2.3767 34.8927
4101.0000 4035.6824 2.3767 34.8927
4103.0000 4037.6323 2.3768 34.8928
4105.0000 4039.5823 2.3769 34.8927
4107.0000 4041.5317 2.3767 34.8927
4109.0000 4043.4817 2.3769 34.8927
4111.0000 4045.4316 2.3768 34.8926
4113.0000 4047.3809 2.3767 34.8925
4115.0000 4049.3311 2.3768 34.8925
4117.0000 4051.2808 2.3765 34.8925
4119.0000 4053.2307 2.3759 34.8925
4121.0000 4055.1797 2.3759 34.8924
4123.0000 4057.1301 2.3758 34.8925
4125.0000 4059.0796 2.3756 34.8923
4127.0000 4061.0293 2.3755 34.8923
4129.0000 4062.9792 2.3753 34.8922
4131.0000 4064.9287 2.3750 34.8922
4133.0000 4066.8787 2.3750 34.8922
4135.0000 4068.8279 2.3749 34.8922
4137.0000 4070.7773 2.3745 34.8921
4139.0000 4072.7268 2.3743 34.8920
4141.0000 4074.6763 2.3743 34.8920
4143.0000 4076.6260 2.3745 34.8920
4145.0000 4078.5754 2.3747 34.8920
4147.0000 4080.5247 2.3747 34.8920
4149.0000 4082.4746 2.3748 34.8919
4151.0000 4084.4241 2.3751 34.8920
4153.0000 4086.3735 2.3752 34.8919
4155.0000 4088.3228 2.3748 34.8918
4157.0000 4090.2722 2.3744 34.8918
4159.0000 4092.2217 2.3742 34.8917
4161.0000 4094.1704 2.3741 34.8917
4163.0000 4096.1206 2.3740 34.8917
4165.0000 4098.0698 2.3737 34.8916
4167.0000 4100.0190 2.3736 34.8916
4169.0000 4101.9683 2.3732 34.8915
4171.0000 4103.9175 2.3727 34.8914
4173.0000 4105.8667 2.3724 34.8914
4175.0000 4107.8154 2.3724 34.8914
4177.0000 4109.7651 2.3722 34.8913
4179.0000 4111.7148 2.3721 34.8913
4181.0000 4113.6636 2.3724 34.8913
4183.0000 4115.6128 2.3726 34.8913
4185.0000 4117.5620 2.3725 34.8913
4187.0000 4119.5117 2.3725 34.8911
4189.0000 4121.4604 2.3720 34.8912
4191.0000 4123.4092 2.3719 34.8911
4193.0000 4125.3589 2.3716 34.8911
4195.0000 4127.3081 2.3716 34.8911
4197.0000 4129.2568 2.3715 34.8910
4199.0000 4131.2061 2.3716 34.8910
4201.0000 4133.1548 2.3715 34.8909
4203.0000 4135.1040 2.3715 34.8909
4205.0000 4137.0527 2.3712 34.8909
4207.0000 4139.0020 2.3711 34.8909
4209.0000 4140.9512 2.3710 34.8907
4211.0000 4142.8999 2.3708 34.8908
4213.0000 4144.8486 2.3709 34.8908
4215.0000 4146.7974 2.3710 34.8907
4217.0000 4148.7466 2.3709 34.8907
4219.0000 4150.6958 2.3708 34.8906
4221.0000 4152.6445 2.3708 34.8906
4223.0000 4154.5933 2.3706 34.8905
4225.0000 4156.5420 2.3704 34.8906
4227.0000 4158.4907 2.3704 34.8905
4229.0000 4160.4399 2.3703 34.8906
4231.0000 4162.3882 2.3702 34.8905
4233.0000 4164.3369 2.3699 34.8903
4235.0000 4166.2861 2.3698 34.8903
4237.0000 4168.2344 2.3701 34.8904
4239.0000 4170.1831 2.3702 34.8903
4241.0000 4172.1318 2.3703 34.8904
4243.0000 4174.0811 2.3705 34.8904
4245.0000 4176.0293 2.3707 34.8903
4247.0000 4177.9780 2.3699 34.8903
4249.0000 4179.9268 2.3700 34.8902
4251.0000 4181.8755 2.3702 34.8902
4253.0000 4183.8237 2.3702 34.8902
4255.0000 4185.7725 2.3696 34.8901
4257.0000 4187.7212 2.3696 34.8901
4259.0000 4189.6694 2.3694 34.8900
4261.0000 4191.6182 2.3695 34.8900
4263.0000 4193.5669 2.3697 34.8900
4265.0000 4195.5146 2.3699 34.8900
4267.0000 4197.4639 2.3698 34.8899
4269.0000 4199.4121 2.3700 34.8899
4271.0000 4201.3608 2.3701 34.8900
4273.0000 4203.3091 2.3701 34.8899
4275.0000 4205.2578 2.3701 34.8899
4277.0000 4207.2056 2.3703 34.8899
4279.0000 4209.1538 2.3705 34.8900
4281.0000 4211.1025 2.3704 34.8899
4283.0000 4213.0508 2.3699 34.8897
4285.0000 4214.9990 2.3700 34.8898
4287.0000 4216.9473 2.3700 34.8897
4289.0000 4218.8955 2.3698 34.8897
4291.0000 4220.8438 2.3696 34.8896
4293.0000 4222.7920 2.3695 34.8896
4295.0000 4224.7397 2.3695 34.8896
4297.0000 4226.6885 2.3697 34.8896
4299.0000 4228.6367 2.3701 34.8896
4301.0000 4230.5850 2.3702 34.8895
4303.0000 4232.5332 2.3700 34.8896
4305.0000 4234.4814 2.3704 34.8894
4307.0000 4236.4292 2.3700 34.8894
4309.0000 4238.3774 2.3697 34.8894
4311.0000 4240.3257 2.3697 34.8893
4313.0000 4242.2734 2.3697 34.8893
4315.0000 4244.2217 2.3698 34.8894
4317.0000 4246.1699 2.3698 34.8893
4319.0000 4248.1182 2.3700 34.8892
4321.0000 4250.0654 2.3700 34.8893
4323.0000 4252.0137 2.3699 34.8892
4325.0000 4253.9619 2.3701 34.8892
4327.0000 4255.9097 2.3699 34.8891
4329.0000 4257.8579 2.3696 34.8891
4331.0000 4259.8057 2.3697 34.8890
4333.0000 4261.7539 2.3698 34.8890
4335.0000 4263.7012 2.3699 34.8891
4337.0000 4265.6489 2.3701 34.8890
4339.0000 4267.5977 2.3697 34.8890
4341.0000 4269.5444 2.3697 34.8890
4343.0000 4271.4927 2.3697 34.8889
4345.0000 4273.4404 2.3698 34.8890
4347.0000 4275.3887 2.3700 34.8889
4349.0000 4277.3359 2.3701 34.8889
4351.0000 4279.2842 2.3703 34.8890
4353.0000 4281.2319 2.3703 34.8890
4355.0000 4283.1792 2.3704 34.8888
4357.0000 4285.1270 2.3703 34.8889
4359.0000 4287.0747 2.3703 34.8888
4361.0000 4289.0225 2.3704 34.8889
4363.0000 4290.9702 2.3704 34.8888
4365.0000 4292.9180 2.3702 34.8888
4367.0000 4294.8657 2.3701 34.8886
4369.0000 4296.8130 2.3702 34.8885
4371.0000 4298.7603 2.3697 34.8885
4373.0000 4300.7080 2.3699 34.8886
4375.0000 4302.6553 2.3701 34.8886
4377.0000 4304.6035 2.3702 34.8886
4379.0000 4306.5508 2.3704 34.8884
4381.0000 4308.4980 2.3703 34.8884
4383.0000 4310.4458 2.3703 34.8886
4385.0000 4312.3936 2.3703 34.8885
4387.0000 4314.3408 2.3704 34.8885
4389.0000 4316.2881 2.3704 34.8884
4391.0000 4318.2354 2.3706 34.8885
4393.0000 4320.1831 2.3707 34.8884
4395.0000 4322.1309 2.3708 34.8883
4397.0000 4324.0771 2.3711 34.8884
4399.0000 4326.0254 2.3713 34.8884
4401.0000 4327.9727 2.3710 34.8883
4403.0000 4329.9194 2.3712 34.8882
4405.0000 4331.8667 2.3713 34.8883
4407.0000 4333.8140 2.3715 34.8882
4409.0000 4335.7617 2.3713 34.8883
4411.0000 4337.7090 2.3713 34.8881
4413.0000 4339.6562 2.3713 34.8881
4415.0000 4341.6035 2.3711 34.8881
4417.0000 4343.5503 2.3712 34.8880
4419.0000 4345.4976 2.3713 34.8880
4421.0000 4347.4448 2.3715 34.8880
4423.0000 4349.3921 2.3716 34.8879
4425.0000 4351.3389 2.3718 34.8881
4427.0000 4353.2861 2.3719 34.8881
4429.0000 4355.2334 2.3720 34.8880
4431.0000 4357.1802 2.3723 34.8880
4433.0000 4359.1279 2.3723 34.8880
4435.0000 4361.0742 2.3723 34.8879
4437.0000 4363.0215 2.3726 34.8879
4439.0000 4364.9683 2.3725 34.8879
4441.0000 4366.9160 2.3723 34.8878
4443.0000 4368.8628 2.3724 34.8878
4445.0000 4370.8091 2.3727 34.8878
4447.0000 4372.7563 2.3728 34.8878
4449.0000 4374.7036 2.3731 34.8879
4451.0000 4376.6499 2.3732 34.8878
4453.0000 4378.5972 2.3728 34.8877
4455.0000 4380.5439 2.3730 34.8876
4457.0000 4382.4907 2.3734 34.8877
4459.0000 4384.4375 2.3737 34.8878
4461.0000 4386.3843 2.3735 34.8878
4463.0000 4388.3315 2.3733 34.8877
4465.0000 4390.2778 2.3735 34.8876
4467.0000 4392.2246 2.3733 34.8875
4469.0000 4394.1714 2.3735 34.8875
4471.0000 4396.1187 2.3738 34.8876
4473.0000 4398.0649 2.3739 34.8875
4475.0000 4400.0117 2.3741 34.8876
4477.0000 4401.9590 2.3744 34.8876
4479.0000 4403.9048 2.3745 34.8876
4481.0000 4405.8516 2.3747 34.8877
4483.0000 4407.7983 2.3750 34.8876
4485.0000 4409.7446 2.3750 34.8875
4487.0000 4411.6919 2.3750 34.8876
4489.0000 4413.6382 2.3750 34.8875
4491.0000 4415.5850 2.3751 34.8874
4493.0000 4417.5312 2.3755 34.8874
4495.0000 4419.4775 2.3758 34.8875
4497.0000 4421.4243 2.3757 34.8874
4499.0000 4423.3711 2.3759 34.8875
4501.0000 4425.3174 2.3760 34.8875
4503.0000 4427.2642 2.3762 34.8874
4505.0000 4429.2104 2.3764 34.8873
4507.0000 4431.1562 2.3764 34.8873
4509.0000 4433.1030 2.3765 34.8873
4511.0000 4435.0498 2.3768 34.8873
4513.0000 4436.9956 2.3768 34.8874
4515.0000 4438.9424 2.3768 34.8872
4517.0000 4440.8892 2.3771 34.8872
4519.0000 4442.8354 2.3772 34.8873
4521.0000 4444.7808 2.3773 34.8872
4523.0000 4446.7275 2.3775 34.8873
4525.0000 4448.6743 2.3776 34.8873
4527.0000 4450.6201 2.3775 34.8872
4529.0000 4452.5664 2.3777 34.8872
4531.0000 4454.5127 2.3780 34.8872
4533.0000 4456.4595 2.3780 34.8872
4535.0000 4458.4048 2.3782 34.8871
4537.0000 4460.3511 2.3783 34.8871
4539.0000 4462.2974 2.3786 34.8871
4541.0000 4464.2432 2.3788 34.8872
4543.0000 4466.1899 2.3789 34.8871
4545.0000 4468.1357 2.3793 34.8870
4547.0000 4470.0815 2.3794 34.8870
4549.0000 4472.0278 2.3794 34.8872
4551.0000 4473.9741 2.3795 34.8870
4553.0000 4475.9204 2.3796 34.8869
4555.0000 4477.8662 2.3797 34.8870
4557.0000 4479.8115 2.3799 34.8870
4559.0000 4481.7578 2.3799 34.8870
4561.0000 4483.7036 2.3802 34.8870
4563.0000 4485.6499 2.3804 34.8870
4565.0000 4487.5962 2.3806 34.8871
4567.0000 4489.5420 2.3807 34.8870
4569.0000 4491.4878 2.3807 34.8870
4571.0000 4493.4336 2.3811 34.8870
4573.0000 4495.3799 2.3814 34.8871
4575.0000 4497.3257 2.3814 34.8870
4577.0000 4499.2715 2.3815 34.8869
4579.0000 4501.2173 2.3818 34.8870
4581.0000 4503.1631 2.3819 34.8870
4583.0000 4505.1084 2.3822 34.8869
4585.0000 4507.0542 2.3824 34.8869
4587.0000 4509.0000 2.3822 34.8869
4589.0000 4510.9458 2.3824 34.8868
4591.0000 4512.8916 2.3826 34.8869
4593.0000 4514.8374 2.3829 34.8870
4595.0000 4516.7832 2.3831 34.8869
4597.0000 4518.7290 2.3833 34.8869
4599.0000 4520.6748 2.3834 34.8869
4601.0000 4522.6206 2.3839 34.8869
4603.0000 4524.5659 2.3840 34.8869
4605.0000 4526.5117 2.3841 34.8869
4607.0000 4528.4570 2.3844 34.8869
4609.0000 4530.4023 2.3846 34.8869
4611.0000 4532.3481 2.3847 34.8868
4613.0000 4534.2935 2.3847 34.8868
4615.0000 4536.2393 2.3849 34.8867
4617.0000 4538.1846 2.3852 34.8868
4619.0000 4540.1299 2.3853 34.8867
4621.0000 4542.0757 2.3852 34.8867
4623.0000 4544.0210 2.3854 34.8867
4625.0000 4545.9663 2.3856 34.8867
4627.0000 4547.9121 2.3857 34.8866
4629.0000 4549.8574 2.3858 34.8867
4631.0000 4551.8027 2.3860 34.8867
4633.0000 4553.7480 2.3862 34.8867
4635.0000 4555.6938 2.3864 34.8867
4637.0000 4557.6387 2.3866 34.8866
4639.0000 4559.5840 2.3870 34.8867
4641.0000 4561.5298 2.3870 34.8867
4643.0000 4563.4751 2.3870 34.8867
4645.0000 4565.4199 2.3873 34.8866
4647.0000 4567.3652 2.3874 34.8865
4649.0000 4569.3105 2.3875 34.8865
4651.0000 4571.2554 2.3877 34.8866
4653.0000 4573.2007 2.3880 34.8865
4655.0000 4575.1460 2.3883 34.8866
4657.0000 4577.0913 2.3885 34.8866
4659.0000 4579.0361 2.3886 34.8865
4661.0000 4580.9819 2.3887 34.8865
4663.0000 4582.9268 2.3889 34.8865
4665.0000 4584.8716 2.3893 34.8865
4667.0000 4586.8169 2.3894 34.8865
4669.0000 4588.7617 2.3896 34.8865
4671.0000 4590.7065 2.3900 34.8865
4673.0000 4592.6519 2.3902 34.8865
4675.0000 4594.5972 2.3901 34.8865
4677.0000 4596.5425 2.3903 34.8865
4679.0000 4598.4868 2.3906 34.8865
4681.0000 4600.4321 2.3907 34.8864
4683.0000 4602.3770 2.3908 34.8864
4685.0000 4604.3213 2.3910 34.8865
4687.0000 4606.2666 2.3913 34.8864
4689.0000 4608.2119 2.3915 34.8865
4691.0000 4610.1567 2.3916 34.8864
4693.0000 4612.1011 2.3917 34.8864
4695.0000 4614.0459 2.3919 34.8864
4697.0000 4615.9912 2.3922 34.8864
4699.0000 4617.9355 2.3925 34.8864
4701.0000 4619.8804 2.3932 34.8862
4703.0000 4621.8252 2.3932 34.8862
4705.0000 4623.7705 2.3931 34.8863
4707.0000 4625.7148 2.3935 34.8862
4709.0000 4627.6597 2.3935 34.8863
4711.0000 4629.6045 2.3936 34.8863
4713.0000 4631.5488 2.3940 34.8862
4715.0000 4633.4937 2.3940 34.8863
4717.0000 4635.4385 2.3943 34.8864
4719.0000 4637.3833 2.3944 34.8862
4721.0000 4639.3276 2.3946 34.8863
4723.0000 4641.2725 2.3949 34.8862
4725.0000 4643.2173 2.3952 34.8863
4727.0000 4645.1611 2.3953 34.8863
4729.0000 4647.1064 2.3953 34.8863
4731.0000 4649.0508 2.3956 34.8862
4733.0000 4650.9951 2.3959 34.8862
4735.0000 4652.9399 2.3961 34.8862
4737.0000 4654.8843 2.3964 34.8863
4739.0000 4656.8286 2.3966 34.8862
4741.0000 4658.7729 2.3968 34.8863
4743.0000 4660.7173 2.3970 34.8862
4745.0000 4662.6616 2.3972 34.8862
4747.0000 4664.6060 2.3974 34.8861
4749.0000 4666.5503 2.3976 34.8861
4751.0000 4668.4951 2.3979 34.8860
4753.0000 4670.4399 2.3984 34.8861
4755.0000 4672.3838 2.3984 34.8861
4757.0000 4674.3281 2.3989 34.8861
4759.0000 4676.2729 2.3989 34.8862
4761.0000 4678.2163 2.3989 34.8861
4763.0000 4680.1611 2.3994 34.8860
4765.0000 4682.1055 2.3994 34.8862
4767.0000 4684.0498 2.3997 34.8862
4769.0000 4685.9937 2.4000 34.8861
4771.0000 4687.9375 2.4001 34.8862
4773.0000 4689.8823 2.4003 34.8862
4775.0000 4691.8257 2.4006 34.8862
4777.0000 4693.7705 2.4007 34.8862
4779.0000 4695.7148 2.4010 34.8861
4781.0000 4697.6592 2.4013 34.8862
4783.0000 4699.6030 2.4015 34.8862
4785.0000 4701.5469 2.4017 34.8862
4787.0000 4703.4912 2.4019 34.8862
4789.0000 4705.4346 2.4021 34.8861
4791.0000 4707.3789 2.4023 34.8861
4793.0000 4709.3228 2.4025 34.8860
4795.0000 4711.2671 2.4026 34.8861
4797.0000 4713.2114 2.4027 34.8861
4799.0000 4715.1558 2.4029 34.8861
4801.0000 4717.0991 2.4031 34.8862
4803.0000 4719.0430 2.4035 34.8860
4805.0000 4720.9868 2.4039 34.8860
4807.0000 4722.9312 2.4037 34.8861
4809.0000 4724.8745 2.4041 34.8859
4811.0000 4726.8184 2.4038 34.8860
4813.0000 4728.7622 2.4042 34.8859
4815.0000 4730.7070 2.4041 34.8860
4817.0000 4732.6499 2.4044 34.8859
4819.0000 4734.5942 2.4045 34.8860
4821.0000 4736.5381 2.4046 34.8860
4823.0000 4738.4814 2.4050 34.8859
4825.0000 4740.4253 2.4051 34.8859
4827.0000 4742.3687 2.4054 34.8859
4829.0000 4744.3135 2.4057 34.8859
4831.0000 4746.2563 2.4059 34.8859
4833.0000 4748.2002 2.4062 34.8859
4835.0000 4750.1440 2.4066 34.8858
4837.0000 4752.0874 2.4069 34.8858
4839.0000 4754.0312 2.4074 34.8859
4841.0000 4755.9746 2.4077 34.8859
4843.0000 4757.9189 2.4078 34.8859
