CTD cast

DATE:  04-Jan-2016 17:06:59
latitude:  24.5003
longitude:  -44.5510
  P (db)  z (m)    T (^oC)  S (psu)
1.0000 0.9936 24.8387 37.4238
3.0000 2.9808 24.8389 37.4236
5.0000 4.9680 24.8396 37.4235
7.0000 6.9551 24.8398 37.4235
9.0000 8.9422 24.8400 37.4234
11.0000 10.9293 24.8365 37.4239
13.0000 12.9164 24.8385 37.4240
15.0000 14.9035 24.8402 37.4239
17.0000 16.8906 24.8407 37.4239
19.0000 18.8776 24.8405 37.4240
21.0000 20.8646 24.8395 37.4242
23.0000 22.8516 24.8404 37.4241
25.0000 24.8386 24.8424 37.4238
27.0000 26.8255 24.8392 37.4247
29.0000 28.8125 24.8384 37.4250
31.0000 30.7994 24.8339 37.4261
33.0000 32.7863 24.8355 37.4256
35.0000 34.7732 24.8271 37.4276
37.0000 36.7600 24.8315 37.4269
39.0000 38.7469 24.8167 37.4298
41.0000 40.7337 24.8075 37.4319
43.0000 42.7205 24.7928 37.4358
45.0000 44.7073 24.7817 37.4396
47.0000 46.6941 24.7749 37.4423
49.0000 48.6808 24.7623 37.4488
51.0000 50.6675 24.7618 37.4487
53.0000 52.6542 24.7557 37.4497
55.0000 54.6409 24.7536 37.4495
57.0000 56.6276 24.7511 37.4494
59.0000 58.6142 24.7467 37.4503
61.0000 60.6009 24.7453 37.4512
63.0000 62.5875 24.7459 37.4517
65.0000 64.5741 24.7371 37.4508
67.0000 66.5606 24.7227 37.4485
69.0000 68.5472 24.7167 37.4475
71.0000 70.5337 24.7137 37.4462
73.0000 72.5202 24.7079 37.4452
75.0000 74.5067 24.5603 37.4125
77.0000 76.4932 24.3350 37.3732
79.0000 78.4797 24.1656 37.3509
81.0000 80.4661 23.9863 37.3268
83.0000 82.4525 23.6019 37.2710
85.0000 84.4389 23.2921 37.2297
87.0000 86.4253 23.1891 37.2306
89.0000 88.4117 23.0249 37.2240
91.0000 90.3980 22.9005 37.2250
93.0000 92.3843 22.9232 37.2278
95.0000 94.3706 22.8051 37.2227
97.0000 96.3569 22.7404 37.2162
99.0000 98.3432 22.6700 37.2155
101.0000 100.3294 22.6307 37.2164
103.0000 102.3157 22.6080 37.2073
105.0000 104.3018 22.2891 37.1778
107.0000 106.2880 22.1288 37.1359
109.0000 108.2742 21.9507 37.0923
111.0000 110.2604 21.8672 37.0823
113.0000 112.2465 21.8431 37.0767
115.0000 114.2326 21.7841 37.0708
117.0000 116.2187 21.7118 37.0614
119.0000 118.2048 21.6391 37.0543
121.0000 120.1908 21.5487 37.0525
123.0000 122.1768 21.5181 37.0638
125.0000 124.1629 21.5007 37.0687
127.0000 126.1489 21.4751 37.0651
129.0000 128.1348 21.4033 37.0483
131.0000 130.1208 21.3302 37.0392
133.0000 132.1067 21.2870 37.0467
135.0000 134.0927 21.2683 37.0512
137.0000 136.0786 21.2437 37.0515
139.0000 138.0644 21.1919 37.0545
141.0000 140.0503 21.0929 37.0370
143.0000 142.0361 20.9600 37.0094
145.0000 144.0219 20.8660 36.9921
147.0000 146.0078 20.8126 36.9922
149.0000 147.9935 20.7880 36.9971
151.0000 149.9793 20.5674 36.9758
153.0000 151.9650 20.4924 36.9613
155.0000 153.9508 20.4553 36.9549
157.0000 155.9365 20.4103 36.9472
159.0000 157.9222 20.3828 36.9418
161.0000 159.9078 20.3659 36.9389
163.0000 161.8935 20.3376 36.9344
165.0000 163.8791 20.2504 36.9246
167.0000 165.8647 20.2266 36.9256
169.0000 167.8503 20.2195 36.9272
171.0000 169.8359 20.2118 36.9288
173.0000 171.8214 20.2076 36.9324
175.0000 173.8070 20.1845 36.9353
177.0000 175.7925 20.0943 36.9248
179.0000 177.7780 20.0409 36.9171
181.0000 179.7635 20.0300 36.9162
183.0000 181.7489 20.0168 36.9139
185.0000 183.7344 19.9223 36.8886
187.0000 185.7198 19.7816 36.8519
189.0000 187.7052 19.6503 36.8212
191.0000 189.6906 19.6045 36.8152
193.0000 191.6759 19.5202 36.7977
195.0000 193.6613 19.4525 36.7876
197.0000 195.6466 19.3544 36.7609
199.0000 197.6319 19.3069 36.7489
201.0000 199.6172 19.2904 36.7438
203.0000 201.6024 19.1975 36.7212
205.0000 203.5877 19.1110 36.7005
207.0000 205.5729 19.0904 36.7037
209.0000 207.5581 19.1154 36.7214
211.0000 209.5433 19.0670 36.7196
213.0000 211.5285 18.9467 36.6919
215.0000 213.5136 18.8703 36.6763
217.0000 215.4988 18.8360 36.6689
219.0000 217.4839 18.8131 36.6644
221.0000 219.4690 18.7596 36.6547
223.0000 221.4540 18.6988 36.6430
225.0000 223.4391 18.6418 36.6337
227.0000 225.4241 18.6144 36.6259
229.0000 227.4092 18.5846 36.6201
231.0000 229.3941 18.5392 36.6095
233.0000 231.3791 18.4353 36.5920
235.0000 233.3641 18.4030 36.5865
237.0000 235.3490 18.3662 36.5778
239.0000 237.3339 18.3163 36.5653
241.0000 239.3188 18.2897 36.5595
243.0000 241.3037 18.2805 36.5580
245.0000 243.2886 18.2718 36.5570
247.0000 245.2734 18.2596 36.5576
249.0000 247.2583 18.2340 36.5541
251.0000 249.2431 18.2124 36.5513
253.0000 251.2278 18.1968 36.5491
255.0000 253.2126 18.1717 36.5451
257.0000 255.1974 18.1663 36.5442
259.0000 257.1821 18.1052 36.5366
261.0000 259.1668 18.0273 36.5275
263.0000 261.1515 18.0012 36.5237
265.0000 263.1362 17.9632 36.5165
267.0000 265.1208 17.9341 36.5120
269.0000 267.1054 17.9205 36.5110
271.0000 269.0901 17.9044 36.5117
273.0000 271.0746 17.8741 36.5102
275.0000 273.0593 17.8496 36.5064
277.0000 275.0438 17.8342 36.5039
279.0000 277.0284 17.8095 36.4999
281.0000 279.0128 17.7968 36.4978
283.0000 280.9974 17.7685 36.4915
285.0000 282.9818 17.6946 36.4782
287.0000 284.9663 17.6568 36.4703
289.0000 286.9507 17.6340 36.4658
291.0000 288.9352 17.6176 36.4630
293.0000 290.9196 17.5973 36.4606
295.0000 292.9040 17.5753 36.4577
297.0000 294.8883 17.5592 36.4554
299.0000 296.8727 17.5443 36.4584
301.0000 298.8570 17.5700 36.4720
303.0000 300.8413 17.5553 36.4728
305.0000 302.8256 17.5163 36.4645
307.0000 304.8099 17.4896 36.4603
309.0000 306.7941 17.5224 36.4740
311.0000 308.7784 17.5246 36.4752
313.0000 310.7626 17.4986 36.4712
315.0000 312.7467 17.4842 36.4709
317.0000 314.7309 17.4765 36.4703
319.0000 316.7151 17.4142 36.4577
321.0000 318.6992 17.3691 36.4484
323.0000 320.6833 17.3290 36.4385
325.0000 322.6674 17.2784 36.4286
327.0000 324.6515 17.2260 36.4172
329.0000 326.6356 17.1855 36.4098
331.0000 328.6196 17.1752 36.4072
333.0000 330.6036 17.1776 36.4082
335.0000 332.5876 17.1269 36.3983
337.0000 334.5716 17.0899 36.3945
339.0000 336.5556 17.1010 36.3996
341.0000 338.5396 17.0960 36.3982
343.0000 340.5235 17.0508 36.3920
345.0000 342.5074 17.0119 36.3851
347.0000 344.4913 16.9986 36.3822
349.0000 346.4751 16.9768 36.3762
351.0000 348.4590 16.9467 36.3696
353.0000 350.4428 16.8903 36.3579
355.0000 352.4266 16.8569 36.3526
357.0000 354.4104 16.8304 36.3487
359.0000 356.3942 16.7725 36.3363
361.0000 358.3779 16.7083 36.3258
363.0000 360.3617 16.6859 36.3230
365.0000 362.3454 16.6731 36.3209
367.0000 364.3291 16.6450 36.3168
369.0000 366.3127 16.6175 36.3121
371.0000 368.2964 16.5693 36.3034
373.0000 370.2801 16.5452 36.2994
375.0000 372.2637 16.4776 36.2872
377.0000 374.2473 16.4272 36.2811
379.0000 376.2309 16.4134 36.2802
381.0000 378.2145 16.4085 36.2801
383.0000 380.1980 16.4010 36.2793
385.0000 382.1815 16.3897 36.2776
387.0000 384.1650 16.3094 36.2621
389.0000 386.1485 16.2477 36.2523
391.0000 388.1320 16.2385 36.2507
393.0000 390.1154 16.2286 36.2493
395.0000 392.0989 16.2197 36.2467
397.0000 394.0822 16.0492 36.2144
399.0000 396.0656 15.9964 36.2078
401.0000 398.0490 15.9748 36.2042
403.0000 400.0324 15.9379 36.1991
405.0000 402.0157 15.9031 36.1940
407.0000 403.9990 15.8787 36.1885
409.0000 405.9823 15.8401 36.1815
411.0000 407.9656 15.8280 36.1799
413.0000 409.9489 15.8204 36.1787
415.0000 411.9321 15.8191 36.1788
417.0000 413.9154 15.8150 36.1781
419.0000 415.8985 15.8103 36.1771
421.0000 417.8817 15.7940 36.1740
423.0000 419.8649 15.7281 36.1612
425.0000 421.8480 15.7031 36.1593
427.0000 423.8311 15.6918 36.1570
429.0000 425.8143 15.6626 36.1523
431.0000 427.7973 15.6562 36.1518
433.0000 429.7804 15.6382 36.1476
435.0000 431.7635 15.5865 36.1394
437.0000 433.7465 15.5639 36.1359
439.0000 435.7295 15.5478 36.1335
441.0000 437.7125 15.5466 36.1333
443.0000 439.6955 15.5437 36.1327
445.0000 441.6784 15.5194 36.1273
447.0000 443.6614 15.4865 36.1219
449.0000 445.6443 15.4547 36.1162
451.0000 447.6272 15.4053 36.1081
453.0000 449.6100 15.3237 36.0947
455.0000 451.5929 15.2920 36.0913
457.0000 453.5757 15.2829 36.0893
459.0000 455.5585 15.2363 36.0814
461.0000 457.5414 15.2155 36.0792
463.0000 459.5242 15.1920 36.0751
465.0000 461.5069 15.1657 36.0710
467.0000 463.4897 15.1245 36.0641
469.0000 465.4724 15.0799 36.0564
471.0000 467.4551 14.9937 36.0443
473.0000 469.4378 14.9809 36.0438
475.0000 471.4204 14.9802 36.0440
477.0000 473.4031 14.9753 36.0434
479.0000 475.3858 14.9692 36.0425
481.0000 477.3683 14.9340 36.0360
483.0000 479.3510 14.8616 36.0233
485.0000 481.3335 14.7989 36.0139
487.0000 483.3161 14.7880 36.0127
489.0000 485.2986 14.7725 36.0098
491.0000 487.2811 14.7162 36.0016
493.0000 489.2636 14.6904 35.9990
495.0000 491.2461 14.6736 35.9965
497.0000 493.2286 14.6494 35.9927
499.0000 495.2110 14.6263 35.9895
501.0000 497.1934 14.6095 35.9869
503.0000 499.1758 14.6042 35.9864
505.0000 501.1582 14.5997 35.9856
507.0000 503.1405 14.5921 35.9842
509.0000 505.1229 14.5633 35.9796
511.0000 507.1053 14.5263 35.9737
513.0000 509.0876 14.4790 35.9664
515.0000 511.0698 14.4194 35.9570
517.0000 513.0521 14.3775 35.9519
519.0000 515.0344 14.3168 35.9410
521.0000 517.0165 14.2834 35.9368
523.0000 518.9988 14.2455 35.9303
525.0000 520.9810 14.1808 35.9215
527.0000 522.9632 14.1685 35.9201
529.0000 524.9453 14.1191 35.9127
531.0000 526.9275 14.0465 35.9022
533.0000 528.9096 13.9935 35.8952
535.0000 530.8917 13.9488 35.8881
537.0000 532.8737 13.9215 35.8849
539.0000 534.8558 13.8832 35.8781
541.0000 536.8379 13.8324 35.8715
543.0000 538.8199 13.8043 35.8666
545.0000 540.8019 13.7263 35.8541
547.0000 542.7839 13.6269 35.8427
549.0000 544.7658 13.5918 35.8382
551.0000 546.7478 13.5588 35.8337
553.0000 548.7297 13.5222 35.8286
555.0000 550.7115 13.5029 35.8267
557.0000 552.6935 13.4855 35.8246
559.0000 554.6754 13.4605 35.8210
561.0000 556.6573 13.4109 35.8141
563.0000 558.6390 13.3921 35.8120
565.0000 560.6209 13.3981 35.8128
567.0000 562.6027 13.3464 35.8048
569.0000 564.5844 13.3248 35.8024
571.0000 566.5662 13.3080 35.7998
573.0000 568.5480 13.2803 35.7938
575.0000 570.5297 13.2112 35.7858
577.0000 572.5114 13.1732 35.7811
579.0000 574.4930 13.1553 35.7784
581.0000 576.4747 13.1335 35.7755
583.0000 578.4564 13.0607 35.7639
585.0000 580.4380 13.0003 35.7552
587.0000 582.4197 12.9764 35.7543
589.0000 584.4012 12.9737 35.7536
591.0000 586.3828 12.9259 35.7467
593.0000 588.3643 12.8901 35.7424
595.0000 590.3458 12.8641 35.7395
597.0000 592.3273 12.8581 35.7389
599.0000 594.3088 12.8435 35.7363
601.0000 596.2903 12.8038 35.7308
603.0000 598.2718 12.7656 35.7259
605.0000 600.2532 12.7172 35.7186
607.0000 602.2346 12.6791 35.7152
609.0000 604.2160 12.6696 35.7140
611.0000 606.1974 12.6604 35.7120
613.0000 608.1787 12.6019 35.7023
615.0000 610.1602 12.5018 35.6916
617.0000 612.1415 12.4715 35.6871
619.0000 614.1227 12.4597 35.6871
621.0000 616.1040 12.4179 35.6801
623.0000 618.0853 12.4025 35.6783
625.0000 620.0665 12.3930 35.6770
627.0000 622.0477 12.3687 35.6732
629.0000 624.0289 12.3158 35.6665
631.0000 626.0101 12.3032 35.6651
633.0000 627.9913 12.2749 35.6600
635.0000 629.9724 12.1842 35.6488
637.0000 631.9536 12.1431 35.6442
639.0000 633.9347 12.1371 35.6438
641.0000 635.9158 12.1172 35.6406
643.0000 637.8969 12.0641 35.6341
645.0000 639.8779 12.0486 35.6327
647.0000 641.8589 12.0085 35.6263
649.0000 643.8400 11.9532 35.6178
651.0000 645.8210 11.8771 35.6098
653.0000 647.8019 11.8413 35.6066
655.0000 649.7829 11.8286 35.6049
657.0000 651.7639 11.8065 35.6024
659.0000 653.7448 11.7767 35.5989
661.0000 655.7257 11.7494 35.5952
663.0000 657.7066 11.7144 35.5911
665.0000 659.6874 11.6675 35.5848
667.0000 661.6683 11.6188 35.5791
669.0000 663.6491 11.5876 35.5753
671.0000 665.6299 11.5287 35.5677
673.0000 667.6107 11.4927 35.5626
675.0000 669.5915 11.4755 35.5612
677.0000 671.5723 11.4499 35.5575
679.0000 673.5530 11.4090 35.5534
681.0000 675.5337 11.3743 35.5477
683.0000 677.5144 11.2975 35.5394
685.0000 679.4951 11.2616 35.5355
687.0000 681.4757 11.2524 35.5347
689.0000 683.4564 11.2371 35.5327
691.0000 685.4370 11.2046 35.5283
693.0000 687.4175 11.1838 35.5267
695.0000 689.3982 11.1504 35.5220
697.0000 691.3787 11.0949 35.5152
699.0000 693.3594 11.0639 35.5112
701.0000 695.3398 10.9817 35.5002
703.0000 697.3203 10.8599 35.4851
705.0000 699.3008 10.8240 35.4936
707.0000 701.2812 10.7882 35.4787
709.0000 703.2617 10.7529 35.4748
711.0000 705.2422 10.7380 35.4735
713.0000 707.2226 10.7243 35.4722
715.0000 709.2030 10.6785 35.4659
717.0000 711.1833 10.6416 35.4617
719.0000 713.1637 10.6171 35.4599
721.0000 715.1440 10.5972 35.4563
723.0000 717.1243 10.5335 35.4491
725.0000 719.1047 10.5105 35.4472
727.0000 721.0850 10.5041 35.4465
729.0000 723.0652 10.4902 35.4448
731.0000 725.0455 10.4438 35.4382
733.0000 727.0257 10.3553 35.4288
735.0000 729.0059 10.3306 35.4265
737.0000 730.9861 10.3080 35.4241
739.0000 732.9662 10.2888 35.4219
741.0000 734.9465 10.2485 35.4170
743.0000 736.9265 10.2205 35.4139
745.0000 738.9066 10.2047 35.4125
747.0000 740.8868 10.1969 35.4114
749.0000 742.8668 10.1470 35.4046
751.0000 744.8469 10.1326 35.4046
753.0000 746.8269 10.1345 35.4051
755.0000 748.8068 10.1265 35.4033
757.0000 750.7869 10.1033 35.3998
759.0000 752.7669 10.0898 35.3987
761.0000 754.7469 10.0816 35.3964
763.0000 756.7267 10.0481 35.3938
765.0000 758.7067 10.0396 35.3925
767.0000 760.6866 10.0267 35.3914
769.0000 762.6664 10.0111 35.3895
771.0000 764.6463 9.9893 35.3863
773.0000 766.6262 9.9625 35.3837
775.0000 768.6061 9.9439 35.3812
777.0000 770.5858 9.9326 35.3804
779.0000 772.5656 9.9217 35.3792
781.0000 774.5454 9.9079 35.3773
783.0000 776.5251 9.8736 35.3732
785.0000 778.5049 9.8464 35.3707
787.0000 780.4847 9.8263 35.3677
789.0000 782.4644 9.7616 35.3603
791.0000 784.4440 9.7379 35.3582
793.0000 786.4236 9.7324 35.3576
795.0000 788.4033 9.7258 35.3570
797.0000 790.3829 9.7037 35.3540
799.0000 792.3625 9.6502 35.3482
801.0000 794.3420 9.6255 35.3455
803.0000 796.3217 9.5767 35.3410
805.0000 798.3011 9.5482 35.3375
807.0000 800.2808 9.4754 35.3269
809.0000 802.2603 9.3555 35.3152
811.0000 804.2397 9.3179 35.3114
813.0000 806.2192 9.2780 35.3072
815.0000 808.1987 9.2361 35.3021
817.0000 810.1780 9.1655 35.2938
819.0000 812.1574 9.0940 35.2876
821.0000 814.1369 9.0823 35.2865
823.0000 816.1163 9.0650 35.2845
825.0000 818.0956 9.0468 35.2829
827.0000 820.0750 9.0199 35.2797
829.0000 822.0543 8.9790 35.2740
831.0000 824.0336 8.8836 35.2632
833.0000 826.0128 8.8150 35.2557
835.0000 827.9921 8.7845 35.2510
837.0000 829.9714 8.7333 35.2457
839.0000 831.9506 8.7174 35.2447
841.0000 833.9299 8.7097 35.2440
843.0000 835.9090 8.6939 35.2422
845.0000 837.8881 8.6761 35.2409
847.0000 839.8673 8.6647 35.2407
849.0000 841.8465 8.6589 35.2402
851.0000 843.8257 8.6445 35.2388
853.0000 845.8046 8.6372 35.2383
855.0000 847.7837 8.6111 35.2349
857.0000 849.7628 8.5980 35.2336
859.0000 851.7418 8.5905 35.2324
861.0000 853.7209 8.5612 35.2281
863.0000 855.6999 8.5376 35.2258
865.0000 857.6788 8.5210 35.2234
867.0000 859.6577 8.5100 35.2222
869.0000 861.6368 8.4811 35.2173
871.0000 863.6158 8.3856 35.2040
873.0000 865.5945 8.3460 35.2000
875.0000 867.5735 8.3033 35.1948
877.0000 869.5524 8.2796 35.1928
879.0000 871.5312 8.2623 35.1908
881.0000 873.5100 8.2461 35.1890
883.0000 875.4888 8.2280 35.1868
885.0000 877.4677 8.2222 35.1867
887.0000 879.4464 8.2119 35.1857
889.0000 881.4251 8.2008 35.1841
891.0000 883.4040 8.1356 35.1764
893.0000 885.3825 8.0795 35.1696
895.0000 887.3613 8.0465 35.1654
897.0000 889.3400 8.0027 35.1616
899.0000 891.3187 7.9849 35.1615
901.0000 893.2972 7.9572 35.1585
903.0000 895.2759 7.9344 35.1576
905.0000 897.2545 7.9076 35.1541
907.0000 899.2331 7.8761 35.1489
909.0000 901.2117 7.8493 35.1472
911.0000 903.1902 7.8396 35.1459
913.0000 905.1688 7.8107 35.1443
915.0000 907.1473 7.7900 35.1458
917.0000 909.1257 7.7741 35.1456
919.0000 911.1043 7.7676 35.1453
921.0000 913.0827 7.7630 35.1456
923.0000 915.0611 7.7578 35.1458
925.0000 917.0396 7.7365 35.1431
927.0000 919.0179 7.7077 35.1403
929.0000 920.9963 7.6884 35.1385
931.0000 922.9747 7.6738 35.1368
933.0000 924.9531 7.6593 35.1357
935.0000 926.9313 7.6428 35.1330
937.0000 928.9097 7.6256 35.1305
939.0000 930.8880 7.6184 35.1307
941.0000 932.8662 7.5930 35.1283
943.0000 934.8445 7.5512 35.1218
945.0000 936.8227 7.4684 35.1109
947.0000 938.8009 7.4383 35.1082
949.0000 940.7791 7.4203 35.1052
951.0000 942.7573 7.3552 35.0989
953.0000 944.7354 7.3187 35.0962
955.0000 946.7136 7.3107 35.0960
957.0000 948.6917 7.3037 35.0957
959.0000 950.6697 7.2965 35.0953
961.0000 952.6478 7.2935 35.1011
963.0000 954.6259 7.2940 35.1051
965.0000 956.6039 7.2671 35.0993
967.0000 958.5820 7.1801 35.0868
969.0000 960.5599 7.1491 35.0835
971.0000 962.5380 7.1439 35.0827
973.0000 964.5159 7.1373 35.0825
975.0000 966.4939 7.1318 35.0822
977.0000 968.4719 7.1205 35.0821
979.0000 970.4496 7.1136 35.0814
981.0000 972.4277 7.1000 35.0799
983.0000 974.4055 7.0702 35.0776
985.0000 976.3834 7.0342 35.0769
987.0000 978.3611 7.0161 35.0751
989.0000 980.3391 7.0214 35.0758
991.0000 982.3168 6.9797 35.0728
993.0000 984.2946 6.9642 35.0712
995.0000 986.2724 6.9589 35.0708
997.0000 988.2501 6.9584 35.0707
999.0000 990.2278 6.9533 35.0705
1001.0000 992.2055 6.9495 35.0702
1003.0000 994.1832 6.9337 35.0689
1005.0000 996.1608 6.9075 35.0662
1007.0000 998.1385 6.8674 35.0643
1009.0000 1000.1161 6.8508 35.0639
1011.0000 1002.0938 6.8482 35.0638
1013.0000 1004.0714 6.8443 35.0635
1015.0000 1006.0490 6.8293 35.0623
1017.0000 1008.0264 6.7803 35.0592
1019.0000 1010.0040 6.7639 35.0589
1021.0000 1011.9816 6.7542 35.0584
1023.0000 1013.9591 6.7462 35.0582
1025.0000 1015.9365 6.7459 35.0583
1027.0000 1017.9140 6.7456 35.0586
1029.0000 1019.8915 6.7372 35.0573
1031.0000 1021.8689 6.7140 35.0567
1033.0000 1023.8462 6.7069 35.0561
1035.0000 1025.8237 6.6990 35.0564
1037.0000 1027.8010 6.6890 35.0558
1039.0000 1029.7783 6.6543 35.0530
1041.0000 1031.7556 6.6231 35.0511
1043.0000 1033.7329 6.6106 35.0511
1045.0000 1035.7102 6.6073 35.0513
1047.0000 1037.6875 6.5989 35.0508
1049.0000 1039.6649 6.5810 35.0504
1051.0000 1041.6421 6.5848 35.0507
1053.0000 1043.6193 6.5651 35.0499
1055.0000 1045.5966 6.5496 35.0487
1057.0000 1047.5737 6.5266 35.0471
1059.0000 1049.5508 6.5045 35.0453
1061.0000 1051.5280 6.4642 35.0429
1063.0000 1053.5051 6.4148 35.0421
1065.0000 1055.4823 6.3859 35.0418
1067.0000 1057.4594 6.3814 35.0417
1069.0000 1059.4363 6.3709 35.0417
1071.0000 1061.4133 6.3285 35.0404
1073.0000 1063.3904 6.3084 35.0408
1075.0000 1065.3674 6.2987 35.0404
1077.0000 1067.3445 6.2916 35.0405
1079.0000 1069.3213 6.2916 35.0409
1081.0000 1071.2983 6.2700 35.0402
1083.0000 1073.2754 6.2600 35.0399
1085.0000 1075.2523 6.2477 35.0396
1087.0000 1077.2291 6.2378 35.0397
1089.0000 1079.2061 6.2371 35.0397
1091.0000 1081.1829 6.2303 35.0398
1093.0000 1083.1597 6.2265 35.0395
1095.0000 1085.1366 6.2145 35.0395
1097.0000 1087.1134 6.1996 35.0394
1099.0000 1089.0902 6.1866 35.0393
1101.0000 1091.0668 6.1787 35.0395
1103.0000 1093.0437 6.1755 35.0396
1105.0000 1095.0205 6.1724 35.0396
1107.0000 1096.9971 6.1683 35.0398
1109.0000 1098.9739 6.1671 35.0396
1111.0000 1100.9506 6.1605 35.0396
1113.0000 1102.9271 6.1555 35.0397
1115.0000 1104.9038 6.1483 35.0395
1117.0000 1106.8805 6.1366 35.0395
1119.0000 1108.8571 6.1311 35.0394
1121.0000 1110.8335 6.1305 35.0396
1123.0000 1112.8102 6.1271 35.0394
1125.0000 1114.7866 6.1176 35.0393
1127.0000 1116.7632 6.1066 35.0393
1129.0000 1118.7397 6.1038 35.0395
1131.0000 1120.7163 6.0782 35.0393
1133.0000 1122.6929 6.0718 35.0396
1135.0000 1124.6692 6.0664 35.0395
1137.0000 1126.6456 6.0587 35.0396
1139.0000 1128.6219 6.0502 35.0396
1141.0000 1130.5984 6.0406 35.0394
1143.0000 1132.5748 6.0240 35.0397
1145.0000 1134.5511 6.0204 35.0396
1147.0000 1136.5276 6.0171 35.0398
1149.0000 1138.5038 6.0149 35.0399
1151.0000 1140.4802 6.0093 35.0397
1153.0000 1142.4565 6.0023 35.0399
1155.0000 1144.4326 6.0016 35.0401
1157.0000 1146.4089 6.0012 35.0400
1159.0000 1148.3851 6.0011 35.0401
1161.0000 1150.3615 5.9996 35.0401
1163.0000 1152.3375 5.9939 35.0402
1165.0000 1154.3138 5.9905 35.0402
1167.0000 1156.2899 5.9802 35.0400
1169.0000 1158.2660 5.9697 35.0401
1171.0000 1160.2422 5.9634 35.0400
1173.0000 1162.2183 5.9206 35.0388
1175.0000 1164.1943 5.8805 35.0399
1177.0000 1166.1703 5.8734 35.0399
1179.0000 1168.1464 5.8703 35.0401
1181.0000 1170.1226 5.8647 35.0403
1183.0000 1172.0984 5.8618 35.0403
1185.0000 1174.0745 5.8619 35.0404
1187.0000 1176.0505 5.8531 35.0405
1189.0000 1178.0265 5.8438 35.0405
1191.0000 1180.0023 5.8386 35.0405
1193.0000 1181.9781 5.8332 35.0405
1195.0000 1183.9541 5.8257 35.0406
1197.0000 1185.9298 5.8187 35.0405
1199.0000 1187.9058 5.8082 35.0405
1201.0000 1189.8817 5.7982 35.0405
1203.0000 1191.8575 5.7957 35.0402
1205.0000 1193.8333 5.7621 35.0402
1207.0000 1195.8091 5.7518 35.0406
1209.0000 1197.7849 5.7434 35.0405
1211.0000 1199.7605 5.7349 35.0407
1213.0000 1201.7363 5.7327 35.0408
1215.0000 1203.7120 5.7303 35.0407
1217.0000 1205.6877 5.7137 35.0404
1219.0000 1207.6633 5.7073 35.0405
1221.0000 1209.6389 5.7016 35.0404
1223.0000 1211.6146 5.6906 35.0404
1225.0000 1213.5902 5.6830 35.0405
1227.0000 1215.5658 5.6713 35.0408
1229.0000 1217.5414 5.6655 35.0408
1231.0000 1219.5170 5.6609 35.0409
1233.0000 1221.4926 5.6523 35.0409
1235.0000 1223.4680 5.6437 35.0411
1237.0000 1225.4437 5.6341 35.0410
1239.0000 1227.4191 5.6095 35.0412
1241.0000 1229.3945 5.6011 35.0415
1243.0000 1231.3700 5.5974 35.0417
1245.0000 1233.3453 5.5890 35.0420
1247.0000 1235.3208 5.5828 35.0421
1249.0000 1237.2963 5.5781 35.0423
1251.0000 1239.2716 5.5718 35.0424
1253.0000 1241.2469 5.5628 35.0425
1255.0000 1243.2223 5.5599 35.0427
1257.0000 1245.1976 5.5571 35.0427
1259.0000 1247.1729 5.5521 35.0427
1261.0000 1249.1482 5.5458 35.0429
1263.0000 1251.1234 5.5432 35.0431
1265.0000 1253.0988 5.5424 35.0431
1267.0000 1255.0740 5.5407 35.0431
1269.0000 1257.0491 5.5385 35.0431
1271.0000 1259.0243 5.5337 35.0431
1273.0000 1260.9994 5.5242 35.0434
1275.0000 1262.9745 5.5191 35.0434
1277.0000 1264.9497 5.5192 35.0435
1279.0000 1266.9247 5.5148 35.0435
1281.0000 1268.8998 5.4988 35.0439
1283.0000 1270.8749 5.4913 35.0441
1285.0000 1272.8500 5.4748 35.0438
1287.0000 1274.8250 5.4521 35.0446
1289.0000 1276.8000 5.4431 35.0449
1291.0000 1278.7750 5.4419 35.0451
1293.0000 1280.7500 5.4404 35.0451
1295.0000 1282.7250 5.4320 35.0455
1297.0000 1284.7000 5.4248 35.0455
1299.0000 1286.6749 5.4203 35.0456
1301.0000 1288.6497 5.4189 35.0458
1303.0000 1290.6248 5.4095 35.0460
1305.0000 1292.5996 5.4007 35.0460
1307.0000 1294.5745 5.3933 35.0461
1309.0000 1296.5493 5.3806 35.0461
1311.0000 1298.5243 5.3681 35.0466
1313.0000 1300.4990 5.3664 35.0466
1315.0000 1302.4736 5.3648 35.0468
1317.0000 1304.4485 5.3642 35.0468
1319.0000 1306.4232 5.3618 35.0470
1321.0000 1308.3979 5.3554 35.0471
1323.0000 1310.3726 5.3444 35.0472
1325.0000 1312.3474 5.3303 35.0473
1327.0000 1314.3220 5.3138 35.0474
1329.0000 1316.2966 5.3039 35.0476
1331.0000 1318.2712 5.2987 35.0477
1333.0000 1320.2458 5.2942 35.0478
1335.0000 1322.2205 5.2882 35.0481
1337.0000 1324.1951 5.2852 35.0481
1339.0000 1326.1696 5.2808 35.0483
1341.0000 1328.1440 5.2747 35.0484
1343.0000 1330.1187 5.2741 35.0484
1345.0000 1332.0931 5.2697 35.0487
1347.0000 1334.0676 5.2632 35.0482
1349.0000 1336.0420 5.2480 35.0486
1351.0000 1338.0165 5.2379 35.0488
1353.0000 1339.9910 5.2308 35.0491
1355.0000 1341.9652 5.2260 35.0492
1357.0000 1343.9398 5.2248 35.0493
1359.0000 1345.9142 5.2238 35.0494
1361.0000 1347.8885 5.2222 35.0494
1363.0000 1349.8628 5.2142 35.0497
1365.0000 1351.8372 5.2074 35.0496
1367.0000 1353.8115 5.1956 35.0497
1369.0000 1355.7856 5.1875 35.0496
1371.0000 1357.7600 5.1798 35.0498
1373.0000 1359.7343 5.1796 35.0497
1375.0000 1361.7084 5.1766 35.0499
1377.0000 1363.6825 5.1737 35.0500
1379.0000 1365.6569 5.1691 35.0501
1381.0000 1367.6310 5.1643 35.0501
1383.0000 1369.6051 5.1613 35.0502
1385.0000 1371.5792 5.1625 35.0500
1387.0000 1373.5535 5.1535 35.0499
1389.0000 1375.5276 5.1454 35.0500
1391.0000 1377.5015 5.1436 35.0500
1393.0000 1379.4756 5.1442 35.0499
1395.0000 1381.4496 5.1397 35.0500
1397.0000 1383.4236 5.1372 35.0496
1399.0000 1385.3976 5.1292 35.0498
1401.0000 1387.3716 5.1260 35.0497
1403.0000 1389.3457 5.1232 35.0498
1405.0000 1391.3195 5.1200 35.0498
1407.0000 1393.2935 5.1065 35.0491
1409.0000 1395.2675 5.0919 35.0498
1411.0000 1397.2412 5.0859 35.0500
1413.0000 1399.2151 5.0810 35.0500
1415.0000 1401.1890 5.0657 35.0502
1417.0000 1403.1627 5.0559 35.0503
1419.0000 1405.1366 5.0506 35.0503
1421.0000 1407.1105 5.0419 35.0503
1423.0000 1409.0842 5.0375 35.0504
1425.0000 1411.0580 5.0359 35.0505
1427.0000 1413.0317 5.0355 35.0505
1429.0000 1415.0055 5.0340 35.0505
1431.0000 1416.9791 5.0333 35.0507
1433.0000 1418.9528 5.0335 35.0507
1435.0000 1420.9265 5.0328 35.0506
1437.0000 1422.9001 5.0288 35.0508
1439.0000 1424.8738 5.0269 35.0507
1441.0000 1426.8474 5.0144 35.0504
1443.0000 1428.8209 4.9896 35.0500
1445.0000 1430.7944 4.9718 35.0499
1447.0000 1432.7679 4.9628 35.0503
1449.0000 1434.7417 4.9603 35.0502
1451.0000 1436.7153 4.9591 35.0503
1453.0000 1438.6887 4.9564 35.0502
1455.0000 1440.6621 4.9511 35.0505
1457.0000 1442.6356 4.9506 35.0505
1459.0000 1444.6089 4.9527 35.0504
1461.0000 1446.5824 4.9500 35.0505
1463.0000 1448.5560 4.9488 35.0504
1465.0000 1450.5294 4.9444 35.0503
1467.0000 1452.5026 4.9375 35.0502
1469.0000 1454.4761 4.9252 35.0502
1471.0000 1456.4493 4.9220 35.0503
1473.0000 1458.4225 4.9195 35.0503
1475.0000 1460.3960 4.9177 35.0505
1477.0000 1462.3693 4.9157 35.0503
1479.0000 1464.3424 4.9040 35.0505
1481.0000 1466.3157 4.9052 35.0504
1483.0000 1468.2889 4.8928 35.0505
1485.0000 1470.2622 4.8794 35.0503
1487.0000 1472.2354 4.8709 35.0503
1489.0000 1474.2085 4.8665 35.0503
1491.0000 1476.1816 4.8614 35.0503
1493.0000 1478.1548 4.8481 35.0503
1495.0000 1480.1278 4.8434 35.0504
1497.0000 1482.1011 4.8426 35.0505
1499.0000 1484.0742 4.8419 35.0504
1501.0000 1486.0470 4.8395 35.0506
1503.0000 1488.0201 4.8382 35.0506
1505.0000 1489.9932 4.8364 35.0504
1507.0000 1491.9662 4.8337 35.0506
1509.0000 1493.9392 4.8338 35.0506
1511.0000 1495.9121 4.8335 35.0506
1513.0000 1497.8851 4.8335 35.0506
1515.0000 1499.8579 4.8335 35.0506
1517.0000 1501.8309 4.8336 35.0505
1519.0000 1503.8038 4.8282 35.0505
1521.0000 1505.7766 4.8256 35.0507
1523.0000 1507.7495 4.8254 35.0506
1525.0000 1509.7224 4.8212 35.0504
1527.0000 1511.6953 4.8153 35.0504
1529.0000 1513.6680 4.8130 35.0504
1531.0000 1515.6407 4.8129 35.0504
1533.0000 1517.6135 4.8099 35.0504
1535.0000 1519.5863 4.8075 35.0504
1537.0000 1521.5591 4.8014 35.0504
1539.0000 1523.5317 4.7956 35.0504
1541.0000 1525.5043 4.7928 35.0504
1543.0000 1527.4771 4.7905 35.0504
1545.0000 1529.4498 4.7899 35.0502
1547.0000 1531.4224 4.7875 35.0503
1549.0000 1533.3949 4.7819 35.0502
1551.0000 1535.3677 4.7781 35.0502
1553.0000 1537.3402 4.7721 35.0499
1555.0000 1539.3126 4.7693 35.0501
1557.0000 1541.2852 4.7657 35.0500
1559.0000 1543.2578 4.7595 35.0500
1561.0000 1545.2303 4.7556 35.0501
1563.0000 1547.2026 4.7536 35.0500
1565.0000 1549.1752 4.7524 35.0501
1567.0000 1551.1478 4.7519 35.0501
1569.0000 1553.1201 4.7500 35.0500
1571.0000 1555.0925 4.7433 35.0497
1573.0000 1557.0649 4.7364 35.0496
1575.0000 1559.0374 4.7234 35.0494
1577.0000 1561.0096 4.7159 35.0493
1579.0000 1562.9819 4.7050 35.0489
1581.0000 1564.9542 4.6925 35.0492
1583.0000 1566.9266 4.6897 35.0493
1585.0000 1568.8989 4.6819 35.0493
1587.0000 1570.8712 4.6736 35.0490
1589.0000 1572.8435 4.6679 35.0492
1591.0000 1574.8156 4.6668 35.0492
1593.0000 1576.7878 4.6640 35.0493
1595.0000 1578.7600 4.6605 35.0491
1597.0000 1580.7322 4.6568 35.0492
1599.0000 1582.7043 4.6561 35.0492
1601.0000 1584.6765 4.6556 35.0492
1603.0000 1586.6487 4.6543 35.0491
1605.0000 1588.6207 4.6512 35.0491
1607.0000 1590.5928 4.6444 35.0485
1609.0000 1592.5648 4.6354 35.0489
1611.0000 1594.5369 4.6343 35.0488
1613.0000 1596.5089 4.6370 35.0487
1615.0000 1598.4810 4.6298 35.0487
1617.0000 1600.4529 4.6277 35.0486
1619.0000 1602.4249 4.6170 35.0481
1621.0000 1604.3969 4.6185 35.0483
1623.0000 1606.3689 4.6063 35.0481
1625.0000 1608.3407 4.6059 35.0481
1627.0000 1610.3125 4.6052 35.0481
1629.0000 1612.2844 4.6053 35.0481
1631.0000 1614.2562 4.6024 35.0480
1633.0000 1616.2281 4.5955 35.0479
1635.0000 1618.2000 4.5946 35.0479
1637.0000 1620.1719 4.5938 35.0479
1639.0000 1622.1436 4.5893 35.0477
1641.0000 1624.1154 4.5853 35.0477
1643.0000 1626.0872 4.5784 35.0474
1645.0000 1628.0588 4.5711 35.0475
1647.0000 1630.0304 4.5647 35.0473
1649.0000 1632.0023 4.5601 35.0473
1651.0000 1633.9740 4.5563 35.0472
1653.0000 1635.9454 4.5480 35.0470
1655.0000 1637.9172 4.5441 35.0468
1657.0000 1639.8889 4.5230 35.0458
1659.0000 1641.8602 4.4989 35.0457
1661.0000 1643.8320 4.4885 35.0457
1663.0000 1645.8036 4.4831 35.0457
1665.0000 1647.7751 4.4772 35.0457
1667.0000 1649.7466 4.4739 35.0458
1669.0000 1651.7181 4.4721 35.0457
1671.0000 1653.6896 4.4695 35.0456
1673.0000 1655.6611 4.4666 35.0456
1675.0000 1657.6326 4.4621 35.0452
1677.0000 1659.6041 4.4405 35.0443
1679.0000 1661.5753 4.4319 35.0443
1681.0000 1663.5469 4.4258 35.0440
1683.0000 1665.5183 4.4158 35.0440
1685.0000 1667.4896 4.4113 35.0439
1687.0000 1669.4608 4.4107 35.0439
1689.0000 1671.4324 4.4099 35.0440
1691.0000 1673.4037 4.4076 35.0439
1693.0000 1675.3749 4.4055 35.0439
1695.0000 1677.3462 4.4037 35.0439
1697.0000 1679.3174 4.4003 35.0436
1699.0000 1681.2887 4.3902 35.0431
1701.0000 1683.2599 4.3688 35.0427
1703.0000 1685.2310 4.3645 35.0428
1705.0000 1687.2023 4.3630 35.0427
1707.0000 1689.1732 4.3613 35.0429
1709.0000 1691.1447 4.3602 35.0428
1711.0000 1693.1157 4.3612 35.0427
1713.0000 1695.0869 4.3584 35.0429
1715.0000 1697.0579 4.3565 35.0427
1717.0000 1699.0289 4.3549 35.0428
1719.0000 1701.0001 4.3530 35.0426
1721.0000 1702.9708 4.3486 35.0424
1723.0000 1704.9420 4.3397 35.0419
1725.0000 1706.9131 4.3319 35.0419
1727.0000 1708.8840 4.3276 35.0418
1729.0000 1710.8550 4.3210 35.0418
1731.0000 1712.8259 4.3179 35.0418
1733.0000 1714.7969 4.3153 35.0417
1735.0000 1716.7676 4.3103 35.0416
1737.0000 1718.7385 4.3074 35.0415
1739.0000 1720.7097 4.3047 35.0412
1741.0000 1722.6802 4.3010 35.0412
1743.0000 1724.6511 4.2969 35.0407
1745.0000 1726.6221 4.2935 35.0405
1747.0000 1728.5928 4.2879 35.0404
1749.0000 1730.5635 4.2867 35.0404
1751.0000 1732.5343 4.2853 35.0405
1753.0000 1734.5051 4.2850 35.0404
1755.0000 1736.4757 4.2857 35.0404
1757.0000 1738.4464 4.2810 35.0403
1759.0000 1740.4171 4.2738 35.0398
1761.0000 1742.3878 4.2747 35.0400
1763.0000 1744.3584 4.2697 35.0398
1765.0000 1746.3291 4.2646 35.0394
1767.0000 1748.2998 4.2589 35.0391
1769.0000 1750.2701 4.2537 35.0389
1771.0000 1752.2408 4.2510 35.0390
1773.0000 1754.2115 4.2480 35.0390
1775.0000 1756.1821 4.2396 35.0384
1777.0000 1758.1525 4.2341 35.0379
1779.0000 1760.1229 4.2324 35.0381
1781.0000 1762.0936 4.2327 35.0384
1783.0000 1764.0637 4.2339 35.0391
1785.0000 1766.0344 4.2342 35.0391
1787.0000 1768.0048 4.2324 35.0392
1789.0000 1769.9755 4.2203 35.0379
1791.0000 1771.9456 4.2153 35.0382
1793.0000 1773.9161 4.2112 35.0382
1795.0000 1775.8865 4.2089 35.0381
1797.0000 1777.8566 4.2046 35.0376
1799.0000 1779.8270 4.2004 35.0372
1801.0000 1781.7974 4.1954 35.0367
1803.0000 1783.7675 4.1938 35.0368
1805.0000 1785.7378 4.1899 35.0366
1807.0000 1787.7083 4.1895 35.0367
1809.0000 1789.6783 4.1818 35.0358
1811.0000 1791.6484 4.1766 35.0357
1813.0000 1793.6188 4.1765 35.0357
1815.0000 1795.5891 4.1759 35.0357
1817.0000 1797.5590 4.1739 35.0358
1819.0000 1799.5293 4.1723 35.0356
1821.0000 1801.4994 4.1714 35.0357
1823.0000 1803.4696 4.1702 35.0355
1825.0000 1805.4393 4.1682 35.0354
1827.0000 1807.4097 4.1563 35.0346
1829.0000 1809.3795 4.1501 35.0345
1831.0000 1811.3496 4.1496 35.0344
1833.0000 1813.3196 4.1471 35.0342
1835.0000 1815.2898 4.1435 35.0337
1837.0000 1817.2596 4.1238 35.0324
1839.0000 1819.2296 4.1177 35.0324
1841.0000 1821.1995 4.1143 35.0321
1843.0000 1823.1696 4.1122 35.0320
1845.0000 1825.1393 4.1110 35.0319
1847.0000 1827.1091 4.1063 35.0316
1849.0000 1829.0790 4.0982 35.0313
1851.0000 1831.0491 4.0972 35.0315
1853.0000 1833.0186 4.0982 35.0316
1855.0000 1834.9885 4.0969 35.0317
1857.0000 1836.9584 4.0962 35.0317
1859.0000 1838.9281 4.0943 35.0315
1861.0000 1840.8977 4.0943 35.0316
1863.0000 1842.8676 4.0865 35.0307
1865.0000 1844.8372 4.0781 35.0304
1867.0000 1846.8070 4.0762 35.0305
1869.0000 1848.7769 4.0771 35.0304
1871.0000 1850.7463 4.0759 35.0305
1873.0000 1852.7161 4.0720 35.0303
1875.0000 1854.6854 4.0671 35.0300
1877.0000 1856.6554 4.0622 35.0299
1879.0000 1858.6246 4.0592 35.0297
1881.0000 1860.5944 4.0554 35.0292
1883.0000 1862.5640 4.0554 35.0290
1885.0000 1864.5337 4.0486 35.0288
1887.0000 1866.5029 4.0466 35.0287
1889.0000 1868.4724 4.0390 35.0281
1891.0000 1870.4420 4.0399 35.0281
1893.0000 1872.4114 4.0256 35.0277
1895.0000 1874.3810 4.0220 35.0275
1897.0000 1876.3502 4.0200 35.0275
1899.0000 1878.3197 4.0192 35.0274
1901.0000 1880.2889 4.0186 35.0273
1903.0000 1882.2584 4.0171 35.0275
1905.0000 1884.2277 4.0169 35.0273
1907.0000 1886.1970 4.0161 35.0273
1909.0000 1888.1664 4.0144 35.0273
1911.0000 1890.1357 4.0105 35.0269
1913.0000 1892.1051 4.0048 35.0267
1915.0000 1894.0742 4.0033 35.0266
1917.0000 1896.0435 4.0029 35.0266
1919.0000 1898.0127 4.0019 35.0266
1921.0000 1899.9818 4.0015 35.0264
1923.0000 1901.9513 3.9991 35.0263
1925.0000 1903.9203 3.9948 35.0261
1927.0000 1905.8894 3.9927 35.0261
1929.0000 1907.8584 3.9914 35.0260
1931.0000 1909.8276 3.9896 35.0257
1933.0000 1911.7969 3.9865 35.0256
1935.0000 1913.7657 3.9818 35.0253
1937.0000 1915.7350 3.9729 35.0245
1939.0000 1917.7039 3.9666 35.0244
1941.0000 1919.6729 3.9553 35.0235
1943.0000 1921.6420 3.9410 35.0231
1945.0000 1923.6110 3.9344 35.0228
1947.0000 1925.5801 3.9331 35.0229
1949.0000 1927.5487 3.9315 35.0227
1951.0000 1929.5179 3.9293 35.0227
1953.0000 1931.4869 3.9276 35.0226
1955.0000 1933.4554 3.9272 35.0227
1957.0000 1935.4244 3.9258 35.0226
1959.0000 1937.3933 3.9248 35.0226
1961.0000 1939.3623 3.9244 35.0226
1963.0000 1941.3309 3.9238 35.0226
1965.0000 1943.2998 3.9235 35.0225
1967.0000 1945.2687 3.9228 35.0224
1969.0000 1947.2374 3.9209 35.0224
1971.0000 1949.2061 3.9134 35.0215
1973.0000 1951.1749 3.8950 35.0208
1975.0000 1953.1436 3.8897 35.0204
1977.0000 1955.1122 3.8845 35.0201
1979.0000 1957.0811 3.8807 35.0199
1981.0000 1959.0497 3.8767 35.0197
1983.0000 1961.0181 3.8766 35.0198
1985.0000 1962.9869 3.8771 35.0198
1987.0000 1964.9556 3.8768 35.0198
1989.0000 1966.9242 3.8754 35.0198
1991.0000 1968.8926 3.8713 35.0194
1993.0000 1970.8612 3.8686 35.0189
1995.0000 1972.8298 3.8616 35.0183
1997.0000 1974.7983 3.8542 35.0175
1999.0000 1976.7667 3.8353 35.0160
2001.0000 1978.7354 3.8227 35.0154
2003.0000 1980.7037 3.8213 35.0154
2005.0000 1982.6720 3.8190 35.0151
2007.0000 1984.6406 3.8222 35.0154
2009.0000 1986.6088 3.8174 35.0150
2011.0000 1988.5773 3.8147 35.0149
2013.0000 1990.5457 3.8129 35.0148
2015.0000 1992.5140 3.8121 35.0145
2017.0000 1994.4823 3.8023 35.0141
2019.0000 1996.4507 3.7980 35.0139
2021.0000 1998.4191 3.7958 35.0138
2023.0000 2000.3873 3.7974 35.0137
2025.0000 2002.3556 3.7901 35.0135
2027.0000 2004.3237 3.7850 35.0135
2029.0000 2006.2920 3.7809 35.0132
2031.0000 2008.2601 3.7788 35.0131
2033.0000 2010.2284 3.7774 35.0129
2035.0000 2012.1965 3.7767 35.0129
2037.0000 2014.1648 3.7737 35.0126
2039.0000 2016.1328 3.7720 35.0124
2041.0000 2018.1008 3.7670 35.0121
2043.0000 2020.0690 3.7636 35.0119
2045.0000 2022.0370 3.7653 35.0119
2047.0000 2024.0050 3.7579 35.0117
2049.0000 2025.9733 3.7548 35.0117
2051.0000 2027.9414 3.7509 35.0117
2053.0000 2029.9092 3.7521 35.0114
2055.0000 2031.8772 3.7371 35.0107
2057.0000 2033.8452 3.7301 35.0099
2059.0000 2035.8130 3.7224 35.0091
2061.0000 2037.7810 3.7165 35.0089
2063.0000 2039.7490 3.7120 35.0087
2065.0000 2041.7168 3.7086 35.0085
2067.0000 2043.6846 3.6975 35.0076
2069.0000 2045.6526 3.6881 35.0068
2071.0000 2047.6206 3.6804 35.0064
2073.0000 2049.5881 3.6772 35.0061
2075.0000 2051.5559 3.6773 35.0060
2077.0000 2053.5239 3.6702 35.0055
2079.0000 2055.4915 3.6670 35.0055
2081.0000 2057.4595 3.6634 35.0053
2083.0000 2059.4272 3.6558 35.0047
2085.0000 2061.3950 3.6495 35.0042
2087.0000 2063.3625 3.6427 35.0040
2089.0000 2065.3301 3.6396 35.0041
2091.0000 2067.2979 3.6367 35.0040
2093.0000 2069.2654 3.6351 35.0040
2095.0000 2071.2332 3.6343 35.0039
2097.0000 2073.2007 3.6324 35.0039
2099.0000 2075.1685 3.6285 35.0036
2101.0000 2077.1357 3.6273 35.0036
2103.0000 2079.1035 3.6262 35.0035
2105.0000 2081.0710 3.6218 35.0031
2107.0000 2083.0383 3.6208 35.0032
2109.0000 2085.0059 3.6207 35.0031
2111.0000 2086.9734 3.6202 35.0031
2113.0000 2088.9409 3.6200 35.0030
2115.0000 2090.9082 3.6200 35.0031
2117.0000 2092.8757 3.6200 35.0030
2119.0000 2094.8433 3.6199 35.0031
2121.0000 2096.8103 3.6176 35.0028
2123.0000 2098.7778 3.6114 35.0023
2125.0000 2100.7454 3.6090 35.0023
2127.0000 2102.7124 3.6103 35.0021
2129.0000 2104.6802 3.6073 35.0021
2131.0000 2106.6472 3.6041 35.0018
2133.0000 2108.6145 3.6018 35.0017
2135.0000 2110.5818 3.6010 35.0016
2137.0000 2112.5491 3.5996 35.0013
2139.0000 2114.5161 3.5979 35.0012
2141.0000 2116.4832 3.5973 35.0012
2143.0000 2118.4507 3.5967 35.0011
2145.0000 2120.4177 3.5946 35.0009
2147.0000 2122.3853 3.5921 35.0005
2149.0000 2124.3518 3.5890 35.0003
2151.0000 2126.3191 3.5844 35.0001
2153.0000 2128.2864 3.5814 34.9998
2155.0000 2130.2534 3.5799 34.9998
2157.0000 2132.2205 3.5794 34.9998
2159.0000 2134.1875 3.5795 34.9999
2161.0000 2136.1545 3.5795 34.9999
2163.0000 2138.1213 3.5774 34.9997
2165.0000 2140.0886 3.5750 34.9998
2167.0000 2142.0557 3.5741 34.9996
2169.0000 2144.0222 3.5728 34.9997
2171.0000 2145.9893 3.5695 34.9993
2173.0000 2147.9563 3.5638 34.9988
2175.0000 2149.9233 3.5662 34.9990
2177.0000 2151.8901 3.5555 34.9984
2179.0000 2153.8569 3.5510 34.9982
2181.0000 2155.8237 3.5475 34.9978
2183.0000 2157.7905 3.5458 34.9979
2185.0000 2159.7576 3.5410 34.9972
2187.0000 2161.7241 3.5340 34.9970
2189.0000 2163.6909 3.5338 34.9970
2191.0000 2165.6575 3.5342 34.9970
2193.0000 2167.6245 3.5341 34.9971
2195.0000 2169.5911 3.5339 34.9971
2197.0000 2171.5576 3.5324 34.9969
2199.0000 2173.5247 3.5284 34.9964
2201.0000 2175.4915 3.5177 34.9956
2203.0000 2177.4578 3.5150 34.9956
2205.0000 2179.4246 3.5110 34.9951
2207.0000 2181.3911 3.5038 34.9946
2209.0000 2183.3577 3.4942 34.9940
2211.0000 2185.3242 3.4888 34.9937
2213.0000 2187.2908 3.4843 34.9931
2215.0000 2189.2573 3.4769 34.9929
2217.0000 2191.2236 3.4724 34.9926
2219.0000 2193.1902 3.4660 34.9920
2221.0000 2195.1570 3.4611 34.9918
2223.0000 2197.1235 3.4614 34.9918
2225.0000 2199.0898 3.4582 34.9915
2227.0000 2201.0564 3.4565 34.9916
2229.0000 2203.0225 3.4554 34.9915
2231.0000 2204.9888 3.4546 34.9915
2233.0000 2206.9553 3.4538 34.9914
2235.0000 2208.9216 3.4534 34.9914
2237.0000 2210.8882 3.4529 34.9913
2239.0000 2212.8542 3.4516 34.9913
2241.0000 2214.8208 3.4508 34.9910
2243.0000 2216.7871 3.4501 34.9910
2245.0000 2218.7532 3.4489 34.9909
2247.0000 2220.7195 3.4482 34.9909
2249.0000 2222.6858 3.4475 34.9909
2251.0000 2224.6521 3.4469 34.9909
2253.0000 2226.6182 3.4456 34.9906
2255.0000 2228.5842 3.4450 34.9905
2257.0000 2230.5505 3.4425 34.9904
2259.0000 2232.5164 3.4413 34.9903
2261.0000 2234.4827 3.4406 34.9903
2263.0000 2236.4487 3.4400 34.9902
2265.0000 2238.4146 3.4390 34.9901
2267.0000 2240.3809 3.4382 34.9901
2269.0000 2242.3472 3.4341 34.9897
2271.0000 2244.3132 3.4313 34.9895
2273.0000 2246.2791 3.4284 34.9893
2275.0000 2248.2449 3.4261 34.9891
2277.0000 2250.2112 3.4244 34.9891
2279.0000 2252.1770 3.4233 34.9891
2281.0000 2254.1426 3.4228 34.9889
2283.0000 2256.1089 3.4221 34.9889
2285.0000 2258.0747 3.4213 34.9886
2287.0000 2260.0405 3.4107 34.9879
2289.0000 2262.0066 3.4087 34.9878
2291.0000 2263.9724 3.4055 34.9875
2293.0000 2265.9380 3.4018 34.9871
2295.0000 2267.9041 3.3992 34.9871
2297.0000 2269.8699 3.3978 34.9869
2299.0000 2271.8357 3.3948 34.9867
2301.0000 2273.8013 3.3925 34.9865
2303.0000 2275.7673 3.3903 34.9863
2305.0000 2277.7329 3.3891 34.9863
2307.0000 2279.6982 3.3864 34.9861
2309.0000 2281.6641 3.3809 34.9855
2311.0000 2283.6299 3.3736 34.9850
2313.0000 2285.5955 3.3668 34.9847
2315.0000 2287.5610 3.3642 34.9844
2317.0000 2289.5266 3.3650 34.9844
2319.0000 2291.4924 3.3587 34.9840
2321.0000 2293.4578 3.3527 34.9836
2323.0000 2295.4236 3.3518 34.9836
2325.0000 2297.3889 3.3500 34.9833
2327.0000 2299.3545 3.3467 34.9830
2329.0000 2301.3201 3.3448 34.9830
2331.0000 2303.2856 3.3448 34.9830
2333.0000 2305.2512 3.3421 34.9826
2335.0000 2307.2166 3.3344 34.9819
2337.0000 2309.1819 3.3244 34.9813
2339.0000 2311.1475 3.3197 34.9809
2341.0000 2313.1128 3.3177 34.9808
2343.0000 2315.0781 3.3156 34.9806
2345.0000 2317.0435 3.3124 34.9804
2347.0000 2319.0088 3.3100 34.9803
2349.0000 2320.9741 3.3092 34.9802
2351.0000 2322.9392 3.3067 34.9799
2353.0000 2324.9048 3.3033 34.9797
2355.0000 2326.8699 3.2997 34.9795
2357.0000 2328.8352 3.2981 34.9794
2359.0000 2330.8003 3.2962 34.9792
2361.0000 2332.7656 3.2907 34.9789
2363.0000 2334.7307 3.2899 34.9789
2365.0000 2336.6960 3.2873 34.9786
2367.0000 2338.6614 3.2868 34.9786
2369.0000 2340.6262 3.2839 34.9782
2371.0000 2342.5913 3.2763 34.9778
2373.0000 2344.5566 3.2747 34.9777
2375.0000 2346.5217 3.2713 34.9774
2377.0000 2348.4868 3.2685 34.9773
2379.0000 2350.4519 3.2660 34.9772
2381.0000 2352.4170 3.2643 34.9770
2383.0000 2354.3818 3.2632 34.9770
2385.0000 2356.3469 3.2632 34.9771
2387.0000 2358.3120 3.2615 34.9768
2389.0000 2360.2769 3.2611 34.9767
2391.0000 2362.2419 3.2546 34.9763
2393.0000 2364.2068 3.2537 34.9763
2395.0000 2366.1719 3.2529 34.9762
2397.0000 2368.1365 3.2520 34.9762
2399.0000 2370.1016 3.2496 34.9759
2401.0000 2372.0664 3.2484 34.9760
2403.0000 2374.0310 3.2484 34.9760
2405.0000 2375.9958 3.2478 34.9759
2407.0000 2377.9607 3.2470 34.9758
2409.0000 2379.9255 3.2460 34.9759
2411.0000 2381.8901 3.2457 34.9757
2413.0000 2383.8550 3.2456 34.9757
2415.0000 2385.8198 3.2446 34.9757
2417.0000 2387.7844 3.2438 34.9756
2419.0000 2389.7495 3.2416 34.9756
2421.0000 2391.7141 3.2381 34.9751
2423.0000 2393.6787 3.2367 34.9750
2425.0000 2395.6433 3.2355 34.9749
2427.0000 2397.6079 3.2329 34.9747
2429.0000 2399.5728 3.2272 34.9741
2431.0000 2401.5371 3.2157 34.9733
2433.0000 2403.5017 3.2129 34.9732
2435.0000 2405.4663 3.2121 34.9730
2437.0000 2407.4309 3.2085 34.9727
2439.0000 2409.3953 3.2011 34.9722
2441.0000 2411.3596 3.1988 34.9720
2443.0000 2413.3245 3.1877 34.9707
2445.0000 2415.2886 3.1733 34.9700
2447.0000 2417.2529 3.1690 34.9696
2449.0000 2419.2178 3.1632 34.9693
2451.0000 2421.1819 3.1624 34.9693
2453.0000 2423.1462 3.1613 34.9691
2455.0000 2425.1108 3.1597 34.9692
2457.0000 2427.0754 3.1596 34.9692
2459.0000 2429.0393 3.1591 34.9692
2461.0000 2431.0039 3.1569 34.9690
2463.0000 2432.9683 3.1525 34.9685
2465.0000 2434.9324 3.1492 34.9684
2467.0000 2436.8965 3.1477 34.9682
2469.0000 2438.8611 3.1448 34.9680
2471.0000 2440.8252 3.1393 34.9678
2473.0000 2442.7893 3.1316 34.9669
2475.0000 2444.7534 3.1300 34.9669
2477.0000 2446.7178 3.1299 34.9669
2479.0000 2448.6816 3.1309 34.9668
2481.0000 2450.6460 3.1292 34.9668
2483.0000 2452.6104 3.1285 34.9668
2485.0000 2454.5745 3.1284 34.9667
2487.0000 2456.5383 3.1284 34.9668
2489.0000 2458.5024 3.1277 34.9667
2491.0000 2460.4666 3.1269 34.9666
2493.0000 2462.4304 3.1248 34.9664
2495.0000 2464.3945 3.1250 34.9665
2497.0000 2466.3584 3.1251 34.9665
2499.0000 2468.3225 3.1253 34.9663
2501.0000 2470.2864 3.1238 34.9663
2503.0000 2472.2505 3.1239 34.9663
2505.0000 2474.2146 3.1236 34.9663
2507.0000 2476.1782 3.1222 34.9660
2509.0000 2478.1421 3.1211 34.9660
2511.0000 2480.1060 3.1198 34.9659
2513.0000 2482.0701 3.1203 34.9660
2515.0000 2484.0337 3.1203 34.9660
2517.0000 2485.9973 3.1184 34.9657
2519.0000 2487.9612 3.1161 34.9656
2521.0000 2489.9250 3.1153 34.9655
2523.0000 2491.8889 3.1140 34.9655
2525.0000 2493.8525 3.1135 34.9654
2527.0000 2495.8162 3.1129 34.9653
2529.0000 2497.7800 3.1126 34.9654
2531.0000 2499.7437 3.1123 34.9653
2533.0000 2501.7075 3.1124 34.9653
2535.0000 2503.6711 3.1126 34.9653
2537.0000 2505.6348 3.1105 34.9650
2539.0000 2507.5984 3.1085 34.9647
2541.0000 2509.5618 3.1034 34.9645
2543.0000 2511.5254 3.1026 34.9644
2545.0000 2513.4890 3.1016 34.9643
2547.0000 2515.4526 3.1008 34.9641
2549.0000 2517.4163 3.0973 34.9639
2551.0000 2519.3799 3.0951 34.9638
2553.0000 2521.3433 3.0924 34.9636
2555.0000 2523.3066 3.0902 34.9634
2557.0000 2525.2700 3.0892 34.9632
2559.0000 2527.2334 3.0881 34.9632
2561.0000 2529.1970 3.0860 34.9631
2563.0000 2531.1604 3.0850 34.9630
2565.0000 2533.1238 3.0846 34.9630
2567.0000 2535.0872 3.0847 34.9629
2569.0000 2537.0503 3.0830 34.9628
2571.0000 2539.0137 3.0748 34.9621
2573.0000 2540.9771 3.0720 34.9619
2575.0000 2542.9407 3.0713 34.9619
2577.0000 2544.9036 3.0726 34.9620
2579.0000 2546.8669 3.0717 34.9618
2581.0000 2548.8303 3.0719 34.9619
2583.0000 2550.7932 3.0722 34.9620
2585.0000 2552.7568 3.0723 34.9619
2587.0000 2554.7200 3.0719 34.9620
2589.0000 2556.6829 3.0722 34.9619
2591.0000 2558.6460 3.0714 34.9618
2593.0000 2560.6094 3.0605 34.9607
2595.0000 2562.5725 3.0473 34.9598
2597.0000 2564.5356 3.0427 34.9595
2599.0000 2566.4985 3.0384 34.9591
2601.0000 2568.4619 3.0355 34.9589
2603.0000 2570.4246 3.0301 34.9585
2605.0000 2572.3875 3.0265 34.9582
2607.0000 2574.3508 3.0217 34.9578
2609.0000 2576.3140 3.0220 34.9579
2611.0000 2578.2766 3.0201 34.9577
2613.0000 2580.2395 3.0159 34.9575
2615.0000 2582.2029 3.0151 34.9575
2617.0000 2584.1655 3.0116 34.9573
2619.0000 2586.1284 3.0118 34.9572
2621.0000 2588.0913 3.0108 34.9572
2623.0000 2590.0542 3.0099 34.9571
2625.0000 2592.0171 3.0085 34.9570
2627.0000 2593.9800 3.0081 34.9570
2629.0000 2595.9429 3.0083 34.9569
2631.0000 2597.9055 3.0087 34.9570
2633.0000 2599.8682 3.0087 34.9569
2635.0000 2601.8313 3.0084 34.9570
2637.0000 2603.7939 3.0090 34.9570
2639.0000 2605.7566 3.0093 34.9571
2641.0000 2607.7190 3.0088 34.9569
2643.0000 2609.6821 3.0084 34.9568
2645.0000 2611.6445 3.0086 34.9568
2647.0000 2613.6074 3.0090 34.9568
2649.0000 2615.5698 3.0089 34.9568
2651.0000 2617.5327 3.0085 34.9567
2653.0000 2619.4951 3.0079 34.9568
2655.0000 2621.4578 3.0044 34.9564
2657.0000 2623.4204 3.0018 34.9562
2659.0000 2625.3828 3.0013 34.9559
2661.0000 2627.3455 2.9876 34.9552
2663.0000 2629.3079 2.9861 34.9549
2665.0000 2631.2703 2.9835 34.9544
2667.0000 2633.2329 2.9769 34.9542
2669.0000 2635.1953 2.9768 34.9542
2671.0000 2637.1577 2.9752 34.9541
2673.0000 2639.1201 2.9740 34.9540
2675.0000 2641.0825 2.9723 34.9538
2677.0000 2643.0452 2.9717 34.9538
2679.0000 2645.0073 2.9718 34.9538
2681.0000 2646.9697 2.9723 34.9539
2683.0000 2648.9321 2.9725 34.9539
2685.0000 2650.8945 2.9715 34.9538
2687.0000 2652.8564 2.9701 34.9537
2689.0000 2654.8191 2.9674 34.9533
2691.0000 2656.7812 2.9548 34.9523
2693.0000 2658.7432 2.9504 34.9519
2695.0000 2660.7056 2.9485 34.9518
2697.0000 2662.6680 2.9400 34.9509
2699.0000 2664.6304 2.9380 34.9510
2701.0000 2666.5923 2.9378 34.9509
2703.0000 2668.5544 2.9303 34.9501
2705.0000 2670.5166 2.9170 34.9491
2707.0000 2672.4785 2.9103 34.9486
2709.0000 2674.4407 2.9054 34.9482
2711.0000 2676.4031 2.9033 34.9482
2713.0000 2678.3647 2.9010 34.9480
2715.0000 2680.3269 2.8979 34.9477
2717.0000 2682.2893 2.8951 34.9476
2719.0000 2684.2512 2.8950 34.9476
2721.0000 2686.2129 2.8946 34.9475
2723.0000 2688.1748 2.8928 34.9473
2725.0000 2690.1372 2.8861 34.9468
2727.0000 2692.0989 2.8827 34.9466
2729.0000 2694.0608 2.8815 34.9464
2731.0000 2696.0229 2.8794 34.9462
2733.0000 2697.9849 2.8788 34.9462
2735.0000 2699.9463 2.8778 34.9461
2737.0000 2701.9084 2.8771 34.9461
2739.0000 2703.8704 2.8744 34.9457
2741.0000 2705.8318 2.8713 34.9457
2743.0000 2707.7939 2.8709 34.9453
2745.0000 2709.7556 2.8598 34.9444
2747.0000 2711.7175 2.8546 34.9441
2749.0000 2713.6792 2.8548 34.9441
2751.0000 2715.6409 2.8549 34.9441
2753.0000 2717.6025 2.8551 34.9441
2755.0000 2719.5642 2.8545 34.9441
2757.0000 2721.5259 2.8549 34.9441
2759.0000 2723.4875 2.8551 34.9442
2761.0000 2725.4495 2.8552 34.9441
2763.0000 2727.4109 2.8554 34.9440
2765.0000 2729.3723 2.8543 34.9440
2767.0000 2731.3342 2.8536 34.9440
2769.0000 2733.2957 2.8517 34.9436
2771.0000 2735.2571 2.8494 34.9436
2773.0000 2737.2188 2.8472 34.9433
2775.0000 2739.1802 2.8463 34.9432
2777.0000 2741.1416 2.8452 34.9430
2779.0000 2743.1033 2.8403 34.9426
2781.0000 2745.0647 2.8345 34.9422
2783.0000 2747.0259 2.8315 34.9419
2785.0000 2748.9875 2.8266 34.9414
2787.0000 2750.9490 2.8247 34.9415
2789.0000 2752.9104 2.8230 34.9411
2791.0000 2754.8716 2.8182 34.9407
2793.0000 2756.8330 2.8165 34.9406
2795.0000 2758.7944 2.8155 34.9405
2797.0000 2760.7556 2.8148 34.9405
2799.0000 2762.7168 2.8141 34.9406
2801.0000 2764.6785 2.8141 34.9405
2803.0000 2766.6394 2.8139 34.9404
2805.0000 2768.6008 2.8142 34.9405
2807.0000 2770.5620 2.8139 34.9405
2809.0000 2772.5234 2.8141 34.9404
2811.0000 2774.4844 2.8143 34.9404
2813.0000 2776.4456 2.8119 34.9403
2815.0000 2778.4067 2.8122 34.9402
2817.0000 2780.3679 2.8090 34.9399
2819.0000 2782.3289 2.8101 34.9401
2821.0000 2784.2903 2.8098 34.9399
2823.0000 2786.2512 2.8081 34.9397
2825.0000 2788.2122 2.8077 34.9396
2827.0000 2790.1733 2.8012 34.9391
2829.0000 2792.1343 2.7994 34.9389
2831.0000 2794.0955 2.7978 34.9388
2833.0000 2796.0564 2.7969 34.9387
2835.0000 2798.0173 2.7944 34.9385
2837.0000 2799.9785 2.7929 34.9384
2839.0000 2801.9392 2.7909 34.9382
2841.0000 2803.9004 2.7877 34.9379
2843.0000 2805.8613 2.7862 34.9378
2845.0000 2807.8220 2.7862 34.9377
2847.0000 2809.7830 2.7859 34.9378
2849.0000 2811.7437 2.7858 34.9377
2851.0000 2813.7046 2.7850 34.9376
2853.0000 2815.6653 2.7833 34.9374
2855.0000 2817.6265 2.7828 34.9373
2857.0000 2819.5872 2.7774 34.9368
2859.0000 2821.5476 2.7752 34.9370
2861.0000 2823.5088 2.7714 34.9361
2863.0000 2825.4692 2.7688 34.9360
2865.0000 2827.4299 2.7641 34.9356
2867.0000 2829.3906 2.7586 34.9351
2869.0000 2831.3516 2.7566 34.9351
2871.0000 2833.3123 2.7541 34.9346
2873.0000 2835.2727 2.7475 34.9344
2875.0000 2837.2334 2.7476 34.9344
2877.0000 2839.1941 2.7481 34.9342
2879.0000 2841.1543 2.7453 34.9342
2881.0000 2843.1150 2.7456 34.9343
2883.0000 2845.0757 2.7454 34.9343
2885.0000 2847.0361 2.7451 34.9344
2887.0000 2848.9968 2.7456 34.9342
2889.0000 2850.9573 2.7445 34.9342
2891.0000 2852.9180 2.7434 34.9341
2893.0000 2854.8779 2.7428 34.9341
2895.0000 2856.8384 2.7436 34.9340
2897.0000 2858.7991 2.7414 34.9339
2899.0000 2860.7595 2.7395 34.9337
2901.0000 2862.7197 2.7371 34.9335
2903.0000 2864.6802 2.7369 34.9335
2905.0000 2866.6406 2.7365 34.9334
2907.0000 2868.6008 2.7352 34.9333
2909.0000 2870.5613 2.7346 34.9333
2911.0000 2872.5217 2.7330 34.9331
2913.0000 2874.4819 2.7324 34.9330
2915.0000 2876.4421 2.7326 34.9330
2917.0000 2878.4026 2.7306 34.9326
2919.0000 2880.3625 2.7269 34.9324
2921.0000 2882.3228 2.7243 34.9322
2923.0000 2884.2832 2.7235 34.9320
2925.0000 2886.2437 2.7220 34.9320
2927.0000 2888.2034 2.7191 34.9316
2929.0000 2890.1636 2.7166 34.9315
2931.0000 2892.1235 2.7166 34.9315
2933.0000 2894.0842 2.7152 34.9314
2935.0000 2896.0439 2.7147 34.9314
2937.0000 2898.0042 2.7144 34.9313
2939.0000 2899.9641 2.7142 34.9313
2941.0000 2901.9241 2.7137 34.9313
2943.0000 2903.8840 2.7114 34.9310
2945.0000 2905.8442 2.7089 34.9308
2947.0000 2907.8042 2.7077 34.9306
2949.0000 2909.7642 2.7068 34.9307
2951.0000 2911.7239 2.7072 34.9305
2953.0000 2913.6843 2.7052 34.9305
2955.0000 2915.6438 2.7048 34.9304
2957.0000 2917.6038 2.7033 34.9303
2959.0000 2919.5637 2.7020 34.9301
2961.0000 2921.5237 2.7008 34.9301
2963.0000 2923.4834 2.7001 34.9300
2965.0000 2925.4434 2.6984 34.9297
2967.0000 2927.4031 2.6995 34.9298
2969.0000 2929.3628 2.6981 34.9296
2971.0000 2931.3225 2.6952 34.9295
2973.0000 2933.2825 2.6942 34.9294
2975.0000 2935.2419 2.6936 34.9293
2977.0000 2937.2019 2.6927 34.9293
2979.0000 2939.1614 2.6936 34.9293
2981.0000 2941.1213 2.6942 34.9294
2983.0000 2943.0806 2.6941 34.9292
2985.0000 2945.0405 2.6939 34.9292
2987.0000 2947.0002 2.6918 34.9292
2989.0000 2948.9597 2.6919 34.9290
2991.0000 2950.9194 2.6919 34.9289
2993.0000 2952.8789 2.6895 34.9289
2995.0000 2954.8389 2.6891 34.9288
2997.0000 2956.7979 2.6890 34.9287
2999.0000 2958.7578 2.6890 34.9287
3001.0000 2960.7173 2.6883 34.9285
3003.0000 2962.6765 2.6869 34.9285
3005.0000 2964.6360 2.6875 34.9286
3007.0000 2966.5957 2.6874 34.9286
3009.0000 2968.5552 2.6875 34.9285
3011.0000 2970.5144 2.6877 34.9283
3013.0000 2972.4741 2.6878 34.9285
3015.0000 2974.4333 2.6880 34.9284
3017.0000 2976.3926 2.6882 34.9285
3019.0000 2978.3518 2.6886 34.9285
3021.0000 2980.3115 2.6889 34.9285
3023.0000 2982.2710 2.6884 34.9285
3025.0000 2984.2297 2.6876 34.9283
3027.0000 2986.1892 2.6874 34.9282
3029.0000 2988.1484 2.6876 34.9282
3031.0000 2990.1077 2.6881 34.9283
3033.0000 2992.0669 2.6883 34.9283
3035.0000 2994.0261 2.6884 34.9283
3037.0000 2995.9854 2.6886 34.9283
3039.0000 2997.9443 2.6886 34.9283
3041.0000 2999.9038 2.6883 34.9282
3043.0000 3001.8628 2.6885 34.9282
3045.0000 3003.8220 2.6853 34.9278
3047.0000 3005.7812 2.6816 34.9275
3049.0000 3007.7402 2.6789 34.9272
3051.0000 3009.6990 2.6788 34.9272
3053.0000 3011.6582 2.6786 34.9272
3055.0000 3013.6172 2.6782 34.9272
3057.0000 3015.5764 2.6780 34.9271
3059.0000 3017.5352 2.6778 34.9271
3061.0000 3019.4944 2.6777 34.9271
3063.0000 3021.4534 2.6777 34.9271
3065.0000 3023.4121 2.6769 34.9270
3067.0000 3025.3711 2.6755 34.9269
3069.0000 3027.3301 2.6749 34.9268
3071.0000 3029.2893 2.6751 34.9269
3073.0000 3031.2478 2.6756 34.9267
3075.0000 3033.2068 2.6751 34.9268
3077.0000 3035.1658 2.6745 34.9268
3079.0000 3037.1243 2.6740 34.9266
3081.0000 3039.0833 2.6727 34.9265
3083.0000 3041.0422 2.6716 34.9264
3085.0000 3043.0007 2.6708 34.9263
3087.0000 3044.9595 2.6694 34.9261
3089.0000 3046.9182 2.6689 34.9260
3091.0000 3048.8772 2.6684 34.9259
3093.0000 3050.8357 2.6678 34.9260
3095.0000 3052.7942 2.6674 34.9259
3097.0000 3054.7529 2.6677 34.9260
3099.0000 3056.7119 2.6658 34.9258
3101.0000 3058.6702 2.6647 34.9257
3103.0000 3060.6289 2.6661 34.9256
3105.0000 3062.5876 2.6643 34.9255
3107.0000 3064.5459 2.6596 34.9251
3109.0000 3066.5046 2.6552 34.9248
3111.0000 3068.4634 2.6571 34.9248
3113.0000 3070.4214 2.6535 34.9246
3115.0000 3072.3804 2.6527 34.9246
3117.0000 3074.3386 2.6516 34.9244
3119.0000 3076.2971 2.6486 34.9241
3121.0000 3078.2556 2.6478 34.9241
3123.0000 3080.2139 2.6474 34.9240
3125.0000 3082.1724 2.6468 34.9240
3127.0000 3084.1309 2.6464 34.9239
3129.0000 3086.0891 2.6447 34.9237
3131.0000 3088.0476 2.6458 34.9238
3133.0000 3090.0061 2.6450 34.9237
3135.0000 3091.9641 2.6453 34.9238
3137.0000 3093.9226 2.6453 34.9239
3139.0000 3095.8809 2.6454 34.9238
3141.0000 3097.8394 2.6458 34.9238
3143.0000 3099.7974 2.6464 34.9239
3145.0000 3101.7559 2.6455 34.9237
3147.0000 3103.7141 2.6436 34.9236
3149.0000 3105.6721 2.6406 34.9232
3151.0000 3107.6304 2.6392 34.9232
3153.0000 3109.5889 2.6387 34.9231
3155.0000 3111.5464 2.6384 34.9230
3157.0000 3113.5049 2.6386 34.9231
3159.0000 3115.4629 2.6388 34.9231
3161.0000 3117.4209 2.6389 34.9231
3163.0000 3119.3792 2.6374 34.9228
3165.0000 3121.3372 2.6360 34.9227
3167.0000 3123.2952 2.6341 34.9226
3169.0000 3125.2529 2.6337 34.9226
3171.0000 3127.2112 2.6343 34.9226
3173.0000 3129.1694 2.6346 34.9226
3175.0000 3131.1270 2.6347 34.9226
3177.0000 3133.0852 2.6345 34.9225
3179.0000 3135.0432 2.6345 34.9225
3181.0000 3137.0010 2.6348 34.9226
3183.0000 3138.9587 2.6352 34.9226
3185.0000 3140.9170 2.6350 34.9227
3187.0000 3142.8750 2.6349 34.9226
3189.0000 3144.8323 2.6345 34.9226
3191.0000 3146.7903 2.6350 34.9226
3193.0000 3148.7483 2.6339 34.9223
3195.0000 3150.7061 2.6325 34.9222
3197.0000 3152.6638 2.6306 34.9221
3199.0000 3154.6216 2.6309 34.9220
3201.0000 3156.5796 2.6298 34.9220
3203.0000 3158.5369 2.6295 34.9219
3205.0000 3160.4949 2.6292 34.9219
3207.0000 3162.4526 2.6285 34.9218
3209.0000 3164.4106 2.6272 34.9217
3211.0000 3166.3677 2.6272 34.9217
3213.0000 3168.3254 2.6265 34.9215
3215.0000 3170.2832 2.6256 34.9215
3217.0000 3172.2407 2.6257 34.9217
3219.0000 3174.1982 2.6255 34.9215
3221.0000 3176.1560 2.6244 34.9214
3223.0000 3178.1138 2.6246 34.9214
3225.0000 3180.0710 2.6249 34.9214
3227.0000 3182.0283 2.6251 34.9214
3229.0000 3183.9861 2.6246 34.9213
3231.0000 3185.9436 2.6242 34.9212
3233.0000 3187.9011 2.6235 34.9212
3235.0000 3189.8584 2.6238 34.9212
3237.0000 3191.8157 2.6232 34.9212
3239.0000 3193.7732 2.6232 34.9211
3241.0000 3195.7307 2.6229 34.9211
3243.0000 3197.6880 2.6228 34.9211
3245.0000 3199.6453 2.6227 34.9210
3247.0000 3201.6028 2.6225 34.9209
3249.0000 3203.5603 2.6224 34.9209
3251.0000 3205.5171 2.6224 34.9210
3253.0000 3207.4746 2.6226 34.9210
3255.0000 3209.4321 2.6227 34.9209
3257.0000 3211.3894 2.6222 34.9209
3259.0000 3213.3464 2.6215 34.9207
3261.0000 3215.3035 2.6203 34.9207
3263.0000 3217.2610 2.6200 34.9206
3265.0000 3219.2178 2.6201 34.9207
3267.0000 3221.1753 2.6194 34.9205
3269.0000 3223.1326 2.6192 34.9205
3271.0000 3225.0896 2.6182 34.9204
3273.0000 3227.0464 2.6197 34.9204
3275.0000 3229.0039 2.6187 34.9204
3277.0000 3230.9609 2.6177 34.9202
3279.0000 3232.9180 2.6174 34.9203
3281.0000 3234.8750 2.6171 34.9202
3283.0000 3236.8320 2.6169 34.9201
3285.0000 3238.7891 2.6171 34.9201
3287.0000 3240.7458 2.6175 34.9202
3289.0000 3242.7031 2.6173 34.9201
3291.0000 3244.6599 2.6169 34.9201
3293.0000 3246.6167 2.6170 34.9201
3295.0000 3248.5737 2.6171 34.9201
3297.0000 3250.5308 2.6172 34.9201
3299.0000 3252.4875 2.6173 34.9200
3301.0000 3254.4443 2.6177 34.9200
3303.0000 3256.4014 2.6178 34.9201
3305.0000 3258.3584 2.6179 34.9201
3307.0000 3260.3149 2.6181 34.9201
3309.0000 3262.2720 2.6185 34.9202
3311.0000 3264.2288 2.6184 34.9201
3313.0000 3266.1853 2.6181 34.9199
3315.0000 3268.1418 2.6178 34.9199
3317.0000 3270.0989 2.6180 34.9199
3319.0000 3272.0557 2.6179 34.9199
3321.0000 3274.0122 2.6178 34.9199
3323.0000 3275.9690 2.6174 34.9198
3325.0000 3277.9255 2.6172 34.9198
3327.0000 3279.8821 2.6170 34.9197
3329.0000 3281.8389 2.6171 34.9197
3331.0000 3283.7957 2.6170 34.9196
3333.0000 3285.7522 2.6160 34.9196
3335.0000 3287.7087 2.6157 34.9196
3337.0000 3289.6650 2.6144 34.9194
3339.0000 3291.6218 2.6138 34.9193
3341.0000 3293.5781 2.6147 34.9193
3343.0000 3295.5347 2.6141 34.9193
3345.0000 3297.4915 2.6130 34.9192
3347.0000 3299.4480 2.6124 34.9193
3349.0000 3301.4043 2.6133 34.9191
3351.0000 3303.3606 2.6123 34.9190
3353.0000 3305.3171 2.6114 34.9191
3355.0000 3307.2732 2.6113 34.9190
3357.0000 3309.2297 2.6112 34.9190
3359.0000 3311.1863 2.6110 34.9189
3361.0000 3313.1428 2.6111 34.9190
3363.0000 3315.0989 2.6108 34.9189
3365.0000 3317.0554 2.6104 34.9188
3367.0000 3319.0115 2.6100 34.9187
3369.0000 3320.9675 2.6101 34.9187
3371.0000 3322.9241 2.6098 34.9188
3373.0000 3324.8804 2.6102 34.9188
3375.0000 3326.8364 2.6102 34.9188
3377.0000 3328.7927 2.6098 34.9187
3379.0000 3330.7490 2.6096 34.9186
3381.0000 3332.7053 2.6097 34.9187
3383.0000 3334.6611 2.6096 34.9186
3385.0000 3336.6174 2.6084 34.9184
3387.0000 3338.5735 2.6063 34.9183
3389.0000 3340.5293 2.6057 34.9183
3391.0000 3342.4856 2.6052 34.9183
3393.0000 3344.4417 2.6044 34.9180
3395.0000 3346.3979 2.6037 34.9181
3397.0000 3348.3540 2.6030 34.9179
3399.0000 3350.3098 2.6028 34.9179
3401.0000 3352.2661 2.6023 34.9178
3403.0000 3354.2217 2.6025 34.9179
3405.0000 3356.1775 2.6027 34.9178
3407.0000 3358.1338 2.6018 34.9177
3409.0000 3360.0896 2.6016 34.9177
3411.0000 3362.0452 2.6011 34.9176
3413.0000 3364.0015 2.6008 34.9177
3415.0000 3365.9575 2.6010 34.9176
3417.0000 3367.9128 2.6010 34.9175
3419.0000 3369.8691 2.6008 34.9174
3421.0000 3371.8252 2.6006 34.9176
3423.0000 3373.7810 2.6006 34.9176
3425.0000 3375.7366 2.6006 34.9175
3427.0000 3377.6924 2.6006 34.9175
3429.0000 3379.6479 2.6004 34.9175
3431.0000 3381.6033 2.6001 34.9173
3433.0000 3383.5593 2.6001 34.9173
3435.0000 3385.5151 2.6003 34.9174
3437.0000 3387.4707 2.6005 34.9174
3439.0000 3389.4265 2.5999 34.9174
3441.0000 3391.3821 2.5998 34.9173
3443.0000 3393.3379 2.6000 34.9173
3445.0000 3395.2935 2.5995 34.9172
3447.0000 3397.2488 2.5991 34.9171
3449.0000 3399.2046 2.5987 34.9172
3451.0000 3401.1602 2.5986 34.9171
3453.0000 3403.1157 2.5986 34.9171
3455.0000 3405.0715 2.5987 34.9171
3457.0000 3407.0271 2.5989 34.9171
3459.0000 3408.9822 2.5990 34.9171
3461.0000 3410.9380 2.5991 34.9170
3463.0000 3412.8933 2.5994 34.9169
3465.0000 3414.8486 2.5997 34.9170
3467.0000 3416.8040 2.5998 34.9171
3469.0000 3418.7595 2.5998 34.9170
3471.0000 3420.7148 2.5999 34.9170
3473.0000 3422.6699 2.6002 34.9170
3475.0000 3424.6255 2.5997 34.9169
3477.0000 3426.5808 2.5997 34.9168
3479.0000 3428.5361 2.5986 34.9168
3481.0000 3430.4915 2.5972 34.9166
3483.0000 3432.4470 2.5965 34.9166
3485.0000 3434.4021 2.5960 34.9165
3487.0000 3436.3572 2.5956 34.9165
3489.0000 3438.3125 2.5960 34.9163
3491.0000 3440.2676 2.5947 34.9163
3493.0000 3442.2227 2.5929 34.9162
3495.0000 3444.1782 2.5898 34.9158
3497.0000 3446.1333 2.5888 34.9159
3499.0000 3448.0884 2.5891 34.9158
3501.0000 3450.0432 2.5891 34.9158
3503.0000 3451.9988 2.5895 34.9158
3505.0000 3453.9539 2.5893 34.9158
3507.0000 3455.9084 2.5894 34.9158
3509.0000 3457.8640 2.5898 34.9158
3511.0000 3459.8191 2.5902 34.9158
3513.0000 3461.7737 2.5903 34.9160
3515.0000 3463.7288 2.5902 34.9158
3517.0000 3465.6838 2.5899 34.9158
3519.0000 3467.6387 2.5902 34.9158
3521.0000 3469.5940 2.5906 34.9158
3523.0000 3471.5488 2.5907 34.9158
3525.0000 3473.5034 2.5910 34.9158
3527.0000 3475.4583 2.5910 34.9158
3529.0000 3477.4133 2.5912 34.9157
3531.0000 3479.3684 2.5917 34.9158
3533.0000 3481.3232 2.5920 34.9158
3535.0000 3483.2781 2.5918 34.9158
3537.0000 3485.2327 2.5915 34.9157
3539.0000 3487.1877 2.5905 34.9156
3541.0000 3489.1423 2.5906 34.9156
3543.0000 3491.0969 2.5911 34.9156
3545.0000 3493.0520 2.5907 34.9155
3547.0000 3495.0071 2.5901 34.9155
3549.0000 3496.9612 2.5906 34.9153
3551.0000 3498.9163 2.5897 34.9154
3553.0000 3500.8708 2.5885 34.9152
3555.0000 3502.8252 2.5869 34.9151
3557.0000 3504.7803 2.5864 34.9150
3559.0000 3506.7349 2.5850 34.9148
3561.0000 3508.6892 2.5848 34.9149
3563.0000 3510.6438 2.5844 34.9147
3565.0000 3512.5984 2.5842 34.9147
3567.0000 3514.5530 2.5832 34.9148
3569.0000 3516.5073 2.5830 34.9146
3571.0000 3518.4619 2.5819 34.9146
3573.0000 3520.4165 2.5822 34.9145
3575.0000 3522.3708 2.5823 34.9146
3577.0000 3524.3254 2.5829 34.9145
3579.0000 3526.2800 2.5828 34.9145
3581.0000 3528.2341 2.5826 34.9146
3583.0000 3530.1885 2.5827 34.9145
3585.0000 3532.1431 2.5817 34.9142
3587.0000 3534.0977 2.5796 34.9142
3589.0000 3536.0520 2.5769 34.9139
3591.0000 3538.0061 2.5760 34.9137
3593.0000 3539.9607 2.5757 34.9137
3595.0000 3541.9150 2.5762 34.9139
3597.0000 3543.8691 2.5767 34.9139
3599.0000 3545.8235 2.5767 34.9138
3601.0000 3547.7776 2.5769 34.9138
3603.0000 3549.7319 2.5773 34.9139
3605.0000 3551.6860 2.5777 34.9139
3607.0000 3553.6401 2.5779 34.9139
3609.0000 3555.5945 2.5781 34.9137
3611.0000 3557.5486 2.5783 34.9139
3613.0000 3559.5029 2.5786 34.9139
3615.0000 3561.4570 2.5792 34.9139
3617.0000 3563.4109 2.5791 34.9139
3619.0000 3565.3652 2.5792 34.9137
3621.0000 3567.3193 2.5790 34.9137
3623.0000 3569.2734 2.5791 34.9138
3625.0000 3571.2273 2.5782 34.9136
3627.0000 3573.1816 2.5787 34.9135
3629.0000 3575.1353 2.5770 34.9135
3631.0000 3577.0896 2.5769 34.9135
3633.0000 3579.0435 2.5766 34.9135
3635.0000 3580.9976 2.5763 34.9133
3637.0000 3582.9514 2.5761 34.9134
3639.0000 3584.9053 2.5759 34.9134
3641.0000 3586.8594 2.5758 34.9134
3643.0000 3588.8132 2.5759 34.9133
3645.0000 3590.7666 2.5763 34.9133
3647.0000 3592.7207 2.5764 34.9133
3649.0000 3594.6750 2.5766 34.9132
3651.0000 3596.6284 2.5760 34.9132
3653.0000 3598.5823 2.5756 34.9132
3655.0000 3600.5359 2.5755 34.9131
3657.0000 3602.4902 2.5755 34.9131
3659.0000 3604.4436 2.5757 34.9131
3661.0000 3606.3975 2.5757 34.9130
3663.0000 3608.3511 2.5760 34.9130
3665.0000 3610.3044 2.5760 34.9131
3667.0000 3612.2583 2.5763 34.9131
3669.0000 3614.2122 2.5766 34.9131
3671.0000 3616.1658 2.5766 34.9131
3673.0000 3618.1194 2.5763 34.9130
3675.0000 3620.0730 2.5767 34.9129
3677.0000 3622.0269 2.5759 34.9130
3679.0000 3623.9802 2.5761 34.9130
3681.0000 3625.9336 2.5760 34.9130
3683.0000 3627.8875 2.5759 34.9129
3685.0000 3629.8408 2.5758 34.9129
3687.0000 3631.7942 2.5755 34.9128
3689.0000 3633.7476 2.5751 34.9127
3691.0000 3635.7017 2.5751 34.9127
3693.0000 3637.6548 2.5753 34.9127
3695.0000 3639.6082 2.5754 34.9127
3697.0000 3641.5618 2.5755 34.9127
3699.0000 3643.5149 2.5756 34.9126
3701.0000 3645.4683 2.5756 34.9127
3703.0000 3647.4221 2.5746 34.9126
3705.0000 3649.3755 2.5745 34.9125
3707.0000 3651.3284 2.5747 34.9125
3709.0000 3653.2817 2.5743 34.9124
3711.0000 3655.2351 2.5736 34.9124
3713.0000 3657.1880 2.5736 34.9124
3715.0000 3659.1418 2.5738 34.9123
3717.0000 3661.0952 2.5736 34.9123
3719.0000 3663.0481 2.5725 34.9122
3721.0000 3665.0012 2.5722 34.9121
3723.0000 3666.9546 2.5721 34.9122
3725.0000 3668.9080 2.5721 34.9121
3727.0000 3670.8608 2.5722 34.9121
3729.0000 3672.8142 2.5724 34.9121
3731.0000 3674.7671 2.5721 34.9121
3733.0000 3676.7205 2.5717 34.9120
3735.0000 3678.6736 2.5715 34.9120
3737.0000 3680.6265 2.5706 34.9118
3739.0000 3682.5798 2.5697 34.9118
3741.0000 3684.5325 2.5696 34.9118
3743.0000 3686.4854 2.5698 34.9117
3745.0000 3688.4387 2.5701 34.9118
3747.0000 3690.3921 2.5703 34.9117
3749.0000 3692.3447 2.5705 34.9118
3751.0000 3694.2976 2.5707 34.9118
3753.0000 3696.2505 2.5707 34.9117
3755.0000 3698.2036 2.5707 34.9118
3757.0000 3700.1565 2.5706 34.9118
3759.0000 3702.1094 2.5706 34.9117
3761.0000 3704.0620 2.5704 34.9117
3763.0000 3706.0149 2.5702 34.9116
3765.0000 3707.9678 2.5698 34.9116
3767.0000 3709.9209 2.5681 34.9114
3769.0000 3711.8733 2.5676 34.9112
3771.0000 3713.8259 2.5676 34.9112
3773.0000 3715.7793 2.5678 34.9113
3775.0000 3717.7314 2.5679 34.9113
3777.0000 3719.6843 2.5682 34.9113
3779.0000 3721.6370 2.5684 34.9113
3781.0000 3723.5901 2.5678 34.9111
3783.0000 3725.5425 2.5671 34.9111
3785.0000 3727.4954 2.5673 34.9111
3787.0000 3729.4478 2.5670 34.9111
3789.0000 3731.4004 2.5663 34.9110
3791.0000 3733.3530 2.5664 34.9109
3793.0000 3735.3059 2.5659 34.9108
3795.0000 3737.2583 2.5643 34.9108
3797.0000 3739.2109 2.5644 34.9108
3799.0000 3741.1636 2.5648 34.9108
3801.0000 3743.1160 2.5655 34.9108
3803.0000 3745.0681 2.5647 34.9107
3805.0000 3747.0210 2.5642 34.9108
3807.0000 3748.9736 2.5643 34.9108
3809.0000 3750.9260 2.5640 34.9106
3811.0000 3752.8779 2.5639 34.9106
3813.0000 3754.8308 2.5634 34.9106
3815.0000 3756.7832 2.5634 34.9107
3817.0000 3758.7351 2.5625 34.9104
3819.0000 3760.6875 2.5625 34.9103
3821.0000 3762.6406 2.5626 34.9104
3823.0000 3764.5923 2.5629 34.9104
3825.0000 3766.5447 2.5630 34.9104
3827.0000 3768.4973 2.5631 34.9104
3829.0000 3770.4497 2.5635 34.9104
3831.0000 3772.4016 2.5637 34.9103
3833.0000 3774.3538 2.5640 34.9104
3835.0000 3776.3062 2.5641 34.9105
3837.0000 3778.2583 2.5640 34.9103
3839.0000 3780.2104 2.5642 34.9102
3841.0000 3782.1628 2.5641 34.9103
3843.0000 3784.1150 2.5643 34.9103
3845.0000 3786.0669 2.5646 34.9103
3847.0000 3788.0188 2.5646 34.9103
3849.0000 3789.9714 2.5648 34.9102
3851.0000 3791.9231 2.5650 34.9103
3853.0000 3793.8752 2.5653 34.9104
3855.0000 3795.8276 2.5649 34.9102
3857.0000 3797.7798 2.5646 34.9102
3859.0000 3799.7317 2.5648 34.9101
3861.0000 3801.6836 2.5646 34.9101
3863.0000 3803.6357 2.5646 34.9101
3865.0000 3805.5874 2.5643 34.9100
3867.0000 3807.5396 2.5645 34.9100
3869.0000 3809.4917 2.5642 34.9100
3871.0000 3811.4434 2.5641 34.9100
3873.0000 3813.3950 2.5642 34.9099
3875.0000 3815.3472 2.5643 34.9100
3877.0000 3817.2993 2.5658 34.9099
3879.0000 3819.2507 2.5657 34.9099
3881.0000 3821.2026 2.5658 34.9099
3883.0000 3823.1545 2.5654 34.9099
3885.0000 3825.1064 2.5652 34.9099
3887.0000 3827.0583 2.5650 34.9098
3889.0000 3829.0100 2.5648 34.9097
3891.0000 3830.9617 2.5648 34.9099
3893.0000 3832.9133 2.5647 34.9098
3895.0000 3834.8650 2.5645 34.9098
3897.0000 3836.8167 2.5643 34.9097
3899.0000 3838.7686 2.5644 34.9098
3901.0000 3840.7202 2.5648 34.9097
3903.0000 3842.6719 2.5648 34.9097
3905.0000 3844.6235 2.5650 34.9097
3907.0000 3846.5747 2.5652 34.9098
3909.0000 3848.5264 2.5654 34.9098
3911.0000 3850.4785 2.5656 34.9097
3913.0000 3852.4294 2.5658 34.9096
3915.0000 3854.3816 2.5660 34.9096
3917.0000 3856.3328 2.5663 34.9097
3919.0000 3858.2844 2.5665 34.9097
3921.0000 3860.2358 2.5666 34.9096
3923.0000 3862.1875 2.5669 34.9097
3925.0000 3864.1387 2.5673 34.9098
3927.0000 3866.0901 2.5675 34.9096
3929.0000 3868.0417 2.5675 34.9097
3931.0000 3869.9929 2.5678 34.9095
3933.0000 3871.9446 2.5680 34.9097
3935.0000 3873.8955 2.5684 34.9097
3937.0000 3875.8472 2.5685 34.9098
3939.0000 3877.7986 2.5685 34.9097
3941.0000 3879.7495 2.5688 34.9097
3943.0000 3881.7012 2.5689 34.9096
3945.0000 3883.6523 2.5691 34.9097
3947.0000 3885.6038 2.5693 34.9097
3949.0000 3887.5549 2.5695 34.9096
3951.0000 3889.5061 2.5695 34.9097
3953.0000 3891.4575 2.5699 34.9096
3955.0000 3893.4084 2.5700 34.9095
3957.0000 3895.3596 2.5699 34.9095
3959.0000 3897.3108 2.5683 34.9094
3961.0000 3899.2617 2.5678 34.9093
3963.0000 3901.2134 2.5673 34.9093
3965.0000 3903.1643 2.5673 34.9092
3967.0000 3905.1155 2.5677 34.9093
3969.0000 3907.0664 2.5677 34.9093
3971.0000 3909.0173 2.5678 34.9092
3973.0000 3910.9690 2.5680 34.9093
3975.0000 3912.9194 2.5686 34.9094
3977.0000 3914.8704 2.5687 34.9093
3979.0000 3916.8215 2.5693 34.9091
3981.0000 3918.7727 2.5693 34.9091
3983.0000 3920.7236 2.5694 34.9091
3985.0000 3922.6746 2.5693 34.9092
3987.0000 3924.6255 2.5691 34.9093
3989.0000 3926.5762 2.5692 34.9092
3991.0000 3928.5271 2.5694 34.9091
3993.0000 3930.4783 2.5694 34.9091
3995.0000 3932.4292 2.5696 34.9092
3997.0000 3934.3796 2.5696 34.9092
3999.0000 3936.3306 2.5699 34.9091
4001.0000 3938.2812 2.5700 34.9091
4003.0000 3940.2322 2.5702 34.9091
4005.0000 3942.1826 2.5704 34.9092
4007.0000 3944.1340 2.5705 34.9091
4009.0000 3946.0845 2.5706 34.9091
4011.0000 3948.0352 2.5710 34.9091
4013.0000 3949.9856 2.5712 34.9092
4015.0000 3951.9365 2.5712 34.9091
4017.0000 3953.8870 2.5715 34.9091
4019.0000 3955.8379 2.5718 34.9091
4021.0000 3957.7886 2.5721 34.9092
4023.0000 3959.7388 2.5724 34.9092
4025.0000 3961.6895 2.5722 34.9091
4027.0000 3963.6404 2.5727 34.9091
4029.0000 3965.5913 2.5729 34.9091
4031.0000 3967.5413 2.5729 34.9091
4033.0000 3969.4922 2.5727 34.9091
4035.0000 3971.4426 2.5729 34.9090
4037.0000 3973.3926 2.5732 34.9091
4039.0000 3975.3435 2.5738 34.9092
4041.0000 3977.2939 2.5739 34.9091
4043.0000 3979.2446 2.5739 34.9090
4045.0000 3981.1943 2.5741 34.9090
4047.0000 3983.1453 2.5744 34.9091
4049.0000 3985.0957 2.5743 34.9090
4051.0000 3987.0461 2.5739 34.9090
4053.0000 3988.9961 2.5737 34.9089
4055.0000 3990.9468 2.5738 34.9089
4057.0000 3992.8970 2.5742 34.9089
4059.0000 3994.8474 2.5744 34.9089
4061.0000 3996.7974 2.5748 34.9088
4063.0000 3998.7483 2.5752 34.9087
4065.0000 4000.6978 2.5753 34.9087
4067.0000 4002.6482 2.5755 34.9087
4069.0000 4004.5986 2.5752 34.9087
4071.0000 4006.5491 2.5755 34.9087
4073.0000 4008.4988 2.5754 34.9089
4075.0000 4010.4492 2.5759 34.9087
4077.0000 4012.3992 2.5745 34.9087
4079.0000 4014.3496 2.5761 34.9087
4081.0000 4016.2996 2.5753 34.9085
4083.0000 4018.2500 2.5751 34.9085
