CTD cast

DATE:  06-Jan-2016 18:29:59
latitude:  24.4995
longitude:  -40.0008
  P (db)  z (m)    T (^oC)  S (psu)
3.0000 2.9808 23.5301 37.3970
5.0000 4.9680 23.5314 37.3969
7.0000 6.9551 23.5329 37.3971
9.0000 8.9422 23.5351 37.3974
11.0000 10.9293 23.5348 37.3973
13.0000 12.9164 23.5281 37.3967
15.0000 14.9035 23.5196 37.3960
17.0000 16.8906 23.4979 37.3952
19.0000 18.8776 23.4968 37.3951
21.0000 20.8646 23.4809 37.3944
23.0000 22.8516 23.4755 37.3943
25.0000 24.8386 23.4758 37.3946
27.0000 26.8255 23.4745 37.3953
29.0000 28.8125 23.4748 37.3954
31.0000 30.7994 23.4748 37.3960
33.0000 32.7863 23.4749 37.3963
35.0000 34.7732 23.4750 37.3964
37.0000 36.7600 23.4725 37.3965
39.0000 38.7469 23.4707 37.3968
41.0000 40.7337 23.4700 37.3970
43.0000 42.7205 23.4679 37.3971
45.0000 44.7073 23.4644 37.3969
47.0000 46.6941 23.4649 37.3968
49.0000 48.6808 23.4596 37.3970
51.0000 50.6675 23.4598 37.3971
53.0000 52.6542 23.4570 37.3973
55.0000 54.6409 23.4565 37.3973
57.0000 56.6276 23.4535 37.3975
59.0000 58.6142 23.4519 37.3976
61.0000 60.6009 23.4514 37.3977
63.0000 62.5875 23.4468 37.3987
65.0000 64.5741 23.4473 37.3987
67.0000 66.5606 23.4444 37.3996
69.0000 68.5472 23.4402 37.3998
71.0000 70.5337 23.4389 37.3996
73.0000 72.5202 23.4357 37.3996
75.0000 74.5067 23.4329 37.3998
77.0000 76.4932 23.4300 37.3995
79.0000 78.4797 23.4298 37.3995
81.0000 80.4661 23.4269 37.4002
83.0000 82.4525 23.4269 37.4001
85.0000 84.4389 23.4258 37.4002
87.0000 86.4253 23.4228 37.4000
89.0000 88.4117 23.4191 37.3991
91.0000 90.3980 23.4037 37.3958
93.0000 92.3843 23.4055 37.3958
95.0000 94.3706 23.3661 37.3864
97.0000 96.3569 23.2641 37.3664
99.0000 98.3432 23.0487 37.3188
101.0000 100.3294 22.4942 37.2166
103.0000 102.3157 22.4762 37.2280
105.0000 104.3018 21.4659 37.0627
107.0000 106.2880 21.2208 37.0280
109.0000 108.2742 21.1941 37.0251
111.0000 110.2604 20.9367 36.9984
113.0000 112.2465 20.9397 37.0009
115.0000 114.2326 20.7279 36.9792
117.0000 116.2187 20.6692 36.9689
119.0000 118.2048 20.4975 36.9450
121.0000 120.1908 20.4239 36.9401
123.0000 122.1768 20.4136 36.9423
125.0000 124.1629 20.3587 36.9368
127.0000 126.1489 20.3166 36.9286
129.0000 128.1348 20.1882 36.9229
131.0000 130.1208 20.1618 36.9393
133.0000 132.1067 20.1743 36.9539
135.0000 134.0927 20.1816 36.9616
137.0000 136.0786 20.1799 36.9648
139.0000 138.0644 20.1555 36.9647
141.0000 140.0503 20.1089 36.9554
143.0000 142.0361 19.9695 36.9377
145.0000 144.0219 19.9588 36.9361
147.0000 146.0078 19.9555 36.9350
149.0000 147.9935 19.9443 36.9317
151.0000 149.9793 19.9017 36.9225
153.0000 151.9650 19.8646 36.9254
155.0000 153.9508 19.9059 36.9492
157.0000 155.9365 19.8979 36.9477
159.0000 157.9222 19.8778 36.9454
161.0000 159.9078 19.8420 36.9372
163.0000 161.8935 19.7582 36.9230
165.0000 163.8791 19.7209 36.9178
167.0000 165.8647 19.6681 36.9053
169.0000 167.8503 19.6154 36.8967
171.0000 169.8359 19.5710 36.8899
173.0000 171.8214 19.5411 36.8860
175.0000 173.8070 19.4719 36.8765
177.0000 175.7925 19.4242 36.8678
179.0000 177.7780 19.4153 36.8663
181.0000 179.7635 19.4149 36.8668
183.0000 181.7489 19.4122 36.8664
185.0000 183.7344 19.3361 36.8537
187.0000 185.7198 19.2995 36.8497
189.0000 187.7052 19.2818 36.8460
191.0000 189.6906 19.2591 36.8415
193.0000 191.6759 19.2110 36.8325
195.0000 193.6613 19.1499 36.8183
197.0000 195.6466 19.1029 36.8091
199.0000 197.6319 19.0976 36.8090
201.0000 199.6172 19.0849 36.8059
203.0000 201.6024 19.0379 36.7968
205.0000 203.5877 18.9989 36.7907
207.0000 205.5729 19.0131 36.7946
209.0000 207.5581 18.9499 36.7801
211.0000 209.5433 18.8975 36.7707
213.0000 211.5285 18.8788 36.7663
215.0000 213.5136 18.8420 36.7589
217.0000 215.4988 18.8316 36.7564
219.0000 217.4839 18.8072 36.7511
221.0000 219.4690 18.7939 36.7482
223.0000 221.4540 18.7725 36.7431
225.0000 223.4391 18.7228 36.7333
227.0000 225.4241 18.6951 36.7273
229.0000 227.4092 18.6551 36.7158
231.0000 229.3941 18.6368 36.7173
233.0000 231.3791 18.5471 36.6911
235.0000 233.3641 18.4152 36.6647
237.0000 235.3490 18.3693 36.6538
239.0000 237.3339 18.3599 36.6533
241.0000 239.3188 18.3362 36.6474
243.0000 241.3037 18.2876 36.6380
245.0000 243.2886 18.2689 36.6350
247.0000 245.2734 18.2483 36.6313
249.0000 247.2583 18.2085 36.6215
251.0000 249.2431 18.1416 36.6068
253.0000 251.2278 18.0784 36.5923
255.0000 253.2126 18.0470 36.5853
257.0000 255.1974 18.0224 36.5793
259.0000 257.1821 17.9770 36.5681
261.0000 259.1668 17.8952 36.5525
263.0000 261.1515 17.8809 36.5504
265.0000 263.1362 17.8551 36.5447
267.0000 265.1208 17.8154 36.5366
269.0000 267.1054 17.7792 36.5291
271.0000 269.0901 17.7085 36.5160
273.0000 271.0746 17.6487 36.5022
275.0000 273.0593 17.5663 36.4836
277.0000 275.0438 17.5070 36.4714
279.0000 277.0284 17.4981 36.4702
281.0000 279.0128 17.4899 36.4684
283.0000 280.9974 17.4996 36.4765
285.0000 282.9818 17.5099 36.4829
287.0000 284.9663 17.4996 36.4806
289.0000 286.9507 17.4863 36.4789
291.0000 288.9352 17.4755 36.4783
293.0000 290.9196 17.4679 36.4771
295.0000 292.9040 17.4593 36.4741
297.0000 294.8883 17.3410 36.4477
299.0000 296.8727 17.2927 36.4389
301.0000 298.8570 17.2868 36.4372
303.0000 300.8413 17.2403 36.4275
305.0000 302.8256 17.2150 36.4236
307.0000 304.8099 17.1763 36.4175
309.0000 306.7941 17.1555 36.4140
311.0000 308.7784 17.1276 36.4094
313.0000 310.7626 17.0802 36.4027
315.0000 312.7467 17.0404 36.3949
317.0000 314.7309 16.9833 36.3866
319.0000 316.7151 16.9725 36.3842
321.0000 318.6992 16.9384 36.3784
323.0000 320.6833 16.9107 36.3734
325.0000 322.6674 16.8936 36.3695
327.0000 324.6515 16.8551 36.3619
329.0000 326.6356 16.8101 36.3541
331.0000 328.6196 16.7811 36.3489
333.0000 330.6036 16.7383 36.3404
335.0000 332.5876 16.6643 36.3259
337.0000 334.5716 16.6081 36.3155
339.0000 336.5556 16.5467 36.3032
341.0000 338.5396 16.5032 36.2969
343.0000 340.5235 16.4923 36.2948
345.0000 342.5074 16.4666 36.2906
347.0000 344.4913 16.4359 36.2855
349.0000 346.4751 16.4020 36.2800
351.0000 348.4590 16.3927 36.2787
353.0000 350.4428 16.3697 36.2739
355.0000 352.4266 16.3267 36.2664
357.0000 354.4104 16.2806 36.2595
359.0000 356.3942 16.2601 36.2558
361.0000 358.3779 16.2485 36.2535
363.0000 360.3617 16.2197 36.2473
365.0000 362.3454 16.1380 36.2337
367.0000 364.3291 16.1090 36.2309
369.0000 366.3127 16.0622 36.2199
371.0000 368.2964 15.9436 36.1997
373.0000 370.2801 15.9128 36.1957
375.0000 372.2637 15.9034 36.1943
377.0000 374.2473 15.8988 36.1939
379.0000 376.2309 15.8900 36.1925
381.0000 378.2145 15.8739 36.1901
383.0000 380.1980 15.8616 36.1887
385.0000 382.1815 15.8481 36.1860
387.0000 384.1650 15.8304 36.1829
389.0000 386.1485 15.7948 36.1754
391.0000 388.1320 15.7359 36.1647
393.0000 390.1154 15.6916 36.1592
395.0000 392.0989 15.6373 36.1493
397.0000 394.0822 15.5929 36.1431
399.0000 396.0656 15.5701 36.1388
401.0000 398.0490 15.5819 36.1410
403.0000 400.0324 15.5463 36.1350
405.0000 402.0157 15.5380 36.1328
407.0000 403.9990 15.4975 36.1254
409.0000 405.9823 15.4366 36.1146
411.0000 407.9656 15.3812 36.1066
413.0000 409.9489 15.3196 36.0979
415.0000 411.9321 15.2612 36.0908
417.0000 413.9154 15.2441 36.0868
419.0000 415.8985 15.1850 36.0778
421.0000 417.8817 15.1373 36.0713
423.0000 419.8649 15.0813 36.0631
425.0000 421.8480 15.0223 36.0553
427.0000 423.8311 14.9996 36.0520
429.0000 425.8143 14.9742 36.0483
431.0000 427.7973 14.9399 36.0411
433.0000 429.7804 14.8893 36.0337
435.0000 431.7635 14.8714 36.0319
437.0000 433.7465 14.8606 36.0303
439.0000 435.7295 14.8350 36.0269
441.0000 437.7125 14.8182 36.0249
443.0000 439.6955 14.8063 36.0233
445.0000 441.6784 14.8019 36.0223
447.0000 443.6614 14.7930 36.0202
449.0000 445.6443 14.7007 36.0057
451.0000 447.6272 14.6712 36.0004
453.0000 449.6100 14.6561 35.9976
455.0000 451.5929 14.6274 35.9925
457.0000 453.5757 14.5937 35.9862
459.0000 455.5585 14.5456 35.9781
461.0000 457.5414 14.5079 35.9718
463.0000 459.5242 14.4794 35.9678
465.0000 461.5069 14.4604 35.9651
467.0000 463.4897 14.4354 35.9609
469.0000 465.4724 14.3891 35.9548
471.0000 467.4551 14.3694 35.9512
473.0000 469.4378 14.3370 35.9471
475.0000 471.4204 14.2682 35.9368
477.0000 473.4031 14.2172 35.9308
479.0000 475.3858 14.1805 35.9239
481.0000 477.3683 14.1114 35.9146
483.0000 479.3510 14.0859 35.9106
485.0000 481.3335 14.0205 35.9002
487.0000 483.3161 13.9913 35.8970
489.0000 485.2986 13.9851 35.8966
491.0000 487.2811 13.9457 35.8900
493.0000 489.2636 13.8884 35.8811
495.0000 491.2461 13.8529 35.8766
497.0000 493.2286 13.8407 35.8746
499.0000 495.2110 13.7854 35.8640
501.0000 497.1934 13.6989 35.8530
503.0000 499.1758 13.6740 35.8496
505.0000 501.1582 13.6535 35.8463
507.0000 503.1405 13.6305 35.8436
509.0000 505.1229 13.5718 35.8344
511.0000 507.1053 13.5487 35.8327
513.0000 509.0876 13.5464 35.8321
515.0000 511.0698 13.5359 35.8312
517.0000 513.0521 13.5261 35.8300
519.0000 515.0344 13.5247 35.8301
521.0000 517.0165 13.5206 35.8289
523.0000 518.9988 13.4531 35.8178
525.0000 520.9810 13.3879 35.8092
527.0000 522.9632 13.3204 35.8027
529.0000 524.9453 13.2766 35.7959
531.0000 526.9275 13.2449 35.7919
533.0000 528.9096 13.2080 35.7865
535.0000 530.8917 13.1646 35.7812
537.0000 532.8737 13.1321 35.7752
539.0000 534.8558 13.1084 35.7729
541.0000 536.8379 13.0490 35.7635
543.0000 538.8199 12.9974 35.7579
545.0000 540.8019 12.9760 35.7556
547.0000 542.7839 12.9787 35.7572
549.0000 544.7658 12.9618 35.7532
551.0000 546.7478 12.9116 35.7470
553.0000 548.7297 12.8664 35.7407
555.0000 550.7115 12.8812 35.7439
557.0000 552.6935 12.8366 35.7355
559.0000 554.6754 12.7996 35.7325
561.0000 556.6573 12.7660 35.7275
563.0000 558.6390 12.7487 35.7249
565.0000 560.6209 12.7147 35.7197
567.0000 562.6027 12.6572 35.7099
569.0000 564.5844 12.5828 35.7006
571.0000 566.5662 12.5280 35.6934
573.0000 568.5480 12.4976 35.6914
575.0000 570.5297 12.4932 35.6913
577.0000 572.5114 12.4720 35.6882
579.0000 574.4930 12.4429 35.6852
581.0000 576.4747 12.4253 35.6828
583.0000 578.4564 12.3909 35.6783
585.0000 580.4380 12.3589 35.6739
587.0000 582.4197 12.3245 35.6702
589.0000 584.4012 12.2916 35.6656
591.0000 586.3828 12.2554 35.6611
593.0000 588.3643 12.2213 35.6576
595.0000 590.3458 12.2069 35.6559
597.0000 592.3273 12.1901 35.6539
599.0000 594.3088 12.1781 35.6524
601.0000 596.2903 12.1176 35.6417
603.0000 598.2718 12.0122 35.6301
605.0000 600.2532 11.9718 35.6258
607.0000 602.2346 11.9572 35.6241
609.0000 604.2160 11.9458 35.6227
611.0000 606.1974 11.9226 35.6198
613.0000 608.1787 11.8843 35.6149
615.0000 610.1602 11.8680 35.6124
617.0000 612.1415 11.8265 35.6073
619.0000 614.1227 11.7769 35.6002
621.0000 616.1040 11.7298 35.5957
623.0000 618.0853 11.7072 35.5920
625.0000 620.0665 11.6706 35.5882
627.0000 622.0477 11.6474 35.5851
629.0000 624.0289 11.6156 35.5812
631.0000 626.0101 11.5862 35.5779
633.0000 627.9913 11.5525 35.5734
635.0000 629.9724 11.5335 35.5714
637.0000 631.9536 11.5266 35.5702
639.0000 633.9347 11.4984 35.5658
641.0000 635.9158 11.4588 35.5616
643.0000 637.8969 11.4425 35.5598
645.0000 639.8779 11.4200 35.5567
647.0000 641.8589 11.3950 35.5532
649.0000 643.8400 11.3399 35.5457
651.0000 645.8210 11.2937 35.5410
653.0000 647.8019 11.2720 35.5377
655.0000 649.7829 11.2212 35.5316
657.0000 651.7639 11.1936 35.5300
659.0000 653.7448 11.1880 35.5293
661.0000 655.7257 11.1826 35.5290
663.0000 657.7066 11.1833 35.5292
665.0000 659.6874 11.1434 35.5236
667.0000 661.6683 11.1030 35.5193
669.0000 663.6491 11.0590 35.5140
671.0000 665.6299 11.0382 35.5117
673.0000 667.6107 10.9952 35.5063
675.0000 669.5915 10.9320 35.4998
677.0000 671.5723 10.9052 35.4970
679.0000 673.5530 10.8767 35.4933
681.0000 675.5337 10.8612 35.4931
683.0000 677.5144 10.7833 35.4841
685.0000 679.4951 10.7612 35.4811
687.0000 681.4757 10.7315 35.4772
689.0000 683.4564 10.6839 35.4726
691.0000 685.4370 10.6717 35.4716
693.0000 687.4175 10.6648 35.4710
695.0000 689.3982 10.6622 35.4711
697.0000 691.3787 10.6565 35.4706
699.0000 693.3594 10.6428 35.4688
701.0000 695.3398 10.6322 35.4675
703.0000 697.3203 10.6173 35.4654
705.0000 699.3008 10.5764 35.4589
707.0000 701.2812 10.5130 35.4517
709.0000 703.2617 10.4858 35.4494
711.0000 705.2422 10.4642 35.4465
713.0000 707.2226 10.3657 35.4322
715.0000 709.2030 10.3020 35.4270
717.0000 711.1833 10.2933 35.4260
719.0000 713.1637 10.2687 35.4219
721.0000 715.1440 10.2290 35.4182
723.0000 717.1243 10.2077 35.4162
725.0000 719.1047 10.1974 35.4157
727.0000 721.0850 10.1836 35.4138
729.0000 723.0652 10.1512 35.4101
731.0000 725.0455 10.0845 35.4015
733.0000 727.0257 10.0300 35.3946
735.0000 729.0059 9.9644 35.3885
737.0000 730.9861 9.9424 35.3869
739.0000 732.9662 9.9306 35.3867
741.0000 734.9465 9.9005 35.3827
743.0000 736.9265 9.8721 35.3792
745.0000 738.9066 9.8521 35.3761
747.0000 740.8868 9.7914 35.3691
749.0000 742.8668 9.7834 35.3707
751.0000 744.8469 9.7480 35.3652
753.0000 746.8269 9.7159 35.3616
755.0000 748.8068 9.6855 35.3583
757.0000 750.7869 9.6671 35.3568
759.0000 752.7669 9.6371 35.3530
761.0000 754.7469 9.6154 35.3512
763.0000 756.7267 9.5884 35.3480
765.0000 758.7067 9.5487 35.3437
767.0000 760.6866 9.5247 35.3417
769.0000 762.6664 9.5220 35.3416
771.0000 764.6463 9.5165 35.3411
773.0000 766.6262 9.5077 35.3399
775.0000 768.6061 9.4706 35.3333
777.0000 770.5858 9.3520 35.3210
779.0000 772.5656 9.3177 35.3172
781.0000 774.5454 9.2923 35.3143
783.0000 776.5251 9.2725 35.3129
785.0000 778.5049 9.2687 35.3126
787.0000 780.4847 9.2605 35.3121
789.0000 782.4644 9.2524 35.3116
791.0000 784.4440 9.2278 35.3084
793.0000 786.4236 9.1758 35.3025
795.0000 788.4033 9.1427 35.3000
797.0000 790.3829 9.1344 35.2994
799.0000 792.3625 9.1252 35.2989
801.0000 794.3420 9.1240 35.2988
803.0000 796.3217 9.1220 35.2986
805.0000 798.3011 9.0748 35.2920
807.0000 800.2808 9.0052 35.2859
809.0000 802.2603 8.9875 35.2842
811.0000 804.2397 8.9594 35.2811
813.0000 806.2192 8.9257 35.2777
815.0000 808.1987 8.8994 35.2752
817.0000 810.1780 8.8766 35.2728
819.0000 812.1574 8.8623 35.2722
821.0000 814.1369 8.8594 35.2726
823.0000 816.1163 8.8378 35.2697
825.0000 818.0956 8.8153 35.2676
827.0000 820.0750 8.8031 35.2661
829.0000 822.0543 8.8056 35.2669
831.0000 824.0336 8.7798 35.2653
833.0000 826.0128 8.7744 35.2653
835.0000 827.9921 8.7609 35.2635
837.0000 829.9714 8.7305 35.2604
839.0000 831.9506 8.7073 35.2576
841.0000 833.9299 8.6800 35.2540
843.0000 835.9090 8.6609 35.2510
845.0000 837.8881 8.6167 35.2467
847.0000 839.8673 8.6041 35.2460
849.0000 841.8465 8.5977 35.2456
851.0000 843.8257 8.5940 35.2456
853.0000 845.8046 8.5899 35.2452
855.0000 847.7837 8.5848 35.2447
857.0000 849.7628 8.5627 35.2420
859.0000 851.7418 8.5096 35.2368
861.0000 853.7209 8.4672 35.2341
863.0000 855.6999 8.4431 35.2322
865.0000 857.6788 8.4202 35.2303
867.0000 859.6577 8.4021 35.2289
869.0000 861.6368 8.3718 35.2257
871.0000 863.6158 8.3477 35.2246
873.0000 865.5945 8.3226 35.2234
875.0000 867.5735 8.2812 35.2204
877.0000 869.5524 8.2190 35.2163
879.0000 871.5312 8.1974 35.2167
881.0000 873.5100 8.1972 35.2171
883.0000 875.4888 8.1966 35.2174
885.0000 877.4677 8.1820 35.2156
887.0000 879.4464 8.1405 35.2116
889.0000 881.4251 8.0856 35.2060
891.0000 883.4040 8.0389 35.2021
893.0000 885.3825 8.0139 35.1995
895.0000 887.3613 7.9872 35.1971
897.0000 889.3400 7.9729 35.1958
899.0000 891.3187 7.9455 35.1935
901.0000 893.2972 7.9412 35.1937
903.0000 895.2759 7.9191 35.1910
905.0000 897.2545 7.8657 35.1870
907.0000 899.2331 7.8410 35.1859
909.0000 901.2117 7.8252 35.1846
911.0000 903.1902 7.8216 35.1847
913.0000 905.1688 7.7865 35.1829
915.0000 907.1473 7.7441 35.1794
917.0000 909.1257 7.6743 35.1747
919.0000 911.1043 7.6173 35.1719
921.0000 913.0827 7.5969 35.1711
923.0000 915.0611 7.5774 35.1703
925.0000 917.0396 7.5686 35.1702
927.0000 919.0179 7.5630 35.1699
929.0000 920.9963 7.5564 35.1702
931.0000 922.9747 7.5455 35.1695
933.0000 924.9531 7.5270 35.1696
935.0000 926.9313 7.5082 35.1685
937.0000 928.9097 7.5106 35.1692
939.0000 930.8880 7.4474 35.1643
941.0000 932.8662 7.3930 35.1629
943.0000 934.8445 7.3709 35.1613
945.0000 936.8227 7.3501 35.1614
947.0000 938.8009 7.3556 35.1618
949.0000 940.7791 7.2920 35.1573
951.0000 942.7573 7.2734 35.1580
953.0000 944.7354 7.2711 35.1583
955.0000 946.7136 7.2704 35.1586
957.0000 948.6917 7.2581 35.1584
959.0000 950.6697 7.2331 35.1590
961.0000 952.6478 7.2116 35.1583
963.0000 954.6259 7.2015 35.1582
965.0000 956.6039 7.1993 35.1582
967.0000 958.5820 7.1911 35.1581
969.0000 960.5599 7.1836 35.1578
971.0000 962.5380 7.1760 35.1575
973.0000 964.5159 7.1612 35.1563
975.0000 966.4939 7.1366 35.1554
977.0000 968.4719 7.1242 35.1545
979.0000 970.4496 7.1141 35.1533
981.0000 972.4277 7.0854 35.1496
983.0000 974.4055 7.0543 35.1462
985.0000 976.3834 7.0333 35.1444
987.0000 978.3611 7.0229 35.1445
989.0000 980.3391 7.0185 35.1449
991.0000 982.3168 7.0092 35.1451
993.0000 984.2946 7.0008 35.1450
995.0000 986.2724 6.9969 35.1454
997.0000 988.2501 6.9965 35.1463
999.0000 990.2278 6.9818 35.1477
1001.0000 992.2055 6.9758 35.1480
1003.0000 994.1832 6.9719 35.1480
1005.0000 996.1608 6.9601 35.1476
1007.0000 998.1385 6.9359 35.1464
1009.0000 1000.1161 6.8960 35.1450
1011.0000 1002.0938 6.8662 35.1434
1013.0000 1004.0714 6.8340 35.1426
1015.0000 1006.0490 6.8327 35.1430
1017.0000 1008.0264 6.8257 35.1427
1019.0000 1010.0040 6.8220 35.1430
1021.0000 1011.9816 6.8148 35.1432
1023.0000 1013.9591 6.8080 35.1431
1025.0000 1015.9365 6.8038 35.1430
1027.0000 1017.9140 6.8014 35.1430
1029.0000 1019.8915 6.7966 35.1430
1031.0000 1021.8689 6.7873 35.1428
1033.0000 1023.8462 6.7847 35.1430
1035.0000 1025.8237 6.7827 35.1429
1037.0000 1027.8010 6.7793 35.1428
1039.0000 1029.7783 6.7622 35.1421
1041.0000 1031.7556 6.7452 35.1425
1043.0000 1033.7329 6.7408 35.1427
1045.0000 1035.7102 6.7287 35.1424
1047.0000 1037.6875 6.7123 35.1423
1049.0000 1039.6649 6.6737 35.1404
1051.0000 1041.6421 6.6540 35.1396
1053.0000 1043.6193 6.6439 35.1391
1055.0000 1045.5966 6.6413 35.1392
1057.0000 1047.5737 6.6332 35.1383
1059.0000 1049.5508 6.5969 35.1350
1061.0000 1051.5280 6.5793 35.1346
1063.0000 1053.5051 6.5859 35.1350
1065.0000 1055.4823 6.5327 35.1316
1067.0000 1057.4594 6.4904 35.1303
1069.0000 1059.4363 6.4659 35.1273
1071.0000 1061.4133 6.4522 35.1257
1073.0000 1063.3904 6.4331 35.1230
1075.0000 1065.3674 6.4198 35.1218
1077.0000 1067.3445 6.4126 35.1210
1079.0000 1069.3213 6.4085 35.1207
1081.0000 1071.2983 6.4058 35.1204
1083.0000 1073.2754 6.4002 35.1193
1085.0000 1075.2523 6.3906 35.1179
1087.0000 1077.2291 6.3636 35.1145
1089.0000 1079.2061 6.3385 35.1122
1091.0000 1081.1829 6.3192 35.1098
1093.0000 1083.1597 6.2860 35.1081
1095.0000 1085.1366 6.2545 35.1056
1097.0000 1087.1134 6.2211 35.1044
1099.0000 1089.0902 6.2009 35.1043
1101.0000 1091.0668 6.1923 35.1044
1103.0000 1093.0437 6.1850 35.1045
1105.0000 1095.0205 6.1806 35.1047
1107.0000 1096.9971 6.1679 35.1047
1109.0000 1098.9739 6.1600 35.1049
1111.0000 1100.9506 6.1534 35.1050
1113.0000 1102.9271 6.1484 35.1048
1115.0000 1104.9038 6.1436 35.1047
1117.0000 1106.8805 6.1320 35.1045
1119.0000 1108.8571 6.1198 35.1044
1121.0000 1110.8335 6.1107 35.1044
1123.0000 1112.8102 6.1033 35.1044
1125.0000 1114.7866 6.0929 35.1044
1127.0000 1116.7632 6.0845 35.1042
1129.0000 1118.7397 6.0801 35.1038
1131.0000 1120.7163 6.0729 35.1030
1133.0000 1122.6929 6.0613 35.1022
1135.0000 1124.6692 6.0422 35.1012
1137.0000 1126.6456 6.0144 35.1007
1139.0000 1128.6219 6.0103 35.1014
1141.0000 1130.5984 5.9969 35.1018
1143.0000 1132.5748 5.9663 35.1006
1145.0000 1134.5511 5.9522 35.1005
1147.0000 1136.5276 5.9496 35.1005
1149.0000 1138.5038 5.9538 35.1006
1151.0000 1140.4802 5.9450 35.1008
1153.0000 1142.4565 5.9422 35.1009
1155.0000 1144.4326 5.9405 35.1010
1157.0000 1146.4089 5.9377 35.1015
1159.0000 1148.3851 5.9323 35.1026
1161.0000 1150.3615 5.9300 35.1031
1163.0000 1152.3375 5.9177 35.1020
1165.0000 1154.3138 5.9083 35.1019
1167.0000 1156.2899 5.9089 35.1028
1169.0000 1158.2660 5.9078 35.1032
1171.0000 1160.2422 5.8988 35.1027
1173.0000 1162.2183 5.8866 35.1022
1175.0000 1164.1943 5.8779 35.1027
1177.0000 1166.1703 5.8729 35.1039
1179.0000 1168.1464 5.8728 35.1041
1181.0000 1170.1226 5.8722 35.1042
1183.0000 1172.0984 5.8699 35.1039
1185.0000 1174.0745 5.8535 35.1029
1187.0000 1176.0505 5.8375 35.1031
1189.0000 1178.0265 5.8232 35.1026
1191.0000 1180.0023 5.8070 35.1001
1193.0000 1181.9781 5.7885 35.0981
1195.0000 1183.9541 5.7731 35.0981
1197.0000 1185.9298 5.7628 35.0989
1199.0000 1187.9058 5.7560 35.0979
1201.0000 1189.8817 5.7158 35.0970
1203.0000 1191.8575 5.7014 35.0971
1205.0000 1193.8333 5.6930 35.0970
1207.0000 1195.8091 5.6882 35.0973
1209.0000 1197.7849 5.6812 35.0977
1211.0000 1199.7605 5.6804 35.0980
1213.0000 1201.7363 5.6796 35.0980
1215.0000 1203.7120 5.6756 35.0981
1217.0000 1205.6877 5.6773 35.0981
1219.0000 1207.6633 5.6649 35.0983
1221.0000 1209.6389 5.6617 35.0986
1223.0000 1211.6146 5.6620 35.0985
1225.0000 1213.5902 5.6607 35.0982
1227.0000 1215.5658 5.6555 35.0983
1229.0000 1217.5414 5.6483 35.0982
1231.0000 1219.5170 5.6387 35.0982
1233.0000 1221.4926 5.6429 35.0983
1235.0000 1223.4680 5.6288 35.0980
1237.0000 1225.4437 5.6198 35.0983
1239.0000 1227.4191 5.6162 35.0984
1241.0000 1229.3945 5.6118 35.0981
1243.0000 1231.3700 5.6040 35.0981
1245.0000 1233.3453 5.6017 35.0986
1247.0000 1235.3208 5.5994 35.0996
1249.0000 1237.2963 5.5968 35.1008
1251.0000 1239.2716 5.5867 35.0997
1253.0000 1241.2469 5.5735 35.0987
1255.0000 1243.2223 5.5696 35.0989
1257.0000 1245.1976 5.5660 35.0990
1259.0000 1247.1729 5.5617 35.0994
1261.0000 1249.1482 5.5566 35.1001
1263.0000 1251.1234 5.5546 35.1001
1265.0000 1253.0988 5.5521 35.1002
1267.0000 1255.0740 5.5483 35.1006
1269.0000 1257.0491 5.5469 35.1045
1271.0000 1259.0243 5.5468 35.1063
1273.0000 1260.9994 5.5478 35.1066
1275.0000 1262.9745 5.5506 35.1105
1277.0000 1264.9497 5.5540 35.1137
1279.0000 1266.9247 5.5542 35.1154
1281.0000 1268.8998 5.5556 35.1153
1283.0000 1270.8749 5.5562 35.1170
1285.0000 1272.8500 5.5527 35.1174
1287.0000 1274.8250 5.5577 35.1200
1289.0000 1276.8000 5.5596 35.1220
1291.0000 1278.7750 5.5600 35.1232
1293.0000 1280.7500 5.5613 35.1238
1295.0000 1282.7250 5.5621 35.1242
1297.0000 1284.7000 5.5627 35.1249
1299.0000 1286.6749 5.5582 35.1274
1301.0000 1288.6497 5.5520 35.1289
1303.0000 1290.6248 5.5467 35.1292
1305.0000 1292.5996 5.5419 35.1302
1307.0000 1294.5745 5.5340 35.1319
1309.0000 1296.5493 5.5293 35.1319
1311.0000 1298.5243 5.5135 35.1311
1313.0000 1300.4990 5.4973 35.1313
1315.0000 1302.4736 5.4959 35.1313
1317.0000 1304.4485 5.4935 35.1315
1319.0000 1306.4232 5.4916 35.1314
1321.0000 1308.3979 5.4891 35.1313
1323.0000 1310.3726 5.4829 35.1314
1325.0000 1312.3474 5.4779 35.1314
1327.0000 1314.3220 5.4734 35.1314
1329.0000 1316.2966 5.4694 35.1315
1331.0000 1318.2712 5.4682 35.1316
1333.0000 1320.2458 5.4669 35.1316
1335.0000 1322.2205 5.4625 35.1315
1337.0000 1324.1951 5.4584 35.1315
1339.0000 1326.1696 5.4452 35.1314
1341.0000 1328.1440 5.4321 35.1315
1343.0000 1330.1187 5.4289 35.1316
1345.0000 1332.0931 5.4242 35.1316
1347.0000 1334.0676 5.4091 35.1313
1349.0000 1336.0420 5.4002 35.1310
1351.0000 1338.0165 5.3910 35.1310
1353.0000 1339.9910 5.3857 35.1312
1355.0000 1341.9652 5.3813 35.1302
1357.0000 1343.9398 5.3618 35.1296
1359.0000 1345.9142 5.3530 35.1290
1361.0000 1347.8885 5.3498 35.1287
1363.0000 1349.8628 5.3435 35.1282
1365.0000 1351.8372 5.3404 35.1280
1367.0000 1353.8115 5.3374 35.1278
1369.0000 1355.7856 5.3359 35.1276
1371.0000 1357.7600 5.3348 35.1276
1373.0000 1359.7343 5.3323 35.1276
1375.0000 1361.7084 5.3293 35.1274
1377.0000 1363.6825 5.3263 35.1272
1379.0000 1365.6569 5.3190 35.1269
1381.0000 1367.6310 5.3164 35.1268
1383.0000 1369.6051 5.3043 35.1251
1385.0000 1371.5792 5.2739 35.1229
1387.0000 1373.5535 5.2669 35.1222
1389.0000 1375.5276 5.2642 35.1222
1391.0000 1377.5015 5.2591 35.1215
1393.0000 1379.4756 5.2481 35.1208
1395.0000 1381.4496 5.2464 35.1205
1397.0000 1383.4236 5.2335 35.1193
1399.0000 1385.3976 5.2300 35.1191
1401.0000 1387.3716 5.2206 35.1180
1403.0000 1389.3457 5.2050 35.1171
1405.0000 1391.3195 5.1959 35.1165
1407.0000 1393.2935 5.1861 35.1156
1409.0000 1395.2675 5.1747 35.1145
1411.0000 1397.2412 5.1715 35.1138
1413.0000 1399.2151 5.1225 35.1064
1415.0000 1401.1890 5.0678 35.1007
1417.0000 1403.1627 5.0271 35.0958
1419.0000 1405.1366 5.0210 35.0971
1421.0000 1407.1105 5.0085 35.0941
1423.0000 1409.0842 4.9976 35.0930
1425.0000 1411.0580 4.9912 35.0926
1427.0000 1413.0317 4.9892 35.0929
1429.0000 1415.0055 4.9888 35.0931
1431.0000 1416.9791 4.9872 35.0932
1433.0000 1418.9528 4.9852 35.0931
1435.0000 1420.9265 4.9834 35.0930
1437.0000 1422.9001 4.9660 35.0907
1439.0000 1424.8738 4.9545 35.0898
1441.0000 1426.8474 4.9473 35.0892
1443.0000 1428.8209 4.9457 35.0891
1445.0000 1430.7944 4.9438 35.0889
1447.0000 1432.7679 4.9393 35.0882
1449.0000 1434.7417 4.9337 35.0877
1451.0000 1436.7153 4.9223 35.0870
1453.0000 1438.6887 4.9145 35.0861
1455.0000 1440.6621 4.9103 35.0864
1457.0000 1442.6356 4.8997 35.0848
1459.0000 1444.6089 4.8897 35.0843
1461.0000 1446.5824 4.8838 35.0834
1463.0000 1448.5560 4.8740 35.0824
1465.0000 1450.5294 4.8600 35.0808
1467.0000 1452.5026 4.8251 35.0776
1469.0000 1454.4761 4.8178 35.0772
1471.0000 1456.4493 4.8111 35.0768
1473.0000 1458.4225 4.8017 35.0761
1475.0000 1460.3960 4.7951 35.0760
1477.0000 1462.3693 4.7943 35.0763
1479.0000 1464.3424 4.7915 35.0759
1481.0000 1466.3157 4.7878 35.0754
1483.0000 1468.2889 4.7892 35.0755
1485.0000 1470.2622 4.7865 35.0755
1487.0000 1472.2354 4.7847 35.0758
1489.0000 1474.2085 4.7829 35.0762
1491.0000 1476.1816 4.7819 35.0765
1493.0000 1478.1548 4.7782 35.0770
1495.0000 1480.1278 4.7757 35.0771
1497.0000 1482.1011 4.7735 35.0770
1499.0000 1484.0742 4.7696 35.0766
1501.0000 1486.0470 4.7701 35.0765
1503.0000 1488.0201 4.7517 35.0755
1505.0000 1489.9932 4.7453 35.0749
1507.0000 1491.9662 4.7298 35.0742
1509.0000 1493.9392 4.7191 35.0744
1511.0000 1495.9121 4.7177 35.0745
1513.0000 1497.8851 4.7142 35.0745
1515.0000 1499.8579 4.7075 35.0742
1517.0000 1501.8309 4.7051 35.0739
1519.0000 1503.8038 4.7037 35.0739
1521.0000 1505.7766 4.7038 35.0739
1523.0000 1507.7495 4.6997 35.0732
1525.0000 1509.7224 4.6900 35.0733
1527.0000 1511.6953 4.6865 35.0741
1529.0000 1513.6680 4.6865 35.0733
1531.0000 1515.6407 4.6675 35.0721
1533.0000 1517.6135 4.6467 35.0699
1535.0000 1519.5863 4.6297 35.0693
1537.0000 1521.5591 4.6300 35.0700
1539.0000 1523.5317 4.6118 35.0691
1541.0000 1525.5043 4.6079 35.0691
1543.0000 1527.4771 4.6067 35.0691
1545.0000 1529.4498 4.6053 35.0690
1547.0000 1531.4224 4.6018 35.0689
1549.0000 1533.3949 4.6015 35.0690
1551.0000 1535.3677 4.5998 35.0690
1553.0000 1537.3402 4.5969 35.0688
1555.0000 1539.3126 4.5962 35.0686
1557.0000 1541.2852 4.5903 35.0684
1559.0000 1543.2578 4.5850 35.0682
1561.0000 1545.2303 4.5827 35.0682
1563.0000 1547.2026 4.5804 35.0681
1565.0000 1549.1752 4.5795 35.0680
1567.0000 1551.1478 4.5790 35.0681
1569.0000 1553.1201 4.5784 35.0680
1571.0000 1555.0925 4.5778 35.0680
1573.0000 1557.0649 4.5781 35.0680
1575.0000 1559.0374 4.5771 35.0679
1577.0000 1561.0096 4.5750 35.0678
1579.0000 1562.9819 4.5726 35.0678
1581.0000 1564.9542 4.5700 35.0675
1583.0000 1566.9266 4.5629 35.0671
1585.0000 1568.8989 4.5586 35.0670
1587.0000 1570.8712 4.5556 35.0669
1589.0000 1572.8435 4.5533 35.0667
1591.0000 1574.8156 4.5483 35.0665
1593.0000 1576.7878 4.5439 35.0665
1595.0000 1578.7600 4.5406 35.0665
1597.0000 1580.7322 4.5394 35.0667
1599.0000 1582.7043 4.5375 35.0668
1601.0000 1584.6765 4.5259 35.0665
1603.0000 1586.6487 4.5093 35.0659
1605.0000 1588.6207 4.5046 35.0660
1607.0000 1590.5928 4.5036 35.0666
1609.0000 1592.5648 4.5021 35.0667
1611.0000 1594.5369 4.5044 35.0666
1613.0000 1596.5089 4.4938 35.0665
1615.0000 1598.4810 4.4891 35.0665
1617.0000 1600.4529 4.4834 35.0659
1619.0000 1602.4249 4.4767 35.0655
1621.0000 1604.3969 4.4765 35.0656
1623.0000 1606.3689 4.4716 35.0650
1625.0000 1608.3407 4.4649 35.0640
1627.0000 1610.3125 4.4527 35.0628
1629.0000 1612.2844 4.4474 35.0624
1631.0000 1614.2562 4.4432 35.0618
1633.0000 1616.2281 4.4333 35.0615
1635.0000 1618.2000 4.4248 35.0616
1637.0000 1620.1719 4.4197 35.0618
1639.0000 1622.1436 4.4171 35.0618
1641.0000 1624.1154 4.4160 35.0619
1643.0000 1626.0872 4.4147 35.0622
1645.0000 1628.0588 4.4106 35.0627
1647.0000 1630.0304 4.4087 35.0632
1649.0000 1632.0023 4.4069 35.0632
1651.0000 1633.9740 4.4065 35.0630
1653.0000 1635.9454 4.4041 35.0637
1655.0000 1637.9172 4.4017 35.0636
1657.0000 1639.8889 4.4003 35.0636
1659.0000 1641.8602 4.3991 35.0633
1661.0000 1643.8320 4.3926 35.0637
1663.0000 1645.8036 4.3908 35.0635
1665.0000 1647.7751 4.3870 35.0632
1667.0000 1649.7466 4.3810 35.0630
1669.0000 1651.7181 4.3792 35.0628
1671.0000 1653.6896 4.3770 35.0627
1673.0000 1655.6611 4.3693 35.0619
1675.0000 1657.6326 4.3603 35.0612
1677.0000 1659.6041 4.3648 35.0615
1679.0000 1661.5753 4.3494 35.0611
1681.0000 1663.5469 4.3470 35.0613
1683.0000 1665.5183 4.3468 35.0614
1685.0000 1667.4896 4.3477 35.0617
1687.0000 1669.4608 4.3445 35.0615
1689.0000 1671.4324 4.3431 35.0615
1691.0000 1673.4037 4.3429 35.0617
1693.0000 1675.3749 4.3432 35.0617
1695.0000 1677.3462 4.3442 35.0634
1697.0000 1679.3174 4.3371 35.0640
1699.0000 1681.2887 4.3311 35.0641
1701.0000 1683.2599 4.3338 35.0638
1703.0000 1685.2310 4.3277 35.0640
1705.0000 1687.2023 4.3282 35.0640
1707.0000 1689.1732 4.3272 35.0640
1709.0000 1691.1447 4.3240 35.0637
1711.0000 1693.1157 4.3180 35.0632
1713.0000 1695.0869 4.3124 35.0631
1715.0000 1697.0579 4.3110 35.0632
1717.0000 1699.0289 4.3119 35.0632
1719.0000 1701.0001 4.3111 35.0635
1721.0000 1702.9708 4.3117 35.0636
1723.0000 1704.9420 4.3099 35.0634
1725.0000 1706.9131 4.3076 35.0632
1727.0000 1708.8840 4.3067 35.0631
1729.0000 1710.8550 4.3026 35.0626
1731.0000 1712.8259 4.2979 35.0621
1733.0000 1714.7969 4.2931 35.0611
1735.0000 1716.7676 4.2673 35.0579
1737.0000 1718.7385 4.2532 35.0562
1739.0000 1720.7097 4.2254 35.0522
1741.0000 1722.6802 4.2190 35.0517
1743.0000 1724.6511 4.1968 35.0492
1745.0000 1726.6221 4.1916 35.0487
1747.0000 1728.5928 4.1862 35.0482
1749.0000 1730.5635 4.1748 35.0469
1751.0000 1732.5343 4.1641 35.0459
1753.0000 1734.5051 4.1580 35.0452
1755.0000 1736.4757 4.1535 35.0446
1757.0000 1738.4464 4.1528 35.0448
1759.0000 1740.4171 4.1524 35.0451
1761.0000 1742.3878 4.1519 35.0450
1763.0000 1744.3584 4.1505 35.0450
1765.0000 1746.3291 4.1477 35.0446
1767.0000 1748.2998 4.1406 35.0433
1769.0000 1750.2701 4.1306 35.0424
1771.0000 1752.2408 4.1207 35.0412
1773.0000 1754.2115 4.1154 35.0407
1775.0000 1756.1821 4.1094 35.0400
1777.0000 1758.1525 4.1034 35.0394
1779.0000 1760.1229 4.0991 35.0389
1781.0000 1762.0936 4.0988 35.0390
1783.0000 1764.0637 4.0977 35.0389
1785.0000 1766.0344 4.0973 35.0389
1787.0000 1768.0048 4.0963 35.0390
1789.0000 1769.9755 4.0892 35.0384
1791.0000 1771.9456 4.0865 35.0382
1793.0000 1773.9161 4.0844 35.0379
1795.0000 1775.8865 4.0818 35.0376
1797.0000 1777.8566 4.0789 35.0378
1799.0000 1779.8270 4.0775 35.0378
1801.0000 1781.7974 4.0751 35.0375
1803.0000 1783.7675 4.0739 35.0374
1805.0000 1785.7378 4.0663 35.0364
1807.0000 1787.7083 4.0622 35.0361
1809.0000 1789.6783 4.0561 35.0353
1811.0000 1791.6484 4.0535 35.0350
1813.0000 1793.6188 4.0510 35.0349
1815.0000 1795.5891 4.0494 35.0348
1817.0000 1797.5590 4.0456 35.0344
1819.0000 1799.5293 4.0372 35.0339
1821.0000 1801.4994 4.0296 35.0332
1823.0000 1803.4696 4.0241 35.0329
1825.0000 1805.4393 4.0276 35.0331
1827.0000 1807.4097 4.0106 35.0316
1829.0000 1809.3795 3.9988 35.0306
1831.0000 1811.3496 3.9917 35.0302
1833.0000 1813.3196 3.9891 35.0299
1835.0000 1815.2898 3.9881 35.0300
1837.0000 1817.2596 3.9865 35.0298
1839.0000 1819.2296 3.9757 35.0289
1841.0000 1821.1995 3.9659 35.0286
1843.0000 1823.1696 3.9638 35.0285
1845.0000 1825.1393 3.9631 35.0284
1847.0000 1827.1091 3.9625 35.0284
1849.0000 1829.0790 3.9635 35.0283
1851.0000 1831.0491 3.9614 35.0284
1853.0000 1833.0186 3.9613 35.0285
1855.0000 1834.9885 3.9612 35.0284
1857.0000 1836.9584 3.9614 35.0283
1859.0000 1838.9281 3.9610 35.0284
1861.0000 1840.8977 3.9612 35.0284
1863.0000 1842.8676 3.9604 35.0284
1865.0000 1844.8372 3.9565 35.0281
1867.0000 1846.8070 3.9540 35.0278
1869.0000 1848.7769 3.9537 35.0279
1871.0000 1850.7463 3.9525 35.0278
1873.0000 1852.7161 3.9505 35.0275
1875.0000 1854.6854 3.9455 35.0271
1877.0000 1856.6554 3.9411 35.0269
1879.0000 1858.6246 3.9395 35.0268
1881.0000 1860.5944 3.9398 35.0268
1883.0000 1862.5640 3.9384 35.0266
1885.0000 1864.5337 3.9326 35.0262
1887.0000 1866.5029 3.9286 35.0258
1889.0000 1868.4724 3.9227 35.0255
1891.0000 1870.4420 3.9213 35.0255
1893.0000 1872.4114 3.9210 35.0254
1895.0000 1874.3810 3.9207 35.0255
1897.0000 1876.3502 3.9194 35.0252
1899.0000 1878.3197 3.9139 35.0249
1901.0000 1880.2889 3.9120 35.0249
1903.0000 1882.2584 3.9101 35.0249
1905.0000 1884.2277 3.9100 35.0249
1907.0000 1886.1970 3.9088 35.0247
1909.0000 1888.1664 3.9102 35.0246
1911.0000 1890.1357 3.8983 35.0239
1913.0000 1892.1051 3.8914 35.0235
1915.0000 1894.0742 3.8811 35.0226
1917.0000 1896.0435 3.8727 35.0222
1919.0000 1898.0127 3.8793 35.0228
1921.0000 1899.9818 3.8655 35.0219
1923.0000 1901.9513 3.8577 35.0214
1925.0000 1903.9203 3.8554 35.0213
1927.0000 1905.8894 3.8516 35.0211
1929.0000 1907.8584 3.8439 35.0205
1931.0000 1909.8276 3.8385 35.0201
1933.0000 1911.7969 3.8350 35.0199
1935.0000 1913.7657 3.8305 35.0195
1937.0000 1915.7350 3.8273 35.0194
1939.0000 1917.7039 3.8243 35.0193
1941.0000 1919.6729 3.8229 35.0193
1943.0000 1921.6420 3.8218 35.0192
1945.0000 1923.6110 3.8210 35.0192
1947.0000 1925.5801 3.8201 35.0191
1949.0000 1927.5487 3.8189 35.0190
1951.0000 1929.5179 3.8172 35.0189
1953.0000 1931.4869 3.8156 35.0187
1955.0000 1933.4554 3.8122 35.0184
1957.0000 1935.4244 3.8071 35.0180
1959.0000 1937.3933 3.7988 35.0174
1961.0000 1939.3623 3.7861 35.0163
1963.0000 1941.3309 3.7806 35.0160
1965.0000 1943.2998 3.7794 35.0160
1967.0000 1945.2687 3.7753 35.0159
1969.0000 1947.2374 3.7699 35.0154
1971.0000 1949.2061 3.7643 35.0148
1973.0000 1951.1749 3.7604 35.0144
1975.0000 1953.1436 3.7585 35.0143
1977.0000 1955.1122 3.7548 35.0139
1979.0000 1957.0811 3.7509 35.0137
1981.0000 1959.0497 3.7505 35.0130
1983.0000 1961.0181 3.7405 35.0126
1985.0000 1962.9869 3.7392 35.0126
1987.0000 1964.9556 3.7406 35.0125
1989.0000 1966.9242 3.7389 35.0126
1991.0000 1968.8926 3.7383 35.0126
1993.0000 1970.8612 3.7361 35.0123
1995.0000 1972.8298 3.7347 35.0122
1997.0000 1974.7983 3.7331 35.0122
1999.0000 1976.7667 3.7338 35.0125
2001.0000 1978.7354 3.7304 35.0123
2003.0000 1980.7037 3.7289 35.0124
2005.0000 1982.6720 3.7282 35.0123
2007.0000 1984.6406 3.7246 35.0118
2009.0000 1986.6088 3.7176 35.0111
2011.0000 1988.5773 3.7137 35.0108
2013.0000 1990.5457 3.7128 35.0107
2015.0000 1992.5140 3.7118 35.0106
2017.0000 1994.4823 3.7077 35.0102
2019.0000 1996.4507 3.7017 35.0099
2021.0000 1998.4191 3.6989 35.0098
2023.0000 2000.3873 3.6957 35.0095
2025.0000 2002.3556 3.6930 35.0093
2027.0000 2004.3237 3.6921 35.0094
2029.0000 2006.2920 3.6907 35.0092
2031.0000 2008.2601 3.6904 35.0093
2033.0000 2010.2284 3.6908 35.0092
2035.0000 2012.1965 3.6905 35.0092
2037.0000 2014.1648 3.6902 35.0093
2039.0000 2016.1328 3.6898 35.0092
2041.0000 2018.1008 3.6890 35.0091
2043.0000 2020.0690 3.6878 35.0089
2045.0000 2022.0370 3.6832 35.0086
2047.0000 2024.0050 3.6804 35.0086
2049.0000 2025.9733 3.6793 35.0083
2051.0000 2027.9414 3.6781 35.0082
2053.0000 2029.9092 3.6774 35.0082
2055.0000 2031.8772 3.6756 35.0079
2057.0000 2033.8452 3.6695 35.0076
2059.0000 2035.8130 3.6676 35.0074
2061.0000 2037.7810 3.6652 35.0072
2063.0000 2039.7490 3.6608 35.0069
2065.0000 2041.7168 3.6563 35.0065
2067.0000 2043.6846 3.6532 35.0064
2069.0000 2045.6526 3.6521 35.0063
2071.0000 2047.6206 3.6509 35.0063
2073.0000 2049.5881 3.6482 35.0059
2075.0000 2051.5559 3.6398 35.0054
2077.0000 2053.5239 3.6363 35.0052
2079.0000 2055.4915 3.6324 35.0050
2081.0000 2057.4595 3.6309 35.0048
2083.0000 2059.4272 3.6308 35.0049
2085.0000 2061.3950 3.6305 35.0049
2087.0000 2063.3625 3.6305 35.0050
2089.0000 2065.3301 3.6303 35.0050
2091.0000 2067.2979 3.6289 35.0048
2093.0000 2069.2654 3.6279 35.0047
2095.0000 2071.2332 3.6270 35.0046
2097.0000 2073.2007 3.6258 35.0046
2099.0000 2075.1685 3.6232 35.0043
2101.0000 2077.1357 3.6211 35.0041
2103.0000 2079.1035 3.6193 35.0041
2105.0000 2081.0710 3.6164 35.0037
2107.0000 2083.0383 3.6138 35.0035
2109.0000 2085.0059 3.6114 35.0034
2111.0000 2086.9734 3.6083 35.0032
2113.0000 2088.9409 3.6076 35.0032
2115.0000 2090.9082 3.6064 35.0031
2117.0000 2092.8757 3.6048 35.0030
2119.0000 2094.8433 3.6052 35.0029
2121.0000 2096.8103 3.6020 35.0029
2123.0000 2098.7778 3.6007 35.0028
2125.0000 2100.7454 3.5994 35.0026
2127.0000 2102.7124 3.5980 35.0026
2129.0000 2104.6802 3.5959 35.0025
2131.0000 2106.6472 3.5930 35.0023
2133.0000 2108.6145 3.5902 35.0021
2135.0000 2110.5818 3.5881 35.0020
2137.0000 2112.5491 3.5849 35.0017
2139.0000 2114.5161 3.5818 35.0014
2141.0000 2116.4832 3.5743 35.0008
2143.0000 2118.4507 3.5673 35.0004
2145.0000 2120.4177 3.5617 35.0000
2147.0000 2122.3853 3.5585 34.9999
2149.0000 2124.3518 3.5593 34.9999
2151.0000 2126.3191 3.5589 35.0000
2153.0000 2128.2864 3.5593 34.9998
2155.0000 2130.2534 3.5561 34.9995
2157.0000 2132.2205 3.5465 34.9992
2159.0000 2134.1875 3.5435 34.9988
2161.0000 2136.1545 3.5414 34.9988
2163.0000 2138.1213 3.5403 34.9988
2165.0000 2140.0886 3.5397 34.9987
2167.0000 2142.0557 3.5377 34.9985
2169.0000 2144.0222 3.5354 34.9985
2171.0000 2145.9893 3.5351 34.9985
2173.0000 2147.9563 3.5349 34.9985
2175.0000 2149.9233 3.5348 34.9984
2177.0000 2151.8901 3.5348 34.9983
2179.0000 2153.8569 3.5337 34.9983
2181.0000 2155.8237 3.5328 34.9982
2183.0000 2157.7905 3.5320 34.9981
2185.0000 2159.7576 3.5307 34.9980
2187.0000 2161.7241 3.5284 34.9979
2189.0000 2163.6909 3.5284 34.9980
2191.0000 2165.6575 3.5279 34.9979
2193.0000 2167.6245 3.5277 34.9978
2195.0000 2169.5911 3.5260 34.9977
2197.0000 2171.5576 3.5247 34.9975
2199.0000 2173.5247 3.5205 34.9973
2201.0000 2175.4915 3.5167 34.9969
2203.0000 2177.4578 3.5149 34.9969
2205.0000 2179.4246 3.5136 34.9967
2207.0000 2181.3911 3.5075 34.9963
2209.0000 2183.3577 3.5005 34.9954
2211.0000 2185.3242 3.4934 34.9954
2213.0000 2187.2908 3.4925 34.9952
2215.0000 2189.2573 3.4917 34.9952
2217.0000 2191.2236 3.4913 34.9953
2219.0000 2193.1902 3.4901 34.9951
2221.0000 2195.1570 3.4867 34.9949
2223.0000 2197.1235 3.4785 34.9942
2225.0000 2199.0898 3.4719 34.9938
2227.0000 2201.0564 3.4685 34.9935
2229.0000 2203.0225 3.4653 34.9934
2231.0000 2204.9888 3.4644 34.9933
2233.0000 2206.9553 3.4621 34.9931
2235.0000 2208.9216 3.4558 34.9926
2237.0000 2210.8882 3.4535 34.9927
2239.0000 2212.8542 3.4561 34.9928
2241.0000 2214.8208 3.4476 34.9923
2243.0000 2216.7871 3.4453 34.9922
2245.0000 2218.7532 3.4415 34.9919
2247.0000 2220.7195 3.4384 34.9916
2249.0000 2222.6858 3.4282 34.9907
2251.0000 2224.6521 3.4233 34.9906
2253.0000 2226.6182 3.4230 34.9906
2255.0000 2228.5842 3.4213 34.9905
2257.0000 2230.5505 3.4214 34.9905
2259.0000 2232.5164 3.4214 34.9904
2261.0000 2234.4827 3.4199 34.9905
2263.0000 2236.4487 3.4165 34.9901
2265.0000 2238.4146 3.4146 34.9901
2267.0000 2240.3809 3.4177 34.9901
2269.0000 2242.3472 3.4128 34.9899
2271.0000 2244.3132 3.4085 34.9897
2273.0000 2246.2791 3.4012 34.9889
2275.0000 2248.2449 3.3923 34.9883
2277.0000 2250.2112 3.3849 34.9877
2279.0000 2252.1770 3.3822 34.9877
2281.0000 2254.1426 3.3808 34.9875
2283.0000 2256.1089 3.3751 34.9870
2285.0000 2258.0747 3.3688 34.9865
2287.0000 2260.0405 3.3641 34.9863
2289.0000 2262.0066 3.3658 34.9865
2291.0000 2263.9724 3.3661 34.9864
2293.0000 2265.9380 3.3659 34.9865
2295.0000 2267.9041 3.3648 34.9865
2297.0000 2269.8699 3.3642 34.9865
2299.0000 2271.8357 3.3622 34.9862
2301.0000 2273.8013 3.3588 34.9863
2303.0000 2275.7673 3.3579 34.9861
2305.0000 2277.7329 3.3595 34.9861
2307.0000 2279.6982 3.3568 34.9857
2309.0000 2281.6641 3.3531 34.9858
2311.0000 2283.6299 3.3528 34.9855
2313.0000 2285.5955 3.3482 34.9852
2315.0000 2287.5610 3.3401 34.9848
2317.0000 2289.5266 3.3394 34.9848
2319.0000 2291.4924 3.3392 34.9848
2321.0000 2293.4578 3.3396 34.9849
2323.0000 2295.4236 3.3403 34.9849
2325.0000 2297.3889 3.3407 34.9848
2327.0000 2299.3545 3.3398 34.9847
2329.0000 2301.3201 3.3379 34.9846
2331.0000 2303.2856 3.3351 34.9842
2333.0000 2305.2512 3.3343 34.9841
2335.0000 2307.2166 3.3315 34.9837
2337.0000 2309.1819 3.3284 34.9835
2339.0000 2311.1475 3.3265 34.9836
2341.0000 2313.1128 3.3266 34.9836
2343.0000 2315.0781 3.3245 34.9834
2345.0000 2317.0435 3.3231 34.9833
2347.0000 2319.0088 3.3194 34.9830
2349.0000 2320.9741 3.3168 34.9830
2351.0000 2322.9392 3.3144 34.9827
2353.0000 2324.9048 3.3107 34.9824
2355.0000 2326.8699 3.3093 34.9821
2357.0000 2328.8352 3.3031 34.9815
2359.0000 2330.8003 3.3018 34.9815
2361.0000 2332.7656 3.3000 34.9813
2363.0000 2334.7307 3.2978 34.9812
2365.0000 2336.6960 3.2935 34.9809
2367.0000 2338.6614 3.2904 34.9807
2369.0000 2340.6262 3.2862 34.9803
2371.0000 2342.5913 3.2843 34.9801
2373.0000 2344.5566 3.2813 34.9800
2375.0000 2346.5217 3.2772 34.9796
2377.0000 2348.4868 3.2727 34.9794
2379.0000 2350.4519 3.2715 34.9793
2381.0000 2352.4170 3.2706 34.9792
2383.0000 2354.3818 3.2701 34.9791
2385.0000 2356.3469 3.2665 34.9789
2387.0000 2358.3120 3.2649 34.9788
2389.0000 2360.2769 3.2620 34.9787
2391.0000 2362.2419 3.2606 34.9784
2393.0000 2364.2068 3.2578 34.9782
2395.0000 2366.1719 3.2552 34.9781
2397.0000 2368.1365 3.2527 34.9779
2399.0000 2370.1016 3.2487 34.9776
2401.0000 2372.0664 3.2464 34.9774
2403.0000 2374.0310 3.2449 34.9772
2405.0000 2375.9958 3.2417 34.9771
2407.0000 2377.9607 3.2411 34.9771
2409.0000 2379.9255 3.2408 34.9771
2411.0000 2381.8901 3.2408 34.9771
2413.0000 2383.8550 3.2405 34.9770
2415.0000 2385.8198 3.2399 34.9768
2417.0000 2387.7844 3.2389 34.9768
2419.0000 2389.7495 3.2378 34.9768
2421.0000 2391.7141 3.2367 34.9767
2423.0000 2393.6787 3.2364 34.9767
2425.0000 2395.6433 3.2365 34.9767
2427.0000 2397.6079 3.2353 34.9765
2429.0000 2399.5728 3.2337 34.9764
2431.0000 2401.5371 3.2307 34.9762
2433.0000 2403.5017 3.2295 34.9761
2435.0000 2405.4663 3.2253 34.9756
2437.0000 2407.4309 3.2187 34.9753
2439.0000 2409.3953 3.2167 34.9753
2441.0000 2411.3596 3.2140 34.9748
2443.0000 2413.3245 3.2085 34.9743
2445.0000 2415.2886 3.2055 34.9743
2447.0000 2417.2529 3.2046 34.9741
2449.0000 2419.2178 3.2002 34.9738
2451.0000 2421.1819 3.1949 34.9733
2453.0000 2423.1462 3.1936 34.9733
2455.0000 2425.1108 3.1871 34.9726
2457.0000 2427.0754 3.1780 34.9721
2459.0000 2429.0393 3.1769 34.9720
2461.0000 2431.0039 3.1758 34.9719
2463.0000 2432.9683 3.1735 34.9717
2465.0000 2434.9324 3.1713 34.9716
2467.0000 2436.8965 3.1712 34.9716
2469.0000 2438.8611 3.1709 34.9717
2471.0000 2440.8252 3.1695 34.9716
2473.0000 2442.7893 3.1686 34.9715
2475.0000 2444.7534 3.1679 34.9716
2477.0000 2446.7178 3.1629 34.9710
2479.0000 2448.6816 3.1581 34.9708
2481.0000 2450.6460 3.1580 34.9708
2483.0000 2452.6104 3.1572 34.9708
2485.0000 2454.5745 3.1557 34.9706
2487.0000 2456.5383 3.1522 34.9703
2489.0000 2458.5024 3.1516 34.9703
2491.0000 2460.4666 3.1516 34.9704
2493.0000 2462.4304 3.1516 34.9703
2495.0000 2464.3945 3.1510 34.9702
2497.0000 2466.3584 3.1496 34.9701
2499.0000 2468.3225 3.1493 34.9701
2501.0000 2470.2864 3.1485 34.9701
2503.0000 2472.2505 3.1477 34.9700
2505.0000 2474.2146 3.1479 34.9698
2507.0000 2476.1782 3.1453 34.9697
2509.0000 2478.1421 3.1442 34.9696
2511.0000 2480.1060 3.1408 34.9693
2513.0000 2482.0701 3.1390 34.9691
2515.0000 2484.0337 3.1388 34.9692
2517.0000 2485.9973 3.1387 34.9691
2519.0000 2487.9612 3.1380 34.9690
2521.0000 2489.9250 3.1356 34.9690
2523.0000 2491.8889 3.1335 34.9686
2525.0000 2493.8525 3.1312 34.9685
2527.0000 2495.8162 3.1240 34.9679
2529.0000 2497.7800 3.1220 34.9679
2531.0000 2499.7437 3.1208 34.9676
2533.0000 2501.7075 3.1179 34.9676
2535.0000 2503.6711 3.1142 34.9673
2537.0000 2505.6348 3.1149 34.9671
2539.0000 2507.5984 3.1067 34.9667
2541.0000 2509.5618 3.1062 34.9666
2543.0000 2511.5254 3.1042 34.9665
2545.0000 2513.4890 3.1005 34.9663
2547.0000 2515.4526 3.0983 34.9660
2549.0000 2517.4163 3.0914 34.9654
2551.0000 2519.3799 3.0858 34.9649
2553.0000 2521.3433 3.0797 34.9645
2555.0000 2523.3066 3.0732 34.9641
2557.0000 2525.2700 3.0712 34.9640
2559.0000 2527.2334 3.0690 34.9639
2561.0000 2529.1970 3.0670 34.9637
2563.0000 2531.1604 3.0666 34.9637
2565.0000 2533.1238 3.0654 34.9636
2567.0000 2535.0872 3.0615 34.9634
2569.0000 2537.0503 3.0602 34.9633
2571.0000 2539.0137 3.0597 34.9633
2573.0000 2540.9771 3.0582 34.9630
2575.0000 2542.9407 3.0546 34.9629
2577.0000 2544.9036 3.0536 34.9628
2579.0000 2546.8669 3.0515 34.9625
2581.0000 2548.8303 3.0490 34.9624
2583.0000 2550.7932 3.0487 34.9624
2585.0000 2552.7568 3.0462 34.9619
2587.0000 2554.7200 3.0422 34.9618
2589.0000 2556.6829 3.0364 34.9613
2591.0000 2558.6460 3.0345 34.9612
2593.0000 2560.6094 3.0328 34.9611
2595.0000 2562.5725 3.0313 34.9609
2597.0000 2564.5356 3.0304 34.9609
2599.0000 2566.4985 3.0302 34.9609
2601.0000 2568.4619 3.0297 34.9608
2603.0000 2570.4246 3.0297 34.9608
2605.0000 2572.3875 3.0284 34.9608
2607.0000 2574.3508 3.0263 34.9605
2609.0000 2576.3140 3.0241 34.9603
2611.0000 2578.2766 3.0185 34.9599
2613.0000 2580.2395 3.0142 34.9595
2615.0000 2582.2029 3.0115 34.9594
2617.0000 2584.1655 3.0123 34.9594
2619.0000 2586.1284 3.0105 34.9592
2621.0000 2588.0913 3.0079 34.9591
2623.0000 2590.0542 3.0064 34.9589
2625.0000 2592.0171 3.0052 34.9589
2627.0000 2593.9800 3.0035 34.9587
2629.0000 2595.9429 3.0009 34.9585
2631.0000 2597.9055 2.9993 34.9584
2633.0000 2599.8682 2.9986 34.9583
2635.0000 2601.8313 2.9980 34.9583
2637.0000 2603.7939 2.9988 34.9582
2639.0000 2605.7566 2.9971 34.9582
2641.0000 2607.7190 2.9966 34.9581
2643.0000 2609.6821 2.9958 34.9581
2645.0000 2611.6445 2.9956 34.9580
2647.0000 2613.6074 2.9947 34.9579
2649.0000 2615.5698 2.9931 34.9578
2651.0000 2617.5327 2.9914 34.9576
2653.0000 2619.4951 2.9899 34.9575
2655.0000 2621.4578 2.9900 34.9574
2657.0000 2623.4204 2.9895 34.9575
2659.0000 2625.3828 2.9886 34.9574
2661.0000 2627.3455 2.9864 34.9572
2663.0000 2629.3079 2.9856 34.9571
2665.0000 2631.2703 2.9834 34.9568
2667.0000 2633.2329 2.9803 34.9567
2669.0000 2635.1953 2.9773 34.9563
2671.0000 2637.1577 2.9747 34.9562
2673.0000 2639.1201 2.9727 34.9559
2675.0000 2641.0825 2.9679 34.9557
2677.0000 2643.0452 2.9649 34.9554
2679.0000 2645.0073 2.9647 34.9554
2681.0000 2646.9697 2.9649 34.9554
2683.0000 2648.9321 2.9648 34.9554
2685.0000 2650.8945 2.9597 34.9549
2687.0000 2652.8564 2.9564 34.9548
2689.0000 2654.8191 2.9555 34.9546
2691.0000 2656.7812 2.9529 34.9545
2693.0000 2658.7432 2.9522 34.9544
2695.0000 2660.7056 2.9491 34.9541
2697.0000 2662.6680 2.9504 34.9542
2699.0000 2664.6304 2.9485 34.9539
2701.0000 2666.5923 2.9471 34.9540
2703.0000 2668.5544 2.9468 34.9540
2705.0000 2670.5166 2.9460 34.9539
2707.0000 2672.4785 2.9452 34.9539
2709.0000 2674.4407 2.9455 34.9537
2711.0000 2676.4031 2.9442 34.9537
2713.0000 2678.3647 2.9439 34.9537
2715.0000 2680.3269 2.9437 34.9536
2717.0000 2682.2893 2.9438 34.9537
2719.0000 2684.2512 2.9437 34.9537
2721.0000 2686.2129 2.9436 34.9537
2723.0000 2688.1748 2.9434 34.9536
2725.0000 2690.1372 2.9429 34.9536
2727.0000 2692.0989 2.9424 34.9534
2729.0000 2694.0608 2.9427 34.9534
2731.0000 2696.0229 2.9416 34.9534
2733.0000 2697.9849 2.9384 34.9531
2735.0000 2699.9463 2.9375 34.9528
2737.0000 2701.9084 2.9353 34.9529
2739.0000 2703.8704 2.9339 34.9527
2741.0000 2705.8318 2.9334 34.9526
2743.0000 2707.7939 2.9317 34.9524
2745.0000 2709.7556 2.9267 34.9521
2747.0000 2711.7175 2.9239 34.9519
2749.0000 2713.6792 2.9214 34.9518
2751.0000 2715.6409 2.9235 34.9517
2753.0000 2717.6025 2.9211 34.9516
2755.0000 2719.5642 2.9206 34.9517
2757.0000 2721.5259 2.9188 34.9514
2759.0000 2723.4875 2.9196 34.9513
2761.0000 2725.4495 2.9161 34.9512
2763.0000 2727.4109 2.9157 34.9512
2765.0000 2729.3723 2.9142 34.9511
2767.0000 2731.3342 2.9131 34.9511
2769.0000 2733.2957 2.9137 34.9508
2771.0000 2735.2571 2.9105 34.9507
2773.0000 2737.2188 2.9092 34.9506
2775.0000 2739.1802 2.9079 34.9506
2777.0000 2741.1416 2.9064 34.9504
2779.0000 2743.1033 2.9048 34.9501
2781.0000 2745.0647 2.9022 34.9500
2783.0000 2747.0259 2.9021 34.9499
2785.0000 2748.9875 2.9016 34.9500
2787.0000 2750.9490 2.9013 34.9499
2789.0000 2752.9104 2.9010 34.9498
2791.0000 2754.8716 2.9005 34.9498
2793.0000 2756.8330 2.9002 34.9497
2795.0000 2758.7944 2.8962 34.9494
2797.0000 2760.7556 2.8940 34.9492
2799.0000 2762.7168 2.8896 34.9489
2801.0000 2764.6785 2.8871 34.9487
2803.0000 2766.6394 2.8855 34.9485
2805.0000 2768.6008 2.8844 34.9483
2807.0000 2770.5620 2.8821 34.9483
2809.0000 2772.5234 2.8802 34.9482
2811.0000 2774.4844 2.8774 34.9478
2813.0000 2776.4456 2.8731 34.9475
2815.0000 2778.4067 2.8718 34.9475
2817.0000 2780.3679 2.8704 34.9473
2819.0000 2782.3289 2.8697 34.9473
2821.0000 2784.2903 2.8698 34.9472
2823.0000 2786.2512 2.8683 34.9472
2825.0000 2788.2122 2.8677 34.9471
2827.0000 2790.1733 2.8658 34.9469
2829.0000 2792.1343 2.8633 34.9466
2831.0000 2794.0955 2.8600 34.9464
2833.0000 2796.0564 2.8597 34.9463
2835.0000 2798.0173 2.8596 34.9464
2837.0000 2799.9785 2.8580 34.9462
2839.0000 2801.9392 2.8574 34.9461
2841.0000 2803.9004 2.8557 34.9461
2843.0000 2805.8613 2.8564 34.9460
2845.0000 2807.8220 2.8566 34.9461
2847.0000 2809.7830 2.8536 34.9457
2849.0000 2811.7437 2.8546 34.9457
2851.0000 2813.7046 2.8504 34.9455
2853.0000 2815.6653 2.8473 34.9451
2855.0000 2817.6265 2.8410 34.9447
2857.0000 2819.5872 2.8393 34.9445
2859.0000 2821.5476 2.8388 34.9446
2861.0000 2823.5088 2.8380 34.9445
2863.0000 2825.4692 2.8377 34.9444
2865.0000 2827.4299 2.8373 34.9443
2867.0000 2829.3906 2.8348 34.9441
2869.0000 2831.3516 2.8332 34.9441
2871.0000 2833.3123 2.8312 34.9438
2873.0000 2835.2727 2.8280 34.9434
2875.0000 2837.2334 2.8239 34.9432
2877.0000 2839.1941 2.8233 34.9432
2879.0000 2841.1543 2.8233 34.9432
2881.0000 2843.1150 2.8227 34.9431
2883.0000 2845.0757 2.8234 34.9431
2885.0000 2847.0361 2.8217 34.9429
2887.0000 2848.9968 2.8179 34.9427
2889.0000 2850.9573 2.8174 34.9427
2891.0000 2852.9180 2.8151 34.9424
2893.0000 2854.8779 2.8126 34.9422
2895.0000 2856.8384 2.8105 34.9420
2897.0000 2858.7991 2.8105 34.9421
2899.0000 2860.7595 2.8101 34.9420
2901.0000 2862.7197 2.8096 34.9419
2903.0000 2864.6802 2.8082 34.9418
2905.0000 2866.6406 2.8070 34.9416
2907.0000 2868.6008 2.8058 34.9416
2909.0000 2870.5613 2.8068 34.9417
2911.0000 2872.5217 2.8067 34.9416
2913.0000 2874.4819 2.8060 34.9416
2915.0000 2876.4421 2.8057 34.9415
2917.0000 2878.4026 2.8070 34.9416
2919.0000 2880.3625 2.8073 34.9417
2921.0000 2882.3228 2.8070 34.9416
2923.0000 2884.2832 2.8073 34.9415
2925.0000 2886.2437 2.8068 34.9415
2927.0000 2888.2034 2.8076 34.9416
2929.0000 2890.1636 2.8078 34.9416
2931.0000 2892.1235 2.8077 34.9415
2933.0000 2894.0842 2.8077 34.9416
2935.0000 2896.0439 2.8072 34.9414
2937.0000 2898.0042 2.8070 34.9414
2939.0000 2899.9641 2.8039 34.9411
2941.0000 2901.9241 2.8022 34.9410
2943.0000 2903.8840 2.8019 34.9409
2945.0000 2905.8442 2.8017 34.9409
2947.0000 2907.8042 2.8012 34.9408
2949.0000 2909.7642 2.7996 34.9407
2951.0000 2911.7239 2.7993 34.9407
2953.0000 2913.6843 2.7989 34.9406
2955.0000 2915.6438 2.7981 34.9405
2957.0000 2917.6038 2.7972 34.9405
2959.0000 2919.5637 2.7961 34.9404
2961.0000 2921.5237 2.7953 34.9403
2963.0000 2923.4834 2.7953 34.9403
2965.0000 2925.4434 2.7947 34.9402
2967.0000 2927.4031 2.7932 34.9401
2969.0000 2929.3628 2.7922 34.9400
2971.0000 2931.3225 2.7918 34.9399
2973.0000 2933.2825 2.7909 34.9399
2975.0000 2935.2419 2.7904 34.9398
2977.0000 2937.2019 2.7911 34.9397
2979.0000 2939.1614 2.7906 34.9398
2981.0000 2941.1213 2.7908 34.9399
2983.0000 2943.0806 2.7902 34.9397
2985.0000 2945.0405 2.7898 34.9396
2987.0000 2947.0002 2.7896 34.9396
2989.0000 2948.9597 2.7892 34.9396
2991.0000 2950.9194 2.7885 34.9395
2993.0000 2952.8789 2.7875 34.9394
2995.0000 2954.8389 2.7870 34.9393
2997.0000 2956.7979 2.7859 34.9393
2999.0000 2958.7578 2.7848 34.9392
3001.0000 2960.7173 2.7842 34.9390
3003.0000 2962.6765 2.7821 34.9389
3005.0000 2964.6360 2.7800 34.9387
3007.0000 2966.5957 2.7789 34.9386
3009.0000 2968.5552 2.7803 34.9386
3011.0000 2970.5144 2.7774 34.9385
3013.0000 2972.4741 2.7773 34.9385
3015.0000 2974.4333 2.7765 34.9383
3017.0000 2976.3926 2.7778 34.9382
3019.0000 2978.3518 2.7750 34.9382
3021.0000 2980.3115 2.7742 34.9381
3023.0000 2982.2710 2.7741 34.9381
3025.0000 2984.2297 2.7738 34.9381
3027.0000 2986.1892 2.7729 34.9380
3029.0000 2988.1484 2.7728 34.9379
3031.0000 2990.1077 2.7728 34.9379
3033.0000 2992.0669 2.7724 34.9380
3035.0000 2994.0261 2.7713 34.9377
3037.0000 2995.9854 2.7692 34.9375
3039.0000 2997.9443 2.7642 34.9371
3041.0000 2999.9038 2.7618 34.9369
3043.0000 3001.8628 2.7607 34.9367
3045.0000 3003.8220 2.7603 34.9367
3047.0000 3005.7812 2.7595 34.9367
3049.0000 3007.7402 2.7599 34.9366
3051.0000 3009.6990 2.7586 34.9366
3053.0000 3011.6582 2.7568 34.9364
3055.0000 3013.6172 2.7555 34.9363
3057.0000 3015.5764 2.7559 34.9363
3059.0000 3017.5352 2.7551 34.9364
3061.0000 3019.4944 2.7551 34.9363
3063.0000 3021.4534 2.7543 34.9362
3065.0000 3023.4121 2.7516 34.9360
3067.0000 3025.3711 2.7491 34.9356
3069.0000 3027.3301 2.7436 34.9352
3071.0000 3029.2893 2.7432 34.9352
3073.0000 3031.2478 2.7415 34.9350
3075.0000 3033.2068 2.7425 34.9349
3077.0000 3035.1658 2.7351 34.9343
3079.0000 3037.1243 2.7325 34.9342
3081.0000 3039.0833 2.7312 34.9342
3083.0000 3041.0422 2.7307 34.9337
3085.0000 3043.0007 2.7242 34.9335
3087.0000 3044.9595 2.7230 34.9334
3089.0000 3046.9182 2.7229 34.9333
3091.0000 3048.8772 2.7228 34.9332
3093.0000 3050.8357 2.7195 34.9330
3095.0000 3052.7942 2.7151 34.9327
3097.0000 3054.7529 2.7131 34.9325
3099.0000 3056.7119 2.7113 34.9324
3101.0000 3058.6702 2.7119 34.9324
3103.0000 3060.6289 2.7110 34.9322
3105.0000 3062.5876 2.7092 34.9321
3107.0000 3064.5459 2.7079 34.9321
3109.0000 3066.5046 2.7063 34.9319
3111.0000 3068.4634 2.7037 34.9316
3113.0000 3070.4214 2.7016 34.9314
3115.0000 3072.3804 2.6972 34.9310
3117.0000 3074.3386 2.6949 34.9309
3119.0000 3076.2971 2.6934 34.9307
3121.0000 3078.2556 2.6909 34.9304
3123.0000 3080.2139 2.6860 34.9301
3125.0000 3082.1724 2.6857 34.9301
3127.0000 3084.1309 2.6847 34.9299
3129.0000 3086.0891 2.6848 34.9298
3131.0000 3088.0476 2.6845 34.9299
3133.0000 3090.0061 2.6846 34.9299
3135.0000 3091.9641 2.6846 34.9299
3137.0000 3093.9226 2.6849 34.9300
3139.0000 3095.8809 2.6851 34.9299
3141.0000 3097.8394 2.6844 34.9298
3143.0000 3099.7974 2.6838 34.9297
3145.0000 3101.7559 2.6817 34.9294
3147.0000 3103.7141 2.6768 34.9291
3149.0000 3105.6721 2.6762 34.9290
3151.0000 3107.6304 2.6756 34.9290
3153.0000 3109.5889 2.6752 34.9290
3155.0000 3111.5464 2.6736 34.9288
3157.0000 3113.5049 2.6726 34.9286
3159.0000 3115.4629 2.6719 34.9285
3161.0000 3117.4209 2.6686 34.9283
3163.0000 3119.3792 2.6666 34.9280
3165.0000 3121.3372 2.6667 34.9280
3167.0000 3123.2952 2.6658 34.9280
3169.0000 3125.2529 2.6658 34.9280
3171.0000 3127.2112 2.6657 34.9279
3173.0000 3129.1694 2.6659 34.9279
3175.0000 3131.1270 2.6659 34.9280
3177.0000 3133.0852 2.6650 34.9279
3179.0000 3135.0432 2.6647 34.9278
3181.0000 3137.0010 2.6638 34.9277
3183.0000 3138.9587 2.6633 34.9277
3185.0000 3140.9170 2.6631 34.9275
3187.0000 3142.8750 2.6630 34.9276
3189.0000 3144.8323 2.6629 34.9276
3191.0000 3146.7903 2.6628 34.9276
3193.0000 3148.7483 2.6627 34.9276
3195.0000 3150.7061 2.6627 34.9275
3197.0000 3152.6638 2.6627 34.9275
3199.0000 3154.6216 2.6623 34.9274
3201.0000 3156.5796 2.6619 34.9274
3203.0000 3158.5369 2.6613 34.9273
3205.0000 3160.4949 2.6609 34.9273
3207.0000 3162.4526 2.6604 34.9271
3209.0000 3164.4106 2.6603 34.9271
3211.0000 3166.3677 2.6591 34.9271
3213.0000 3168.3254 2.6551 34.9266
3215.0000 3170.2832 2.6446 34.9255
3217.0000 3172.2407 2.6468 34.9257
3219.0000 3174.1982 2.6459 34.9259
3221.0000 3176.1560 2.6422 34.9254
3223.0000 3178.1138 2.6415 34.9255
3225.0000 3180.0710 2.6426 34.9255
3227.0000 3182.0283 2.6411 34.9253
3229.0000 3183.9861 2.6417 34.9255
3231.0000 3185.9436 2.6404 34.9252
3233.0000 3187.9011 2.6354 34.9247
3235.0000 3189.8584 2.6383 34.9249
3237.0000 3191.8157 2.6347 34.9248
3239.0000 3193.7732 2.6345 34.9247
3241.0000 3195.7307 2.6344 34.9246
3243.0000 3197.6880 2.6344 34.9247
3245.0000 3199.6453 2.6345 34.9247
3247.0000 3201.6028 2.6336 34.9246
3249.0000 3203.5603 2.6335 34.9244
3251.0000 3205.5171 2.6320 34.9244
3253.0000 3207.4746 2.6310 34.9243
3255.0000 3209.4321 2.6296 34.9242
3257.0000 3211.3894 2.6290 34.9241
3259.0000 3213.3464 2.6299 34.9240
3261.0000 3215.3035 2.6268 34.9238
3263.0000 3217.2610 2.6249 34.9238
3265.0000 3219.2178 2.6229 34.9234
3267.0000 3221.1753 2.6214 34.9233
3269.0000 3223.1326 2.6197 34.9231
3271.0000 3225.0896 2.6185 34.9229
3273.0000 3227.0464 2.6177 34.9230
3275.0000 3229.0039 2.6160 34.9228
3277.0000 3230.9609 2.6158 34.9228
3279.0000 3232.9180 2.6157 34.9228
3281.0000 3234.8750 2.6154 34.9227
3283.0000 3236.8320 2.6158 34.9225
3285.0000 3238.7891 2.6127 34.9224
3287.0000 3240.7458 2.6064 34.9219
3289.0000 3242.7031 2.6054 34.9217
3291.0000 3244.6599 2.6041 34.9217
3293.0000 3246.6167 2.6039 34.9216
3295.0000 3248.5737 2.6045 34.9216
3297.0000 3250.5308 2.6045 34.9216
3299.0000 3252.4875 2.6045 34.9217
3301.0000 3254.4443 2.6045 34.9216
3303.0000 3256.4014 2.6036 34.9215
3305.0000 3258.3584 2.6031 34.9214
3307.0000 3260.3149 2.6034 34.9214
3309.0000 3262.2720 2.6035 34.9214
3311.0000 3264.2288 2.6030 34.9214
3313.0000 3266.1853 2.6033 34.9214
3315.0000 3268.1418 2.6035 34.9213
3317.0000 3270.0989 2.6035 34.9214
3319.0000 3272.0557 2.6036 34.9214
3321.0000 3274.0122 2.6034 34.9213
3323.0000 3275.9690 2.6036 34.9214
3325.0000 3277.9255 2.6035 34.9213
3327.0000 3279.8821 2.6037 34.9213
3329.0000 3281.8389 2.6037 34.9213
3331.0000 3283.7957 2.6030 34.9212
3333.0000 3285.7522 2.6036 34.9212
3335.0000 3287.7087 2.6036 34.9212
3337.0000 3289.6650 2.6042 34.9213
3339.0000 3291.6218 2.6053 34.9213
3341.0000 3293.5781 2.6046 34.9212
3343.0000 3295.5347 2.6040 34.9210
3345.0000 3297.4915 2.6044 34.9212
3347.0000 3299.4480 2.6045 34.9212
3349.0000 3301.4043 2.6042 34.9210
3351.0000 3303.3606 2.6034 34.9210
3353.0000 3305.3171 2.6026 34.9209
3355.0000 3307.2732 2.6018 34.9208
3357.0000 3309.2297 2.6016 34.9208
3359.0000 3311.1863 2.6003 34.9206
3361.0000 3313.1428 2.5983 34.9204
3363.0000 3315.0989 2.5977 34.9204
3365.0000 3317.0554 2.5967 34.9202
3367.0000 3319.0115 2.5953 34.9201
3369.0000 3320.9675 2.5943 34.9200
3371.0000 3322.9241 2.5950 34.9199
3373.0000 3324.8804 2.5924 34.9198
3375.0000 3326.8364 2.5911 34.9197
3377.0000 3328.7927 2.5905 34.9196
3379.0000 3330.7490 2.5903 34.9197
3381.0000 3332.7053 2.5889 34.9194
3383.0000 3334.6611 2.5882 34.9195
3385.0000 3336.6174 2.5878 34.9193
3387.0000 3338.5735 2.5878 34.9193
3389.0000 3340.5293 2.5881 34.9193
3391.0000 3342.4856 2.5880 34.9193
3393.0000 3344.4417 2.5879 34.9193
3395.0000 3346.3979 2.5871 34.9192
3397.0000 3348.3540 2.5860 34.9191
3399.0000 3350.3098 2.5857 34.9191
3401.0000 3352.2661 2.5860 34.9191
3403.0000 3354.2217 2.5861 34.9191
3405.0000 3356.1775 2.5861 34.9191
3407.0000 3358.1338 2.5860 34.9190
3409.0000 3360.0896 2.5859 34.9190
3411.0000 3362.0452 2.5852 34.9188
3413.0000 3364.0015 2.5845 34.9188
3415.0000 3365.9575 2.5840 34.9188
3417.0000 3367.9128 2.5834 34.9187
3419.0000 3369.8691 2.5828 34.9186
3421.0000 3371.8252 2.5811 34.9184
3423.0000 3373.7810 2.5791 34.9182
3425.0000 3375.7366 2.5755 34.9178
3427.0000 3377.6924 2.5697 34.9172
3429.0000 3379.6479 2.5676 34.9170
3431.0000 3381.6033 2.5663 34.9169
3433.0000 3383.5593 2.5659 34.9169
3435.0000 3385.5151 2.5657 34.9169
3437.0000 3387.4707 2.5660 34.9170
3439.0000 3389.4265 2.5644 34.9167
3441.0000 3391.3821 2.5640 34.9166
3443.0000 3393.3379 2.5634 34.9164
3445.0000 3395.2935 2.5602 34.9164
3447.0000 3397.2488 2.5595 34.9163
3449.0000 3399.2046 2.5583 34.9161
3451.0000 3401.1602 2.5583 34.9159
3453.0000 3403.1157 2.5567 34.9159
3455.0000 3405.0715 2.5560 34.9159
3457.0000 3407.0271 2.5542 34.9158
3459.0000 3408.9822 2.5540 34.9155
3461.0000 3410.9380 2.5533 34.9154
3463.0000 3412.8933 2.5481 34.9150
3465.0000 3414.8486 2.5469 34.9149
3467.0000 3416.8040 2.5462 34.9148
3469.0000 3418.7595 2.5455 34.9147
3471.0000 3420.7148 2.5450 34.9147
3473.0000 3422.6699 2.5441 34.9146
3475.0000 3424.6255 2.5436 34.9145
3477.0000 3426.5808 2.5436 34.9145
3479.0000 3428.5361 2.5420 34.9143
3481.0000 3430.4915 2.5413 34.9143
3483.0000 3432.4470 2.5393 34.9141
3485.0000 3434.4021 2.5367 34.9137
3487.0000 3436.3572 2.5350 34.9136
3489.0000 3438.3125 2.5348 34.9137
3491.0000 3440.2676 2.5347 34.9137
3493.0000 3442.2227 2.5347 34.9136
3495.0000 3444.1782 2.5348 34.9135
3497.0000 3446.1333 2.5345 34.9136
3499.0000 3448.0884 2.5348 34.9135
3501.0000 3450.0432 2.5350 34.9136
3503.0000 3451.9988 2.5350 34.9136
3505.0000 3453.9539 2.5352 34.9135
3507.0000 3455.9084 2.5352 34.9135
3509.0000 3457.8640 2.5351 34.9135
3511.0000 3459.8191 2.5350 34.9134
3513.0000 3461.7737 2.5345 34.9134
3515.0000 3463.7288 2.5341 34.9134
3517.0000 3465.6838 2.5331 34.9131
3519.0000 3467.6387 2.5313 34.9130
3521.0000 3469.5940 2.5310 34.9130
3523.0000 3471.5488 2.5311 34.9129
3525.0000 3473.5034 2.5311 34.9130
3527.0000 3475.4583 2.5307 34.9129
3529.0000 3477.4133 2.5307 34.9128
3531.0000 3479.3684 2.5299 34.9128
3533.0000 3481.3232 2.5291 34.9127
3535.0000 3483.2781 2.5292 34.9126
3537.0000 3485.2327 2.5277 34.9125
3539.0000 3487.1877 2.5269 34.9125
3541.0000 3489.1423 2.5272 34.9124
3543.0000 3491.0969 2.5274 34.9124
3545.0000 3493.0520 2.5272 34.9123
3547.0000 3495.0071 2.5265 34.9123
3549.0000 3496.9612 2.5260 34.9122
3551.0000 3498.9163 2.5253 34.9122
3553.0000 3500.8708 2.5241 34.9121
3555.0000 3502.8252 2.5241 34.9121
3557.0000 3504.7803 2.5241 34.9120
3559.0000 3506.7349 2.5239 34.9120
3561.0000 3508.6892 2.5230 34.9119
3563.0000 3510.6438 2.5227 34.9118
3565.0000 3512.5984 2.5225 34.9117
3567.0000 3514.5530 2.5221 34.9117
3569.0000 3516.5073 2.5217 34.9116
3571.0000 3518.4619 2.5218 34.9115
3573.0000 3520.4165 2.5210 34.9116
3575.0000 3522.3708 2.5207 34.9115
3577.0000 3524.3254 2.5202 34.9114
3579.0000 3526.2800 2.5198 34.9114
3581.0000 3528.2341 2.5190 34.9112
3583.0000 3530.1885 2.5176 34.9111
3585.0000 3532.1431 2.5170 34.9110
3587.0000 3534.0977 2.5166 34.9110
3589.0000 3536.0520 2.5160 34.9109
3591.0000 3538.0061 2.5151 34.9108
3593.0000 3539.9607 2.5151 34.9108
3595.0000 3541.9150 2.5145 34.9108
3597.0000 3543.8691 2.5146 34.9107
3599.0000 3545.8235 2.5149 34.9107
3601.0000 3547.7776 2.5152 34.9108
3603.0000 3549.7319 2.5155 34.9108
3605.0000 3551.6860 2.5151 34.9106
3607.0000 3553.6401 2.5148 34.9105
3609.0000 3555.5945 2.5143 34.9106
3611.0000 3557.5486 2.5128 34.9103
3613.0000 3559.5029 2.5111 34.9102
3615.0000 3561.4570 2.5095 34.9100
3617.0000 3563.4109 2.5088 34.9100
3619.0000 3565.3652 2.5057 34.9095
3621.0000 3567.3193 2.5005 34.9091
3623.0000 3569.2734 2.5001 34.9090
3625.0000 3571.2273 2.4997 34.9090
3627.0000 3573.1816 2.4991 34.9090
3629.0000 3575.1353 2.4989 34.9089
3631.0000 3577.0896 2.4985 34.9088
3633.0000 3579.0435 2.4985 34.9089
3635.0000 3580.9976 2.4987 34.9089
3637.0000 3582.9514 2.4990 34.9090
3639.0000 3584.9053 2.4991 34.9089
3641.0000 3586.8594 2.4966 34.9085
3643.0000 3588.8132 2.4951 34.9084
3645.0000 3590.7666 2.4940 34.9083
3647.0000 3592.7207 2.4927 34.9082
3649.0000 3594.6750 2.4935 34.9081
3651.0000 3596.6284 2.4914 34.9080
3653.0000 3598.5823 2.4923 34.9081
3655.0000 3600.5359 2.4921 34.9080
3657.0000 3602.4902 2.4884 34.9075
3659.0000 3604.4436 2.4855 34.9073
3661.0000 3606.3975 2.4850 34.9073
3663.0000 3608.3511 2.4847 34.9071
3665.0000 3610.3044 2.4799 34.9069
3667.0000 3612.2583 2.4783 34.9066
3669.0000 3614.2122 2.4759 34.9064
3671.0000 3616.1658 2.4755 34.9064
3673.0000 3618.1194 2.4747 34.9062
3675.0000 3620.0730 2.4747 34.9063
3677.0000 3622.0269 2.4748 34.9062
3679.0000 3623.9802 2.4746 34.9063
3681.0000 3625.9336 2.4742 34.9061
3683.0000 3627.8875 2.4734 34.9061
3685.0000 3629.8408 2.4728 34.9060
3687.0000 3631.7942 2.4725 34.9059
3689.0000 3633.7476 2.4723 34.9059
3691.0000 3635.7017 2.4718 34.9059
3693.0000 3637.6548 2.4711 34.9057
3695.0000 3639.6082 2.4704 34.9056
3697.0000 3641.5618 2.4696 34.9055
3699.0000 3643.5149 2.4694 34.9055
3701.0000 3645.4683 2.4693 34.9055
3703.0000 3647.4221 2.4659 34.9050
3705.0000 3649.3755 2.4627 34.9048
3707.0000 3651.3284 2.4619 34.9047
3709.0000 3653.2817 2.4618 34.9047
3711.0000 3655.2351 2.4621 34.9047
3713.0000 3657.1880 2.4620 34.9047
3715.0000 3659.1418 2.4616 34.9047
3717.0000 3661.0952 2.4618 34.9047
3719.0000 3663.0481 2.4623 34.9047
3721.0000 3665.0012 2.4620 34.9046
3723.0000 3666.9546 2.4616 34.9045
3725.0000 3668.9080 2.4617 34.9046
3727.0000 3670.8608 2.4619 34.9046
3729.0000 3672.8142 2.4621 34.9047
3731.0000 3674.7671 2.4625 34.9044
3733.0000 3676.7205 2.4628 34.9044
3735.0000 3678.6736 2.4627 34.9046
3737.0000 3680.6265 2.4619 34.9044
3739.0000 3682.5798 2.4595 34.9042
3741.0000 3684.5325 2.4593 34.9041
3743.0000 3686.4854 2.4593 34.9041
3745.0000 3688.4387 2.4594 34.9041
3747.0000 3690.3921 2.4591 34.9041
3749.0000 3692.3447 2.4567 34.9037
3751.0000 3694.2976 2.4542 34.9035
3753.0000 3696.2505 2.4542 34.9035
3755.0000 3698.2036 2.4544 34.9035
3757.0000 3700.1565 2.4544 34.9035
3759.0000 3702.1094 2.4538 34.9034
3761.0000 3704.0620 2.4532 34.9034
3763.0000 3706.0149 2.4513 34.9031
3765.0000 3707.9678 2.4495 34.9030
3767.0000 3709.9209 2.4490 34.9029
3769.0000 3711.8733 2.4489 34.9028
3771.0000 3713.8259 2.4495 34.9028
3773.0000 3715.7793 2.4484 34.9027
3775.0000 3717.7314 2.4478 34.9027
3777.0000 3719.6843 2.4478 34.9026
3779.0000 3721.6370 2.4473 34.9026
3781.0000 3723.5901 2.4466 34.9024
3783.0000 3725.5425 2.4461 34.9024
3785.0000 3727.4954 2.4463 34.9025
3787.0000 3729.4478 2.4462 34.9024
3789.0000 3731.4004 2.4465 34.9023
3791.0000 3733.3530 2.4464 34.9024
3793.0000 3735.3059 2.4462 34.9023
3795.0000 3737.2583 2.4462 34.9023
3797.0000 3739.2109 2.4465 34.9024
3799.0000 3741.1636 2.4465 34.9022
3801.0000 3743.1160 2.4466 34.9022
3803.0000 3745.0681 2.4468 34.9022
3805.0000 3747.0210 2.4462 34.9022
3807.0000 3748.9736 2.4466 34.9021
3809.0000 3750.9260 2.4448 34.9019
3811.0000 3752.8779 2.4436 34.9018
3813.0000 3754.8308 2.4423 34.9016
3815.0000 3756.7832 2.4397 34.9014
3817.0000 3758.7351 2.4398 34.9014
3819.0000 3760.6875 2.4393 34.9012
3821.0000 3762.6406 2.4376 34.9012
3823.0000 3764.5923 2.4373 34.9012
3825.0000 3766.5447 2.4374 34.9011
3827.0000 3768.4973 2.4373 34.9011
3829.0000 3770.4497 2.4368 34.9011
3831.0000 3772.4016 2.4364 34.9010
3833.0000 3774.3538 2.4363 34.9011
3835.0000 3776.3062 2.4361 34.9009
3837.0000 3778.2583 2.4362 34.9009
3839.0000 3780.2104 2.4365 34.9009
3841.0000 3782.1628 2.4367 34.9010
3843.0000 3784.1150 2.4369 34.9010
3845.0000 3786.0669 2.4370 34.9010
3847.0000 3788.0188 2.4369 34.9009
3849.0000 3789.9714 2.4371 34.9009
3851.0000 3791.9231 2.4375 34.9009
3853.0000 3793.8752 2.4377 34.9009
3855.0000 3795.8276 2.4378 34.9009
3857.0000 3797.7798 2.4379 34.9007
3859.0000 3799.7317 2.4379 34.9007
3861.0000 3801.6836 2.4368 34.9005
3863.0000 3803.6357 2.4360 34.9007
3865.0000 3805.5874 2.4351 34.9005
3867.0000 3807.5396 2.4339 34.9003
3869.0000 3809.4917 2.4326 34.9002
3871.0000 3811.4434 2.4318 34.9001
3873.0000 3813.3950 2.4318 34.9002
3875.0000 3815.3472 2.4318 34.9000
3877.0000 3817.2993 2.4319 34.9000
3879.0000 3819.2507 2.4318 34.9000
3881.0000 3821.2026 2.4318 34.8999
3883.0000 3823.1545 2.4319 34.8999
3885.0000 3825.1064 2.4323 34.8999
3887.0000 3827.0583 2.4320 34.8999
3889.0000 3829.0100 2.4316 34.8998
3891.0000 3830.9617 2.4316 34.8998
3893.0000 3832.9133 2.4317 34.8999
3895.0000 3834.8650 2.4314 34.8998
3897.0000 3836.8167 2.4313 34.8997
3899.0000 3838.7686 2.4312 34.8997
3901.0000 3840.7202 2.4313 34.8996
3903.0000 3842.6719 2.4302 34.8996
3905.0000 3844.6235 2.4285 34.8994
3907.0000 3846.5747 2.4275 34.8991
3909.0000 3848.5264 2.4240 34.8987
3911.0000 3850.4785 2.4216 34.8985
3913.0000 3852.4294 2.4207 34.8984
3915.0000 3854.3816 2.4204 34.8984
3917.0000 3856.3328 2.4206 34.8984
3919.0000 3858.2844 2.4206 34.8984
3921.0000 3860.2358 2.4206 34.8984
3923.0000 3862.1875 2.4206 34.8983
3925.0000 3864.1387 2.4189 34.8982
3927.0000 3866.0901 2.4193 34.8983
3929.0000 3868.0417 2.4180 34.8980
3931.0000 3869.9929 2.4176 34.8980
3933.0000 3871.9446 2.4177 34.8981
3935.0000 3873.8955 2.4174 34.8980
3937.0000 3875.8472 2.4170 34.8979
3939.0000 3877.7986 2.4156 34.8977
3941.0000 3879.7495 2.4146 34.8975
3943.0000 3881.7012 2.4140 34.8975
3945.0000 3883.6523 2.4140 34.8976
3947.0000 3885.6038 2.4139 34.8975
3949.0000 3887.5549 2.4138 34.8975
3951.0000 3889.5061 2.4137 34.8975
3953.0000 3891.4575 2.4133 34.8975
3955.0000 3893.4084 2.4132 34.8974
3957.0000 3895.3596 2.4119 34.8971
3959.0000 3897.3108 2.4117 34.8971
3961.0000 3899.2617 2.4121 34.8972
3963.0000 3901.2134 2.4118 34.8971
3965.0000 3903.1643 2.4113 34.8970
3967.0000 3905.1155 2.4114 34.8969
3969.0000 3907.0664 2.4113 34.8970
3971.0000 3909.0173 2.4114 34.8970
3973.0000 3910.9690 2.4111 34.8969
3975.0000 3912.9194 2.4110 34.8969
3977.0000 3914.8704 2.4107 34.8967
3979.0000 3916.8215 2.4105 34.8969
3981.0000 3918.7727 2.4094 34.8967
3983.0000 3920.7236 2.4087 34.8965
3985.0000 3922.6746 2.4082 34.8965
3987.0000 3924.6255 2.4071 34.8962
3989.0000 3926.5762 2.4063 34.8962
3991.0000 3928.5271 2.4053 34.8962
3993.0000 3930.4783 2.4048 34.8961
3995.0000 3932.4292 2.4057 34.8960
3997.0000 3934.3796 2.4047 34.8961
3999.0000 3936.3306 2.4040 34.8959
4001.0000 3938.2812 2.4025 34.8957
4003.0000 3940.2322 2.4021 34.8957
4005.0000 3942.1826 2.4021 34.8957
4007.0000 3944.1340 2.4020 34.8957
4009.0000 3946.0845 2.4020 34.8957
4011.0000 3948.0352 2.4016 34.8956
4013.0000 3949.9856 2.4014 34.8956
4015.0000 3951.9365 2.4011 34.8954
4017.0000 3953.8870 2.4012 34.8954
4019.0000 3955.8379 2.4014 34.8955
4021.0000 3957.7886 2.4012 34.8955
4023.0000 3959.7388 2.4007 34.8954
4025.0000 3961.6895 2.4010 34.8953
4027.0000 3963.6404 2.3994 34.8952
4029.0000 3965.5913 2.3985 34.8950
4031.0000 3967.5413 2.3975 34.8950
4033.0000 3969.4922 2.3973 34.8950
4035.0000 3971.4426 2.3973 34.8949
4037.0000 3973.3926 2.3973 34.8948
4039.0000 3975.3435 2.3972 34.8948
4041.0000 3977.2939 2.3973 34.8948
4043.0000 3979.2446 2.3975 34.8949
4045.0000 3981.1943 2.3973 34.8948
4047.0000 3983.1453 2.3972 34.8948
4049.0000 3985.0957 2.3962 34.8946
4051.0000 3987.0461 2.3949 34.8945
4053.0000 3988.9961 2.3948 34.8945
4055.0000 3990.9468 2.3948 34.8944
4057.0000 3992.8970 2.3945 34.8944
4059.0000 3994.8474 2.3949 34.8942
4061.0000 3996.7974 2.3942 34.8943
4063.0000 3998.7483 2.3940 34.8943
4065.0000 4000.6978 2.3936 34.8942
4067.0000 4002.6482 2.3930 34.8940
4069.0000 4004.5986 2.3921 34.8940
4071.0000 4006.5491 2.3914 34.8940
4073.0000 4008.4988 2.3901 34.8937
4075.0000 4010.4492 2.3899 34.8937
4077.0000 4012.3992 2.3900 34.8937
4079.0000 4014.3496 2.3903 34.8936
4081.0000 4016.2996 2.3889 34.8935
4083.0000 4018.2500 2.3882 34.8935
4085.0000 4020.1997 2.3877 34.8934
4087.0000 4022.1497 2.3879 34.8934
4089.0000 4024.0996 2.3881 34.8934
4091.0000 4026.0500 2.3883 34.8933
4093.0000 4027.9998 2.3887 34.8935
4095.0000 4029.9502 2.3890 34.8934
4097.0000 4031.8997 2.3881 34.8933
4099.0000 4033.8499 2.3871 34.8932
4101.0000 4035.7998 2.3871 34.8932
4103.0000 4037.7498 2.3871 34.8932
4105.0000 4039.6997 2.3865 34.8930
4107.0000 4041.6494 2.3861 34.8931
4109.0000 4043.5994 2.3867 34.8930
4111.0000 4045.5493 2.3862 34.8930
4113.0000 4047.4985 2.3864 34.8929
4115.0000 4049.4490 2.3863 34.8929
4117.0000 4051.3987 2.3864 34.8929
4119.0000 4053.3486 2.3867 34.8929
4121.0000 4055.2979 2.3868 34.8929
4123.0000 4057.2483 2.3872 34.8930
4125.0000 4059.1978 2.3871 34.8929
4127.0000 4061.1475 2.3871 34.8928
4129.0000 4063.0974 2.3870 34.8927
4131.0000 4065.0471 2.3867 34.8928
4133.0000 4066.9971 2.3861 34.8926
4135.0000 4068.9463 2.3856 34.8926
4137.0000 4070.8958 2.3860 34.8926
4139.0000 4072.8455 2.3858 34.8926
4141.0000 4074.7949 2.3860 34.8926
4143.0000 4076.7446 2.3861 34.8926
4145.0000 4078.6941 2.3864 34.8925
4147.0000 4080.6433 2.3866 34.8926
4149.0000 4082.5935 2.3868 34.8927
4151.0000 4084.5430 2.3868 34.8926
4153.0000 4086.4927 2.3864 34.8924
4155.0000 4088.4417 2.3855 34.8923
4157.0000 4090.3914 2.3850 34.8923
4159.0000 4092.3408 2.3846 34.8923
4161.0000 4094.2898 2.3846 34.8921
4163.0000 4096.2397 2.3843 34.8921
4165.0000 4098.1895 2.3846 34.8923
4167.0000 4100.1387 2.3846 34.8922
4169.0000 4102.0879 2.3847 34.8921
4171.0000 4104.0366 2.3848 34.8921
4173.0000 4105.9863 2.3849 34.8921
4175.0000 4107.9351 2.3852 34.8921
4177.0000 4109.8848 2.3854 34.8922
4179.0000 4111.8345 2.3856 34.8922
4181.0000 4113.7837 2.3857 34.8921
4183.0000 4115.7329 2.3860 34.8921
4185.0000 4117.6821 2.3862 34.8921
4187.0000 4119.6313 2.3863 34.8921
4189.0000 4121.5801 2.3867 34.8921
4191.0000 4123.5293 2.3869 34.8920
4193.0000 4125.4790 2.3870 34.8920
4195.0000 4127.4282 2.3870 34.8920
4197.0000 4129.3770 2.3872 34.8920
4199.0000 4131.3262 2.3873 34.8921
4201.0000 4133.2754 2.3875 34.8920
4203.0000 4135.2246 2.3875 34.8919
4205.0000 4137.1733 2.3874 34.8919
4207.0000 4139.1226 2.3875 34.8919
4209.0000 4141.0718 2.3879 34.8919
4211.0000 4143.0205 2.3878 34.8919
4213.0000 4144.9697 2.3882 34.8918
4215.0000 4146.9185 2.3879 34.8919
4217.0000 4148.8672 2.3879 34.8918
4219.0000 4150.8164 2.3873 34.8917
4221.0000 4152.7651 2.3874 34.8917
4223.0000 4154.7139 2.3865 34.8915
4225.0000 4156.6631 2.3851 34.8915
4227.0000 4158.6118 2.3849 34.8914
4229.0000 4160.5610 2.3854 34.8914
4231.0000 4162.5093 2.3851 34.8914
4233.0000 4164.4585 2.3855 34.8913
4235.0000 4166.4072 2.3841 34.8912
4237.0000 4168.3560 2.3822 34.8909
4239.0000 4170.3047 2.3815 34.8909
4241.0000 4172.2534 2.3815 34.8909
4243.0000 4174.2026 2.3809 34.8908
4245.0000 4176.1509 2.3810 34.8907
4247.0000 4178.0996 2.3813 34.8908
4249.0000 4180.0483 2.3816 34.8908
4251.0000 4181.9971 2.3816 34.8908
4253.0000 4183.9453 2.3820 34.8909
4255.0000 4185.8940 2.3822 34.8907
4257.0000 4187.8433 2.3820 34.8908
4259.0000 4189.7915 2.3822 34.8908
4261.0000 4191.7402 2.3824 34.8908
4263.0000 4193.6890 2.3822 34.8908
4265.0000 4195.6367 2.3820 34.8907
4267.0000 4197.5859 2.3822 34.8907
4269.0000 4199.5347 2.3815 34.8906
4271.0000 4201.4829 2.3817 34.8906
4273.0000 4203.4312 2.3814 34.8906
4275.0000 4205.3799 2.3815 34.8906
4277.0000 4207.3281 2.3815 34.8904
4279.0000 4209.2764 2.3815 34.8905
4281.0000 4211.2251 2.3819 34.8905
4283.0000 4213.1733 2.3822 34.8905
4285.0000 4215.1216 2.3823 34.8905
4287.0000 4217.0698 2.3825 34.8903
4289.0000 4219.0186 2.3825 34.8904
4291.0000 4220.9668 2.3825 34.8904
4293.0000 4222.9150 2.3825 34.8904
4295.0000 4224.8628 2.3824 34.8903
4297.0000 4226.8115 2.3824 34.8903
4299.0000 4228.7598 2.3823 34.8902
4301.0000 4230.7080 2.3814 34.8901
4303.0000 4232.6562 2.3811 34.8901
4305.0000 4234.6045 2.3812 34.8901
4307.0000 4236.5527 2.3812 34.8900
4309.0000 4238.5010 2.3810 34.8900
4311.0000 4240.4492 2.3810 34.8900
4313.0000 4242.3970 2.3811 34.8900
4315.0000 4244.3452 2.3809 34.8899
4317.0000 4246.2935 2.3815 34.8900
4319.0000 4248.2417 2.3816 34.8899
4321.0000 4250.1895 2.3813 34.8899
4323.0000 4252.1377 2.3815 34.8898
4325.0000 4254.0859 2.3812 34.8899
4327.0000 4256.0332 2.3817 34.8899
4329.0000 4257.9819 2.3820 34.8900
4331.0000 4259.9297 2.3817 34.8898
4333.0000 4261.8779 2.3822 34.8898
4335.0000 4263.8252 2.3822 34.8899
4337.0000 4265.7734 2.3825 34.8899
4339.0000 4267.7217 2.3823 34.8898
4341.0000 4269.6689 2.3825 34.8897
4343.0000 4271.6172 2.3820 34.8897
4345.0000 4273.5649 2.3822 34.8897
4347.0000 4275.5127 2.3825 34.8896
4349.0000 4277.4604 2.3822 34.8897
4351.0000 4279.4087 2.3820 34.8896
4353.0000 4281.3564 2.3819 34.8896
4355.0000 4283.3042 2.3820 34.8896
4357.0000 4285.2515 2.3822 34.8896
4359.0000 4287.1997 2.3821 34.8896
4361.0000 4289.1475 2.3813 34.8894
4363.0000 4291.0947 2.3813 34.8894
4365.0000 4293.0430 2.3814 34.8894
4367.0000 4294.9907 2.3809 34.8893
4369.0000 4296.9385 2.3813 34.8894
4371.0000 4298.8853 2.3815 34.8894
4373.0000 4300.8335 2.3818 34.8892
4375.0000 4302.7808 2.3811 34.8893
4377.0000 4304.7285 2.3813 34.8893
4379.0000 4306.6763 2.3813 34.8892
4381.0000 4308.6235 2.3813 34.8892
4383.0000 4310.5713 2.3817 34.8892
4385.0000 4312.5190 2.3816 34.8892
4387.0000 4314.4668 2.3807 34.8891
4389.0000 4316.4136 2.3813 34.8890
4391.0000 4318.3613 2.3813 34.8892
4393.0000 4320.3091 2.3813 34.8891
4395.0000 4322.2563 2.3805 34.8890
4397.0000 4324.2031 2.3813 34.8889
4399.0000 4326.1509 2.3805 34.8889
4401.0000 4328.0986 2.3800 34.8889
4403.0000 4330.0459 2.3801 34.8889
4405.0000 4331.9927 2.3802 34.8888
4407.0000 4333.9404 2.3802 34.8888
4409.0000 4335.8877 2.3803 34.8888
4411.0000 4337.8354 2.3801 34.8888
4413.0000 4339.7827 2.3805 34.8888
4415.0000 4341.7300 2.3803 34.8888
4417.0000 4343.6768 2.3799 34.8887
4419.0000 4345.6240 2.3799 34.8885
4421.0000 4347.5713 2.3791 34.8885
4423.0000 4349.5186 2.3788 34.8885
4425.0000 4351.4658 2.3787 34.8885
4427.0000 4353.4131 2.3789 34.8884
4429.0000 4355.3604 2.3792 34.8883
4431.0000 4357.3071 2.3795 34.8884
4433.0000 4359.2549 2.3797 34.8884
4435.0000 4361.2012 2.3798 34.8884
4437.0000 4363.1484 2.3798 34.8882
4439.0000 4365.0957 2.3802 34.8883
4441.0000 4367.0430 2.3801 34.8884
4443.0000 4368.9902 2.3801 34.8884
4445.0000 4370.9365 2.3802 34.8884
4447.0000 4372.8838 2.3802 34.8883
4449.0000 4374.8311 2.3808 34.8883
4451.0000 4376.7773 2.3813 34.8884
4453.0000 4378.7246 2.3813 34.8883
4455.0000 4380.6714 2.3814 34.8883
4457.0000 4382.6182 2.3817 34.8882
4459.0000 4384.5649 2.3821 34.8884
4461.0000 4386.5122 2.3827 34.8884
4463.0000 4388.4590 2.3827 34.8884
4465.0000 4390.4058 2.3830 34.8884
4467.0000 4392.3525 2.3827 34.8883
4469.0000 4394.2993 2.3814 34.8882
4471.0000 4396.2466 2.3815 34.8881
4473.0000 4398.1934 2.3819 34.8882
4475.0000 4400.1396 2.3829 34.8883
4477.0000 4402.0869 2.3824 34.8881
4479.0000 4404.0332 2.3821 34.8881
4481.0000 4405.9800 2.3824 34.8881
4483.0000 4407.9268 2.3830 34.8882
4485.0000 4409.8730 2.3834 34.8882
4487.0000 4411.8203 2.3836 34.8881
4489.0000 4413.7671 2.3826 34.8880
4491.0000 4415.7134 2.3825 34.8879
4493.0000 4417.6597 2.3825 34.8880
4495.0000 4419.6064 2.3819 34.8879
4497.0000 4421.5532 2.3819 34.8878
4499.0000 4423.4995 2.3814 34.8878
4501.0000 4425.4463 2.3817 34.8878
4503.0000 4427.3931 2.3817 34.8878
4505.0000 4429.3394 2.3809 34.8877
4507.0000 4431.2856 2.3810 34.8876
4509.0000 4433.2319 2.3803 34.8876
4511.0000 4435.1787 2.3805 34.8876
4513.0000 4437.1250 2.3808 34.8876
4515.0000 4439.0718 2.3808 34.8875
4517.0000 4441.0181 2.3811 34.8875
4519.0000 4442.9648 2.3814 34.8876
4521.0000 4444.9102 2.3812 34.8876
4523.0000 4446.8569 2.3811 34.8875
4525.0000 4448.8037 2.3813 34.8875
4527.0000 4450.7495 2.3817 34.8876
4529.0000 4452.6963 2.3818 34.8875
4531.0000 4454.6426 2.3819 34.8874
4533.0000 4456.5889 2.3820 34.8874
4535.0000 4458.5347 2.3820 34.8875
4537.0000 4460.4810 2.3822 34.8874
4539.0000 4462.4272 2.3818 34.8874
4541.0000 4464.3730 2.3815 34.8873
4543.0000 4466.3198 2.3815 34.8873
4545.0000 4468.2661 2.3816 34.8873
4547.0000 4470.2119 2.3811 34.8872
4549.0000 4472.1582 2.3809 34.8872
4551.0000 4474.1045 2.3813 34.8871
4553.0000 4476.0508 2.3814 34.8870
4555.0000 4477.9966 2.3815 34.8873
4557.0000 4479.9424 2.3815 34.8871
4559.0000 4481.8882 2.3815 34.8871
4561.0000 4483.8340 2.3815 34.8872
4563.0000 4485.7803 2.3818 34.8871
4565.0000 4487.7266 2.3821 34.8871
4567.0000 4489.6729 2.3826 34.8872
4569.0000 4491.6187 2.3827 34.8871
4571.0000 4493.5645 2.3827 34.8871
4573.0000 4495.5107 2.3828 34.8871
4575.0000 4497.4565 2.3830 34.8871
4577.0000 4499.4023 2.3831 34.8871
4579.0000 4501.3486 2.3834 34.8871
4581.0000 4503.2939 2.3837 34.8870
4583.0000 4505.2397 2.3840 34.8871
4585.0000 4507.1855 2.3842 34.8870
4587.0000 4509.1313 2.3845 34.8871
4589.0000 4511.0771 2.3847 34.8871
4591.0000 4513.0229 2.3846 34.8870
4593.0000 4514.9688 2.3849 34.8870
4595.0000 4516.9146 2.3853 34.8870
4597.0000 4518.8604 2.3855 34.8871
4599.0000 4520.8062 2.3850 34.8870
4601.0000 4522.7520 2.3841 34.8869
4603.0000 4524.6973 2.3844 34.8869
4605.0000 4526.6431 2.3850 34.8869
4607.0000 4528.5889 2.3852 34.8869
4609.0000 4530.5347 2.3851 34.8869
4611.0000 4532.4805 2.3852 34.8868
4613.0000 4534.4258 2.3846 34.8867
4615.0000 4536.3711 2.3839 34.8866
4617.0000 4538.3164 2.3837 34.8866
4619.0000 4540.2622 2.3833 34.8865
4621.0000 4542.2075 2.3831 34.8865
4623.0000 4544.1528 2.3830 34.8864
4625.0000 4546.0986 2.3832 34.8864
4627.0000 4548.0444 2.3834 34.8864
4629.0000 4549.9897 2.3832 34.8864
4631.0000 4551.9351 2.3823 34.8862
4633.0000 4553.8804 2.3814 34.8862
4635.0000 4555.8262 2.3818 34.8862
4637.0000 4557.7710 2.3817 34.8862
4639.0000 4559.7168 2.3820 34.8861
4641.0000 4561.6626 2.3822 34.8862
4643.0000 4563.6079 2.3824 34.8862
4645.0000 4565.5527 2.3825 34.8861
4647.0000 4567.4980 2.3827 34.8861
4649.0000 4569.4434 2.3832 34.8861
4651.0000 4571.3887 2.3830 34.8862
4653.0000 4573.3340 2.3830 34.8861
4655.0000 4575.2793 2.3830 34.8861
4657.0000 4577.2246 2.3831 34.8860
4659.0000 4579.1699 2.3830 34.8860
4661.0000 4581.1152 2.3828 34.8860
4663.0000 4583.0601 2.3832 34.8860
4665.0000 4585.0049 2.3833 34.8860
4667.0000 4586.9502 2.3833 34.8860
4669.0000 4588.8955 2.3833 34.8859
4671.0000 4590.8403 2.3831 34.8859
4673.0000 4592.7856 2.3830 34.8859
4675.0000 4594.7310 2.3831 34.8859
4677.0000 4596.6763 2.3833 34.8858
4679.0000 4598.6206 2.3835 34.8858
4681.0000 4600.5659 2.3837 34.8858
4683.0000 4602.5112 2.3834 34.8858
4685.0000 4604.4556 2.3827 34.8856
4687.0000 4606.4004 2.3824 34.8855
4689.0000 4608.3457 2.3816 34.8855
4691.0000 4610.2910 2.3817 34.8856
4693.0000 4612.2354 2.3819 34.8854
4695.0000 4614.1807 2.3819 34.8855
4697.0000 4616.1255 2.3818 34.8854
4699.0000 4618.0698 2.3814 34.8853
4701.0000 4620.0151 2.3816 34.8854
4703.0000 4621.9600 2.3830 34.8853
4705.0000 4623.9048 2.3830 34.8852
4707.0000 4625.8496 2.3822 34.8852
4709.0000 4627.7944 2.3821 34.8851
4711.0000 4629.7393 2.3818 34.8852
4713.0000 4631.6836 2.3814 34.8851
4715.0000 4633.6284 2.3821 34.8851
4717.0000 4635.5732 2.3816 34.8852
4719.0000 4637.5186 2.3822 34.8850
4721.0000 4639.4629 2.3819 34.8850
4723.0000 4641.4077 2.3795 34.8848
4725.0000 4643.3525 2.3803 34.8848
4727.0000 4645.2964 2.3788 34.8847
4729.0000 4647.2417 2.3792 34.8846
4731.0000 4649.1860 2.3787 34.8846
4733.0000 4651.1309 2.3786 34.8846
4735.0000 4653.0752 2.3776 34.8846
4737.0000 4655.0195 2.3788 34.8845
4739.0000 4656.9644 2.3779 34.8844
4741.0000 4658.9082 2.3769 34.8842
4743.0000 4660.8530 2.3768 34.8843
4745.0000 4662.7974 2.3775 34.8843
4747.0000 4664.7417 2.3774 34.8844
4749.0000 4666.6860 2.3778 34.8843
4751.0000 4668.6309 2.3779 34.8843
4753.0000 4670.5757 2.3786 34.8842
4755.0000 4672.5200 2.3791 34.8842
4757.0000 4674.4644 2.3792 34.8842
4759.0000 4676.4092 2.3795 34.8842
4761.0000 4678.3525 2.3798 34.8842
4763.0000 4680.2974 2.3800 34.8843
4765.0000 4682.2417 2.3800 34.8842
4767.0000 4684.1860 2.3796 34.8842
4769.0000 4686.1299 2.3799 34.8842
4771.0000 4688.0742 2.3793 34.8842
4773.0000 4690.0186 2.3798 34.8841
4775.0000 4691.9624 2.3794 34.8841
4777.0000 4693.9072 2.3794 34.8842
4779.0000 4695.8516 2.3799 34.8841
4781.0000 4697.7959 2.3797 34.8841
4783.0000 4699.7397 2.3801 34.8840
4785.0000 4701.6841 2.3801 34.8841
4787.0000 4703.6279 2.3796 34.8840
4789.0000 4705.5718 2.3803 34.8840
4791.0000 4707.5161 2.3805 34.8842
4793.0000 4709.4600 2.3802 34.8840
4795.0000 4711.4043 2.3807 34.8840
4797.0000 4713.3486 2.3805 34.8839
4799.0000 4715.2930 2.3797 34.8839
4801.0000 4717.2363 2.3803 34.8839
4803.0000 4719.1802 2.3802 34.8838
4805.0000 4721.1245 2.3809 34.8838
4807.0000 4723.0684 2.3810 34.8838
4809.0000 4725.0122 2.3810 34.8838
4811.0000 4726.9561 2.3811 34.8837
4813.0000 4728.8999 2.3810 34.8838
4815.0000 4730.8447 2.3802 34.8837
4817.0000 4732.7881 2.3805 34.8836
4819.0000 4734.7319 2.3803 34.8838
4821.0000 4736.6758 2.3807 34.8836
4823.0000 4738.6196 2.3796 34.8835
4825.0000 4740.5630 2.3794 34.8835
4827.0000 4742.5068 2.3789 34.8834
4829.0000 4744.4517 2.3790 34.8834
4831.0000 4746.3945 2.3791 34.8835
4833.0000 4748.3384 2.3795 34.8834
4835.0000 4750.2822 2.3795 34.8834
4837.0000 4752.2256 2.3803 34.8833
4839.0000 4754.1694 2.3801 34.8833
4841.0000 4756.1133 2.3802 34.8832
4843.0000 4758.0576 2.3800 34.8832
4845.0000 4760.0005 2.3798 34.8832
4847.0000 4761.9443 2.3792 34.8831
4849.0000 4763.8882 2.3787 34.8830
4851.0000 4765.8311 2.3787 34.8831
4853.0000 4767.7749 2.3787 34.8832
4855.0000 4769.7183 2.3795 34.8831
4857.0000 4771.6626 2.3798 34.8830
4859.0000 4773.6060 2.3798 34.8830
4861.0000 4775.5493 2.3800 34.8830
4863.0000 4777.4927 2.3801 34.8830
4865.0000 4779.4355 2.3802 34.8829
4867.0000 4781.3794 2.3800 34.8829
4869.0000 4783.3232 2.3802 34.8831
4871.0000 4785.2661 2.3801 34.8830
4873.0000 4787.2095 2.3806 34.8830
4875.0000 4789.1533 2.3806 34.8831
4877.0000 4791.0967 2.3809 34.8829
4879.0000 4793.0400 2.3813 34.8830
4881.0000 4794.9834 2.3815 34.8829
4883.0000 4796.9268 2.3818 34.8830
4885.0000 4798.8696 2.3820 34.8830
4887.0000 4800.8130 2.3824 34.8830
4889.0000 4802.7563 2.3831 34.8829
4891.0000 4804.7002 2.3832 34.8829
4893.0000 4806.6431 2.3834 34.8829
4895.0000 4808.5864 2.3834 34.8830
4897.0000 4810.5298 2.3835 34.8829
4899.0000 4812.4722 2.3837 34.8830
4901.0000 4814.4160 2.3833 34.8830
4903.0000 4816.3589 2.3841 34.8829
4905.0000 4818.3022 2.3838 34.8829
4907.0000 4820.2451 2.3843 34.8829
4909.0000 4822.1880 2.3849 34.8829
4911.0000 4824.1318 2.3850 34.8828
4913.0000 4826.0747 2.3854 34.8829
4915.0000 4828.0176 2.3856 34.8829
4917.0000 4829.9609 2.3857 34.8828
4919.0000 4831.9038 2.3856 34.8830
4921.0000 4833.8467 2.3860 34.8828
4923.0000 4835.7896 2.3859 34.8830
4925.0000 4837.7324 2.3855 34.8829
4927.0000 4839.6753 2.3860 34.8828
4929.0000 4841.6187 2.3861 34.8828
4931.0000 4843.5615 2.3867 34.8827
4933.0000 4845.5039 2.3870 34.8828
4935.0000 4847.4468 2.3873 34.8829
4937.0000 4849.3896 2.3877 34.8828
4939.0000 4851.3330 2.3877 34.8828
4941.0000 4853.2754 2.3877 34.8829
4943.0000 4855.2183 2.3881 34.8829
4945.0000 4857.1611 2.3883 34.8828
4947.0000 4859.1040 2.3885 34.8828
4949.0000 4861.0469 2.3889 34.8828
4951.0000 4862.9897 2.3890 34.8829
4953.0000 4864.9326 2.3893 34.8828
4955.0000 4866.8750 2.3894 34.8830
4957.0000 4868.8179 2.3898 34.8827
4959.0000 4870.7607 2.3900 34.8827
4961.0000 4872.7031 2.3903 34.8828
4963.0000 4874.6465 2.3907 34.8828
4965.0000 4876.5889 2.3908 34.8828
