CTD cast

DATE:  23-Dec-2015 20:00:59
latitude:  24.4996
longitude:  -69.1511
  P (db)  z (m)    T (^oC)  S (psu)
5.0000 4.9680 26.5098 36.5803
7.0000 6.9551 26.5095 36.5812
9.0000 8.9422 26.5097 36.5814
11.0000 10.9293 26.5079 36.5808
13.0000 12.9164 26.5069 36.5801
15.0000 14.9035 26.5070 36.5796
17.0000 16.8906 26.5064 36.5795
19.0000 18.8776 26.5072 36.5795
21.0000 20.8646 26.5066 36.5792
23.0000 22.8516 26.5064 36.5791
25.0000 24.8386 26.5077 36.5792
27.0000 26.8255 26.5088 36.5793
29.0000 28.8125 26.5095 36.5793
31.0000 30.7994 26.5089 36.5790
33.0000 32.7863 26.5089 36.5791
35.0000 34.7732 26.5097 36.5797
37.0000 36.7600 26.5100 36.5798
39.0000 38.7469 26.5089 36.5807
41.0000 40.7337 26.5103 36.5802
43.0000 42.7205 26.5114 36.5803
45.0000 44.7073 26.5067 36.5818
47.0000 46.6941 26.5066 36.5818
49.0000 48.6808 26.5057 36.5817
51.0000 50.6675 26.5072 36.5816
53.0000 52.6542 26.5039 36.5819
55.0000 54.6409 26.5041 36.5820
57.0000 56.6276 26.4971 36.5834
59.0000 58.6142 26.4990 36.5833
61.0000 60.6009 26.4983 36.5833
63.0000 62.5875 26.4930 36.5836
65.0000 64.5741 26.3775 36.5953
67.0000 66.5606 25.6091 36.6593
69.0000 68.5472 25.6345 36.6571
71.0000 70.5337 24.6668 36.6951
73.0000 72.5202 24.7631 36.6939
75.0000 74.5067 24.4473 36.7096
77.0000 76.4932 24.4452 36.7096
79.0000 78.4797 24.3617 36.7200
81.0000 80.4661 23.8916 36.7227
83.0000 82.4525 23.9874 36.7244
85.0000 84.4389 23.7519 36.7269
87.0000 86.4253 23.7045 36.7295
89.0000 88.4117 23.5018 36.7368
91.0000 90.3980 23.4616 36.7394
93.0000 92.3843 23.2564 36.7444
95.0000 94.3706 23.0498 36.7467
97.0000 96.3569 22.9590 36.7456
99.0000 98.3432 22.8777 36.7472
101.0000 100.3294 22.8570 36.7469
103.0000 102.3157 22.7963 36.7474
105.0000 104.3018 22.6920 36.7436
107.0000 106.2880 22.4632 36.7334
109.0000 108.2742 22.4144 36.7325
111.0000 110.2604 22.3406 36.7264
113.0000 112.2465 22.2012 36.7273
115.0000 114.2326 22.1575 36.7284
117.0000 116.2187 22.0943 36.7259
119.0000 118.2048 21.8457 36.7115
121.0000 120.1908 22.0009 36.7224
123.0000 122.1768 21.6301 36.6949
125.0000 124.1629 21.6980 36.7072
127.0000 126.1489 21.5553 36.6939
129.0000 128.1348 21.3413 36.6842
131.0000 130.1208 21.2325 36.6785
133.0000 132.1067 21.1665 36.6756
135.0000 134.0927 21.1409 36.6731
137.0000 136.0786 21.0698 36.6685
139.0000 138.0644 21.0222 36.6768
141.0000 140.0503 21.0390 36.6859
143.0000 142.0361 21.0514 36.7326
145.0000 144.0219 20.9954 36.7387
147.0000 146.0078 20.8960 36.7307
149.0000 147.9935 20.7556 36.7306
151.0000 149.9793 20.7395 36.7320
153.0000 151.9650 20.5677 36.6952
155.0000 153.9508 20.5070 36.7028
157.0000 155.9365 20.5117 36.6968
159.0000 157.9222 20.3768 36.6837
161.0000 159.9078 20.2879 36.6763
163.0000 161.8935 20.2821 36.6769
165.0000 163.8791 20.2197 36.6730
167.0000 165.8647 20.1860 36.6699
169.0000 167.8503 20.1673 36.6678
171.0000 169.8359 20.1484 36.6671
173.0000 171.8214 20.1112 36.6658
175.0000 173.8070 19.9975 36.6576
177.0000 175.7925 20.0418 36.6615
179.0000 177.7780 19.8460 36.6499
181.0000 179.7635 19.7837 36.6510
183.0000 181.7489 19.8278 36.6510
185.0000 183.7344 19.6751 36.6452
187.0000 185.7198 19.6942 36.6468
189.0000 187.7052 19.6215 36.6442
191.0000 189.6906 19.5686 36.6412
193.0000 191.6759 19.5887 36.6424
195.0000 193.6613 19.5393 36.6397
197.0000 195.6466 19.4852 36.6369
199.0000 197.6319 19.4708 36.6364
201.0000 199.6172 19.4585 36.6369
203.0000 201.6024 19.3830 36.6354
205.0000 203.5877 19.4251 36.6376
207.0000 205.5729 19.3239 36.6291
209.0000 207.5581 19.2504 36.6263
211.0000 209.5433 19.2590 36.6274
213.0000 211.5285 19.1990 36.6227
215.0000 213.5136 19.1789 36.6224
217.0000 215.4988 19.1910 36.6223
219.0000 217.4839 19.1212 36.6180
221.0000 219.4690 19.1076 36.6175
223.0000 221.4540 19.0902 36.6171
225.0000 223.4391 19.0837 36.6157
227.0000 225.4241 19.0065 36.6121
229.0000 227.4092 19.0099 36.6128
231.0000 229.3941 18.9791 36.6103
233.0000 231.3791 18.9360 36.6083
235.0000 233.3641 18.9291 36.6072
237.0000 235.3490 18.8804 36.6050
239.0000 237.3339 18.8436 36.6027
241.0000 239.3188 18.8034 36.6010
243.0000 241.3037 18.7818 36.6010
245.0000 243.2886 18.7829 36.6013
247.0000 245.2734 18.7373 36.5972
249.0000 247.2583 18.7213 36.5971
251.0000 249.2431 18.7134 36.5965
253.0000 251.2278 18.7016 36.5955
255.0000 253.2126 18.6806 36.5936
257.0000 255.1974 18.6488 36.5913
259.0000 257.1821 18.6530 36.5918
261.0000 259.1668 18.6013 36.5883
263.0000 261.1515 18.5838 36.5885
265.0000 263.1362 18.5576 36.5855
267.0000 265.1208 18.5357 36.5843
269.0000 267.1054 18.5066 36.5808
271.0000 269.0901 18.4688 36.5779
273.0000 271.0746 18.4488 36.5772
275.0000 273.0593 18.4505 36.5777
277.0000 275.0438 18.4328 36.5755
279.0000 277.0284 18.3834 36.5699
281.0000 279.0128 18.3704 36.5691
283.0000 280.9974 18.3553 36.5689
285.0000 282.9818 18.3397 36.5675
287.0000 284.9663 18.3301 36.5665
289.0000 286.9507 18.3225 36.5664
291.0000 288.9352 18.3197 36.5660
293.0000 290.9196 18.3012 36.5649
295.0000 292.9040 18.2779 36.5629
297.0000 294.8883 18.2550 36.5614
299.0000 296.8727 18.2623 36.5620
301.0000 298.8570 18.2263 36.5583
303.0000 300.8413 18.2003 36.5557
305.0000 302.8256 18.1853 36.5536
307.0000 304.8099 18.1633 36.5514
309.0000 306.7941 18.1476 36.5491
311.0000 308.7784 18.1360 36.5478
313.0000 310.7626 18.1133 36.5449
315.0000 312.7467 18.1086 36.5446
317.0000 314.7309 18.0583 36.5384
319.0000 316.7151 18.0443 36.5373
321.0000 318.6992 18.0462 36.5370
323.0000 320.6833 18.0196 36.5338
325.0000 322.6674 18.0128 36.5328
327.0000 324.6515 17.9994 36.5306
329.0000 326.6356 17.9676 36.5263
331.0000 328.6196 17.9582 36.5258
333.0000 330.6036 17.9541 36.5242
335.0000 332.5876 17.9277 36.5213
337.0000 334.5716 17.9233 36.5207
339.0000 336.5556 17.9068 36.5178
341.0000 338.5396 17.9108 36.5186
343.0000 340.5235 17.8957 36.5161
345.0000 342.5074 17.8704 36.5123
347.0000 344.4913 17.8708 36.5129
349.0000 346.4751 17.8322 36.5058
351.0000 348.4590 17.7973 36.5012
353.0000 350.4428 17.7815 36.4986
355.0000 352.4266 17.7667 36.4968
357.0000 354.4104 17.7533 36.4942
359.0000 356.3942 17.7383 36.4921
361.0000 358.3779 17.7286 36.4902
363.0000 360.3617 17.7120 36.4875
365.0000 362.3454 17.6956 36.4849
367.0000 364.3291 17.6867 36.4833
369.0000 366.3127 17.6883 36.4839
371.0000 368.2964 17.6540 36.4779
373.0000 370.2801 17.6324 36.4747
375.0000 372.2637 17.6257 36.4735
377.0000 374.2473 17.6395 36.4755
379.0000 376.2309 17.5957 36.4676
381.0000 378.2145 17.5767 36.4644
383.0000 380.1980 17.5645 36.4623
385.0000 382.1815 17.5143 36.4532
387.0000 384.1650 17.4717 36.4460
389.0000 386.1485 17.4560 36.4437
391.0000 388.1320 17.4535 36.4434
393.0000 390.1154 17.4474 36.4421
395.0000 392.0989 17.4324 36.4388
397.0000 394.0822 17.3869 36.4312
399.0000 396.0656 17.3714 36.4284
401.0000 398.0490 17.3439 36.4238
403.0000 400.0324 17.3217 36.4202
405.0000 402.0157 17.2719 36.4103
407.0000 403.9990 17.2454 36.4058
409.0000 405.9823 17.2224 36.4022
411.0000 407.9656 17.2094 36.3984
413.0000 409.9489 17.1457 36.3880
415.0000 411.9321 17.1284 36.3866
417.0000 413.9154 17.1447 36.3881
419.0000 415.8985 17.0859 36.3776
421.0000 417.8817 17.0569 36.3727
423.0000 419.8649 17.0541 36.3727
425.0000 421.8480 17.0370 36.3680
427.0000 423.8311 16.9847 36.3592
429.0000 425.8143 16.9472 36.3533
431.0000 427.7973 16.9161 36.3465
433.0000 429.7804 16.8734 36.3391
435.0000 431.7635 16.8347 36.3322
437.0000 433.7465 16.7962 36.3254
439.0000 435.7295 16.8077 36.3282
441.0000 437.7125 16.7129 36.3097
443.0000 439.6955 16.6864 36.3059
445.0000 441.6784 16.6648 36.3026
447.0000 443.6614 16.6873 36.3057
449.0000 445.6443 16.5883 36.2878
451.0000 447.6272 16.5159 36.2756
453.0000 449.6100 16.4773 36.2709
455.0000 451.5929 16.4211 36.2591
457.0000 453.5757 16.3564 36.2482
459.0000 455.5585 16.3257 36.2413
461.0000 457.5414 16.3473 36.2475
463.0000 459.5242 16.2812 36.2327
465.0000 461.5069 16.2429 36.2271
467.0000 463.4897 16.2118 36.2219
469.0000 465.4724 16.2073 36.2215
471.0000 467.4551 16.1127 36.2030
473.0000 469.4378 16.0632 36.1940
475.0000 471.4204 16.0671 36.1954
477.0000 473.4031 15.9499 36.1738
479.0000 475.3858 15.8921 36.1635
481.0000 477.3683 15.8385 36.1546
483.0000 479.3510 15.8138 36.1513
485.0000 481.3335 15.7882 36.1446
487.0000 483.3161 15.6753 36.1281
489.0000 485.2986 15.6500 36.1241
491.0000 487.2811 15.6673 36.1275
493.0000 489.2636 15.5922 36.1140
495.0000 491.2461 15.5593 36.1095
497.0000 493.2286 15.5396 36.1059
499.0000 495.2110 15.5030 36.1001
501.0000 497.1934 15.4529 36.0918
503.0000 499.1758 15.4317 36.0881
505.0000 501.1582 15.4145 36.0849
507.0000 503.1405 15.3862 36.0793
509.0000 505.1229 15.3341 36.0708
511.0000 507.1053 15.3009 36.0655
513.0000 509.0876 15.2958 36.0653
515.0000 511.0698 15.2891 36.0631
517.0000 513.0521 15.2099 36.0506
519.0000 515.0344 15.1791 36.0468
521.0000 517.0165 15.2086 36.0491
523.0000 518.9988 15.1409 36.0383
525.0000 520.9810 15.1058 36.0315
527.0000 522.9632 15.0522 36.0236
529.0000 524.9453 15.0328 36.0217
531.0000 526.9275 15.0532 36.0232
533.0000 528.9096 14.9653 36.0075
535.0000 530.8917 14.9198 36.0017
537.0000 532.8737 14.8879 35.9958
539.0000 534.8558 14.8154 35.9832
541.0000 536.8379 14.7438 35.9716
543.0000 538.8199 14.7163 35.9678
545.0000 540.8019 14.7304 35.9705
547.0000 542.7839 14.6706 35.9599
549.0000 544.7658 14.5988 35.9488
551.0000 546.7478 14.5577 35.9419
553.0000 548.7297 14.5109 35.9341
555.0000 550.7115 14.4828 35.9299
557.0000 552.6935 14.4304 35.9200
559.0000 554.6754 14.3618 35.9092
561.0000 556.6573 14.2987 35.8987
563.0000 558.6390 14.2387 35.8899
565.0000 560.6209 14.2221 35.8882
567.0000 562.6027 14.1315 35.8719
569.0000 564.5844 14.0534 35.8605
571.0000 566.5662 14.0033 35.8536
573.0000 568.5480 13.9710 35.8486
575.0000 570.5297 13.9598 35.8476
577.0000 572.5114 13.8589 35.8310
579.0000 574.4930 13.7880 35.8199
581.0000 576.4747 13.7686 35.8183
583.0000 578.4564 13.8142 35.8253
585.0000 580.4380 13.7266 35.8087
587.0000 582.4197 13.6637 35.8005
589.0000 584.4012 13.5732 35.7871
591.0000 586.3828 13.6322 35.7976
593.0000 588.3643 13.5563 35.7830
595.0000 590.3458 13.4618 35.7690
597.0000 592.3273 13.4240 35.7629
599.0000 594.3088 13.3891 35.7580
601.0000 596.2903 13.3523 35.7525
603.0000 598.2718 13.3004 35.7460
605.0000 600.2532 13.3147 35.7477
607.0000 602.2346 13.2449 35.7377
609.0000 604.2160 13.2106 35.7312
611.0000 606.1974 13.2111 35.7338
613.0000 608.1787 13.1626 35.7232
615.0000 610.1602 13.0740 35.7130
617.0000 612.1415 13.0470 35.7088
619.0000 614.1227 13.0240 35.7061
621.0000 616.1040 13.0138 35.7056
623.0000 618.0853 13.0060 35.7044
625.0000 620.0665 12.9837 35.7016
627.0000 622.0477 12.9703 35.7005
629.0000 624.0289 12.9572 35.6988
631.0000 626.0101 12.9257 35.6950
633.0000 627.9913 12.8857 35.6900
635.0000 629.9724 12.8549 35.6856
637.0000 631.9536 12.8140 35.6803
639.0000 633.9347 12.7823 35.6768
641.0000 635.9158 12.7895 35.6767
643.0000 637.8969 12.6987 35.6625
645.0000 639.8779 12.6281 35.6533
647.0000 641.8589 12.5882 35.6481
649.0000 643.8400 12.5418 35.6406
651.0000 645.8210 12.5005 35.6360
653.0000 647.8019 12.4951 35.6357
655.0000 649.7829 12.4794 35.6328
657.0000 651.7639 12.4551 35.6284
659.0000 653.7448 12.3713 35.6161
661.0000 655.7257 12.3371 35.6132
663.0000 657.7066 12.2876 35.6047
665.0000 659.6874 12.2480 35.6005
667.0000 661.6683 12.2296 35.5973
669.0000 663.6491 12.1949 35.5933
671.0000 665.6299 12.1839 35.5922
673.0000 667.6107 12.1536 35.5874
675.0000 669.5915 12.1202 35.5840
677.0000 671.5723 12.0717 35.5750
679.0000 673.5530 12.0661 35.5750
681.0000 675.5337 11.9131 35.5538
683.0000 677.5144 11.9045 35.5531
685.0000 679.4951 11.8995 35.5524
687.0000 681.4757 11.8778 35.5487
689.0000 683.4564 11.8259 35.5398
691.0000 685.4370 11.7666 35.5337
693.0000 687.4175 11.7014 35.5228
695.0000 689.3982 11.6345 35.5144
697.0000 691.3787 11.5786 35.5071
699.0000 693.3594 11.5811 35.5091
701.0000 695.3398 11.6305 35.5131
703.0000 697.3203 11.4189 35.4827
705.0000 699.3008 11.4012 35.4809
707.0000 701.2812 11.4111 35.4859
709.0000 703.2617 11.4216 35.4900
711.0000 705.2422 11.3683 35.4794
713.0000 707.2226 11.2655 35.4634
715.0000 709.2030 11.1785 35.4521
717.0000 711.1833 11.1591 35.4483
719.0000 713.1637 11.1234 35.4457
721.0000 715.1440 11.0856 35.4382
723.0000 717.1243 10.9939 35.4285
725.0000 719.1047 10.8455 35.4055
727.0000 721.0850 10.7673 35.3970
729.0000 723.0652 10.7354 35.3922
731.0000 725.0455 10.7116 35.3897
733.0000 727.0257 10.6912 35.3873
735.0000 729.0059 10.6800 35.3864
737.0000 730.9861 10.6461 35.3813
739.0000 732.9662 10.6173 35.3774
741.0000 734.9465 10.5685 35.3719
743.0000 736.9265 10.5458 35.3679
745.0000 738.9066 10.4826 35.3597
747.0000 740.8868 10.4297 35.3545
749.0000 742.8668 10.4150 35.3532
751.0000 744.8469 10.3984 35.3514
753.0000 746.8269 10.3752 35.3479
755.0000 748.8068 10.3614 35.3465
757.0000 750.7869 10.3272 35.3416
759.0000 752.7669 10.2684 35.3329
761.0000 754.7469 10.1768 35.3225
763.0000 756.7267 10.1673 35.3217
765.0000 758.7067 10.1181 35.3129
767.0000 760.6866 10.0772 35.3081
769.0000 762.6664 10.0690 35.3072
771.0000 764.6463 10.0660 35.3068
773.0000 766.6262 10.0450 35.3024
775.0000 768.6061 9.9625 35.2899
777.0000 770.5858 9.9276 35.2873
779.0000 772.5656 9.9257 35.2875
781.0000 774.5454 9.8599 35.2801
783.0000 776.5251 9.8474 35.2788
785.0000 778.5049 9.7991 35.2716
787.0000 780.4847 9.7446 35.2677
789.0000 782.4644 9.7851 35.2741
791.0000 784.4440 9.7675 35.2694
793.0000 786.4236 9.6992 35.2734
795.0000 788.4033 9.6847 35.2711
797.0000 790.3829 9.6585 35.2661
799.0000 792.3625 9.6390 35.2640
801.0000 794.3420 9.6089 35.2577
803.0000 796.3217 9.4784 35.2398
805.0000 798.3011 9.4494 35.2370
807.0000 800.2808 9.4329 35.2340
809.0000 802.2603 9.4691 35.2395
811.0000 804.2397 9.3752 35.2234
813.0000 806.2192 9.3023 35.2135
815.0000 808.1987 9.2371 35.2074
817.0000 810.1780 9.2090 35.2037
819.0000 812.1574 9.1872 35.2065
821.0000 814.1369 9.2319 35.2216
823.0000 816.1163 9.1760 35.2108
825.0000 818.0956 9.1270 35.2054
827.0000 820.0750 9.0945 35.2052
829.0000 822.0543 9.0335 35.1953
831.0000 824.0336 8.9991 35.1907
833.0000 826.0128 8.9836 35.1911
835.0000 827.9921 8.9774 35.1869
837.0000 829.9714 8.9059 35.1833
839.0000 831.9506 8.8836 35.1818
841.0000 833.9299 8.8693 35.1807
843.0000 835.9090 8.8311 35.1761
845.0000 837.8881 8.8179 35.1743
847.0000 839.8673 8.7640 35.1663
849.0000 841.8465 8.6663 35.1549
851.0000 843.8257 8.6870 35.1578
853.0000 845.8046 8.5768 35.1444
855.0000 847.7837 8.5354 35.1395
857.0000 849.7628 8.5346 35.1409
859.0000 851.7418 8.5017 35.1345
861.0000 853.7209 8.3771 35.1232
863.0000 855.6999 8.2912 35.1125
865.0000 857.6788 8.2890 35.1143
867.0000 859.6577 8.2973 35.1124
869.0000 861.6368 8.1785 35.1004
871.0000 863.6158 8.1324 35.0959
873.0000 865.5945 8.1533 35.0990
875.0000 867.5735 8.1088 35.0974
877.0000 869.5524 8.0689 35.0935
879.0000 871.5312 8.0164 35.0869
881.0000 873.5100 7.9952 35.0872
883.0000 875.4888 7.9660 35.0852
885.0000 877.4677 7.9651 35.0908
887.0000 879.4464 7.9797 35.0959
889.0000 881.4251 7.9751 35.0970
891.0000 883.4040 7.9126 35.0892
893.0000 885.3825 7.8774 35.0857
895.0000 887.3613 7.8687 35.0861
897.0000 889.3400 7.8467 35.0871
899.0000 891.3187 7.8199 35.0847
901.0000 893.2972 7.7893 35.0828
903.0000 895.2759 7.7643 35.0808
905.0000 897.2545 7.7150 35.0782
907.0000 899.2331 7.6929 35.0763
909.0000 901.2117 7.6588 35.0741
911.0000 903.1902 7.6402 35.0740
913.0000 905.1688 7.6106 35.0730
915.0000 907.1473 7.6181 35.0728
917.0000 909.1257 7.5530 35.0707
919.0000 911.1043 7.5351 35.0717
921.0000 913.0827 7.5238 35.0721
923.0000 915.0611 7.5184 35.0705
925.0000 917.0396 7.4556 35.0664
927.0000 919.0179 7.4210 35.0652
929.0000 920.9963 7.4043 35.0654
931.0000 922.9747 7.3936 35.0642
933.0000 924.9531 7.3274 35.0612
935.0000 926.9313 7.2824 35.0620
937.0000 928.9097 7.2669 35.0622
939.0000 930.8880 7.2341 35.0624
941.0000 932.8662 7.2153 35.0646
943.0000 934.8445 7.2238 35.0630
945.0000 936.8227 7.1699 35.0636
947.0000 938.8009 7.1295 35.0625
949.0000 940.7791 7.1043 35.0620
951.0000 942.7573 7.0757 35.0644
953.0000 944.7354 7.0584 35.0647
955.0000 946.7136 7.0463 35.0655
957.0000 948.6917 7.0300 35.0660
959.0000 950.6697 7.0066 35.0670
961.0000 952.6478 6.9931 35.0676
963.0000 954.6259 6.9873 35.0678
965.0000 956.6039 6.9709 35.0682
967.0000 958.5820 6.9542 35.0685
969.0000 960.5599 6.9452 35.0687
971.0000 962.5380 6.9274 35.0689
973.0000 964.5159 6.9139 35.0687
975.0000 966.4939 6.8691 35.0685
977.0000 968.4719 6.8327 35.0684
979.0000 970.4496 6.8165 35.0692
981.0000 972.4277 6.8096 35.0700
983.0000 974.4055 6.7667 35.0683
985.0000 976.3834 6.7268 35.0683
987.0000 978.3611 6.7112 35.0681
989.0000 980.3391 6.7061 35.0692
991.0000 982.3168 6.6995 35.0680
993.0000 984.2946 6.6614 35.0683
995.0000 986.2724 6.6420 35.0687
997.0000 988.2501 6.6142 35.0683
999.0000 990.2278 6.6006 35.0688
1001.0000 992.2055 6.6102 35.0688
1003.0000 994.1832 6.5772 35.0687
1005.0000 996.1608 6.5667 35.0690
1007.0000 998.1385 6.5420 35.0689
1009.0000 1000.1161 6.5361 35.0692
1011.0000 1002.0938 6.5128 35.0689
1013.0000 1004.0714 6.4823 35.0693
1015.0000 1006.0490 6.4641 35.0697
1017.0000 1008.0264 6.4513 35.0702
1019.0000 1010.0040 6.4419 35.0707
1021.0000 1011.9816 6.4220 35.0705
1023.0000 1013.9591 6.4041 35.0707
1025.0000 1015.9365 6.3897 35.0705
1027.0000 1017.9140 6.3645 35.0702
1029.0000 1019.8915 6.3519 35.0704
1031.0000 1021.8689 6.3426 35.0705
1033.0000 1023.8462 6.3494 35.0706
1035.0000 1025.8237 6.3193 35.0701
1037.0000 1027.8010 6.2973 35.0700
1039.0000 1029.7783 6.2875 35.0692
1041.0000 1031.7556 6.2875 35.0694
1043.0000 1033.7329 6.2552 35.0689
1045.0000 1035.7102 6.2382 35.0679
1047.0000 1037.6875 6.2222 35.0673
1049.0000 1039.6649 6.2072 35.0670
1051.0000 1041.6421 6.1912 35.0663
1053.0000 1043.6193 6.1615 35.0667
1055.0000 1045.5966 6.1741 35.0670
1057.0000 1047.5737 6.1360 35.0668
1059.0000 1049.5508 6.1151 35.0667
1061.0000 1051.5280 6.1170 35.0673
1063.0000 1053.5051 6.1100 35.0666
1065.0000 1055.4823 6.0830 35.0661
1067.0000 1057.4594 6.0602 35.0658
1069.0000 1059.4363 6.0415 35.0672
1071.0000 1061.4133 6.0255 35.0666
1073.0000 1063.3904 6.0006 35.0668
1075.0000 1065.3674 5.9779 35.0663
1077.0000 1067.3445 5.9648 35.0652
1079.0000 1069.3213 5.9120 35.0641
1081.0000 1071.2983 5.8876 35.0639
1083.0000 1073.2754 5.8902 35.0646
1085.0000 1075.2523 5.8865 35.0635
1087.0000 1077.2291 5.8473 35.0635
1089.0000 1079.2061 5.8298 35.0637
1091.0000 1081.1829 5.8179 35.0638
1093.0000 1083.1597 5.8085 35.0639
1095.0000 1085.1366 5.8119 35.0638
1097.0000 1087.1134 5.7935 35.0636
1099.0000 1089.0902 5.7727 35.0633
1101.0000 1091.0668 5.7638 35.0632
1103.0000 1093.0437 5.7702 35.0628
1105.0000 1095.0205 5.7461 35.0625
1107.0000 1096.9971 5.7417 35.0623
1109.0000 1098.9739 5.7328 35.0622
1111.0000 1100.9506 5.7224 35.0619
1113.0000 1102.9271 5.7102 35.0619
1115.0000 1104.9038 5.6979 35.0612
1117.0000 1106.8805 5.6799 35.0609
1119.0000 1108.8571 5.6646 35.0606
1121.0000 1110.8335 5.6500 35.0602
1123.0000 1112.8102 5.6388 35.0600
1125.0000 1114.7866 5.6282 35.0605
1127.0000 1116.7632 5.5973 35.0602
1129.0000 1118.7397 5.6128 35.0608
1131.0000 1120.7163 5.5824 35.0619
1133.0000 1122.6929 5.5711 35.0638
1135.0000 1124.6692 5.5563 35.0644
1137.0000 1126.6456 5.5321 35.0650
1139.0000 1128.6219 5.5175 35.0655
1141.0000 1130.5984 5.5125 35.0653
1143.0000 1132.5748 5.4989 35.0642
1145.0000 1134.5511 5.4759 35.0622
1147.0000 1136.5276 5.4598 35.0622
1149.0000 1138.5038 5.4608 35.0642
1151.0000 1140.4802 5.4549 35.0634
1153.0000 1142.4565 5.4211 35.0638
1155.0000 1144.4326 5.4112 35.0636
1157.0000 1146.4089 5.4148 35.0633
1159.0000 1148.3851 5.4029 35.0624
1161.0000 1150.3615 5.3870 35.0618
1163.0000 1152.3375 5.3716 35.0616
1165.0000 1154.3138 5.3619 35.0614
1167.0000 1156.2899 5.3550 35.0615
1169.0000 1158.2660 5.3493 35.0614
1171.0000 1160.2422 5.3355 35.0611
1173.0000 1162.2183 5.3173 35.0607
1175.0000 1164.1943 5.3116 35.0607
1177.0000 1166.1703 5.3209 35.0606
1179.0000 1168.1464 5.3092 35.0606
1181.0000 1170.1226 5.3083 35.0606
1183.0000 1172.0984 5.3041 35.0602
1185.0000 1174.0745 5.2873 35.0603
1187.0000 1176.0505 5.2821 35.0610
1189.0000 1178.0265 5.2810 35.0613
1191.0000 1180.0023 5.2747 35.0608
1193.0000 1181.9781 5.2614 35.0598
1195.0000 1183.9541 5.2491 35.0604
1197.0000 1185.9298 5.2408 35.0603
1199.0000 1187.9058 5.2341 35.0594
1201.0000 1189.8817 5.2083 35.0564
1203.0000 1191.8575 5.1886 35.0543
1205.0000 1193.8333 5.1664 35.0513
1207.0000 1195.8091 5.1266 35.0475
1209.0000 1197.7849 5.1156 35.0468
1211.0000 1199.7605 5.1052 35.0452
1213.0000 1201.7363 5.0866 35.0440
1215.0000 1203.7120 5.0954 35.0451
1217.0000 1205.6877 5.0641 35.0429
1219.0000 1207.6633 5.0540 35.0427
1221.0000 1209.6389 5.0479 35.0427
1223.0000 1211.6146 5.0525 35.0425
1225.0000 1213.5902 5.0350 35.0419
1227.0000 1215.5658 5.0293 35.0416
1229.0000 1217.5414 5.0192 35.0408
1231.0000 1219.5170 4.9984 35.0399
1233.0000 1221.4926 4.9982 35.0402
1235.0000 1223.4680 4.9816 35.0394
1237.0000 1225.4437 4.9763 35.0393
1239.0000 1227.4191 4.9708 35.0393
1241.0000 1229.3945 4.9616 35.0394
1243.0000 1231.3700 4.9564 35.0394
1245.0000 1233.3453 4.9479 35.0391
1247.0000 1235.3208 4.9446 35.0390
1249.0000 1237.2963 4.9416 35.0389
1251.0000 1239.2716 4.9330 35.0383
1253.0000 1241.2469 4.9219 35.0377
1255.0000 1243.2223 4.9164 35.0377
1257.0000 1245.1976 4.9097 35.0373
1259.0000 1247.1729 4.9028 35.0373
1261.0000 1249.1482 4.8974 35.0363
1263.0000 1251.1234 4.8760 35.0359
1265.0000 1253.0988 4.8702 35.0356
1267.0000 1255.0740 4.8708 35.0357
1269.0000 1257.0491 4.8782 35.0357
1271.0000 1259.0243 4.8582 35.0347
1273.0000 1260.9994 4.8516 35.0349
1275.0000 1262.9745 4.8476 35.0344
1277.0000 1264.9497 4.8413 35.0341
1279.0000 1266.9247 4.8510 35.0343
1281.0000 1268.8998 4.8315 35.0328
1283.0000 1270.8749 4.8184 35.0325
1285.0000 1272.8500 4.8099 35.0320
1287.0000 1274.8250 4.8146 35.0322
1289.0000 1276.8000 4.7971 35.0313
1291.0000 1278.7750 4.7878 35.0309
1293.0000 1280.7500 4.7798 35.0305
1295.0000 1282.7250 4.7684 35.0298
1297.0000 1284.7000 4.7587 35.0292
1299.0000 1286.6749 4.7678 35.0299
1301.0000 1288.6497 4.7414 35.0286
1303.0000 1290.6248 4.7277 35.0276
1305.0000 1292.5996 4.7161 35.0269
1307.0000 1294.5745 4.7205 35.0277
1309.0000 1296.5493 4.7096 35.0270
1311.0000 1298.5243 4.7085 35.0270
1313.0000 1300.4990 4.7069 35.0267
1315.0000 1302.4736 4.7047 35.0267
1317.0000 1304.4485 4.7057 35.0267
1319.0000 1306.4232 4.6996 35.0262
1321.0000 1308.3979 4.6911 35.0258
1323.0000 1310.3726 4.6812 35.0251
1325.0000 1312.3474 4.6648 35.0244
1327.0000 1314.3220 4.6623 35.0243
1329.0000 1316.2966 4.6616 35.0241
1331.0000 1318.2712 4.6565 35.0238
1333.0000 1320.2458 4.6524 35.0237
1335.0000 1322.2205 4.6506 35.0236
1337.0000 1324.1951 4.6487 35.0234
1339.0000 1326.1696 4.6413 35.0231
1341.0000 1328.1440 4.6375 35.0229
1343.0000 1330.1187 4.6342 35.0226
1345.0000 1332.0931 4.6282 35.0222
1347.0000 1334.0676 4.6235 35.0220
1349.0000 1336.0420 4.6219 35.0218
1351.0000 1338.0165 4.6198 35.0218
1353.0000 1339.9910 4.6176 35.0217
1355.0000 1341.9652 4.6160 35.0217
1357.0000 1343.9398 4.6145 35.0214
1359.0000 1345.9142 4.6067 35.0211
1361.0000 1347.8885 4.5981 35.0207
1363.0000 1349.8628 4.5934 35.0204
1365.0000 1351.8372 4.5908 35.0203
1367.0000 1353.8115 4.5931 35.0203
1369.0000 1355.7856 4.5850 35.0201
1371.0000 1357.7600 4.5800 35.0196
1373.0000 1359.7343 4.5748 35.0192
1375.0000 1361.7084 4.5694 35.0189
1377.0000 1363.6825 4.5656 35.0190
1379.0000 1365.6569 4.5674 35.0190
1381.0000 1367.6310 4.5635 35.0192
1383.0000 1369.6051 4.5623 35.0193
1385.0000 1371.5792 4.5572 35.0188
1387.0000 1373.5535 4.5580 35.0190
1389.0000 1375.5276 4.5444 35.0181
1391.0000 1377.5015 4.5397 35.0183
1393.0000 1379.4756 4.5378 35.0181
1395.0000 1381.4496 4.5399 35.0180
1397.0000 1383.4236 4.5310 35.0176
1399.0000 1385.3976 4.5203 35.0168
1401.0000 1387.3716 4.5170 35.0165
1403.0000 1389.3457 4.5210 35.0168
1405.0000 1391.3195 4.5022 35.0159
1407.0000 1393.2935 4.4976 35.0157
1409.0000 1395.2675 4.4901 35.0151
1411.0000 1397.2412 4.4857 35.0151
1413.0000 1399.2151 4.4843 35.0153
1415.0000 1401.1890 4.4821 35.0150
1417.0000 1403.1627 4.4782 35.0150
1419.0000 1405.1366 4.4751 35.0148
1421.0000 1407.1105 4.4777 35.0163
1423.0000 1409.0842 4.4728 35.0162
1425.0000 1411.0580 4.4674 35.0159
1427.0000 1413.0317 4.4622 35.0155
1429.0000 1415.0055 4.4579 35.0150
1431.0000 1416.9791 4.4495 35.0147
1433.0000 1418.9528 4.4530 35.0143
1435.0000 1420.9265 4.4370 35.0134
1437.0000 1422.9001 4.4322 35.0129
1439.0000 1424.8738 4.4290 35.0128
1441.0000 1426.8474 4.4277 35.0126
1443.0000 1428.8209 4.4237 35.0123
1445.0000 1430.7944 4.4140 35.0117
1447.0000 1432.7679 4.4144 35.0119
1449.0000 1434.7417 4.4083 35.0115
1451.0000 1436.7153 4.4079 35.0114
1453.0000 1438.6887 4.3951 35.0106
1455.0000 1440.6621 4.3933 35.0110
1457.0000 1442.6356 4.3942 35.0113
1459.0000 1444.6089 4.3960 35.0120
1461.0000 1446.5824 4.3964 35.0122
1463.0000 1448.5560 4.3985 35.0128
1465.0000 1450.5294 4.4009 35.0134
1467.0000 1452.5026 4.3912 35.0124
1469.0000 1454.4761 4.3997 35.0149
1471.0000 1456.4493 4.4016 35.0153
1473.0000 1458.4225 4.4003 35.0153
1475.0000 1460.3960 4.3914 35.0135
1477.0000 1462.3693 4.3757 35.0122
1479.0000 1464.3424 4.3821 35.0138
1481.0000 1466.3157 4.3735 35.0129
1483.0000 1468.2889 4.3752 35.0124
1485.0000 1470.2622 4.3606 35.0110
1487.0000 1472.2354 4.3535 35.0102
1489.0000 1474.2085 4.3489 35.0104
1491.0000 1476.1816 4.3460 35.0105
1493.0000 1478.1548 4.3496 35.0121
1495.0000 1480.1278 4.3454 35.0117
1497.0000 1482.1011 4.3451 35.0111
1499.0000 1484.0742 4.3335 35.0111
1501.0000 1486.0470 4.3253 35.0096
1503.0000 1488.0201 4.3136 35.0087
1505.0000 1489.9932 4.3212 35.0094
1507.0000 1491.9662 4.3068 35.0085
1509.0000 1493.9392 4.3011 35.0087
1511.0000 1495.9121 4.2996 35.0097
1513.0000 1497.8851 4.2985 35.0099
1515.0000 1499.8579 4.2936 35.0097
1517.0000 1501.8309 4.2890 35.0094
1519.0000 1503.8038 4.2858 35.0093
1521.0000 1505.7766 4.2852 35.0093
1523.0000 1507.7495 4.2805 35.0087
1525.0000 1509.7224 4.2733 35.0084
1527.0000 1511.6953 4.2721 35.0084
1529.0000 1513.6680 4.2685 35.0083
1531.0000 1515.6407 4.2665 35.0082
1533.0000 1517.6135 4.2619 35.0078
1535.0000 1519.5863 4.2575 35.0076
1537.0000 1521.5591 4.2548 35.0075
1539.0000 1523.5317 4.2492 35.0071
1541.0000 1525.5043 4.2428 35.0067
1543.0000 1527.4771 4.2394 35.0068
1545.0000 1529.4498 4.2372 35.0068
1547.0000 1531.4224 4.2344 35.0063
1549.0000 1533.3949 4.2302 35.0061
1551.0000 1535.3677 4.2310 35.0063
1553.0000 1537.3402 4.2236 35.0060
1555.0000 1539.3126 4.2204 35.0064
1557.0000 1541.2852 4.2168 35.0061
1559.0000 1543.2578 4.2144 35.0059
1561.0000 1545.2303 4.2111 35.0056
1563.0000 1547.2026 4.2063 35.0051
1565.0000 1549.1752 4.1987 35.0046
1567.0000 1551.1478 4.1956 35.0045
1569.0000 1553.1201 4.1909 35.0040
1571.0000 1555.0925 4.1851 35.0036
1573.0000 1557.0649 4.1794 35.0033
1575.0000 1559.0374 4.1753 35.0032
1577.0000 1561.0096 4.1731 35.0032
1579.0000 1562.9819 4.1722 35.0032
1581.0000 1564.9542 4.1693 35.0030
1583.0000 1566.9266 4.1639 35.0025
1585.0000 1568.8989 4.1610 35.0027
1587.0000 1570.8712 4.1570 35.0028
1589.0000 1572.8435 4.1571 35.0029
1591.0000 1574.8156 4.1525 35.0025
1593.0000 1576.7878 4.1501 35.0025
1595.0000 1578.7600 4.1485 35.0024
1597.0000 1580.7322 4.1433 35.0022
1599.0000 1582.7043 4.1435 35.0025
1601.0000 1584.6765 4.1411 35.0023
1603.0000 1586.6487 4.1336 35.0016
1605.0000 1588.6207 4.1313 35.0016
1607.0000 1590.5928 4.1309 35.0020
1609.0000 1592.5648 4.1293 35.0017
1611.0000 1594.5369 4.1234 35.0010
1613.0000 1596.5089 4.1191 35.0004
1615.0000 1598.4810 4.1235 35.0009
1617.0000 1600.4529 4.1133 34.9996
1619.0000 1602.4249 4.1065 34.9993
1621.0000 1604.3969 4.0993 34.9987
1623.0000 1606.3689 4.1004 34.9988
1625.0000 1608.3407 4.0889 34.9972
1627.0000 1610.3125 4.0706 34.9957
1629.0000 1612.2844 4.0656 34.9951
1631.0000 1614.2562 4.0616 34.9953
1633.0000 1616.2281 4.0645 34.9964
1635.0000 1618.2000 4.0619 34.9964
1637.0000 1620.1719 4.0524 34.9952
1639.0000 1622.1436 4.0425 34.9939
1641.0000 1624.1154 4.0385 34.9938
1643.0000 1626.0872 4.0383 34.9938
1645.0000 1628.0588 4.0341 34.9937
1647.0000 1630.0304 4.0341 34.9937
1649.0000 1632.0023 4.0307 34.9939
1651.0000 1633.9740 4.0289 34.9938
1653.0000 1635.9454 4.0251 34.9936
1655.0000 1637.9172 4.0235 34.9935
1657.0000 1639.8889 4.0232 34.9938
1659.0000 1641.8602 4.0220 34.9938
1661.0000 1643.8320 4.0210 34.9938
1663.0000 1645.8036 4.0116 34.9928
1665.0000 1647.7751 4.0079 34.9927
1667.0000 1649.7466 4.0040 34.9925
1669.0000 1651.7181 4.0009 34.9926
1671.0000 1653.6896 3.9990 34.9929
1673.0000 1655.6611 3.9972 34.9934
1675.0000 1657.6326 3.9990 34.9940
1677.0000 1659.6041 3.9973 34.9939
1679.0000 1661.5753 3.9955 34.9937
1681.0000 1663.5469 3.9907 34.9933
1683.0000 1665.5183 3.9928 34.9934
1685.0000 1667.4896 3.9863 34.9928
1687.0000 1669.4608 3.9787 34.9918
1689.0000 1671.4324 3.9732 34.9913
1691.0000 1673.4037 3.9726 34.9915
1693.0000 1675.3749 3.9703 34.9911
1695.0000 1677.3462 3.9616 34.9905
1697.0000 1679.3174 3.9579 34.9900
1699.0000 1681.2887 3.9537 34.9898
1701.0000 1683.2599 3.9504 34.9896
1703.0000 1685.2310 3.9471 34.9894
1705.0000 1687.2023 3.9432 34.9893
1707.0000 1689.1732 3.9411 34.9890
1709.0000 1691.1447 3.9371 34.9888
1711.0000 1693.1157 3.9360 34.9888
1713.0000 1695.0869 3.9342 34.9887
1715.0000 1697.0579 3.9336 34.9886
1717.0000 1699.0289 3.9244 34.9878
1719.0000 1701.0001 3.9211 34.9876
1721.0000 1702.9708 3.9155 34.9872
1723.0000 1704.9420 3.9120 34.9868
1725.0000 1706.9131 3.9073 34.9866
1727.0000 1708.8840 3.9047 34.9861
1729.0000 1710.8550 3.8995 34.9856
1731.0000 1712.8259 3.8946 34.9852
1733.0000 1714.7969 3.8887 34.9849
1735.0000 1716.7676 3.8850 34.9846
1737.0000 1718.7385 3.8813 34.9845
1739.0000 1720.7097 3.8788 34.9847
1741.0000 1722.6802 3.8777 34.9849
1743.0000 1724.6511 3.8757 34.9848
1745.0000 1726.6221 3.8713 34.9843
1747.0000 1728.5928 3.8662 34.9835
1749.0000 1730.5635 3.8608 34.9831
1751.0000 1732.5343 3.8595 34.9829
1753.0000 1734.5051 3.8581 34.9830
1755.0000 1736.4757 3.8564 34.9830
1757.0000 1738.4464 3.8561 34.9830
1759.0000 1740.4171 3.8538 34.9835
1761.0000 1742.3878 3.8549 34.9842
1763.0000 1744.3584 3.8538 34.9841
1765.0000 1746.3291 3.8502 34.9839
1767.0000 1748.2998 3.8482 34.9839
1769.0000 1750.2701 3.8440 34.9836
1771.0000 1752.2408 3.8420 34.9835
1773.0000 1754.2115 3.8388 34.9833
1775.0000 1756.1821 3.8360 34.9830
1777.0000 1758.1525 3.8302 34.9824
1779.0000 1760.1229 3.8297 34.9823
1781.0000 1762.0936 3.8247 34.9819
1783.0000 1764.0637 3.8214 34.9820
1785.0000 1766.0344 3.8186 34.9822
1787.0000 1768.0048 3.8143 34.9818
1789.0000 1769.9755 3.8096 34.9814
1791.0000 1771.9456 3.8094 34.9815
1793.0000 1773.9161 3.8096 34.9814
1795.0000 1775.8865 3.8036 34.9813
1797.0000 1777.8566 3.8007 34.9813
1799.0000 1779.8270 3.7978 34.9813
1801.0000 1781.7974 3.7964 34.9816
1803.0000 1783.7675 3.7970 34.9810
1805.0000 1785.7378 3.7912 34.9808
1807.0000 1787.7083 3.7883 34.9807
1809.0000 1789.6783 3.7886 34.9806
1811.0000 1791.6484 3.7868 34.9804
1813.0000 1793.6188 3.7807 34.9801
1815.0000 1795.5891 3.7767 34.9795
1817.0000 1797.5590 3.7720 34.9793
1819.0000 1799.5293 3.7688 34.9791
1821.0000 1801.4994 3.7644 34.9788
1823.0000 1803.4696 3.7588 34.9784
1825.0000 1805.4393 3.7547 34.9782
1827.0000 1807.4097 3.7528 34.9780
1829.0000 1809.3795 3.7495 34.9778
1831.0000 1811.3496 3.7473 34.9777
1833.0000 1813.3196 3.7467 34.9777
1835.0000 1815.2898 3.7461 34.9778
1837.0000 1817.2596 3.7453 34.9777
1839.0000 1819.2296 3.7404 34.9775
1841.0000 1821.1995 3.7379 34.9773
1843.0000 1823.1696 3.7335 34.9768
1845.0000 1825.1393 3.7319 34.9767
1847.0000 1827.1091 3.7298 34.9767
1849.0000 1829.0790 3.7288 34.9768
1851.0000 1831.0491 3.7290 34.9768
1853.0000 1833.0186 3.7270 34.9766
1855.0000 1834.9885 3.7246 34.9767
1857.0000 1836.9584 3.7228 34.9769
1859.0000 1838.9281 3.7187 34.9766
1861.0000 1840.8977 3.7130 34.9763
1863.0000 1842.8676 3.7112 34.9766
1865.0000 1844.8372 3.7105 34.9766
1867.0000 1846.8070 3.7103 34.9767
1869.0000 1848.7769 3.7102 34.9768
1871.0000 1850.7463 3.7105 34.9770
1873.0000 1852.7161 3.7084 34.9771
1875.0000 1854.6854 3.7058 34.9770
1877.0000 1856.6554 3.7040 34.9768
1879.0000 1858.6246 3.7039 34.9766
1881.0000 1860.5944 3.6983 34.9768
1883.0000 1862.5640 3.6954 34.9765
1885.0000 1864.5337 3.6929 34.9767
1887.0000 1866.5029 3.6922 34.9765
1889.0000 1868.4724 3.6930 34.9764
1891.0000 1870.4420 3.6859 34.9760
1893.0000 1872.4114 3.6810 34.9759
1895.0000 1874.3810 3.6792 34.9757
1897.0000 1876.3502 3.6780 34.9759
1899.0000 1878.3197 3.6775 34.9759
1901.0000 1880.2889 3.6743 34.9754
1903.0000 1882.2584 3.6714 34.9753
1905.0000 1884.2277 3.6686 34.9750
1907.0000 1886.1970 3.6627 34.9745
1909.0000 1888.1664 3.6594 34.9742
1911.0000 1890.1357 3.6548 34.9735
1913.0000 1892.1051 3.6542 34.9741
1915.0000 1894.0742 3.6556 34.9743
1917.0000 1896.0435 3.6528 34.9738
1919.0000 1898.0127 3.6440 34.9727
1921.0000 1899.9818 3.6412 34.9727
1923.0000 1901.9513 3.6368 34.9726
1925.0000 1903.9203 3.6374 34.9733
1927.0000 1905.8894 3.6372 34.9736
1929.0000 1907.8584 3.6391 34.9742
1931.0000 1909.8276 3.6365 34.9739
1933.0000 1911.7969 3.6278 34.9730
1935.0000 1913.7657 3.6230 34.9727
1937.0000 1915.7350 3.6188 34.9721
1939.0000 1917.7039 3.6145 34.9718
1941.0000 1919.6729 3.6153 34.9723
1943.0000 1921.6420 3.6154 34.9725
1945.0000 1923.6110 3.6129 34.9720
1947.0000 1925.5801 3.6080 34.9713
1949.0000 1927.5487 3.6047 34.9710
1951.0000 1929.5179 3.6023 34.9707
1953.0000 1931.4869 3.5982 34.9707
1955.0000 1933.4554 3.5950 34.9707
1957.0000 1935.4244 3.5954 34.9711
1959.0000 1937.3933 3.5947 34.9711
1961.0000 1939.3623 3.5943 34.9713
1963.0000 1941.3309 3.5900 34.9708
1965.0000 1943.2998 3.5880 34.9706
1967.0000 1945.2687 3.5802 34.9698
1969.0000 1947.2374 3.5785 34.9699
1971.0000 1949.2061 3.5813 34.9699
1973.0000 1951.1749 3.5772 34.9702
1975.0000 1953.1436 3.5767 34.9702
1977.0000 1955.1122 3.5759 34.9700
1979.0000 1957.0811 3.5728 34.9697
1981.0000 1959.0497 3.5697 34.9695
1983.0000 1961.0181 3.5713 34.9697
1985.0000 1962.9869 3.5657 34.9693
1987.0000 1964.9556 3.5626 34.9691
1989.0000 1966.9242 3.5596 34.9689
1991.0000 1968.8926 3.5577 34.9690
1993.0000 1970.8612 3.5542 34.9688
1995.0000 1972.8298 3.5511 34.9686
1997.0000 1974.7983 3.5500 34.9687
1999.0000 1976.7667 3.5492 34.9686
2001.0000 1978.7354 3.5472 34.9686
2003.0000 1980.7037 3.5444 34.9686
2005.0000 1982.6720 3.5435 34.9686
2007.0000 1984.6406 3.5430 34.9684
2009.0000 1986.6088 3.5401 34.9683
2011.0000 1988.5773 3.5378 34.9686
2013.0000 1990.5457 3.5381 34.9686
2015.0000 1992.5140 3.5373 34.9685
2017.0000 1994.4823 3.5365 34.9684
2019.0000 1996.4507 3.5387 34.9692
2021.0000 1998.4191 3.5368 34.9695
2023.0000 2000.3873 3.5291 34.9689
2025.0000 2002.3556 3.5275 34.9686
2027.0000 2004.3237 3.5282 34.9687
2029.0000 2006.2920 3.5280 34.9684
2031.0000 2008.2601 3.5206 34.9681
2033.0000 2010.2284 3.5163 34.9679
2035.0000 2012.1965 3.5122 34.9678
2037.0000 2014.1648 3.5114 34.9676
2039.0000 2016.1328 3.5074 34.9674
2041.0000 2018.1008 3.5049 34.9671
2043.0000 2020.0690 3.5011 34.9670
2045.0000 2022.0370 3.4998 34.9668
2047.0000 2024.0050 3.4994 34.9668
2049.0000 2025.9733 3.4981 34.9668
2051.0000 2027.9414 3.4966 34.9669
2053.0000 2029.9092 3.4950 34.9667
2055.0000 2031.8772 3.4935 34.9666
2057.0000 2033.8452 3.4917 34.9665
2059.0000 2035.8130 3.4885 34.9664
2061.0000 2037.7810 3.4851 34.9662
2063.0000 2039.7490 3.4836 34.9664
2065.0000 2041.7168 3.4831 34.9664
2067.0000 2043.6846 3.4809 34.9666
2069.0000 2045.6526 3.4786 34.9666
2071.0000 2047.6206 3.4797 34.9666
2073.0000 2049.5881 3.4742 34.9670
2075.0000 2051.5559 3.4725 34.9670
2077.0000 2053.5239 3.4711 34.9670
2079.0000 2055.4915 3.4703 34.9670
2081.0000 2057.4595 3.4692 34.9669
2083.0000 2059.4272 3.4651 34.9668
2085.0000 2061.3950 3.4626 34.9668
2087.0000 2063.3625 3.4603 34.9667
2089.0000 2065.3301 3.4611 34.9665
2091.0000 2067.2979 3.4587 34.9666
2093.0000 2069.2654 3.4540 34.9665
2095.0000 2071.2332 3.4521 34.9663
2097.0000 2073.2007 3.4542 34.9662
2099.0000 2075.1685 3.4499 34.9665
2101.0000 2077.1357 3.4486 34.9664
2103.0000 2079.1035 3.4440 34.9660
2105.0000 2081.0710 3.4475 34.9661
2107.0000 2083.0383 3.4397 34.9659
2109.0000 2085.0059 3.4386 34.9659
2111.0000 2086.9734 3.4361 34.9658
2113.0000 2088.9409 3.4344 34.9660
2115.0000 2090.9082 3.4381 34.9658
2117.0000 2092.8757 3.4275 34.9654
2119.0000 2094.8433 3.4234 34.9654
2121.0000 2096.8103 3.4206 34.9651
2123.0000 2098.7778 3.4164 34.9650
2125.0000 2100.7454 3.4158 34.9649
2127.0000 2102.7124 3.4105 34.9650
2129.0000 2104.6802 3.4071 34.9648
2131.0000 2106.6472 3.4039 34.9646
2133.0000 2108.6145 3.4022 34.9645
2135.0000 2110.5818 3.4005 34.9646
2137.0000 2112.5491 3.3976 34.9645
2139.0000 2114.5161 3.3971 34.9644
2141.0000 2116.4832 3.3949 34.9643
2143.0000 2118.4507 3.3941 34.9642
2145.0000 2120.4177 3.3922 34.9641
2147.0000 2122.3853 3.3887 34.9637
2149.0000 2124.3518 3.3835 34.9632
2151.0000 2126.3191 3.3805 34.9631
2153.0000 2128.2864 3.3803 34.9633
2155.0000 2130.2534 3.3791 34.9633
2157.0000 2132.2205 3.3773 34.9633
2159.0000 2134.1875 3.3761 34.9633
2161.0000 2136.1545 3.3737 34.9633
2163.0000 2138.1213 3.3734 34.9632
2165.0000 2140.0886 3.3735 34.9635
2167.0000 2142.0557 3.3740 34.9634
2169.0000 2144.0222 3.3730 34.9635
2171.0000 2145.9893 3.3702 34.9636
2173.0000 2147.9563 3.3687 34.9633
2175.0000 2149.9233 3.3645 34.9628
2177.0000 2151.8901 3.3623 34.9626
2179.0000 2153.8569 3.3622 34.9627
2181.0000 2155.8237 3.3611 34.9626
2183.0000 2157.7905 3.3613 34.9628
2185.0000 2159.7576 3.3619 34.9631
2187.0000 2161.7241 3.3621 34.9632
2189.0000 2163.6909 3.3592 34.9630
2191.0000 2165.6575 3.3564 34.9629
2193.0000 2167.6245 3.3527 34.9627
2195.0000 2169.5911 3.3503 34.9624
2197.0000 2171.5576 3.3501 34.9624
2199.0000 2173.5247 3.3493 34.9624
2201.0000 2175.4915 3.3445 34.9620
2203.0000 2177.4578 3.3417 34.9618
2205.0000 2179.4246 3.3404 34.9619
2207.0000 2181.3911 3.3401 34.9619
2209.0000 2183.3577 3.3402 34.9619
2211.0000 2185.3242 3.3396 34.9619
2213.0000 2187.2908 3.3385 34.9618
2215.0000 2189.2573 3.3376 34.9618
2217.0000 2191.2236 3.3382 34.9619
2219.0000 2193.1902 3.3376 34.9619
2221.0000 2195.1570 3.3355 34.9619
2223.0000 2197.1235 3.3353 34.9619
2225.0000 2199.0898 3.3358 34.9618
2227.0000 2201.0564 3.3347 34.9619
2229.0000 2203.0225 3.3335 34.9619
2231.0000 2204.9888 3.3319 34.9617
2233.0000 2206.9553 3.3312 34.9617
2235.0000 2208.9216 3.3274 34.9615
2237.0000 2210.8882 3.3250 34.9616
2239.0000 2212.8542 3.3224 34.9615
2241.0000 2214.8208 3.3203 34.9615
2243.0000 2216.7871 3.3182 34.9614
2245.0000 2218.7532 3.3161 34.9613
2247.0000 2220.7195 3.3171 34.9613
2249.0000 2222.6858 3.3168 34.9611
2251.0000 2224.6521 3.3135 34.9611
2253.0000 2226.6182 3.3115 34.9609
2255.0000 2228.5842 3.3118 34.9609
2257.0000 2230.5505 3.3117 34.9609
2259.0000 2232.5164 3.3080 34.9608
2261.0000 2234.4827 3.3054 34.9609
2263.0000 2236.4487 3.3039 34.9608
2265.0000 2238.4146 3.3016 34.9607
2267.0000 2240.3809 3.2973 34.9606
2269.0000 2242.3472 3.2940 34.9605
2271.0000 2244.3132 3.2931 34.9606
2273.0000 2246.2791 3.2912 34.9604
2275.0000 2248.2449 3.2892 34.9603
2277.0000 2250.2112 3.2908 34.9603
2279.0000 2252.1770 3.2865 34.9603
2281.0000 2254.1426 3.2863 34.9602
2283.0000 2256.1089 3.2815 34.9600
2285.0000 2258.0747 3.2826 34.9601
2287.0000 2260.0405 3.2798 34.9599
2289.0000 2262.0066 3.2788 34.9600
2291.0000 2263.9724 3.2764 34.9599
2293.0000 2265.9380 3.2724 34.9595
2295.0000 2267.9041 3.2707 34.9596
2297.0000 2269.8699 3.2724 34.9596
2299.0000 2271.8357 3.2680 34.9595
2301.0000 2273.8013 3.2641 34.9593
2303.0000 2275.7673 3.2595 34.9589
2305.0000 2277.7329 3.2565 34.9587
2307.0000 2279.6982 3.2557 34.9586
2309.0000 2281.6641 3.2557 34.9587
2311.0000 2283.6299 3.2552 34.9589
2313.0000 2285.5955 3.2535 34.9588
2315.0000 2287.5610 3.2497 34.9585
2317.0000 2289.5266 3.2481 34.9584
2319.0000 2291.4924 3.2460 34.9582
2321.0000 2293.4578 3.2445 34.9581
2323.0000 2295.4236 3.2436 34.9581
2325.0000 2297.3889 3.2408 34.9578
2327.0000 2299.3545 3.2391 34.9578
2329.0000 2301.3201 3.2381 34.9578
2331.0000 2303.2856 3.2372 34.9576
2333.0000 2305.2512 3.2356 34.9575
2335.0000 2307.2166 3.2324 34.9572
2337.0000 2309.1819 3.2313 34.9573
2339.0000 2311.1475 3.2304 34.9573
2341.0000 2313.1128 3.2271 34.9569
2343.0000 2315.0781 3.2263 34.9570
2345.0000 2317.0435 3.2264 34.9570
2347.0000 2319.0088 3.2219 34.9567
2349.0000 2320.9741 3.2198 34.9566
2351.0000 2322.9392 3.2210 34.9568
2353.0000 2324.9048 3.2190 34.9566
2355.0000 2326.8699 3.2159 34.9562
2357.0000 2328.8352 3.2149 34.9563
2359.0000 2330.8003 3.2128 34.9563
2361.0000 2332.7656 3.2114 34.9565
2363.0000 2334.7307 3.2108 34.9564
2365.0000 2336.6960 3.2102 34.9564
2367.0000 2338.6614 3.2111 34.9562
2369.0000 2340.6262 3.2072 34.9561
2371.0000 2342.5913 3.2044 34.9561
2373.0000 2344.5566 3.2011 34.9559
2375.0000 2346.5217 3.2020 34.9559
2377.0000 2348.4868 3.1998 34.9559
2379.0000 2350.4519 3.1971 34.9557
2381.0000 2352.4170 3.1945 34.9557
2383.0000 2354.3818 3.1941 34.9557
2385.0000 2356.3469 3.1936 34.9557
2387.0000 2358.3120 3.1905 34.9555
2389.0000 2360.2769 3.1910 34.9556
2391.0000 2362.2419 3.1889 34.9556
2393.0000 2364.2068 3.1879 34.9557
2395.0000 2366.1719 3.1870 34.9557
2397.0000 2368.1365 3.1858 34.9555
2399.0000 2370.1016 3.1835 34.9553
2401.0000 2372.0664 3.1769 34.9548
2403.0000 2374.0310 3.1753 34.9548
2405.0000 2375.9958 3.1742 34.9547
2407.0000 2377.9607 3.1724 34.9546
2409.0000 2379.9255 3.1686 34.9542
2411.0000 2381.8901 3.1644 34.9539
2413.0000 2383.8550 3.1641 34.9540
2415.0000 2385.8198 3.1596 34.9536
2417.0000 2387.7844 3.1586 34.9538
2419.0000 2389.7495 3.1576 34.9536
2421.0000 2391.7141 3.1582 34.9535
2423.0000 2393.6787 3.1526 34.9533
2425.0000 2395.6433 3.1502 34.9531
2427.0000 2397.6079 3.1491 34.9530
2429.0000 2399.5728 3.1477 34.9530
2431.0000 2401.5371 3.1469 34.9529
2433.0000 2403.5017 3.1467 34.9530
2435.0000 2405.4663 3.1462 34.9530
2437.0000 2407.4309 3.1446 34.9529
2439.0000 2409.3953 3.1444 34.9527
2441.0000 2411.3596 3.1384 34.9524
2443.0000 2413.3245 3.1371 34.9524
2445.0000 2415.2886 3.1355 34.9523
2447.0000 2417.2529 3.1358 34.9523
2449.0000 2419.2178 3.1344 34.9524
2451.0000 2421.1819 3.1327 34.9523
2453.0000 2423.1462 3.1296 34.9520
2455.0000 2425.1108 3.1275 34.9520
2457.0000 2427.0754 3.1264 34.9518
2459.0000 2429.0393 3.1252 34.9518
2461.0000 2431.0039 3.1254 34.9517
2463.0000 2432.9683 3.1244 34.9517
2465.0000 2434.9324 3.1234 34.9515
2467.0000 2436.8965 3.1203 34.9513
2469.0000 2438.8611 3.1185 34.9512
2471.0000 2440.8252 3.1160 34.9509
2473.0000 2442.7893 3.1147 34.9509
2475.0000 2444.7534 3.1142 34.9509
2477.0000 2446.7178 3.1125 34.9508
2479.0000 2448.6816 3.1084 34.9506
2481.0000 2450.6460 3.1083 34.9506
2483.0000 2452.6104 3.1076 34.9507
2485.0000 2454.5745 3.1056 34.9507
2487.0000 2456.5383 3.1061 34.9506
2489.0000 2458.5024 3.1034 34.9502
2491.0000 2460.4666 3.0994 34.9501
2493.0000 2462.4304 3.0968 34.9499
2495.0000 2464.3945 3.0955 34.9498
2497.0000 2466.3584 3.0934 34.9497
2499.0000 2468.3225 3.0898 34.9493
2501.0000 2470.2864 3.0891 34.9495
2503.0000 2472.2505 3.0891 34.9496
2505.0000 2474.2146 3.0871 34.9495
2507.0000 2476.1782 3.0849 34.9495
2509.0000 2478.1421 3.0838 34.9495
2511.0000 2480.1060 3.0825 34.9494
2513.0000 2482.0701 3.0787 34.9492
2515.0000 2484.0337 3.0770 34.9491
2517.0000 2485.9973 3.0764 34.9490
2519.0000 2487.9612 3.0741 34.9488
2521.0000 2489.9250 3.0712 34.9485
2523.0000 2491.8889 3.0699 34.9484
2525.0000 2493.8525 3.0690 34.9485
2527.0000 2495.8162 3.0692 34.9487
2529.0000 2497.7800 3.0679 34.9485
2531.0000 2499.7437 3.0647 34.9483
2533.0000 2501.7075 3.0633 34.9482
2535.0000 2503.6711 3.0623 34.9484
2537.0000 2505.6348 3.0605 34.9482
2539.0000 2507.5984 3.0585 34.9481
2541.0000 2509.5618 3.0555 34.9479
2543.0000 2511.5254 3.0522 34.9477
2545.0000 2513.4890 3.0487 34.9476
2547.0000 2515.4526 3.0480 34.9477
2549.0000 2517.4163 3.0469 34.9476
2551.0000 2519.3799 3.0460 34.9476
2553.0000 2521.3433 3.0433 34.9475
2555.0000 2523.3066 3.0446 34.9474
2557.0000 2525.2700 3.0414 34.9473
2559.0000 2527.2334 3.0393 34.9472
2561.0000 2529.1970 3.0372 34.9471
2563.0000 2531.1604 3.0367 34.9471
2565.0000 2533.1238 3.0345 34.9467
2567.0000 2535.0872 3.0314 34.9467
2569.0000 2537.0503 3.0295 34.9465
2571.0000 2539.0137 3.0270 34.9464
2573.0000 2540.9771 3.0256 34.9463
2575.0000 2542.9407 3.0255 34.9462
2577.0000 2544.9036 3.0213 34.9460
2579.0000 2546.8669 3.0160 34.9456
2581.0000 2548.8303 3.0130 34.9453
2583.0000 2550.7932 3.0122 34.9453
2585.0000 2552.7568 3.0099 34.9452
2587.0000 2554.7200 3.0089 34.9452
2589.0000 2556.6829 3.0084 34.9451
2591.0000 2558.6460 3.0060 34.9449
2593.0000 2560.6094 3.0054 34.9448
2595.0000 2562.5725 3.0021 34.9443
2597.0000 2564.5356 2.9985 34.9440
2599.0000 2566.4985 2.9966 34.9437
2601.0000 2568.4619 2.9955 34.9438
2603.0000 2570.4246 2.9955 34.9440
2605.0000 2572.3875 2.9942 34.9440
2607.0000 2574.3508 2.9924 34.9438
2609.0000 2576.3140 2.9899 34.9436
2611.0000 2578.2766 2.9889 34.9434
2613.0000 2580.2395 2.9868 34.9433
2615.0000 2582.2029 2.9846 34.9432
2617.0000 2584.1655 2.9827 34.9430
2619.0000 2586.1284 2.9808 34.9429
2621.0000 2588.0913 2.9831 34.9429
2623.0000 2590.0542 2.9803 34.9430
2625.0000 2592.0171 2.9768 34.9428
2627.0000 2593.9800 2.9739 34.9426
2629.0000 2595.9429 2.9739 34.9424
2631.0000 2597.9055 2.9673 34.9422
2633.0000 2599.8682 2.9670 34.9422
2635.0000 2601.8313 2.9659 34.9420
2637.0000 2603.7939 2.9640 34.9418
2639.0000 2605.7566 2.9621 34.9418
2641.0000 2607.7190 2.9599 34.9417
2643.0000 2609.6821 2.9590 34.9417
2645.0000 2611.6445 2.9573 34.9415
2647.0000 2613.6074 2.9563 34.9413
2649.0000 2615.5698 2.9534 34.9414
2651.0000 2617.5327 2.9515 34.9412
2653.0000 2619.4951 2.9501 34.9410
2655.0000 2621.4578 2.9496 34.9410
2657.0000 2623.4204 2.9517 34.9411
2659.0000 2625.3828 2.9496 34.9411
2661.0000 2627.3455 2.9477 34.9410
2663.0000 2629.3079 2.9463 34.9409
2665.0000 2631.2703 2.9447 34.9408
2667.0000 2633.2329 2.9433 34.9407
2669.0000 2635.1953 2.9436 34.9407
2671.0000 2637.1577 2.9406 34.9406
2673.0000 2639.1201 2.9387 34.9403
2675.0000 2641.0825 2.9353 34.9400
2677.0000 2643.0452 2.9363 34.9399
2679.0000 2645.0073 2.9319 34.9396
2681.0000 2646.9697 2.9305 34.9394
2683.0000 2648.9321 2.9278 34.9391
2685.0000 2650.8945 2.9257 34.9390
2687.0000 2652.8564 2.9242 34.9390
2689.0000 2654.8191 2.9217 34.9387
2691.0000 2656.7812 2.9198 34.9388
2693.0000 2658.7432 2.9195 34.9388
2695.0000 2660.7056 2.9183 34.9388
2697.0000 2662.6680 2.9170 34.9388
2699.0000 2664.6304 2.9128 34.9384
2701.0000 2666.5923 2.9110 34.9383
2703.0000 2668.5544 2.9091 34.9382
2705.0000 2670.5166 2.9087 34.9381
2707.0000 2672.4785 2.9071 34.9380
2709.0000 2674.4407 2.9063 34.9381
2711.0000 2676.4031 2.9064 34.9384
2713.0000 2678.3647 2.9050 34.9383
2715.0000 2680.3269 2.9042 34.9383
2717.0000 2682.2893 2.9032 34.9381
2719.0000 2684.2512 2.9010 34.9378
2721.0000 2686.2129 2.9000 34.9376
2723.0000 2688.1748 2.8990 34.9376
2725.0000 2690.1372 2.8988 34.9378
2727.0000 2692.0989 2.8955 34.9375
2729.0000 2694.0608 2.8974 34.9383
2731.0000 2696.0229 2.8964 34.9381
2733.0000 2697.9849 2.8948 34.9380
2735.0000 2699.9463 2.8944 34.9380
2737.0000 2701.9084 2.8934 34.9378
2739.0000 2703.8704 2.8907 34.9375
2741.0000 2705.8318 2.8883 34.9374
2743.0000 2707.7939 2.8876 34.9373
2745.0000 2709.7556 2.8860 34.9373
2747.0000 2711.7175 2.8861 34.9373
2749.0000 2713.6792 2.8834 34.9370
2751.0000 2715.6409 2.8808 34.9367
2753.0000 2717.6025 2.8775 34.9364
2755.0000 2719.5642 2.8776 34.9364
2757.0000 2721.5259 2.8767 34.9363
2759.0000 2723.4875 2.8765 34.9365
2761.0000 2725.4495 2.8753 34.9365
2763.0000 2727.4109 2.8745 34.9367
2765.0000 2729.3723 2.8740 34.9367
2767.0000 2731.3342 2.8719 34.9364
2769.0000 2733.2957 2.8702 34.9363
2771.0000 2735.2571 2.8680 34.9360
2773.0000 2737.2188 2.8647 34.9357
2775.0000 2739.1802 2.8647 34.9358
2777.0000 2741.1416 2.8626 34.9356
2779.0000 2743.1033 2.8581 34.9351
2781.0000 2745.0647 2.8545 34.9348
2783.0000 2747.0259 2.8518 34.9346
2785.0000 2748.9875 2.8503 34.9345
2787.0000 2750.9490 2.8487 34.9345
2789.0000 2752.9104 2.8467 34.9343
2791.0000 2754.8716 2.8473 34.9344
2793.0000 2756.8330 2.8448 34.9341
2795.0000 2758.7944 2.8431 34.9343
2797.0000 2760.7556 2.8422 34.9343
2799.0000 2762.7168 2.8419 34.9341
2801.0000 2764.6785 2.8386 34.9341
2803.0000 2766.6394 2.8380 34.9341
2805.0000 2768.6008 2.8364 34.9339
2807.0000 2770.5620 2.8363 34.9337
2809.0000 2772.5234 2.8329 34.9336
2811.0000 2774.4844 2.8296 34.9334
2813.0000 2776.4456 2.8286 34.9333
2815.0000 2778.4067 2.8269 34.9331
2817.0000 2780.3679 2.8247 34.9330
2819.0000 2782.3289 2.8235 34.9330
2821.0000 2784.2903 2.8218 34.9327
2823.0000 2786.2512 2.8207 34.9328
2825.0000 2788.2122 2.8202 34.9327
2827.0000 2790.1733 2.8186 34.9326
2829.0000 2792.1343 2.8196 34.9326
2831.0000 2794.0955 2.8164 34.9324
2833.0000 2796.0564 2.8136 34.9323
2835.0000 2798.0173 2.8127 34.9322
2837.0000 2799.9785 2.8122 34.9319
2839.0000 2801.9392 2.8085 34.9319
2841.0000 2803.9004 2.8076 34.9318
2843.0000 2805.8613 2.8065 34.9316
2845.0000 2807.8220 2.8041 34.9314
2847.0000 2809.7830 2.8023 34.9313
2849.0000 2811.7437 2.7987 34.9309
2851.0000 2813.7046 2.7954 34.9308
2853.0000 2815.6653 2.7941 34.9307
2855.0000 2817.6265 2.7928 34.9306
2857.0000 2819.5872 2.7917 34.9306
2859.0000 2821.5476 2.7910 34.9305
2861.0000 2823.5088 2.7912 34.9306
2863.0000 2825.4692 2.7907 34.9307
2865.0000 2827.4299 2.7879 34.9305
2867.0000 2829.3906 2.7866 34.9305
2869.0000 2831.3516 2.7861 34.9303
2871.0000 2833.3123 2.7853 34.9303
2873.0000 2835.2727 2.7849 34.9303
2875.0000 2837.2334 2.7848 34.9301
2877.0000 2839.1941 2.7840 34.9301
2879.0000 2841.1543 2.7838 34.9301
2881.0000 2843.1150 2.7812 34.9298
2883.0000 2845.0757 2.7799 34.9298
2885.0000 2847.0361 2.7788 34.9296
2887.0000 2848.9968 2.7761 34.9293
2889.0000 2850.9573 2.7742 34.9293
2891.0000 2852.9180 2.7723 34.9292
2893.0000 2854.8779 2.7714 34.9292
2895.0000 2856.8384 2.7703 34.9291
2897.0000 2858.7991 2.7690 34.9291
2899.0000 2860.7595 2.7679 34.9289
2901.0000 2862.7197 2.7676 34.9290
2903.0000 2864.6802 2.7659 34.9289
2905.0000 2866.6406 2.7632 34.9288
2907.0000 2868.6008 2.7628 34.9286
2909.0000 2870.5613 2.7617 34.9286
2911.0000 2872.5217 2.7604 34.9285
2913.0000 2874.4819 2.7577 34.9281
2915.0000 2876.4421 2.7549 34.9280
2917.0000 2878.4026 2.7544 34.9280
2919.0000 2880.3625 2.7518 34.9277
2921.0000 2882.3228 2.7502 34.9275
2923.0000 2884.2832 2.7495 34.9275
2925.0000 2886.2437 2.7489 34.9275
2927.0000 2888.2034 2.7482 34.9276
2929.0000 2890.1636 2.7465 34.9275
2931.0000 2892.1235 2.7451 34.9274
2933.0000 2894.0842 2.7442 34.9272
2935.0000 2896.0439 2.7429 34.9270
2937.0000 2898.0042 2.7399 34.9269
2939.0000 2899.9641 2.7373 34.9266
2941.0000 2901.9241 2.7356 34.9265
2943.0000 2903.8840 2.7361 34.9268
2945.0000 2905.8442 2.7342 34.9266
2947.0000 2907.8042 2.7324 34.9266
2949.0000 2909.7642 2.7334 34.9266
2951.0000 2911.7239 2.7330 34.9265
2953.0000 2913.6843 2.7313 34.9267
2955.0000 2915.6438 2.7298 34.9266
2957.0000 2917.6038 2.7305 34.9265
2959.0000 2919.5637 2.7290 34.9265
2961.0000 2921.5237 2.7269 34.9263
2963.0000 2923.4834 2.7244 34.9262
2965.0000 2925.4434 2.7236 34.9261
2967.0000 2927.4031 2.7228 34.9261
2969.0000 2929.3628 2.7217 34.9260
2971.0000 2931.3225 2.7201 34.9259
2973.0000 2933.2825 2.7194 34.9257
2975.0000 2935.2419 2.7192 34.9259
2977.0000 2937.2019 2.7198 34.9261
2979.0000 2939.1614 2.7184 34.9261
2981.0000 2941.1213 2.7184 34.9261
2983.0000 2943.0806 2.7179 34.9262
2985.0000 2945.0405 2.7170 34.9262
2987.0000 2947.0002 2.7163 34.9260
2989.0000 2948.9597 2.7137 34.9259
2991.0000 2950.9194 2.7109 34.9255
2993.0000 2952.8789 2.7097 34.9256
2995.0000 2954.8389 2.7092 34.9255
2997.0000 2956.7979 2.7099 34.9253
2999.0000 2958.7578 2.7059 34.9250
3001.0000 2960.7173 2.7047 34.9250
3003.0000 2962.6765 2.7021 34.9246
3005.0000 2964.6360 2.7016 34.9246
3007.0000 2966.5957 2.7014 34.9246
3009.0000 2968.5552 2.7017 34.9246
3011.0000 2970.5144 2.7001 34.9245
3013.0000 2972.4741 2.6985 34.9242
3015.0000 2974.4333 2.6952 34.9241
3017.0000 2976.3926 2.6938 34.9239
3019.0000 2978.3518 2.6923 34.9240
3021.0000 2980.3115 2.6924 34.9241
3023.0000 2982.2710 2.6926 34.9241
3025.0000 2984.2297 2.6922 34.9241
3027.0000 2986.1892 2.6918 34.9242
3029.0000 2988.1484 2.6896 34.9242
3031.0000 2990.1077 2.6882 34.9241
3033.0000 2992.0669 2.6884 34.9240
3035.0000 2994.0261 2.6870 34.9238
3037.0000 2995.9854 2.6844 34.9239
3039.0000 2997.9443 2.6833 34.9238
3041.0000 2999.9038 2.6826 34.9237
3043.0000 3001.8628 2.6810 34.9236
3045.0000 3003.8220 2.6793 34.9235
3047.0000 3005.7812 2.6781 34.9233
3049.0000 3007.7402 2.6770 34.9233
3051.0000 3009.6990 2.6763 34.9232
3053.0000 3011.6582 2.6753 34.9232
3055.0000 3013.6172 2.6745 34.9231
3057.0000 3015.5764 2.6736 34.9230
3059.0000 3017.5352 2.6725 34.9230
3061.0000 3019.4944 2.6702 34.9228
3063.0000 3021.4534 2.6681 34.9226
3065.0000 3023.4121 2.6669 34.9226
3067.0000 3025.3711 2.6656 34.9224
3069.0000 3027.3301 2.6642 34.9222
3071.0000 3029.2893 2.6607 34.9219
3073.0000 3031.2478 2.6601 34.9219
3075.0000 3033.2068 2.6588 34.9217
3077.0000 3035.1658 2.6548 34.9213
3079.0000 3037.1243 2.6522 34.9212
3081.0000 3039.0833 2.6518 34.9212
3083.0000 3041.0422 2.6496 34.9211
3085.0000 3043.0007 2.6488 34.9212
3087.0000 3044.9595 2.6475 34.9211
3089.0000 3046.9182 2.6461 34.9211
3091.0000 3048.8772 2.6443 34.9209
3093.0000 3050.8357 2.6432 34.9209
3095.0000 3052.7942 2.6451 34.9209
3097.0000 3054.7529 2.6408 34.9207
3099.0000 3056.7119 2.6399 34.9205
3101.0000 3058.6702 2.6398 34.9206
3103.0000 3060.6289 2.6390 34.9205
3105.0000 3062.5876 2.6383 34.9203
3107.0000 3064.5459 2.6358 34.9203
3109.0000 3066.5046 2.6352 34.9203
3111.0000 3068.4634 2.6338 34.9202
3113.0000 3070.4214 2.6341 34.9201
3115.0000 3072.3804 2.6333 34.9200
3117.0000 3074.3386 2.6307 34.9199
3119.0000 3076.2971 2.6295 34.9198
3121.0000 3078.2556 2.6278 34.9196
3123.0000 3080.2139 2.6251 34.9194
3125.0000 3082.1724 2.6221 34.9191
3127.0000 3084.1309 2.6198 34.9189
3129.0000 3086.0891 2.6190 34.9188
3131.0000 3088.0476 2.6178 34.9187
3133.0000 3090.0061 2.6163 34.9185
3135.0000 3091.9641 2.6139 34.9185
3137.0000 3093.9226 2.6133 34.9183
3139.0000 3095.8809 2.6123 34.9182
3141.0000 3097.8394 2.6116 34.9182
3143.0000 3099.7974 2.6102 34.9181
3145.0000 3101.7559 2.6086 34.9181
3147.0000 3103.7141 2.6079 34.9180
3149.0000 3105.6721 2.6067 34.9180
3151.0000 3107.6304 2.6061 34.9180
3153.0000 3109.5889 2.6052 34.9180
3155.0000 3111.5464 2.6046 34.9179
3157.0000 3113.5049 2.6044 34.9179
3159.0000 3115.4629 2.6049 34.9177
3161.0000 3117.4209 2.6029 34.9178
3163.0000 3119.3792 2.6017 34.9176
3165.0000 3121.3372 2.6000 34.9174
3167.0000 3123.2952 2.6002 34.9174
3169.0000 3125.2529 2.5995 34.9174
3171.0000 3127.2112 2.5985 34.9174
3173.0000 3129.1694 2.5989 34.9175
3175.0000 3131.1270 2.5983 34.9175
3177.0000 3133.0852 2.5970 34.9175
3179.0000 3135.0432 2.5958 34.9174
3181.0000 3137.0010 2.5951 34.9173
3183.0000 3138.9587 2.5940 34.9172
3185.0000 3140.9170 2.5920 34.9172
3187.0000 3142.8750 2.5912 34.9170
3189.0000 3144.8323 2.5912 34.9169
3191.0000 3146.7903 2.5894 34.9167
3193.0000 3148.7483 2.5873 34.9166
3195.0000 3150.7061 2.5853 34.9166
3197.0000 3152.6638 2.5840 34.9164
3199.0000 3154.6216 2.5816 34.9161
3201.0000 3156.5796 2.5798 34.9159
3203.0000 3158.5369 2.5782 34.9159
3205.0000 3160.4949 2.5769 34.9159
3207.0000 3162.4526 2.5757 34.9158
3209.0000 3164.4106 2.5763 34.9158
3211.0000 3166.3677 2.5725 34.9157
3213.0000 3168.3254 2.5714 34.9156
3215.0000 3170.2832 2.5706 34.9155
3217.0000 3172.2407 2.5704 34.9155
3219.0000 3174.1982 2.5704 34.9155
3221.0000 3176.1560 2.5688 34.9153
3223.0000 3178.1138 2.5676 34.9154
3225.0000 3180.0710 2.5670 34.9153
3227.0000 3182.0283 2.5659 34.9152
3229.0000 3183.9861 2.5642 34.9150
3231.0000 3185.9436 2.5627 34.9149
3233.0000 3187.9011 2.5616 34.9149
3235.0000 3189.8584 2.5606 34.9149
3237.0000 3191.8157 2.5590 34.9147
3239.0000 3193.7732 2.5581 34.9145
3241.0000 3195.7307 2.5578 34.9146
3243.0000 3197.6880 2.5572 34.9145
3245.0000 3199.6453 2.5547 34.9144
3247.0000 3201.6028 2.5547 34.9146
3249.0000 3203.5603 2.5520 34.9143
3251.0000 3205.5171 2.5505 34.9142
3253.0000 3207.4746 2.5496 34.9141
3255.0000 3209.4321 2.5471 34.9139
3257.0000 3211.3894 2.5455 34.9139
3259.0000 3213.3464 2.5456 34.9137
3261.0000 3215.3035 2.5442 34.9136
3263.0000 3217.2610 2.5434 34.9136
3265.0000 3219.2178 2.5411 34.9134
3267.0000 3221.1753 2.5403 34.9133
3269.0000 3223.1326 2.5397 34.9133
3271.0000 3225.0896 2.5391 34.9132
3273.0000 3227.0464 2.5377 34.9132
3275.0000 3229.0039 2.5372 34.9133
3277.0000 3230.9609 2.5368 34.9130
3279.0000 3232.9180 2.5367 34.9130
3281.0000 3234.8750 2.5364 34.9131
3283.0000 3236.8320 2.5349 34.9131
3285.0000 3238.7891 2.5336 34.9129
3287.0000 3240.7458 2.5324 34.9130
3289.0000 3242.7031 2.5306 34.9128
3291.0000 3244.6599 2.5290 34.9126
3293.0000 3246.6167 2.5279 34.9125
3295.0000 3248.5737 2.5270 34.9125
3297.0000 3250.5308 2.5251 34.9123
3299.0000 3252.4875 2.5238 34.9124
3301.0000 3254.4443 2.5221 34.9122
3303.0000 3256.4014 2.5204 34.9120
3305.0000 3258.3584 2.5193 34.9119
3307.0000 3260.3149 2.5187 34.9120
3309.0000 3262.2720 2.5182 34.9119
3311.0000 3264.2288 2.5175 34.9118
3313.0000 3266.1853 2.5166 34.9118
3315.0000 3268.1418 2.5164 34.9118
3317.0000 3270.0989 2.5166 34.9117
3319.0000 3272.0557 2.5142 34.9116
3321.0000 3274.0122 2.5128 34.9114
3323.0000 3275.9690 2.5114 34.9113
3325.0000 3277.9255 2.5121 34.9113
3327.0000 3279.8821 2.5104 34.9113
3329.0000 3281.8389 2.5104 34.9113
3331.0000 3283.7957 2.5090 34.9112
3333.0000 3285.7522 2.5077 34.9111
3335.0000 3287.7087 2.5070 34.9111
3337.0000 3289.6650 2.5054 34.9109
3339.0000 3291.6218 2.5044 34.9110
3341.0000 3293.5781 2.5042 34.9109
3343.0000 3295.5347 2.5044 34.9108
3345.0000 3297.4915 2.5023 34.9106
3347.0000 3299.4480 2.5006 34.9106
3349.0000 3301.4043 2.5001 34.9106
3351.0000 3303.3606 2.4990 34.9104
3353.0000 3305.3171 2.4972 34.9102
3355.0000 3307.2732 2.4960 34.9102
3357.0000 3309.2297 2.4951 34.9102
3359.0000 3311.1863 2.4947 34.9101
3361.0000 3313.1428 2.4928 34.9099
3363.0000 3315.0989 2.4918 34.9099
3365.0000 3317.0554 2.4903 34.9097
3367.0000 3319.0115 2.4894 34.9097
3369.0000 3320.9675 2.4884 34.9097
3371.0000 3322.9241 2.4875 34.9095
3373.0000 3324.8804 2.4871 34.9096
3375.0000 3326.8364 2.4868 34.9095
3377.0000 3328.7927 2.4854 34.9094
3379.0000 3330.7490 2.4850 34.9094
3381.0000 3332.7053 2.4850 34.9094
3383.0000 3334.6611 2.4845 34.9093
3385.0000 3336.6174 2.4841 34.9093
3387.0000 3338.5735 2.4827 34.9091
3389.0000 3340.5293 2.4799 34.9091
3391.0000 3342.4856 2.4784 34.9089
3393.0000 3344.4417 2.4773 34.9088
3395.0000 3346.3979 2.4766 34.9088
3397.0000 3348.3540 2.4760 34.9087
3399.0000 3350.3098 2.4751 34.9087
3401.0000 3352.2661 2.4746 34.9087
3403.0000 3354.2217 2.4741 34.9086
3405.0000 3356.1775 2.4736 34.9085
3407.0000 3358.1338 2.4730 34.9085
3409.0000 3360.0896 2.4723 34.9084
3411.0000 3362.0452 2.4715 34.9083
3413.0000 3364.0015 2.4697 34.9082
3415.0000 3365.9575 2.4687 34.9082
3417.0000 3367.9128 2.4684 34.9081
3419.0000 3369.8691 2.4676 34.9080
3421.0000 3371.8252 2.4661 34.9080
3423.0000 3373.7810 2.4652 34.9079
3425.0000 3375.7366 2.4644 34.9078
3427.0000 3377.6924 2.4642 34.9077
3429.0000 3379.6479 2.4626 34.9078
3431.0000 3381.6033 2.4620 34.9077
3433.0000 3383.5593 2.4612 34.9076
3435.0000 3385.5151 2.4606 34.9076
3437.0000 3387.4707 2.4604 34.9076
3439.0000 3389.4265 2.4601 34.9075
3441.0000 3391.3821 2.4598 34.9075
3443.0000 3393.3379 2.4595 34.9075
3445.0000 3395.2935 2.4590 34.9074
3447.0000 3397.2488 2.4583 34.9074
3449.0000 3399.2046 2.4574 34.9073
3451.0000 3401.1602 2.4561 34.9071
3453.0000 3403.1157 2.4562 34.9071
3455.0000 3405.0715 2.4554 34.9070
3457.0000 3407.0271 2.4527 34.9069
3459.0000 3408.9822 2.4514 34.9069
3461.0000 3410.9380 2.4508 34.9069
3463.0000 3412.8933 2.4512 34.9067
3465.0000 3414.8486 2.4492 34.9067
3467.0000 3416.8040 2.4483 34.9067
3469.0000 3418.7595 2.4474 34.9066
3471.0000 3420.7148 2.4464 34.9065
3473.0000 3422.6699 2.4451 34.9065
3475.0000 3424.6255 2.4445 34.9064
3477.0000 3426.5808 2.4440 34.9064
3479.0000 3428.5361 2.4436 34.9064
3481.0000 3430.4915 2.4429 34.9063
3483.0000 3432.4470 2.4418 34.9061
3485.0000 3434.4021 2.4405 34.9062
3487.0000 3436.3572 2.4401 34.9061
3489.0000 3438.3125 2.4388 34.9060
3491.0000 3440.2676 2.4386 34.9060
3493.0000 3442.2227 2.4380 34.9059
3495.0000 3444.1782 2.4362 34.9057
3497.0000 3446.1333 2.4353 34.9058
3499.0000 3448.0884 2.4353 34.9058
3501.0000 3450.0432 2.4351 34.9057
3503.0000 3451.9988 2.4340 34.9056
3505.0000 3453.9539 2.4333 34.9055
3507.0000 3455.9084 2.4322 34.9055
3509.0000 3457.8640 2.4316 34.9054
3511.0000 3459.8191 2.4311 34.9054
3513.0000 3461.7737 2.4311 34.9053
3515.0000 3463.7288 2.4306 34.9054
3517.0000 3465.6838 2.4300 34.9053
3519.0000 3467.6387 2.4291 34.9052
3521.0000 3469.5940 2.4277 34.9051
3523.0000 3471.5488 2.4274 34.9050
3525.0000 3473.5034 2.4262 34.9050
3527.0000 3475.4583 2.4250 34.9049
3529.0000 3477.4133 2.4250 34.9049
3531.0000 3479.3684 2.4249 34.9048
3533.0000 3481.3232 2.4238 34.9048
3535.0000 3483.2781 2.4234 34.9048
3537.0000 3485.2327 2.4224 34.9048
3539.0000 3487.1877 2.4222 34.9047
3541.0000 3489.1423 2.4213 34.9046
3543.0000 3491.0969 2.4206 34.9046
3545.0000 3493.0520 2.4198 34.9046
3547.0000 3495.0071 2.4191 34.9045
3549.0000 3496.9612 2.4194 34.9044
3551.0000 3498.9163 2.4172 34.9043
3553.0000 3500.8708 2.4167 34.9044
3555.0000 3502.8252 2.4157 34.9042
3557.0000 3504.7803 2.4136 34.9042
3559.0000 3506.7349 2.4142 34.9040
3561.0000 3508.6892 2.4117 34.9038
3563.0000 3510.6438 2.4109 34.9039
3565.0000 3512.5984 2.4104 34.9038
3567.0000 3514.5530 2.4093 34.9037
3569.0000 3516.5073 2.4087 34.9036
3571.0000 3518.4619 2.4080 34.9036
3573.0000 3520.4165 2.4062 34.9035
3575.0000 3522.3708 2.4053 34.9035
3577.0000 3524.3254 2.4048 34.9034
3579.0000 3526.2800 2.4041 34.9033
3581.0000 3528.2341 2.4033 34.9033
3583.0000 3530.1885 2.4031 34.9031
3585.0000 3532.1431 2.4020 34.9032
3587.0000 3534.0977 2.4022 34.9032
3589.0000 3536.0520 2.4021 34.9032
3591.0000 3538.0061 2.4018 34.9032
3593.0000 3539.9607 2.4017 34.9032
3595.0000 3541.9150 2.4016 34.9032
3597.0000 3543.8691 2.4013 34.9031
3599.0000 3545.8235 2.4000 34.9030
3601.0000 3547.7776 2.4003 34.9029
3603.0000 3549.7319 2.3987 34.9029
3605.0000 3551.6860 2.3978 34.9029
3607.0000 3553.6401 2.3969 34.9028
3609.0000 3555.5945 2.3962 34.9028
3611.0000 3557.5486 2.3967 34.9026
3613.0000 3559.5029 2.3954 34.9026
3615.0000 3561.4570 2.3938 34.9026
3617.0000 3563.4109 2.3937 34.9027
3619.0000 3565.3652 2.3932 34.9026
3621.0000 3567.3193 2.3930 34.9023
3623.0000 3569.2734 2.3913 34.9023
3625.0000 3571.2273 2.3906 34.9023
3627.0000 3573.1816 2.3898 34.9023
3629.0000 3575.1353 2.3891 34.9021
3631.0000 3577.0896 2.3873 34.9019
3633.0000 3579.0435 2.3864 34.9020
3635.0000 3580.9976 2.3865 34.9019
3637.0000 3582.9514 2.3867 34.9019
3639.0000 3584.9053 2.3856 34.9019
3641.0000 3586.8594 2.3847 34.9017
3643.0000 3588.8132 2.3844 34.9017
3645.0000 3590.7666 2.3839 34.9017
3647.0000 3592.7207 2.3837 34.9017
3649.0000 3594.6750 2.3832 34.9016
3651.0000 3596.6284 2.3833 34.9016
3653.0000 3598.5823 2.3835 34.9017
3655.0000 3600.5359 2.3827 34.9015
3657.0000 3602.4902 2.3821 34.9015
3659.0000 3604.4436 2.3809 34.9015
3661.0000 3606.3975 2.3803 34.9014
3663.0000 3608.3511 2.3793 34.9013
3665.0000 3610.3044 2.3788 34.9014
3667.0000 3612.2583 2.3787 34.9013
3669.0000 3614.2122 2.3786 34.9013
3671.0000 3616.1658 2.3780 34.9012
3673.0000 3618.1194 2.3766 34.9011
3675.0000 3620.0730 2.3774 34.9010
3677.0000 3622.0269 2.3753 34.9010
3679.0000 3623.9802 2.3751 34.9010
3681.0000 3625.9336 2.3741 34.9009
3683.0000 3627.8875 2.3734 34.9007
3685.0000 3629.8408 2.3742 34.9007
3687.0000 3631.7942 2.3730 34.9007
3689.0000 3633.7476 2.3725 34.9008
3691.0000 3635.7017 2.3708 34.9005
3693.0000 3637.6548 2.3689 34.9003
3695.0000 3639.6082 2.3684 34.9004
3697.0000 3641.5618 2.3687 34.9003
3699.0000 3643.5149 2.3679 34.9003
3701.0000 3645.4683 2.3673 34.9003
3703.0000 3647.4221 2.3660 34.9001
3705.0000 3649.3755 2.3670 34.9001
3707.0000 3651.3284 2.3649 34.9001
3709.0000 3653.2817 2.3644 34.9001
3711.0000 3655.2351 2.3641 34.9000
3713.0000 3657.1880 2.3633 34.9000
3715.0000 3659.1418 2.3636 34.8999
3717.0000 3661.0952 2.3633 34.8999
3719.0000 3663.0481 2.3629 34.9000
3721.0000 3665.0012 2.3621 34.8999
3723.0000 3666.9546 2.3613 34.8998
3725.0000 3668.9080 2.3611 34.8998
3727.0000 3670.8608 2.3612 34.8998
3729.0000 3672.8142 2.3610 34.8997
3731.0000 3674.7671 2.3607 34.8996
3733.0000 3676.7205 2.3603 34.8997
3735.0000 3678.6736 2.3597 34.8996
3737.0000 3680.6265 2.3593 34.8995
3739.0000 3682.5798 2.3590 34.8996
3741.0000 3684.5325 2.3590 34.8996
3743.0000 3686.4854 2.3591 34.8995
3745.0000 3688.4387 2.3585 34.8994
3747.0000 3690.3921 2.3566 34.8993
3749.0000 3692.3447 2.3563 34.8993
3751.0000 3694.2976 2.3563 34.8994
3753.0000 3696.2505 2.3562 34.8994
3755.0000 3698.2036 2.3562 34.8993
3757.0000 3700.1565 2.3552 34.8992
3759.0000 3702.1094 2.3543 34.8991
3761.0000 3704.0620 2.3535 34.8991
3763.0000 3706.0149 2.3533 34.8991
3765.0000 3707.9678 2.3523 34.8990
3767.0000 3709.9209 2.3508 34.8988
3769.0000 3711.8733 2.3496 34.8988
3771.0000 3713.8259 2.3493 34.8987
3773.0000 3715.7793 2.3493 34.8987
3775.0000 3717.7314 2.3493 34.8987
3777.0000 3719.6843 2.3494 34.8987
3779.0000 3721.6370 2.3494 34.8987
3781.0000 3723.5901 2.3488 34.8987
3783.0000 3725.5425 2.3479 34.8986
3785.0000 3727.4954 2.3474 34.8986
3787.0000 3729.4478 2.3463 34.8984
3789.0000 3731.4004 2.3451 34.8983
3791.0000 3733.3530 2.3443 34.8982
3793.0000 3735.3059 2.3434 34.8981
3795.0000 3737.2583 2.3428 34.8981
3797.0000 3739.2109 2.3421 34.8980
3799.0000 3741.1636 2.3416 34.8979
3801.0000 3743.1160 2.3415 34.8979
3803.0000 3745.0681 2.3410 34.8979
3805.0000 3747.0210 2.3411 34.8978
3807.0000 3748.9736 2.3409 34.8977
3809.0000 3750.9260 2.3407 34.8978
3811.0000 3752.8779 2.3403 34.8978
3813.0000 3754.8308 2.3404 34.8977
3815.0000 3756.7832 2.3398 34.8976
3817.0000 3758.7351 2.3392 34.8977
3819.0000 3760.6875 2.3387 34.8977
3821.0000 3762.6406 2.3378 34.8974
3823.0000 3764.5923 2.3375 34.8975
3825.0000 3766.5447 2.3374 34.8975
3827.0000 3768.4973 2.3367 34.8973
3829.0000 3770.4497 2.3363 34.8974
3831.0000 3772.4016 2.3363 34.8973
3833.0000 3774.3538 2.3363 34.8973
3835.0000 3776.3062 2.3363 34.8973
3837.0000 3778.2583 2.3364 34.8973
3839.0000 3780.2104 2.3363 34.8973
3841.0000 3782.1628 2.3361 34.8972
3843.0000 3784.1150 2.3363 34.8974
3845.0000 3786.0669 2.3354 34.8972
3847.0000 3788.0188 2.3352 34.8970
3849.0000 3789.9714 2.3347 34.8971
3851.0000 3791.9231 2.3346 34.8971
3853.0000 3793.8752 2.3340 34.8971
3855.0000 3795.8276 2.3335 34.8970
3857.0000 3797.7798 2.3331 34.8968
3859.0000 3799.7317 2.3327 34.8969
3861.0000 3801.6836 2.3325 34.8969
3863.0000 3803.6357 2.3323 34.8968
3865.0000 3805.5874 2.3319 34.8967
3867.0000 3807.5396 2.3315 34.8967
3869.0000 3809.4917 2.3312 34.8966
3871.0000 3811.4434 2.3304 34.8966
3873.0000 3813.3950 2.3298 34.8965
3875.0000 3815.3472 2.3297 34.8965
3877.0000 3817.2993 2.3294 34.8965
3879.0000 3819.2507 2.3288 34.8965
3881.0000 3821.2026 2.3276 34.8962
3883.0000 3823.1545 2.3257 34.8961
3885.0000 3825.1064 2.3250 34.8961
3887.0000 3827.0583 2.3240 34.8959
3889.0000 3829.0100 2.3237 34.8959
3891.0000 3830.9617 2.3231 34.8959
3893.0000 3832.9133 2.3228 34.8959
3895.0000 3834.8650 2.3229 34.8958
3897.0000 3836.8167 2.3226 34.8958
3899.0000 3838.7686 2.3225 34.8958
3901.0000 3840.7202 2.3225 34.8957
3903.0000 3842.6719 2.3223 34.8957
3905.0000 3844.6235 2.3222 34.8957
3907.0000 3846.5747 2.3220 34.8957
3909.0000 3848.5264 2.3220 34.8957
3911.0000 3850.4785 2.3215 34.8957
3913.0000 3852.4294 2.3208 34.8955
3915.0000 3854.3816 2.3206 34.8955
3917.0000 3856.3328 2.3212 34.8954
3919.0000 3858.2844 2.3206 34.8955
3921.0000 3860.2358 2.3204 34.8955
3923.0000 3862.1875 2.3197 34.8954
3925.0000 3864.1387 2.3195 34.8953
3927.0000 3866.0901 2.3193 34.8953
3929.0000 3868.0417 2.3188 34.8954
3931.0000 3869.9929 2.3182 34.8953
3933.0000 3871.9446 2.3182 34.8953
3935.0000 3873.8955 2.3181 34.8952
3937.0000 3875.8472 2.3185 34.8951
3939.0000 3877.7986 2.3173 34.8952
3941.0000 3879.7495 2.3172 34.8951
3943.0000 3881.7012 2.3168 34.8952
3945.0000 3883.6523 2.3165 34.8950
3947.0000 3885.6038 2.3165 34.8950
3949.0000 3887.5549 2.3168 34.8950
3951.0000 3889.5061 2.3166 34.8950
3953.0000 3891.4575 2.3165 34.8950
3955.0000 3893.4084 2.3165 34.8950
3957.0000 3895.3596 2.3167 34.8949
3959.0000 3897.3108 2.3164 34.8949
3961.0000 3899.2617 2.3163 34.8949
3963.0000 3901.2134 2.3164 34.8948
3965.0000 3903.1643 2.3165 34.8949
3967.0000 3905.1155 2.3164 34.8948
3969.0000 3907.0664 2.3160 34.8948
3971.0000 3909.0173 2.3157 34.8948
3973.0000 3910.9690 2.3153 34.8948
3975.0000 3912.9194 2.3150 34.8947
3977.0000 3914.8704 2.3150 34.8947
3979.0000 3916.8215 2.3152 34.8947
3981.0000 3918.7727 2.3153 34.8947
3983.0000 3920.7236 2.3153 34.8947
3985.0000 3922.6746 2.3152 34.8947
3987.0000 3924.6255 2.3154 34.8947
3989.0000 3926.5762 2.3153 34.8947
3991.0000 3928.5271 2.3153 34.8947
3993.0000 3930.4783 2.3152 34.8946
3995.0000 3932.4292 2.3151 34.8946
3997.0000 3934.3796 2.3147 34.8946
3999.0000 3936.3306 2.3142 34.8945
4001.0000 3938.2812 2.3136 34.8945
4003.0000 3940.2322 2.3134 34.8944
4005.0000 3942.1826 2.3131 34.8944
4007.0000 3944.1340 2.3127 34.8944
4009.0000 3946.0845 2.3127 34.8944
4011.0000 3948.0352 2.3123 34.8944
4013.0000 3949.9856 2.3121 34.8942
4015.0000 3951.9365 2.3115 34.8943
4017.0000 3953.8870 2.3113 34.8942
4019.0000 3955.8379 2.3112 34.8943
4021.0000 3957.7886 2.3109 34.8942
4023.0000 3959.7388 2.3106 34.8942
4025.0000 3961.6895 2.3100 34.8941
4027.0000 3963.6404 2.3101 34.8941
4029.0000 3965.5913 2.3101 34.8941
4031.0000 3967.5413 2.3098 34.8940
4033.0000 3969.4922 2.3093 34.8940
4035.0000 3971.4426 2.3087 34.8940
4037.0000 3973.3926 2.3084 34.8938
4039.0000 3975.3435 2.3085 34.8939
4041.0000 3977.2939 2.3085 34.8938
4043.0000 3979.2446 2.3086 34.8938
4045.0000 3981.1943 2.3088 34.8938
4047.0000 3983.1453 2.3087 34.8938
4049.0000 3985.0957 2.3087 34.8937
4051.0000 3987.0461 2.3079 34.8938
4053.0000 3988.9961 2.3080 34.8938
4055.0000 3990.9468 2.3081 34.8937
4057.0000 3992.8970 2.3077 34.8938
4059.0000 3994.8474 2.3078 34.8937
4061.0000 3996.7974 2.3076 34.8938
4063.0000 3998.7483 2.3076 34.8936
4065.0000 4000.6978 2.3070 34.8935
4067.0000 4002.6482 2.3065 34.8934
4069.0000 4004.5986 2.3066 34.8935
4071.0000 4006.5491 2.3062 34.8935
4073.0000 4008.4988 2.3058 34.8934
4075.0000 4010.4492 2.3057 34.8933
4077.0000 4012.3992 2.3054 34.8933
4079.0000 4014.3496 2.3053 34.8933
4081.0000 4016.2996 2.3049 34.8932
4083.0000 4018.2500 2.3050 34.8931
4085.0000 4020.1997 2.3048 34.8931
4087.0000 4022.1497 2.3045 34.8932
4089.0000 4024.0996 2.3043 34.8930
4091.0000 4026.0500 2.3042 34.8930
4093.0000 4027.9998 2.3041 34.8930
4095.0000 4029.9502 2.3039 34.8929
4097.0000 4031.8997 2.3037 34.8930
4099.0000 4033.8499 2.3035 34.8930
4101.0000 4035.7998 2.3029 34.8929
4103.0000 4037.7498 2.3029 34.8927
4105.0000 4039.6997 2.3026 34.8928
4107.0000 4041.6494 2.3020 34.8927
4109.0000 4043.5994 2.3014 34.8927
4111.0000 4045.5493 2.3010 34.8926
4113.0000 4047.4985 2.3013 34.8925
4115.0000 4049.4490 2.3005 34.8926
4117.0000 4051.3987 2.3003 34.8926
4119.0000 4053.3486 2.3001 34.8926
4121.0000 4055.2979 2.3005 34.8925
4123.0000 4057.2483 2.3001 34.8925
4125.0000 4059.1978 2.3001 34.8925
4127.0000 4061.1475 2.2999 34.8926
4129.0000 4063.0974 2.2997 34.8925
4131.0000 4065.0471 2.2998 34.8925
4133.0000 4066.9971 2.2997 34.8924
4135.0000 4068.9463 2.2995 34.8924
4137.0000 4070.8958 2.2995 34.8924
4139.0000 4072.8455 2.2995 34.8924
4141.0000 4074.7949 2.2990 34.8923
4143.0000 4076.7446 2.2984 34.8921
4145.0000 4078.6941 2.2979 34.8922
4147.0000 4080.6433 2.2982 34.8923
4149.0000 4082.5935 2.2984 34.8921
4151.0000 4084.5430 2.2984 34.8922
4153.0000 4086.4927 2.2985 34.8921
4155.0000 4088.4417 2.2987 34.8922
4157.0000 4090.3914 2.2986 34.8921
4159.0000 4092.3408 2.2980 34.8921
4161.0000 4094.2898 2.2971 34.8920
4163.0000 4096.2397 2.2970 34.8919
4165.0000 4098.1895 2.2970 34.8919
4167.0000 4100.1387 2.2971 34.8918
4169.0000 4102.0879 2.2971 34.8919
4171.0000 4104.0366 2.2970 34.8918
4173.0000 4105.9863 2.2969 34.8919
4175.0000 4107.9351 2.2966 34.8917
4177.0000 4109.8848 2.2971 34.8916
4179.0000 4111.8345 2.2961 34.8918
4181.0000 4113.7837 2.2962 34.8917
4183.0000 4115.7329 2.2960 34.8918
4185.0000 4117.6821 2.2955 34.8916
4187.0000 4119.6313 2.2951 34.8915
4189.0000 4121.5801 2.2952 34.8915
4191.0000 4123.5293 2.2953 34.8915
4193.0000 4125.4790 2.2953 34.8915
4195.0000 4127.4282 2.2951 34.8915
4197.0000 4129.3770 2.2952 34.8914
4199.0000 4131.3262 2.2952 34.8915
4201.0000 4133.2754 2.2953 34.8914
4203.0000 4135.2246 2.2953 34.8915
4205.0000 4137.1733 2.2950 34.8914
4207.0000 4139.1226 2.2949 34.8913
4209.0000 4141.0718 2.2943 34.8913
4211.0000 4143.0205 2.2942 34.8913
4213.0000 4144.9697 2.2944 34.8912
4215.0000 4146.9185 2.2943 34.8912
4217.0000 4148.8672 2.2943 34.8912
4219.0000 4150.8164 2.2943 34.8911
4221.0000 4152.7651 2.2940 34.8911
4223.0000 4154.7139 2.2939 34.8912
4225.0000 4156.6631 2.2939 34.8912
4227.0000 4158.6118 2.2939 34.8910
4229.0000 4160.5610 2.2939 34.8911
4231.0000 4162.5093 2.2938 34.8910
4233.0000 4164.4585 2.2934 34.8910
4235.0000 4166.4072 2.2935 34.8911
4237.0000 4168.3560 2.2934 34.8911
4239.0000 4170.3047 2.2931 34.8910
4241.0000 4172.2534 2.2928 34.8909
4243.0000 4174.2026 2.2928 34.8909
4245.0000 4176.1509 2.2929 34.8909
4247.0000 4178.0996 2.2930 34.8909
4249.0000 4180.0483 2.2929 34.8909
4251.0000 4181.9971 2.2931 34.8908
4253.0000 4183.9453 2.2932 34.8910
4255.0000 4185.8940 2.2934 34.8910
4257.0000 4187.8433 2.2934 34.8910
4259.0000 4189.7915 2.2936 34.8910
4261.0000 4191.7402 2.2937 34.8911
4263.0000 4193.6890 2.2939 34.8910
4265.0000 4195.6367 2.2940 34.8909
4267.0000 4197.5859 2.2941 34.8910
4269.0000 4199.5347 2.2940 34.8910
4271.0000 4201.4829 2.2939 34.8909
4273.0000 4203.4312 2.2937 34.8908
4275.0000 4205.3799 2.2940 34.8907
4277.0000 4207.3281 2.2939 34.8909
4279.0000 4209.2764 2.2937 34.8908
4281.0000 4211.2251 2.2932 34.8908
4283.0000 4213.1733 2.2933 34.8908
4285.0000 4215.1216 2.2934 34.8907
4287.0000 4217.0698 2.2929 34.8908
4289.0000 4219.0186 2.2928 34.8907
4291.0000 4220.9668 2.2927 34.8906
4293.0000 4222.9150 2.2927 34.8905
4295.0000 4224.8628 2.2924 34.8906
4297.0000 4226.8115 2.2925 34.8906
4299.0000 4228.7598 2.2927 34.8907
4301.0000 4230.7080 2.2923 34.8906
4303.0000 4232.6562 2.2921 34.8905
4305.0000 4234.6045 2.2923 34.8905
4307.0000 4236.5527 2.2924 34.8905
4309.0000 4238.5010 2.2920 34.8904
4311.0000 4240.4492 2.2917 34.8904
4313.0000 4242.3970 2.2916 34.8904
4315.0000 4244.3452 2.2914 34.8904
4317.0000 4246.2935 2.2914 34.8904
4319.0000 4248.2417 2.2910 34.8903
4321.0000 4250.1895 2.2908 34.8902
4323.0000 4252.1377 2.2903 34.8902
4325.0000 4254.0859 2.2901 34.8902
4327.0000 4256.0332 2.2895 34.8900
4329.0000 4257.9819 2.2891 34.8900
4331.0000 4259.9297 2.2889 34.8900
4333.0000 4261.8779 2.2888 34.8900
4335.0000 4263.8252 2.2884 34.8900
4337.0000 4265.7734 2.2882 34.8899
4339.0000 4267.7217 2.2879 34.8898
4341.0000 4269.6689 2.2877 34.8898
4343.0000 4271.6172 2.2877 34.8899
4345.0000 4273.5649 2.2875 34.8898
4347.0000 4275.5127 2.2874 34.8896
4349.0000 4277.4604 2.2873 34.8897
4351.0000 4279.4087 2.2874 34.8897
4353.0000 4281.3564 2.2875 34.8897
4355.0000 4283.3042 2.2873 34.8897
4357.0000 4285.2515 2.2871 34.8897
4359.0000 4287.1997 2.2868 34.8894
4361.0000 4289.1475 2.2868 34.8894
4363.0000 4291.0947 2.2868 34.8894
4365.0000 4293.0430 2.2869 34.8894
4367.0000 4294.9907 2.2868 34.8893
4369.0000 4296.9385 2.2865 34.8893
4371.0000 4298.8853 2.2863 34.8893
4373.0000 4300.8335 2.2864 34.8893
4375.0000 4302.7808 2.2865 34.8894
4377.0000 4304.7285 2.2865 34.8893
4379.0000 4306.6763 2.2862 34.8892
4381.0000 4308.6235 2.2860 34.8892
4383.0000 4310.5713 2.2860 34.8892
4385.0000 4312.5190 2.2861 34.8891
4387.0000 4314.4668 2.2862 34.8893
4389.0000 4316.4136 2.2862 34.8892
4391.0000 4318.3613 2.2861 34.8891
4393.0000 4320.3091 2.2861 34.8890
4395.0000 4322.2563 2.2860 34.8891
4397.0000 4324.2031 2.2860 34.8891
4399.0000 4326.1509 2.2858 34.8891
4401.0000 4328.0986 2.2858 34.8890
4403.0000 4330.0459 2.2857 34.8890
4405.0000 4331.9927 2.2852 34.8889
4407.0000 4333.9404 2.2851 34.8889
4409.0000 4335.8877 2.2851 34.8889
4411.0000 4337.8354 2.2850 34.8888
4413.0000 4339.7827 2.2850 34.8887
4415.0000 4341.7300 2.2849 34.8889
4417.0000 4343.6768 2.2851 34.8887
4419.0000 4345.6240 2.2853 34.8887
4421.0000 4347.5713 2.2852 34.8887
4423.0000 4349.5186 2.2852 34.8887
4425.0000 4351.4658 2.2853 34.8887
4427.0000 4353.4131 2.2852 34.8886
4429.0000 4355.3604 2.2855 34.8887
4431.0000 4357.3071 2.2858 34.8887
4433.0000 4359.2549 2.2856 34.8886
4435.0000 4361.2012 2.2855 34.8886
4437.0000 4363.1484 2.2857 34.8886
4439.0000 4365.0957 2.2856 34.8886
4441.0000 4367.0430 2.2857 34.8886
4443.0000 4368.9902 2.2859 34.8886
4445.0000 4370.9365 2.2860 34.8886
4447.0000 4372.8838 2.2860 34.8885
4449.0000 4374.8311 2.2857 34.8884
4451.0000 4376.7773 2.2854 34.8884
4453.0000 4378.7246 2.2852 34.8884
4455.0000 4380.6714 2.2852 34.8883
4457.0000 4382.6182 2.2849 34.8882
4459.0000 4384.5649 2.2844 34.8883
4461.0000 4386.5122 2.2844 34.8883
4463.0000 4388.4590 2.2845 34.8882
4465.0000 4390.4058 2.2846 34.8882
4467.0000 4392.3525 2.2847 34.8882
4469.0000 4394.2993 2.2850 34.8882
4471.0000 4396.2466 2.2851 34.8881
4473.0000 4398.1934 2.2848 34.8881
4475.0000 4400.1396 2.2849 34.8881
4477.0000 4402.0869 2.2850 34.8882
4479.0000 4404.0332 2.2852 34.8881
4481.0000 4405.9800 2.2851 34.8880
4483.0000 4407.9268 2.2854 34.8879
4485.0000 4409.8730 2.2844 34.8880
4487.0000 4411.8203 2.2843 34.8880
4489.0000 4413.7671 2.2840 34.8880
4491.0000 4415.7134 2.2846 34.8878
4493.0000 4417.6597 2.2840 34.8879
4495.0000 4419.6064 2.2840 34.8879
4497.0000 4421.5532 2.2839 34.8879
4499.0000 4423.4995 2.2837 34.8878
4501.0000 4425.4463 2.2836 34.8878
4503.0000 4427.3931 2.2834 34.8877
4505.0000 4429.3394 2.2832 34.8877
4507.0000 4431.2856 2.2832 34.8877
4509.0000 4433.2319 2.2833 34.8877
4511.0000 4435.1787 2.2833 34.8877
4513.0000 4437.1250 2.2834 34.8877
4515.0000 4439.0718 2.2836 34.8877
4517.0000 4441.0181 2.2838 34.8876
4519.0000 4442.9648 2.2839 34.8876
4521.0000 4444.9102 2.2839 34.8875
4523.0000 4446.8569 2.2838 34.8876
4525.0000 4448.8037 2.2840 34.8875
4527.0000 4450.7495 2.2840 34.8875
4529.0000 4452.6963 2.2840 34.8875
4531.0000 4454.6426 2.2838 34.8874
4533.0000 4456.5889 2.2839 34.8874
4535.0000 4458.5347 2.2838 34.8874
4537.0000 4460.4810 2.2838 34.8874
4539.0000 4462.4272 2.2837 34.8874
4541.0000 4464.3730 2.2836 34.8873
4543.0000 4466.3198 2.2832 34.8873
4545.0000 4468.2661 2.2831 34.8872
4547.0000 4470.2119 2.2828 34.8872
4549.0000 4472.1582 2.2825 34.8871
4551.0000 4474.1045 2.2823 34.8870
4553.0000 4476.0508 2.2816 34.8870
4555.0000 4477.9966 2.2814 34.8870
4557.0000 4479.9424 2.2814 34.8870
4559.0000 4481.8882 2.2808 34.8869
4561.0000 4483.8340 2.2808 34.8867
4563.0000 4485.7803 2.2805 34.8867
4565.0000 4487.7266 2.2804 34.8867
4567.0000 4489.6729 2.2806 34.8867
4569.0000 4491.6187 2.2806 34.8866
4571.0000 4493.5645 2.2805 34.8866
4573.0000 4495.5107 2.2804 34.8866
4575.0000 4497.4565 2.2807 34.8865
4577.0000 4499.4023 2.2809 34.8866
4579.0000 4501.3486 2.2811 34.8867
4581.0000 4503.2939 2.2807 34.8866
4583.0000 4505.2397 2.2806 34.8866
4585.0000 4507.1855 2.2807 34.8865
4587.0000 4509.1313 2.2806 34.8865
4589.0000 4511.0771 2.2808 34.8865
4591.0000 4513.0229 2.2805 34.8865
4593.0000 4514.9688 2.2805 34.8864
4595.0000 4516.9146 2.2806 34.8865
4597.0000 4518.8604 2.2804 34.8863
4599.0000 4520.8062 2.2800 34.8863
4601.0000 4522.7520 2.2800 34.8864
4603.0000 4524.6973 2.2798 34.8863
4605.0000 4526.6431 2.2795 34.8862
4607.0000 4528.5889 2.2797 34.8861
4609.0000 4530.5347 2.2790 34.8861
4611.0000 4532.4805 2.2792 34.8861
4613.0000 4534.4258 2.2790 34.8860
4615.0000 4536.3711 2.2786 34.8860
4617.0000 4538.3164 2.2793 34.8859
4619.0000 4540.2622 2.2786 34.8860
4621.0000 4542.2075 2.2784 34.8859
4623.0000 4544.1528 2.2780 34.8859
4625.0000 4546.0986 2.2779 34.8857
4627.0000 4548.0444 2.2779 34.8857
4629.0000 4549.9897 2.2778 34.8857
4631.0000 4551.9351 2.2777 34.8858
4633.0000 4553.8804 2.2776 34.8857
4635.0000 4555.8262 2.2774 34.8856
4637.0000 4557.7710 2.2777 34.8856
4639.0000 4559.7168 2.2779 34.8856
4641.0000 4561.6626 2.2778 34.8855
4643.0000 4563.6079 2.2781 34.8855
4645.0000 4565.5527 2.2775 34.8856
4647.0000 4567.4980 2.2771 34.8856
4649.0000 4569.4434 2.2770 34.8856
4651.0000 4571.3887 2.2767 34.8854
4653.0000 4573.3340 2.2770 34.8853
4655.0000 4575.2793 2.2769 34.8854
4657.0000 4577.2246 2.2769 34.8854
4659.0000 4579.1699 2.2768 34.8853
4661.0000 4581.1152 2.2767 34.8853
4663.0000 4583.0601 2.2766 34.8852
4665.0000 4585.0049 2.2761 34.8851
4667.0000 4586.9502 2.2756 34.8850
4669.0000 4588.8955 2.2758 34.8851
4671.0000 4590.8403 2.2757 34.8850
4673.0000 4592.7856 2.2760 34.8848
4675.0000 4594.7310 2.2758 34.8848
4677.0000 4596.6763 2.2751 34.8849
4679.0000 4598.6206 2.2748 34.8848
4681.0000 4600.5659 2.2747 34.8848
4683.0000 4602.5112 2.2746 34.8847
4685.0000 4604.4556 2.2744 34.8847
4687.0000 4606.4004 2.2743 34.8846
4689.0000 4608.3457 2.2740 34.8846
4691.0000 4610.2910 2.2739 34.8845
4693.0000 4612.2354 2.2738 34.8845
4695.0000 4614.1807 2.2739 34.8845
4697.0000 4616.1255 2.2741 34.8846
4699.0000 4618.0698 2.2743 34.8846
4701.0000 4620.0151 2.2743 34.8845
4703.0000 4621.9600 2.2743 34.8845
4705.0000 4623.9048 2.2744 34.8845
4707.0000 4625.8496 2.2745 34.8845
4709.0000 4627.7944 2.2748 34.8845
4711.0000 4629.7393 2.2749 34.8845
4713.0000 4631.6836 2.2749 34.8844
4715.0000 4633.6284 2.2746 34.8844
4717.0000 4635.5732 2.2741 34.8843
4719.0000 4637.5186 2.2736 34.8842
4721.0000 4639.4629 2.2736 34.8842
4723.0000 4641.4077 2.2735 34.8841
4725.0000 4643.3525 2.2732 34.8841
4727.0000 4645.2964 2.2725 34.8839
4729.0000 4647.2417 2.2724 34.8840
4731.0000 4649.1860 2.2723 34.8839
4733.0000 4651.1309 2.2725 34.8838
4735.0000 4653.0752 2.2717 34.8838
4737.0000 4655.0195 2.2714 34.8838
4739.0000 4656.9644 2.2713 34.8837
4741.0000 4658.9082 2.2714 34.8836
4743.0000 4660.8530 2.2710 34.8836
4745.0000 4662.7974 2.2708 34.8836
4747.0000 4664.7417 2.2711 34.8836
4749.0000 4666.6860 2.2703 34.8836
4751.0000 4668.6309 2.2702 34.8836
4753.0000 4670.5757 2.2704 34.8836
4755.0000 4672.5200 2.2703 34.8836
4757.0000 4674.4644 2.2696 34.8835
4759.0000 4676.4092 2.2694 34.8834
4761.0000 4678.3525 2.2694 34.8834
4763.0000 4680.2974 2.2691 34.8833
4765.0000 4682.2417 2.2691 34.8832
4767.0000 4684.1860 2.2691 34.8833
4769.0000 4686.1299 2.2688 34.8833
4771.0000 4688.0742 2.2685 34.8831
4773.0000 4690.0186 2.2684 34.8831
4775.0000 4691.9624 2.2682 34.8829
4777.0000 4693.9072 2.2677 34.8830
4779.0000 4695.8516 2.2679 34.8831
4781.0000 4697.7959 2.2679 34.8830
4783.0000 4699.7397 2.2679 34.8830
4785.0000 4701.6841 2.2680 34.8829
4787.0000 4703.6279 2.2681 34.8829
4789.0000 4705.5718 2.2676 34.8828
4791.0000 4707.5161 2.2673 34.8827
4793.0000 4709.4600 2.2669 34.8826
4795.0000 4711.4043 2.2669 34.8826
4797.0000 4713.3486 2.2671 34.8826
4799.0000 4715.2930 2.2670 34.8827
4801.0000 4717.2363 2.2667 34.8825
4803.0000 4719.1802 2.2664 34.8825
4805.0000 4721.1245 2.2661 34.8824
4807.0000 4723.0684 2.2656 34.8823
4809.0000 4725.0122 2.2649 34.8822
4811.0000 4726.9561 2.2639 34.8820
4813.0000 4728.8999 2.2634 34.8820
4815.0000 4730.8447 2.2632 34.8819
4817.0000 4732.7881 2.2630 34.8819
4819.0000 4734.7319 2.2620 34.8817
4821.0000 4736.6758 2.2612 34.8816
4823.0000 4738.6196 2.2601 34.8814
4825.0000 4740.5630 2.2593 34.8812
4827.0000 4742.5068 2.2587 34.8810
4829.0000 4744.4517 2.2584 34.8810
4831.0000 4746.3945 2.2582 34.8809
4833.0000 4748.3384 2.2584 34.8809
4835.0000 4750.2822 2.2584 34.8809
4837.0000 4752.2256 2.2582 34.8808
4839.0000 4754.1694 2.2585 34.8808
4841.0000 4756.1133 2.2582 34.8808
4843.0000 4758.0576 2.2574 34.8807
4845.0000 4760.0005 2.2571 34.8806
4847.0000 4761.9443 2.2572 34.8807
4849.0000 4763.8882 2.2569 34.8805
4851.0000 4765.8311 2.2564 34.8804
4853.0000 4767.7749 2.2565 34.8804
4855.0000 4769.7183 2.2564 34.8804
4857.0000 4771.6626 2.2561 34.8803
4859.0000 4773.6060 2.2558 34.8803
4861.0000 4775.5493 2.2555 34.8802
4863.0000 4777.4927 2.2546 34.8800
4865.0000 4779.4355 2.2542 34.8800
4867.0000 4781.3794 2.2540 34.8799
4869.0000 4783.3232 2.2533 34.8798
4871.0000 4785.2661 2.2532 34.8798
4873.0000 4787.2095 2.2533 34.8797
4875.0000 4789.1533 2.2529 34.8797
4877.0000 4791.0967 2.2530 34.8797
4879.0000 4793.0400 2.2530 34.8797
4881.0000 4794.9834 2.2528 34.8796
4883.0000 4796.9268 2.2529 34.8797
4885.0000 4798.8696 2.2529 34.8795
4887.0000 4800.8130 2.2527 34.8796
4889.0000 4802.7563 2.2524 34.8795
4891.0000 4804.7002 2.2520 34.8794
4893.0000 4806.6431 2.2515 34.8794
4895.0000 4808.5864 2.2515 34.8794
4897.0000 4810.5298 2.2515 34.8793
4899.0000 4812.4722 2.2513 34.8792
4901.0000 4814.4160 2.2513 34.8792
4903.0000 4816.3589 2.2514 34.8791
4905.0000 4818.3022 2.2515 34.8792
4907.0000 4820.2451 2.2515 34.8792
4909.0000 4822.1880 2.2512 34.8791
4911.0000 4824.1318 2.2504 34.8790
4913.0000 4826.0747 2.2503 34.8790
4915.0000 4828.0176 2.2505 34.8790
4917.0000 4829.9609 2.2503 34.8789
4919.0000 4831.9038 2.2498 34.8789
4921.0000 4833.8467 2.2498 34.8788
4923.0000 4835.7896 2.2494 34.8787
4925.0000 4837.7324 2.2489 34.8786
4927.0000 4839.6753 2.2485 34.8786
4929.0000 4841.6187 2.2478 34.8784
4931.0000 4843.5615 2.2479 34.8784
4933.0000 4845.5039 2.2479 34.8784
4935.0000 4847.4468 2.2477 34.8784
4937.0000 4849.3896 2.2475 34.8783
4939.0000 4851.3330 2.2475 34.8782
4941.0000 4853.2754 2.2471 34.8782
4943.0000 4855.2183 2.2461 34.8780
4945.0000 4857.1611 2.2457 34.8780
4947.0000 4859.1040 2.2460 34.8780
4949.0000 4861.0469 2.2463 34.8780
4951.0000 4862.9897 2.2463 34.8779
4953.0000 4864.9326 2.2462 34.8778
4955.0000 4866.8750 2.2456 34.8778
4957.0000 4868.8179 2.2453 34.8779
4959.0000 4870.7607 2.2451 34.8777
4961.0000 4872.7031 2.2441 34.8776
4963.0000 4874.6465 2.2448 34.8775
4965.0000 4876.5889 2.2443 34.8775
4967.0000 4878.5317 2.2445 34.8776
4969.0000 4880.4736 2.2447 34.8776
4971.0000 4882.4165 2.2444 34.8776
4973.0000 4884.3594 2.2435 34.8774
4975.0000 4886.3013 2.2433 34.8772
4977.0000 4888.2437 2.2436 34.8772
4979.0000 4890.1870 2.2434 34.8773
4981.0000 4892.1294 2.2434 34.8772
4983.0000 4894.0718 2.2429 34.8772
4985.0000 4896.0142 2.2428 34.8771
4987.0000 4897.9570 2.2428 34.8771
4989.0000 4899.8989 2.2422 34.8771
4991.0000 4901.8413 2.2415 34.8769
4993.0000 4903.7842 2.2413 34.8769
4995.0000 4905.7261 2.2413 34.8769
4997.0000 4907.6689 2.2413 34.8769
4999.0000 4909.6108 2.2412 34.8767
5001.0000 4911.5537 2.2411 34.8767
5003.0000 4913.4956 2.2411 34.8766
5005.0000 4915.4375 2.2412 34.8767
5007.0000 4917.3804 2.2408 34.8766
5009.0000 4919.3228 2.2406 34.8765
5011.0000 4921.2646 2.2407 34.8766
5013.0000 4923.2070 2.2408 34.8765
5015.0000 4925.1494 2.2393 34.8763
5017.0000 4927.0913 2.2383 34.8762
5019.0000 4929.0337 2.2377 34.8761
5021.0000 4930.9761 2.2373 34.8760
5023.0000 4932.9180 2.2369 34.8759
5025.0000 4934.8599 2.2362 34.8758
5027.0000 4936.8022 2.2355 34.8757
5029.0000 4938.7446 2.2351 34.8756
5031.0000 4940.6860 2.2346 34.8756
5033.0000 4942.6284 2.2347 34.8756
5035.0000 4944.5708 2.2347 34.8755
5037.0000 4946.5127 2.2339 34.8753
5039.0000 4948.4546 2.2330 34.8752
5041.0000 4950.3970 2.2326 34.8751
5043.0000 4952.3389 2.2321 34.8750
5045.0000 4954.2803 2.2319 34.8749
5047.0000 4956.2227 2.2318 34.8749
5049.0000 4958.1650 2.2314 34.8748
5051.0000 4960.1060 2.2310 34.8748
5053.0000 4962.0483 2.2311 34.8748
5055.0000 4963.9902 2.2311 34.8748
5057.0000 4965.9321 2.2300 34.8745
5059.0000 4967.8740 2.2286 34.8743
5061.0000 4969.8159 2.2283 34.8743
5063.0000 4971.7578 2.2283 34.8743
5065.0000 4973.6997 2.2276 34.8741
5067.0000 4975.6411 2.2271 34.8740
5069.0000 4977.5830 2.2270 34.8739
5071.0000 4979.5249 2.2265 34.8740
5073.0000 4981.4668 2.2266 34.8740
5075.0000 4983.4082 2.2263 34.8740
5077.0000 4985.3501 2.2260 34.8740
5079.0000 4987.2915 2.2256 34.8739
5081.0000 4989.2329 2.2251 34.8739
5083.0000 4991.1753 2.2252 34.8738
5085.0000 4993.1167 2.2254 34.8739
5087.0000 4995.0576 2.2255 34.8738
5089.0000 4997.0005 2.2253 34.8737
5091.0000 4998.9414 2.2242 34.8736
5093.0000 5000.8828 2.2235 34.8736
5095.0000 5002.8247 2.2230 34.8736
5097.0000 5004.7661 2.2230 34.8736
5099.0000 5006.7080 2.2221 34.8735
5101.0000 5008.6489 2.2217 34.8733
5103.0000 5010.5908 2.2212 34.8732
5105.0000 5012.5327 2.2207 34.8732
5107.0000 5014.4736 2.2199 34.8730
5109.0000 5016.4146 2.2196 34.8729
5111.0000 5018.3569 2.2184 34.8727
5113.0000 5020.2974 2.2181 34.8726
5115.0000 5022.2393 2.2183 34.8728
5117.0000 5024.1807 2.2182 34.8726
5119.0000 5026.1221 2.2180 34.8726
5121.0000 5028.0635 2.2172 34.8725
5123.0000 5030.0049 2.2170 34.8724
5125.0000 5031.9458 2.2163 34.8723
5127.0000 5033.8872 2.2152 34.8722
5129.0000 5035.8286 2.2152 34.8722
5131.0000 5037.7700 2.2147 34.8720
5133.0000 5039.7109 2.2141 34.8720
5135.0000 5041.6523 2.2135 34.8718
5137.0000 5043.5938 2.2126 34.8717
5139.0000 5045.5347 2.2122 34.8716
5141.0000 5047.4761 2.2116 34.8716
5143.0000 5049.4170 2.2111 34.8716
5145.0000 5051.3579 2.2112 34.8715
5147.0000 5053.2993 2.2112 34.8714
5149.0000 5055.2402 2.2108 34.8713
5151.0000 5057.1816 2.2100 34.8712
5153.0000 5059.1230 2.2096 34.8710
5155.0000 5061.0630 2.2087 34.8710
5157.0000 5063.0049 2.2070 34.8707
5159.0000 5064.9458 2.2058 34.8705
5161.0000 5066.8867 2.2053 34.8705
5163.0000 5068.8276 2.2052 34.8703
5165.0000 5070.7681 2.2048 34.8703
5167.0000 5072.7100 2.2045 34.8703
5169.0000 5074.6504 2.2044 34.8702
5171.0000 5076.5918 2.2046 34.8702
5173.0000 5078.5327 2.2043 34.8702
5175.0000 5080.4731 2.2038 34.8701
5177.0000 5082.4141 2.2032 34.8700
5179.0000 5084.3550 2.2034 34.8700
5181.0000 5086.2959 2.2030 34.8698
5183.0000 5088.2363 2.2022 34.8697
5185.0000 5090.1777 2.2019 34.8697
5187.0000 5092.1182 2.2011 34.8696
5189.0000 5094.0591 2.1992 34.8693
5191.0000 5096.0000 2.1968 34.8690
5193.0000 5097.9409 2.1958 34.8688
5195.0000 5099.8809 2.1952 34.8687
5197.0000 5101.8218 2.1942 34.8686
5199.0000 5103.7632 2.1925 34.8684
5201.0000 5105.7031 2.1906 34.8680
5203.0000 5107.6440 2.1916 34.8680
5205.0000 5109.5845 2.1881 34.8678
5207.0000 5111.5254 2.1885 34.8678
5209.0000 5113.4653 2.1884 34.8677
5211.0000 5115.4067 2.1878 34.8676
5213.0000 5117.3472 2.1871 34.8675
5215.0000 5119.2881 2.1868 34.8674
5217.0000 5121.2280 2.1863 34.8673
5219.0000 5123.1685 2.1858 34.8673
5221.0000 5125.1094 2.1845 34.8670
5223.0000 5127.0493 2.1829 34.8668
5225.0000 5128.9902 2.1822 34.8668
5227.0000 5130.9307 2.1819 34.8667
5229.0000 5132.8716 2.1815 34.8667
5231.0000 5134.8115 2.1815 34.8666
5233.0000 5136.7520 2.1816 34.8666
5235.0000 5138.6924 2.1811 34.8665
5237.0000 5140.6328 2.1805 34.8664
5239.0000 5142.5728 2.1802 34.8663
5241.0000 5144.5137 2.1801 34.8662
5243.0000 5146.4541 2.1794 34.8663
5245.0000 5148.3940 2.1792 34.8662
5247.0000 5150.3345 2.1777 34.8659
5249.0000 5152.2749 2.1768 34.8657
5251.0000 5154.2148 2.1752 34.8655
5253.0000 5156.1553 2.1748 34.8654
5255.0000 5158.0957 2.1744 34.8653
5257.0000 5160.0352 2.1727 34.8650
5259.0000 5161.9756 2.1718 34.8649
5261.0000 5163.9160 2.1716 34.8648
5263.0000 5165.8564 2.1711 34.8648
5265.0000 5167.7964 2.1708 34.8648
5267.0000 5169.7363 2.1709 34.8647
5269.0000 5171.6772 2.1714 34.8648
5271.0000 5173.6167 2.1714 34.8648
5273.0000 5175.5571 2.1712 34.8647
5275.0000 5177.4971 2.1707 34.8646
5277.0000 5179.4370 2.1705 34.8646
5279.0000 5181.3765 2.1703 34.8645
5281.0000 5183.3169 2.1694 34.8643
5283.0000 5185.2568 2.1681 34.8641
5285.0000 5187.1968 2.1679 34.8641
5287.0000 5189.1367 2.1675 34.8640
5289.0000 5191.0771 2.1673 34.8640
5291.0000 5193.0166 2.1667 34.8638
5293.0000 5194.9565 2.1655 34.8638
5295.0000 5196.8965 2.1655 34.8637
5297.0000 5198.8364 2.1649 34.8636
5299.0000 5200.7759 2.1639 34.8633
5301.0000 5202.7163 2.1630 34.8633
5303.0000 5204.6558 2.1624 34.8631
5305.0000 5206.5962 2.1608 34.8629
5307.0000 5208.5356 2.1600 34.8628
5309.0000 5210.4756 2.1586 34.8625
5311.0000 5212.4155 2.1568 34.8622
5313.0000 5214.3545 2.1560 34.8621
5315.0000 5216.2949 2.1539 34.8619
5317.0000 5218.2344 2.1521 34.8616
5319.0000 5220.1743 2.1520 34.8616
5321.0000 5222.1133 2.1513 34.8615
5323.0000 5224.0532 2.1508 34.8615
5325.0000 5225.9927 2.1504 34.8615
5327.0000 5227.9321 2.1504 34.8614
5329.0000 5229.8726 2.1502 34.8613
5331.0000 5231.8120 2.1494 34.8610
5333.0000 5233.7510 2.1492 34.8612
5335.0000 5235.6909 2.1489 34.8610
5337.0000 5237.6309 2.1488 34.8610
5339.0000 5239.5703 2.1478 34.8607
5341.0000 5241.5098 2.1470 34.8607
5343.0000 5243.4497 2.1468 34.8606
5345.0000 5245.3887 2.1457 34.8604
5347.0000 5247.3281 2.1452 34.8605
5349.0000 5249.2671 2.1448 34.8603
5351.0000 5251.2070 2.1443 34.8602
5353.0000 5253.1465 2.1437 34.8602
5355.0000 5255.0859 2.1436 34.8600
5357.0000 5257.0254 2.1434 34.8601
5359.0000 5258.9648 2.1433 34.8600
5361.0000 5260.9038 2.1435 34.8600
5363.0000 5262.8428 2.1431 34.8598
5365.0000 5264.7827 2.1417 34.8596
5367.0000 5266.7222 2.1403 34.8594
5369.0000 5268.6611 2.1396 34.8592
5371.0000 5270.6006 2.1399 34.8592
5373.0000 5272.5396 2.1392 34.8592
5375.0000 5274.4785 2.1388 34.8591
5377.0000 5276.4180 2.1383 34.8590
5379.0000 5278.3574 2.1376 34.8589
5381.0000 5280.2969 2.1368 34.8587
5383.0000 5282.2354 2.1361 34.8586
5385.0000 5284.1748 2.1359 34.8586
5387.0000 5286.1143 2.1356 34.8586
5389.0000 5288.0532 2.1355 34.8586
5391.0000 5289.9927 2.1353 34.8584
5393.0000 5291.9312 2.1332 34.8581
5395.0000 5293.8701 2.1324 34.8581
5397.0000 5295.8096 2.1318 34.8579
5399.0000 5297.7485 2.1305 34.8577
5401.0000 5299.6880 2.1305 34.8577
5403.0000 5301.6265 2.1307 34.8577
5405.0000 5303.5654 2.1306 34.8576
5407.0000 5305.5049 2.1303 34.8576
5409.0000 5307.4429 2.1293 34.8574
5411.0000 5309.3823 2.1291 34.8574
5413.0000 5311.3213 2.1288 34.8573
5415.0000 5313.2603 2.1285 34.8573
5417.0000 5315.1987 2.1286 34.8571
5419.0000 5317.1377 2.1285 34.8572
5421.0000 5319.0771 2.1287 34.8572
5423.0000 5321.0156 2.1290 34.8572
5425.0000 5322.9546 2.1290 34.8571
5427.0000 5324.8936 2.1284 34.8570
5429.0000 5326.8325 2.1276 34.8570
5431.0000 5328.7710 2.1265 34.8568
5433.0000 5330.7100 2.1257 34.8567
5435.0000 5332.6484 2.1253 34.8565
5437.0000 5334.5869 2.1244 34.8564
5439.0000 5336.5259 2.1243 34.8564
5441.0000 5338.4648 2.1241 34.8563
5443.0000 5340.4033 2.1240 34.8563
5445.0000 5342.3418 2.1239 34.8561
5447.0000 5344.2803 2.1234 34.8562
5449.0000 5346.2192 2.1224 34.8559
5451.0000 5348.1577 2.1218 34.8558
5453.0000 5350.0962 2.1216 34.8558
5455.0000 5352.0352 2.1209 34.8557
5457.0000 5353.9736 2.1207 34.8555
5459.0000 5355.9116 2.1208 34.8556
5461.0000 5357.8506 2.1208 34.8556
5463.0000 5359.7896 2.1209 34.8556
5465.0000 5361.7271 2.1202 34.8553
5467.0000 5363.6660 2.1198 34.8553
5469.0000 5365.6050 2.1200 34.8554
5471.0000 5367.5425 2.1199 34.8553
5473.0000 5369.4814 2.1197 34.8552
5475.0000 5371.4199 2.1186 34.8551
5477.0000 5373.3579 2.1174 34.8549
5479.0000 5375.2964 2.1170 34.8548
5481.0000 5377.2354 2.1164 34.8547
5483.0000 5379.1733 2.1167 34.8546
5485.0000 5381.1113 2.1166 34.8546
5487.0000 5383.0498 2.1157 34.8544
5489.0000 5384.9888 2.1155 34.8544
5491.0000 5386.9268 2.1155 34.8544
5493.0000 5388.8647 2.1154 34.8544
5495.0000 5390.8032 2.1155 34.8543
5497.0000 5392.7412 2.1155 34.8543
5499.0000 5394.6792 2.1155 34.8542
5501.0000 5396.6177 2.1155 34.8542
5503.0000 5398.5562 2.1151 34.8542
5505.0000 5400.4941 2.1148 34.8541
5507.0000 5402.4321 2.1147 34.8540
5509.0000 5404.3706 2.1144 34.8540
5511.0000 5406.3086 2.1139 34.8539
5513.0000 5408.2461 2.1134 34.8537
5515.0000 5410.1851 2.1124 34.8537
5517.0000 5412.1226 2.1114 34.8534
5519.0000 5414.0605 2.1113 34.8534
5521.0000 5415.9990 2.1114 34.8534
5523.0000 5417.9370 2.1114 34.8533
5525.0000 5419.8750 2.1114 34.8534
5527.0000 5421.8125 2.1103 34.8531
5529.0000 5423.7510 2.1100 34.8531
5531.0000 5425.6890 2.1094 34.8530
5533.0000 5427.6265 2.1094 34.8529
5535.0000 5429.5649 2.1095 34.8529
5537.0000 5431.5024 2.1094 34.8528
5539.0000 5433.4404 2.1087 34.8527
5541.0000 5435.3784 2.1086 34.8528
5543.0000 5437.3159 2.1084 34.8528
5545.0000 5439.2544 2.1083 34.8526
5547.0000 5441.1914 2.1083 34.8526
5549.0000 5443.1294 2.1081 34.8525
5551.0000 5445.0679 2.1076 34.8524
5553.0000 5447.0054 2.1074 34.8523
5555.0000 5448.9424 2.1065 34.8522
5557.0000 5450.8809 2.1060 34.8522
5559.0000 5452.8188 2.1053 34.8520
5561.0000 5454.7554 2.1050 34.8520
5563.0000 5456.6934 2.1044 34.8517
5565.0000 5458.6318 2.1039 34.8517
5567.0000 5460.5693 2.1039 34.8517
5569.0000 5462.5063 2.1038 34.8517
5571.0000 5464.4443 2.1038 34.8517
5573.0000 5466.3823 2.1039 34.8515
5575.0000 5468.3193 2.1043 34.8517
5577.0000 5470.2573 2.1047 34.8516
5579.0000 5472.1948 2.1047 34.8516
5581.0000 5474.1328 2.1050 34.8516
5583.0000 5476.0698 2.1055 34.8517
5585.0000 5478.0073 2.1054 34.8516
5587.0000 5479.9448 2.1045 34.8514
5589.0000 5481.8818 2.1038 34.8513
5591.0000 5483.8193 2.1028 34.8510
5593.0000 5485.7573 2.1020 34.8510
5595.0000 5487.6938 2.1015 34.8508
5597.0000 5489.6318 2.1019 34.8509
5599.0000 5491.5693 2.1019 34.8509
5601.0000 5493.5068 2.1017 34.8508
5603.0000 5495.4443 2.1014 34.8507
5605.0000 5497.3813 2.1014 34.8506
5607.0000 5499.3188 2.1011 34.8507
5609.0000 5501.2559 2.1009 34.8506
5611.0000 5503.1934 2.1008 34.8506
5613.0000 5505.1309 2.1005 34.8505
5615.0000 5507.0679 2.1005 34.8504
5617.0000 5509.0049 2.1003 34.8504
5619.0000 5510.9429 2.1002 34.8504
5621.0000 5512.8799 2.1009 34.8504
5623.0000 5514.8169 2.1009 34.8504
5625.0000 5516.7534 2.1010 34.8504
5627.0000 5518.6909 2.1010 34.8503
5629.0000 5520.6284 2.1007 34.8502
5631.0000 5522.5654 2.1007 34.8502
5633.0000 5524.5029 2.1019 34.8501
5635.0000 5526.4399 2.1018 34.8500
5637.0000 5528.3765 2.1001 34.8499
5639.0000 5530.3135 2.0999 34.8499
5641.0000 5532.2510 2.0998 34.8498
5643.0000 5534.1885 2.0998 34.8497
5645.0000 5536.1245 2.0999 34.8497
5647.0000 5538.0615 2.1002 34.8497
5649.0000 5539.9990 2.1004 34.8498
5651.0000 5541.9360 2.1003 34.8499
5653.0000 5543.8730 2.1003 34.8497
5655.0000 5545.8101 2.1001 34.8496
5657.0000 5547.7461 2.1003 34.8496
5659.0000 5549.6836 2.1007 34.8496
5661.0000 5551.6206 2.1009 34.8497
5663.0000 5553.5576 2.1006 34.8496
5665.0000 5555.4941 2.1006 34.8496
5667.0000 5557.4312 2.1005 34.8495
5669.0000 5559.3682 2.1008 34.8494
5671.0000 5561.3042 2.1009 34.8494
5673.0000 5563.2412 2.1010 34.8494
5675.0000 5565.1782 2.1007 34.8493
5677.0000 5567.1152 2.1007 34.8493
5679.0000 5569.0518 2.1006 34.8493
5681.0000 5570.9883 2.1008 34.8493
5683.0000 5572.9253 2.1010 34.8492
5685.0000 5574.8618 2.1008 34.8492
5687.0000 5576.7988 2.1006 34.8490
5689.0000 5578.7354 2.1005 34.8491
5691.0000 5580.6724 2.1006 34.8490
5693.0000 5582.6089 2.1009 34.8489
5695.0000 5584.5449 2.1012 34.8490
5697.0000 5586.4814 2.1013 34.8491
5699.0000 5588.4180 2.1015 34.8489
5701.0000 5590.3545 2.1016 34.8488
5703.0000 5592.2915 2.1014 34.8489
5705.0000 5594.2280 2.1011 34.8488
5707.0000 5596.1646 2.1021 34.8486
5709.0000 5598.1011 2.1014 34.8486
5711.0000 5600.0371 2.1016 34.8486
5713.0000 5601.9731 2.1015 34.8486
5715.0000 5603.9102 2.1019 34.8486
5717.0000 5605.8467 2.1017 34.8486
5719.0000 5607.7832 2.1019 34.8486
5721.0000 5609.7197 2.1024 34.8485
5723.0000 5611.6562 2.1024 34.8486
5725.0000 5613.5928 2.1028 34.8485
5727.0000 5615.5278 2.1029 34.8485
5729.0000 5617.4648 2.1032 34.8485
5731.0000 5619.4014 2.1034 34.8485
5733.0000 5621.3374 2.1037 34.8485
5735.0000 5623.2739 2.1039 34.8486
5737.0000 5625.2100 2.1045 34.8485
5739.0000 5627.1465 2.1048 34.8485
5741.0000 5629.0825 2.1049 34.8484
