CTD cast

DATE:  03-Jan-2016 01:06:00
latitude:  24.4991
longitude:  -48.6174
  P (db)  z (m)    T (^oC)  S (psu)
3.0000 2.9808 24.9473 37.5086
5.0000 4.9680 24.9495 37.5085
7.0000 6.9551 24.9486 37.5085
9.0000 8.9422 24.9485 37.5085
11.0000 10.9293 24.9494 37.5084
13.0000 12.9164 24.9501 37.5085
15.0000 14.9035 24.9531 37.5081
17.0000 16.8906 24.9522 37.5084
19.0000 18.8776 24.9458 37.5073
21.0000 20.8646 24.9352 37.5066
23.0000 22.8516 24.9379 37.5069
25.0000 24.8386 24.9250 37.5058
27.0000 26.8256 24.9212 37.5057
29.0000 28.8125 24.9190 37.5056
31.0000 30.7994 24.9158 37.5053
33.0000 32.7863 24.9151 37.5052
35.0000 34.7732 24.9218 37.5059
37.0000 36.7600 24.9240 37.5058
39.0000 38.7469 24.9215 37.5055
41.0000 40.7337 24.9159 37.5052
43.0000 42.7205 24.9138 37.5050
45.0000 44.7073 24.9054 37.5047
47.0000 46.6941 24.9056 37.5047
49.0000 48.6808 24.9068 37.5048
51.0000 50.6675 24.9062 37.5047
53.0000 52.6542 24.9061 37.5048
55.0000 54.6409 24.9066 37.5047
57.0000 56.6276 24.9057 37.5048
59.0000 58.6142 24.9055 37.5048
61.0000 60.6009 24.9055 37.5048
63.0000 62.5875 24.9054 37.5048
65.0000 64.5741 24.9049 37.5048
67.0000 66.5606 24.9043 37.5047
69.0000 68.5472 24.9036 37.5047
71.0000 70.5337 24.9026 37.5046
73.0000 72.5202 24.9003 37.5046
75.0000 74.5067 24.8997 37.5045
77.0000 76.4932 24.8993 37.5045
79.0000 78.4797 24.8987 37.5045
81.0000 80.4661 24.8987 37.5044
83.0000 82.4525 24.8972 37.5043
85.0000 84.4389 24.8955 37.5041
87.0000 86.4253 24.8955 37.5043
89.0000 88.4117 24.8956 37.5044
91.0000 90.3980 24.8944 37.5049
93.0000 92.3843 24.8934 37.5056
95.0000 94.3706 24.8932 37.5061
97.0000 96.3569 24.8931 37.5066
99.0000 98.3432 24.8912 37.5068
101.0000 100.3294 24.8850 37.5065
103.0000 102.3157 24.8835 37.5070
105.0000 104.3019 24.8793 37.5083
107.0000 106.2880 24.8573 37.5079
109.0000 108.2742 24.7379 37.4846
111.0000 110.2604 24.5715 37.4410
113.0000 112.2465 24.3478 37.3977
115.0000 114.2326 24.2096 37.3731
117.0000 116.2187 23.9658 37.3348
119.0000 118.2048 23.5959 37.2884
121.0000 120.1908 23.3768 37.2606
123.0000 122.1768 23.0292 37.2297
125.0000 124.1629 22.8465 37.2340
127.0000 126.1489 22.7702 37.2353
129.0000 128.1348 22.7490 37.2341
131.0000 130.1208 22.7274 37.2371
133.0000 132.1068 22.7107 37.2394
135.0000 134.0927 22.7053 37.2407
137.0000 136.0786 22.6435 37.2526
139.0000 138.0644 22.6147 37.2710
141.0000 140.0503 22.6119 37.2789
143.0000 142.0361 22.5941 37.2828
145.0000 144.0220 22.5450 37.2831
147.0000 146.0078 22.4973 37.2781
149.0000 147.9935 22.3862 37.2659
151.0000 149.9793 22.3026 37.2589
153.0000 151.9651 22.2246 37.2411
155.0000 153.9508 22.1106 37.2174
157.0000 155.9365 22.0121 37.2066
159.0000 157.9222 21.9473 37.2007
161.0000 159.9079 21.8430 37.1880
163.0000 161.8935 21.8168 37.1853
165.0000 163.8791 21.7957 37.1836
167.0000 165.8647 21.7742 37.1808
169.0000 167.8503 21.7492 37.1765
171.0000 169.8359 21.6914 37.1692
173.0000 171.8215 21.6452 37.1645
175.0000 173.8070 21.5961 37.1580
177.0000 175.7925 21.5711 37.1559
179.0000 177.7780 21.5445 37.1550
181.0000 179.7635 21.5418 37.1579
183.0000 181.7489 21.5531 37.1671
185.0000 183.7344 21.5155 37.1729
187.0000 185.7198 21.4442 37.1546
189.0000 187.7052 21.2609 37.1236
191.0000 189.6906 21.1668 37.1096
193.0000 191.6759 21.0931 37.0998
195.0000 193.6613 21.0457 37.0936
197.0000 195.6466 21.0125 37.0899
199.0000 197.6319 20.9832 37.0863
201.0000 199.6172 20.9419 37.0783
203.0000 201.6025 20.8285 37.0616
205.0000 203.5877 20.7866 37.0537
207.0000 205.5729 20.7091 37.0417
209.0000 207.5582 20.6092 37.0275
211.0000 209.5433 20.5001 37.0067
213.0000 211.5285 20.4004 36.9851
215.0000 213.5136 20.3117 36.9723
217.0000 215.4988 20.2655 36.9673
219.0000 217.4839 20.2297 36.9628
221.0000 219.4690 20.1573 36.9537
223.0000 221.4541 20.0728 36.9393
225.0000 223.4391 20.0183 36.9305
227.0000 225.4241 19.9583 36.9182
229.0000 227.4092 19.8708 36.9033
231.0000 229.3941 19.8692 36.9034
233.0000 231.3791 19.7980 36.8892
235.0000 233.3641 19.7221 36.8798
237.0000 235.3491 19.6763 36.8701
239.0000 237.3340 19.6163 36.8571
241.0000 239.3189 19.5256 36.8359
243.0000 241.3038 19.2937 36.7885
245.0000 243.2886 19.2314 36.7744
247.0000 245.2734 19.2220 36.7727
249.0000 247.2583 19.1401 36.7541
251.0000 249.2431 19.0262 36.7329
253.0000 251.2279 18.9711 36.7180
255.0000 253.2126 18.9180 36.7081
257.0000 255.1974 18.8305 36.6914
259.0000 257.1821 18.7460 36.6740
261.0000 259.1668 18.6453 36.6610
263.0000 261.1515 18.6349 36.6596
265.0000 263.1362 18.5958 36.6526
267.0000 265.1208 18.5534 36.6472
269.0000 267.1055 18.5427 36.6456
271.0000 269.0901 18.5045 36.6383
273.0000 271.0747 18.4451 36.6300
275.0000 273.0593 18.4176 36.6255
277.0000 275.0439 18.3990 36.6215
279.0000 277.0284 18.3855 36.6191
281.0000 279.0129 18.3756 36.6171
283.0000 280.9974 18.3617 36.6140
285.0000 282.9819 18.3390 36.6088
287.0000 284.9663 18.2984 36.6074
289.0000 286.9508 18.2482 36.6070
291.0000 288.9352 18.2090 36.6013
293.0000 290.9196 18.1802 36.5942
295.0000 292.9040 18.1365 36.5840
297.0000 294.8883 18.0851 36.5716
299.0000 296.8727 18.0310 36.5603
301.0000 298.8570 17.9897 36.5520
303.0000 300.8413 17.9533 36.5447
305.0000 302.8256 17.9299 36.5405
307.0000 304.8099 17.9145 36.5379
309.0000 306.7942 17.8900 36.5338
311.0000 308.7784 17.8550 36.5283
313.0000 310.7626 17.8076 36.5205
315.0000 312.7468 17.7914 36.5185
317.0000 314.7310 17.7866 36.5177
319.0000 316.7151 17.7566 36.5127
321.0000 318.6992 17.7196 36.5075
323.0000 320.6834 17.6704 36.5005
325.0000 322.6675 17.6426 36.4997
327.0000 324.6516 17.6321 36.4997
329.0000 326.6356 17.6156 36.4967
331.0000 328.6197 17.5993 36.4943
333.0000 330.6037 17.5795 36.4909
335.0000 332.5877 17.5610 36.4879
337.0000 334.5717 17.5582 36.4904
339.0000 336.5556 17.5717 36.4970
341.0000 338.5396 17.5358 36.4897
343.0000 340.5235 17.4923 36.4827
345.0000 342.5074 17.4812 36.4804
347.0000 344.4913 17.4498 36.4736
349.0000 346.4752 17.3907 36.4616
351.0000 348.4590 17.3502 36.4547
353.0000 350.4428 17.3230 36.4483
355.0000 352.4267 17.2725 36.4362
357.0000 354.4105 17.1995 36.4186
359.0000 356.3942 17.1683 36.4118
361.0000 358.3780 17.1071 36.3982
363.0000 360.3617 16.9765 36.3756
365.0000 362.3454 16.9168 36.3655
367.0000 364.3291 16.8747 36.3592
369.0000 366.3128 16.8548 36.3560
371.0000 368.2965 16.8208 36.3503
373.0000 370.2801 16.7635 36.3397
375.0000 372.2637 16.7291 36.3348
377.0000 374.2473 16.7066 36.3314
379.0000 376.2309 16.7005 36.3307
381.0000 378.2145 16.6800 36.3263
383.0000 380.1980 16.6019 36.3128
385.0000 382.1815 16.5700 36.3078
387.0000 384.1650 16.5139 36.2982
389.0000 386.1485 16.4568 36.2891
391.0000 388.1320 16.4177 36.2830
393.0000 390.1155 16.4075 36.2816
395.0000 392.0989 16.3759 36.2753
397.0000 394.0823 16.3361 36.2701
399.0000 396.0657 16.3309 36.2702
401.0000 398.0490 16.3335 36.2715
403.0000 400.0325 16.3345 36.2722
405.0000 402.0157 16.3174 36.2702
407.0000 403.9991 16.2884 36.2654
409.0000 405.9824 16.1982 36.2490
411.0000 407.9656 16.0993 36.2319
413.0000 409.9489 16.0679 36.2269
415.0000 411.9322 16.0545 36.2247
417.0000 413.9154 16.0350 36.2214
419.0000 415.8986 16.0206 36.2190
421.0000 417.8817 15.9916 36.2136
423.0000 419.8649 15.9601 36.2078
425.0000 421.8481 15.9113 36.1984
427.0000 423.8312 15.8645 36.1903
429.0000 425.8143 15.8005 36.1788
431.0000 427.7974 15.7257 36.1658
433.0000 429.7804 15.6712 36.1573
435.0000 431.7635 15.6369 36.1516
437.0000 433.7466 15.5920 36.1434
439.0000 435.7296 15.5544 36.1365
441.0000 437.7125 15.5212 36.1330
443.0000 439.6955 15.4645 36.1246
445.0000 441.6785 15.4377 36.1204
447.0000 443.6614 15.3515 36.1072
449.0000 445.6443 15.3310 36.1040
451.0000 447.6272 15.3134 36.1001
453.0000 449.6101 15.2870 36.0959
455.0000 451.5930 15.2730 36.0937
457.0000 453.5758 15.2688 36.0933
459.0000 455.5586 15.2479 36.0892
461.0000 457.5414 15.2112 36.0832
463.0000 459.5242 15.1854 36.0796
465.0000 461.5070 15.1694 36.0763
467.0000 463.4897 15.1390 36.0706
469.0000 465.4724 15.0883 36.0629
471.0000 467.4552 15.0506 36.0573
473.0000 469.4378 15.0316 36.0546
475.0000 471.4205 15.0062 36.0509
477.0000 473.4031 14.9698 36.0456
479.0000 475.3858 14.9128 36.0361
481.0000 477.3684 14.8906 36.0341
483.0000 479.3510 14.8819 36.0326
485.0000 481.3336 14.8765 36.0322
487.0000 483.3161 14.8757 36.0323
489.0000 485.2987 14.8711 36.0312
491.0000 487.2812 14.8509 36.0274
493.0000 489.2636 14.8256 36.0233
495.0000 491.2462 14.7970 36.0181
497.0000 493.2286 14.7333 36.0075
499.0000 495.2111 14.6907 36.0024
501.0000 497.1934 14.6794 35.9998
503.0000 499.1759 14.6417 35.9933
505.0000 501.1583 14.5890 35.9849
507.0000 503.1406 14.5500 35.9786
509.0000 505.1230 14.5081 35.9727
511.0000 507.1053 14.4800 35.9684
513.0000 509.0876 14.4356 35.9610
515.0000 511.0699 14.3744 35.9516
517.0000 513.0522 14.3465 35.9479
519.0000 515.0344 14.3155 35.9427
521.0000 517.0166 14.2946 35.9402
523.0000 518.9988 14.2719 35.9362
525.0000 520.9811 14.1917 35.9228
527.0000 522.9633 14.1219 35.9132
529.0000 524.9454 14.1130 35.9124
531.0000 526.9276 14.0898 35.9081
533.0000 528.9097 14.0279 35.9000
535.0000 530.8917 13.9850 35.8928
537.0000 532.8738 13.9531 35.8884
539.0000 534.8559 13.8806 35.8760
541.0000 536.8380 13.8259 35.8704
543.0000 538.8199 13.8104 35.8674
545.0000 540.8019 13.7387 35.8561
547.0000 542.7839 13.7076 35.8535
549.0000 544.7659 13.6493 35.8434
551.0000 546.7479 13.6095 35.8381
553.0000 548.7298 13.5787 35.8345
555.0000 550.7117 13.5743 35.8342
557.0000 552.6935 13.5165 35.8241
559.0000 554.6755 13.4736 35.8192
561.0000 556.6573 13.4449 35.8138
563.0000 558.6391 13.3980 35.8083
565.0000 560.6209 13.3299 35.7986
567.0000 562.6028 13.2781 35.7926
569.0000 564.5845 13.2560 35.7899
571.0000 566.5663 13.2237 35.7853
573.0000 568.5480 13.1818 35.7805
575.0000 570.5297 13.1625 35.7771
577.0000 572.5115 13.0944 35.7658
579.0000 574.4931 13.0425 35.7613
581.0000 576.4747 12.9787 35.7516
583.0000 578.4564 12.8789 35.7383
585.0000 580.4380 12.8321 35.7337
587.0000 582.4197 12.8253 35.7329
589.0000 584.4013 12.8187 35.7323
591.0000 586.3828 12.7994 35.7293
593.0000 588.3644 12.7920 35.7291
595.0000 590.3459 12.7851 35.7280
597.0000 592.3273 12.7645 35.7252
599.0000 594.3089 12.7511 35.7233
601.0000 596.2904 12.7273 35.7192
603.0000 598.2719 12.6765 35.7113
605.0000 600.2532 12.6131 35.7026
607.0000 602.2347 12.5492 35.6956
609.0000 604.2161 12.5181 35.6906
611.0000 606.1974 12.4872 35.6871
613.0000 608.1788 12.4809 35.6866
615.0000 610.1602 12.4787 35.6863
617.0000 612.1415 12.4720 35.6849
619.0000 614.1227 12.4437 35.6788
621.0000 616.1041 12.3905 35.6703
623.0000 618.0853 12.3596 35.6662
625.0000 620.0665 12.3462 35.6645
627.0000 622.0478 12.3359 35.6632
629.0000 624.0290 12.3265 35.6618
631.0000 626.0102 12.3226 35.6618
633.0000 627.9913 12.3036 35.6591
635.0000 629.9725 12.2920 35.6587
637.0000 631.9537 12.2218 35.6458
639.0000 633.9348 12.1626 35.6404
641.0000 635.9159 12.1322 35.6355
643.0000 637.8969 12.0920 35.6298
645.0000 639.8779 12.0420 35.6238
647.0000 641.8590 12.0312 35.6224
649.0000 643.8400 12.0129 35.6194
651.0000 645.8210 11.9829 35.6154
653.0000 647.8020 11.9380 35.6094
655.0000 649.7830 11.9091 35.6063
657.0000 651.7639 11.8859 35.6032
659.0000 653.7448 11.8590 35.6004
661.0000 655.7258 11.8151 35.5944
663.0000 657.7067 11.7230 35.5833
665.0000 659.6875 11.6943 35.5799
667.0000 661.6683 11.6363 35.5732
669.0000 663.6492 11.6099 35.5707
671.0000 665.6300 11.5666 35.5645
673.0000 667.6107 11.5322 35.5616
675.0000 669.5916 11.4701 35.5531
677.0000 671.5723 11.4346 35.5501
679.0000 673.5530 11.4031 35.5457
681.0000 675.5338 11.3760 35.5422
683.0000 677.5145 11.3528 35.5392
685.0000 679.4952 11.3068 35.5325
687.0000 681.4758 11.2343 35.5258
689.0000 683.4565 11.2281 35.5249
691.0000 685.4371 11.2234 35.5245
693.0000 687.4176 11.1824 35.5190
695.0000 689.3983 11.1552 35.5167
697.0000 691.3788 11.1293 35.5123
699.0000 693.3594 11.0504 35.5028
701.0000 695.3398 11.0294 35.5042
703.0000 697.3204 10.9458 35.4867
705.0000 699.3009 10.8541 35.4782
707.0000 701.2813 10.8204 35.4745
709.0000 703.2618 10.7866 35.4710
711.0000 705.2423 10.7816 35.4709
713.0000 707.2227 10.7757 35.4700
715.0000 709.2031 10.7530 35.4671
717.0000 711.1834 10.7207 35.4627
719.0000 713.1638 10.6934 35.4599
721.0000 715.1441 10.6606 35.4561
723.0000 717.1245 10.6340 35.4530
725.0000 719.1047 10.6040 35.4489
727.0000 721.0850 10.5485 35.4403
729.0000 723.0652 10.5078 35.4383
731.0000 725.0455 10.4991 35.4370
733.0000 727.0258 10.4828 35.4350
735.0000 729.0059 10.4674 35.4332
737.0000 730.9861 10.4501 35.4310
739.0000 732.9663 10.4021 35.4251
741.0000 734.9465 10.3863 35.4236
743.0000 736.9266 10.3559 35.4201
745.0000 738.9067 10.3532 35.4204
747.0000 740.8868 10.3529 35.4203
749.0000 742.8669 10.3473 35.4193
751.0000 744.8469 10.3108 35.4149
753.0000 746.8270 10.2772 35.4110
755.0000 748.8069 10.2611 35.4091
757.0000 750.7870 10.2113 35.4027
759.0000 752.7670 10.1815 35.3995
761.0000 754.7469 10.1498 35.3956
763.0000 756.7268 10.1359 35.3957
765.0000 758.7068 10.1022 35.3905
767.0000 760.6867 10.0994 35.3903
769.0000 762.6666 10.0963 35.3901
771.0000 764.6464 10.0912 35.3896
773.0000 766.6263 10.0785 35.3877
775.0000 768.6061 10.0487 35.3830
777.0000 770.5859 10.0208 35.3828
779.0000 772.5657 9.9750 35.3747
781.0000 774.5455 9.8836 35.3638
783.0000 776.5251 9.8246 35.3566
785.0000 778.5049 9.7785 35.3525
787.0000 780.4847 9.7671 35.3512
789.0000 782.4644 9.7440 35.3484
791.0000 784.4441 9.6976 35.3428
793.0000 786.4237 9.6616 35.3399
795.0000 788.4034 9.6410 35.3366
797.0000 790.3829 9.6050 35.3330
799.0000 792.3626 9.5944 35.3319
801.0000 794.3422 9.5764 35.3298
803.0000 796.3218 9.5555 35.3277
805.0000 798.3012 9.5401 35.3259
807.0000 800.2808 9.4874 35.3188
809.0000 802.2604 9.4570 35.3166
811.0000 804.2397 9.4438 35.3147
813.0000 806.2193 9.4155 35.3115
815.0000 808.1987 9.4103 35.3114
817.0000 810.1782 9.4064 35.3110
819.0000 812.1575 9.3936 35.3094
821.0000 814.1370 9.3636 35.3052
823.0000 816.1163 9.3245 35.3019
825.0000 818.0957 9.3044 35.2995
827.0000 820.0751 9.2805 35.2968
829.0000 822.0544 9.2665 35.2954
831.0000 824.0337 9.2511 35.2941
833.0000 826.0129 9.2262 35.2902
835.0000 827.9922 9.1860 35.2861
837.0000 829.9714 9.1406 35.2812
839.0000 831.9506 9.1132 35.2783
841.0000 833.9299 9.0812 35.2746
843.0000 835.9091 9.0661 35.2733
845.0000 837.8882 9.0374 35.2701
847.0000 839.8674 9.0045 35.2661
849.0000 841.8466 8.9620 35.2615
851.0000 843.8257 8.9357 35.2592
853.0000 845.8047 8.9229 35.2578
855.0000 847.7838 8.8809 35.2535
857.0000 849.7629 8.8592 35.2526
859.0000 851.7418 8.8474 35.2518
861.0000 853.7210 8.8391 35.2512
863.0000 855.7000 8.8196 35.2488
865.0000 857.6790 8.7944 35.2466
867.0000 859.6578 8.7805 35.2451
869.0000 861.6369 8.7521 35.2420
871.0000 863.6158 8.7349 35.2404
873.0000 865.5946 8.7309 35.2404
875.0000 867.5735 8.7032 35.2367
877.0000 869.5524 8.6797 35.2345
879.0000 871.5313 8.6697 35.2324
881.0000 873.5101 8.6002 35.2234
883.0000 875.4889 8.5453 35.2179
885.0000 877.4678 8.5000 35.2115
887.0000 879.4465 8.4411 35.2060
889.0000 881.4252 8.4164 35.2036
891.0000 883.4041 8.4069 35.2030
893.0000 885.3826 8.4003 35.2025
895.0000 887.3614 8.3884 35.2013
897.0000 889.3401 8.3792 35.2003
899.0000 891.3188 8.3562 35.1968
901.0000 893.2974 8.2846 35.1885
903.0000 895.2760 8.2092 35.1798
905.0000 897.2546 8.1527 35.1742
907.0000 899.2332 8.1043 35.1692
909.0000 901.2117 8.0406 35.1622
911.0000 903.1903 8.0255 35.1617
913.0000 905.1689 8.0199 35.1608
915.0000 907.1474 7.9860 35.1547
917.0000 909.1259 7.9109 35.1428
919.0000 911.1044 7.8439 35.1314
921.0000 913.0828 7.7906 35.1221
923.0000 915.0612 7.7426 35.1241
925.0000 917.0397 7.7403 35.1274
927.0000 919.0181 7.7407 35.1281
929.0000 920.9964 7.7397 35.1281
931.0000 922.9749 7.7360 35.1276
933.0000 924.9532 7.7281 35.1277
935.0000 926.9314 7.7170 35.1278
937.0000 928.9097 7.6904 35.1251
939.0000 930.8881 7.6716 35.1239
941.0000 932.8663 7.6475 35.1207
943.0000 934.8445 7.6213 35.1179
945.0000 936.8228 7.5927 35.1153
947.0000 938.8010 7.5717 35.1124
949.0000 940.7792 7.5397 35.1094
951.0000 942.7574 7.5238 35.1075
953.0000 944.7355 7.5056 35.1059
955.0000 946.7137 7.4965 35.1047
957.0000 948.6918 7.4650 35.1009
959.0000 950.6698 7.4342 35.0980
961.0000 952.6479 7.4148 35.0957
963.0000 954.6260 7.3932 35.0937
965.0000 956.6040 7.3847 35.0932
967.0000 958.5821 7.3682 35.0922
969.0000 960.5601 7.3451 35.0909
971.0000 962.5381 7.3391 35.0910
973.0000 964.5160 7.3388 35.0913
975.0000 966.4940 7.3349 35.0912
977.0000 968.4719 7.3230 35.0904
979.0000 970.4498 7.2865 35.0872
981.0000 972.4278 7.2533 35.0840
983.0000 974.4056 7.2162 35.0813
985.0000 976.3835 7.2071 35.0808
987.0000 978.3612 7.2017 35.0803
989.0000 980.3391 7.1911 35.0791
991.0000 982.3168 7.1866 35.0792
993.0000 984.2947 7.1409 35.0730
995.0000 986.2725 7.0920 35.0699
997.0000 988.2502 7.0815 35.0688
999.0000 990.2279 7.0593 35.0667
1001.0000 992.2056 7.0372 35.0645
1003.0000 994.1833 6.9633 35.0593
1005.0000 996.1609 6.9500 35.0592
1007.0000 998.1387 6.9410 35.0586
1009.0000 1000.1163 6.9174 35.0569
1011.0000 1002.0939 6.8986 35.0561
1013.0000 1004.0715 6.8925 35.0556
1015.0000 1006.0491 6.8628 35.0537
1017.0000 1008.0265 6.8501 35.0531
1019.0000 1010.0041 6.8452 35.0529
1021.0000 1011.9817 6.8363 35.0524
1023.0000 1013.9592 6.8316 35.0522
1025.0000 1015.9366 6.8227 35.0511
1027.0000 1017.9141 6.8041 35.0498
1029.0000 1019.8916 6.7577 35.0465
1031.0000 1021.8690 6.7221 35.0450
1033.0000 1023.8463 6.7138 35.0445
1035.0000 1025.8237 6.6945 35.0427
1037.0000 1027.8011 6.6552 35.0389
1039.0000 1029.7784 6.6359 35.0368
1041.0000 1031.7557 6.6323 35.0366
1043.0000 1033.7330 6.6316 35.0373
1045.0000 1035.7103 6.6319 35.0377
1047.0000 1037.6876 6.6265 35.0370
1049.0000 1039.6650 6.6195 35.0366
1051.0000 1041.6422 6.6140 35.0359
1053.0000 1043.6193 6.6091 35.0354
1055.0000 1045.5966 6.5909 35.0344
1057.0000 1047.5739 6.5767 35.0346
1059.0000 1049.5509 6.5685 35.0339
1061.0000 1051.5281 6.5726 35.0343
1063.0000 1053.5052 6.5534 35.0319
1065.0000 1055.4823 6.5237 35.0286
1067.0000 1057.4595 6.5017 35.0274
1069.0000 1059.4364 6.4968 35.0275
1071.0000 1061.4135 6.4917 35.0272
1073.0000 1063.3905 6.4851 35.0273
1075.0000 1065.3676 6.4839 35.0274
1077.0000 1067.3446 6.4824 35.0273
1079.0000 1069.3214 6.4784 35.0275
1081.0000 1071.2985 6.4728 35.0273
1083.0000 1073.2755 6.4708 35.0274
1085.0000 1075.2524 6.4702 35.0275
1087.0000 1077.2292 6.4691 35.0275
1089.0000 1079.2062 6.4620 35.0271
1091.0000 1081.1830 6.4537 35.0268
1093.0000 1083.1598 6.4446 35.0260
1095.0000 1085.1367 6.3996 35.0223
1097.0000 1087.1135 6.3973 35.0228
1099.0000 1089.0903 6.3895 35.0225
1101.0000 1091.0669 6.3899 35.0225
1103.0000 1093.0438 6.3888 35.0237
1105.0000 1095.0205 6.3898 35.0251
1107.0000 1096.9972 6.3906 35.0256
1109.0000 1098.9740 6.3903 35.0253
1111.0000 1100.9507 6.3569 35.0220
1113.0000 1102.9272 6.2867 35.0157
1115.0000 1104.9039 6.2735 35.0136
1117.0000 1106.8805 6.2629 35.0116
1119.0000 1108.8572 6.2421 35.0086
1121.0000 1110.8336 6.2061 35.0073
1123.0000 1112.8103 6.1955 35.0128
1125.0000 1114.7867 6.1963 35.0144
1127.0000 1116.7633 6.1957 35.0146
1129.0000 1118.7397 6.1940 35.0144
1131.0000 1120.7163 6.1895 35.0138
1133.0000 1122.6929 6.1871 35.0137
1135.0000 1124.6693 6.1838 35.0135
1137.0000 1126.6458 6.1840 35.0135
1139.0000 1128.6221 6.1744 35.0118
1141.0000 1130.5985 6.1372 35.0089
1143.0000 1132.5748 6.1199 35.0083
1145.0000 1134.5513 6.0936 35.0072
1147.0000 1136.5277 6.0745 35.0072
1149.0000 1138.5039 6.0636 35.0073
1151.0000 1140.4802 6.0524 35.0073
1153.0000 1142.4567 6.0370 35.0081
1155.0000 1144.4326 6.0374 35.0088
1157.0000 1146.4091 6.0373 35.0106
1159.0000 1148.3853 6.0256 35.0098
1161.0000 1150.3616 6.0195 35.0093
1163.0000 1152.3376 6.0149 35.0096
1165.0000 1154.3138 5.9906 35.0089
1167.0000 1156.2900 5.9865 35.0098
1169.0000 1158.2661 5.9833 35.0105
1171.0000 1160.2423 5.9813 35.0109
1173.0000 1162.2184 5.9807 35.0113
1175.0000 1164.1945 5.9813 35.0120
1177.0000 1166.1704 5.9833 35.0133
1179.0000 1168.1465 5.9829 35.0146
1181.0000 1170.1226 5.9817 35.0168
1183.0000 1172.0985 5.9577 35.0167
1185.0000 1174.0746 5.9184 35.0160
1187.0000 1176.0507 5.9174 35.0171
1189.0000 1178.0266 5.9160 35.0174
1191.0000 1180.0024 5.9136 35.0188
1193.0000 1181.9783 5.8954 35.0185
1195.0000 1183.9542 5.8657 35.0187
1197.0000 1185.9299 5.8663 35.0191
1199.0000 1187.9059 5.8649 35.0191
1201.0000 1189.8818 5.8576 35.0189
1203.0000 1191.8577 5.8555 35.0189
1205.0000 1193.8334 5.8514 35.0189
1207.0000 1195.8092 5.8460 35.0191
1209.0000 1197.7850 5.8358 35.0190
1211.0000 1199.7606 5.8217 35.0198
1213.0000 1201.7365 5.8091 35.0202
1215.0000 1203.7122 5.7955 35.0203
1217.0000 1205.6879 5.7904 35.0205
1219.0000 1207.6635 5.7782 35.0206
1221.0000 1209.6390 5.7738 35.0209
1223.0000 1211.6147 5.7670 35.0209
1225.0000 1213.5903 5.7608 35.0215
1227.0000 1215.5659 5.7571 35.0216
1229.0000 1217.5415 5.7548 35.0220
1231.0000 1219.5171 5.7495 35.0228
1233.0000 1221.4927 5.7453 35.0231
1235.0000 1223.4681 5.7413 35.0242
1237.0000 1225.4438 5.7411 35.0253
1239.0000 1227.4192 5.7361 35.0263
1241.0000 1229.3947 5.7141 35.0271
1243.0000 1231.3701 5.6910 35.0275
1245.0000 1233.3455 5.6848 35.0277
1247.0000 1235.3209 5.6759 35.0285
1249.0000 1237.2964 5.6732 35.0290
1251.0000 1239.2717 5.6663 35.0289
1253.0000 1241.2471 5.6622 35.0288
1255.0000 1243.2224 5.6512 35.0292
1257.0000 1245.1978 5.6495 35.0294
1259.0000 1247.1730 5.6466 35.0297
1261.0000 1249.1483 5.6420 35.0298
1263.0000 1251.1235 5.6386 35.0300
1265.0000 1253.0989 5.6359 35.0303
1267.0000 1255.0741 5.6322 35.0306
1269.0000 1257.0492 5.6303 35.0308
1271.0000 1259.0244 5.6193 35.0314
1273.0000 1260.9995 5.6029 35.0332
1275.0000 1262.9746 5.5997 35.0335
1277.0000 1264.9498 5.5946 35.0340
1279.0000 1266.9248 5.5925 35.0342
1281.0000 1268.8999 5.5905 35.0343
1283.0000 1270.8750 5.5891 35.0344
1285.0000 1272.8501 5.5879 35.0346
1287.0000 1274.8251 5.5864 35.0348
1289.0000 1276.8002 5.5851 35.0349
1291.0000 1278.7753 5.5828 35.0352
1293.0000 1280.7501 5.5817 35.0354
1295.0000 1282.7251 5.5731 35.0378
1297.0000 1284.7001 5.5710 35.0383
1299.0000 1286.6750 5.5648 35.0391
1301.0000 1288.6498 5.5556 35.0412
1303.0000 1290.6249 5.5541 35.0421
1305.0000 1292.5997 5.5544 35.0423
1307.0000 1294.5746 5.5538 35.0425
1309.0000 1296.5494 5.5539 35.0425
1311.0000 1298.5244 5.5524 35.0433
1313.0000 1300.4991 5.5480 35.0439
1315.0000 1302.4738 5.5435 35.0443
1317.0000 1304.4486 5.5414 35.0444
1319.0000 1306.4233 5.5390 35.0445
1321.0000 1308.3981 5.5334 35.0448
1323.0000 1310.3727 5.5277 35.0455
1325.0000 1312.3475 5.5210 35.0460
1327.0000 1314.3221 5.5107 35.0467
1329.0000 1316.2968 5.5046 35.0474
1331.0000 1318.2715 5.5009 35.0477
1333.0000 1320.2460 5.4989 35.0478
1335.0000 1322.2206 5.4973 35.0479
1337.0000 1324.1952 5.4911 35.0479
1339.0000 1326.1697 5.4768 35.0480
1341.0000 1328.1442 5.4669 35.0484
1343.0000 1330.1188 5.4616 35.0487
1345.0000 1332.0933 5.4602 35.0487
1347.0000 1334.0677 5.4564 35.0490
1349.0000 1336.0421 5.4513 35.0494
1351.0000 1338.0166 5.4432 35.0505
1353.0000 1339.9911 5.4343 35.0512
1355.0000 1341.9653 5.4278 35.0520
1357.0000 1343.9399 5.4243 35.0525
1359.0000 1345.9144 5.4180 35.0532
1361.0000 1347.8888 5.4155 35.0536
1363.0000 1349.8629 5.4117 35.0538
1365.0000 1351.8373 5.4003 35.0545
1367.0000 1353.8116 5.3907 35.0558
1369.0000 1355.7858 5.3860 35.0554
1371.0000 1357.7601 5.3696 35.0569
1373.0000 1359.7344 5.3672 35.0572
1375.0000 1361.7085 5.3660 35.0571
1377.0000 1363.6826 5.3637 35.0573
1379.0000 1365.6570 5.3620 35.0573
1381.0000 1367.6311 5.3593 35.0573
1383.0000 1369.6052 5.3526 35.0577
1385.0000 1371.5793 5.3501 35.0580
1387.0000 1373.5536 5.3490 35.0580
1389.0000 1375.5277 5.3469 35.0586
1391.0000 1377.5016 5.3459 35.0590
1393.0000 1379.4757 5.3444 35.0597
1395.0000 1381.4497 5.3421 35.0602
1397.0000 1383.4237 5.3264 35.0601
1399.0000 1385.3977 5.3092 35.0602
1401.0000 1387.3718 5.2965 35.0605
1403.0000 1389.3458 5.2855 35.0616
1405.0000 1391.3197 5.2800 35.0627
1407.0000 1393.2936 5.2763 35.0636
1409.0000 1395.2676 5.2725 35.0641
1411.0000 1397.2413 5.2683 35.0651
1413.0000 1399.2152 5.2662 35.0661
1415.0000 1401.1892 5.2624 35.0669
1417.0000 1403.1628 5.2533 35.0683
1419.0000 1405.1367 5.2523 35.0686
1421.0000 1407.1107 5.2480 35.0687
1423.0000 1409.0844 5.2411 35.0687
1425.0000 1411.0581 5.2372 35.0690
1427.0000 1413.0319 5.2202 35.0692
1429.0000 1415.0056 5.2027 35.0688
1431.0000 1416.9792 5.1943 35.0686
1433.0000 1418.9529 5.1788 35.0690
1435.0000 1420.9266 5.1741 35.0695
1437.0000 1422.9004 5.1734 35.0696
1439.0000 1424.8739 5.1734 35.0698
1441.0000 1426.8475 5.1741 35.0701
1443.0000 1428.8212 5.1682 35.0700
1445.0000 1430.7946 5.1599 35.0703
1447.0000 1432.7682 5.1489 35.0703
1449.0000 1434.7418 5.1415 35.0704
1451.0000 1436.7155 5.1346 35.0703
1453.0000 1438.6888 5.1210 35.0698
1455.0000 1440.6622 5.1126 35.0694
1457.0000 1442.6357 5.1102 35.0692
1459.0000 1444.6090 5.1009 35.0682
1461.0000 1446.5825 5.0872 35.0670
1463.0000 1448.5562 5.0842 35.0670
1465.0000 1450.5295 5.0799 35.0664
1467.0000 1452.5027 5.0655 35.0658
1469.0000 1454.4762 5.0604 35.0665
1471.0000 1456.4495 5.0618 35.0672
1473.0000 1458.4227 5.0717 35.0707
1475.0000 1460.3961 5.0711 35.0718
1477.0000 1462.3694 5.0667 35.0718
1479.0000 1464.3427 5.0602 35.0714
1481.0000 1466.3158 5.0579 35.0717
1483.0000 1468.2891 5.0579 35.0718
1485.0000 1470.2623 5.0573 35.0720
1487.0000 1472.2355 5.0519 35.0725
1489.0000 1474.2086 5.0457 35.0724
1491.0000 1476.1818 5.0355 35.0721
1493.0000 1478.1549 5.0339 35.0720
1495.0000 1480.1279 5.0286 35.0720
1497.0000 1482.1012 5.0205 35.0719
1499.0000 1484.0743 5.0211 35.0719
1501.0000 1486.0472 5.0204 35.0718
1503.0000 1488.0203 5.0203 35.0719
1505.0000 1489.9933 5.0177 35.0720
1507.0000 1491.9663 5.0074 35.0746
1509.0000 1493.9393 5.0043 35.0762
1511.0000 1495.9124 4.9963 35.0765
1513.0000 1497.8853 4.9934 35.0765
1515.0000 1499.8580 4.9896 35.0768
1517.0000 1501.8311 4.9822 35.0768
1519.0000 1503.8040 4.9768 35.0765
1521.0000 1505.7767 4.9740 35.0761
1523.0000 1507.7496 4.9686 35.0759
1525.0000 1509.7225 4.9642 35.0766
1527.0000 1511.6954 4.9646 35.0772
1529.0000 1513.6681 4.9649 35.0774
1531.0000 1515.6410 4.9643 35.0780
1533.0000 1517.6136 4.9638 35.0782
1535.0000 1519.5864 4.9636 35.0782
1537.0000 1521.5592 4.9631 35.0782
1539.0000 1523.5319 4.9621 35.0782
1541.0000 1525.5044 4.9583 35.0781
1543.0000 1527.4773 4.9525 35.0783
1545.0000 1529.4500 4.9487 35.0783
1547.0000 1531.4225 4.9426 35.0782
1549.0000 1533.3950 4.9313 35.0782
1551.0000 1535.3678 4.9193 35.0784
1553.0000 1537.3403 4.9123 35.0787
1555.0000 1539.3129 4.9101 35.0787
1557.0000 1541.2853 4.9072 35.0789
1559.0000 1543.2581 4.9049 35.0787
1561.0000 1545.2305 4.8994 35.0786
1563.0000 1547.2029 4.8971 35.0786
1565.0000 1549.1753 4.8949 35.0784
1567.0000 1551.1479 4.8828 35.0780
1569.0000 1553.1202 4.8775 35.0782
1571.0000 1555.0927 4.8686 35.0778
1573.0000 1557.0651 4.8669 35.0785
1575.0000 1559.0375 4.8678 35.0794
1577.0000 1561.0098 4.8686 35.0796
1579.0000 1562.9822 4.8694 35.0801
1581.0000 1564.9545 4.8719 35.0811
1583.0000 1566.9268 4.8728 35.0814
1585.0000 1568.8990 4.8719 35.0815
1587.0000 1570.8713 4.8711 35.0821
1589.0000 1572.8438 4.8712 35.0825
1591.0000 1574.8157 4.8596 35.0825
1593.0000 1576.7880 4.8408 35.0823
1595.0000 1578.7601 4.8345 35.0820
1597.0000 1580.7323 4.8280 35.0818
1599.0000 1582.7045 4.8244 35.0819
1601.0000 1584.6766 4.8216 35.0820
1603.0000 1586.6488 4.8192 35.0822
1605.0000 1588.6208 4.8175 35.0823
1607.0000 1590.5929 4.8142 35.0824
1609.0000 1592.5651 4.8114 35.0824
1611.0000 1594.5370 4.8055 35.0825
1613.0000 1596.5092 4.8016 35.0825
1615.0000 1598.4811 4.7940 35.0821
1617.0000 1600.4531 4.7865 35.0818
1619.0000 1602.4250 4.7838 35.0817
1621.0000 1604.3970 4.7802 35.0815
1623.0000 1606.3691 4.7748 35.0817
1625.0000 1608.3408 4.7706 35.0829
1627.0000 1610.3126 4.7672 35.0836
1629.0000 1612.2847 4.7651 35.0841
1631.0000 1614.2565 4.7594 35.0848
1633.0000 1616.2283 4.7558 35.0849
1635.0000 1618.2001 4.7548 35.0848
1637.0000 1620.1720 4.7424 35.0846
1639.0000 1622.1437 4.7382 35.0847
1641.0000 1624.1155 4.7341 35.0845
1643.0000 1626.0874 4.7306 35.0844
1645.0000 1628.0590 4.7269 35.0843
1647.0000 1630.0306 4.7252 35.0843
1649.0000 1632.0024 4.7246 35.0844
1651.0000 1633.9741 4.7234 35.0844
1653.0000 1635.9457 4.7229 35.0844
1655.0000 1637.9174 4.7218 35.0843
1657.0000 1639.8890 4.7193 35.0846
1659.0000 1641.8605 4.7192 35.0846
1661.0000 1643.8322 4.7181 35.0846
1663.0000 1645.8037 4.7163 35.0846
1665.0000 1647.7751 4.7148 35.0847
1667.0000 1649.7468 4.7106 35.0846
1669.0000 1651.7183 4.7030 35.0844
1671.0000 1653.6898 4.7004 35.0845
1673.0000 1655.6613 4.6994 35.0845
1675.0000 1657.6327 4.6964 35.0845
1677.0000 1659.6042 4.6948 35.0846
1679.0000 1661.5756 4.6937 35.0846
1681.0000 1663.5470 4.6916 35.0845
1683.0000 1665.5184 4.6886 35.0847
1685.0000 1667.4897 4.6857 35.0846
1687.0000 1669.4609 4.6819 35.0844
1689.0000 1671.4325 4.6714 35.0837
1691.0000 1673.4038 4.6601 35.0832
1693.0000 1675.3750 4.6565 35.0825
1695.0000 1677.3463 4.6466 35.0822
1697.0000 1679.3175 4.6471 35.0826
1699.0000 1681.2888 4.6307 35.0806
1701.0000 1683.2600 4.5963 35.0775
1703.0000 1685.2311 4.5858 35.0772
1705.0000 1687.2025 4.5798 35.0769
1707.0000 1689.1735 4.5765 35.0773
1709.0000 1691.1448 4.5754 35.0776
1711.0000 1693.1160 4.5739 35.0777
1713.0000 1695.0870 4.5678 35.0781
1715.0000 1697.0580 4.5665 35.0787
1717.0000 1699.0292 4.5493 35.0761
1719.0000 1701.0002 4.5267 35.0729
1721.0000 1702.9711 4.5211 35.0723
1723.0000 1704.9421 4.5134 35.0711
1725.0000 1706.9133 4.5068 35.0708
1727.0000 1708.8843 4.5063 35.0709
1729.0000 1710.8552 4.5059 35.0708
1731.0000 1712.8260 4.4886 35.0691
1733.0000 1714.7970 4.4927 35.0700
1735.0000 1716.7678 4.4676 35.0678
1737.0000 1718.7388 4.4642 35.0677
1739.0000 1720.7098 4.4624 35.0677
1741.0000 1722.6804 4.4675 35.0706
1743.0000 1724.6514 4.4564 35.0701
1745.0000 1726.6222 4.4374 35.0695
1747.0000 1728.5929 4.4323 35.0696
1749.0000 1730.5637 4.4319 35.0700
1751.0000 1732.5344 4.4321 35.0706
1753.0000 1734.5054 4.4313 35.0708
1755.0000 1736.4758 4.4289 35.0708
1757.0000 1738.4467 4.4277 35.0707
1759.0000 1740.4174 4.4261 35.0706
1761.0000 1742.3881 4.4255 35.0706
1763.0000 1744.3585 4.4244 35.0705
1765.0000 1746.3292 4.4221 35.0705
1767.0000 1748.3000 4.4228 35.0710
1769.0000 1750.2704 4.4237 35.0720
1771.0000 1752.2411 4.4223 35.0722
1773.0000 1754.2118 4.4171 35.0718
1775.0000 1756.1823 4.4116 35.0713
1777.0000 1758.1526 4.4061 35.0708
1779.0000 1760.1230 4.4013 35.0710
1781.0000 1762.0938 4.4010 35.0704
1783.0000 1764.0640 4.3869 35.0692
1785.0000 1766.0347 4.3828 35.0689
1787.0000 1768.0050 4.3810 35.0685
1789.0000 1769.9757 4.3752 35.0679
1791.0000 1771.9458 4.3679 35.0668
1793.0000 1773.9163 4.3613 35.0660
1795.0000 1775.8866 4.3606 35.0660
1797.0000 1777.8567 4.3587 35.0658
1799.0000 1779.8273 4.3590 35.0659
1801.0000 1781.7975 4.3565 35.0651
1803.0000 1783.7676 4.3433 35.0635
1805.0000 1785.7379 4.3415 35.0639
1807.0000 1787.7084 4.3400 35.0638
1809.0000 1789.6785 4.3368 35.0647
1811.0000 1791.6487 4.3292 35.0647
1813.0000 1793.6189 4.3242 35.0646
1815.0000 1795.5892 4.3194 35.0643
1817.0000 1797.5592 4.3180 35.0642
1819.0000 1799.5294 4.3140 35.0635
1821.0000 1801.4995 4.3010 35.0625
1823.0000 1803.4698 4.2987 35.0620
1825.0000 1805.4396 4.2654 35.0593
1827.0000 1807.4098 4.2617 35.0589
1829.0000 1809.3798 4.2601 35.0587
1831.0000 1811.3499 4.2526 35.0577
1833.0000 1813.3197 4.2347 35.0557
1835.0000 1815.2900 4.2162 35.0542
1837.0000 1817.2599 4.2036 35.0534
1839.0000 1819.2297 4.2004 35.0536
1841.0000 1821.1997 4.1978 35.0534
1843.0000 1823.1698 4.1942 35.0532
1845.0000 1825.1394 4.1860 35.0525
1847.0000 1827.1094 4.1840 35.0524
1849.0000 1829.0792 4.1831 35.0525
1851.0000 1831.0493 4.1789 35.0520
1853.0000 1833.0188 4.1718 35.0519
1855.0000 1834.9886 4.1580 35.0501
1857.0000 1836.9585 4.1371 35.0492
1859.0000 1838.9282 4.1355 35.0492
1861.0000 1840.8979 4.1321 35.0488
1863.0000 1842.8678 4.1241 35.0486
1865.0000 1844.8373 4.1186 35.0483
1867.0000 1846.8071 4.1062 35.0472
1869.0000 1848.7770 4.0981 35.0467
1871.0000 1850.7465 4.0921 35.0463
1873.0000 1852.7162 4.0904 35.0462
1875.0000 1854.6857 4.0890 35.0462
1877.0000 1856.6555 4.0882 35.0461
1879.0000 1858.6249 4.0861 35.0460
1881.0000 1860.5945 4.0845 35.0458
1883.0000 1862.5642 4.0829 35.0456
1885.0000 1864.5338 4.0801 35.0455
1887.0000 1866.5031 4.0756 35.0450
1889.0000 1868.4725 4.0717 35.0447
1891.0000 1870.4423 4.0690 35.0445
1893.0000 1872.4115 4.0668 35.0443
1895.0000 1874.3812 4.0599 35.0437
1897.0000 1876.3505 4.0584 35.0436
1899.0000 1878.3199 4.0569 35.0435
1901.0000 1880.2892 4.0547 35.0432
1903.0000 1882.2587 4.0426 35.0420
1905.0000 1884.2279 4.0362 35.0418
1907.0000 1886.1971 4.0332 35.0415
1909.0000 1888.1666 4.0256 35.0407
1911.0000 1890.1359 4.0177 35.0404
1913.0000 1892.1053 4.0161 35.0400
1915.0000 1894.0743 4.0020 35.0385
1917.0000 1896.0437 3.9890 35.0377
1919.0000 1898.0129 3.9857 35.0375
1921.0000 1899.9819 3.9848 35.0374
1923.0000 1901.9514 3.9826 35.0373
1925.0000 1903.9204 3.9825 35.0374
1927.0000 1905.8895 3.9830 35.0376
1929.0000 1907.8586 3.9832 35.0377
1931.0000 1909.8279 3.9815 35.0375
1933.0000 1911.7971 3.9778 35.0372
1935.0000 1913.7660 3.9711 35.0364
1937.0000 1915.7352 3.9654 35.0359
1939.0000 1917.7040 3.9589 35.0350
1941.0000 1919.6731 3.9447 35.0335
1943.0000 1921.6421 3.9275 35.0324
1945.0000 1923.6112 3.9244 35.0320
1947.0000 1925.5802 3.9227 35.0320
1949.0000 1927.5488 3.9224 35.0319
1951.0000 1929.5181 3.9212 35.0318
1953.0000 1931.4872 3.9181 35.0316
1955.0000 1933.4556 3.9170 35.0314
1957.0000 1935.4247 3.9033 35.0297
1959.0000 1937.3934 3.8881 35.0287
1961.0000 1939.3625 3.8859 35.0286
1963.0000 1941.3312 3.8818 35.0282
1965.0000 1943.3000 3.8766 35.0277
1967.0000 1945.2688 3.8719 35.0273
1969.0000 1947.2377 3.8702 35.0272
1971.0000 1949.2063 3.8657 35.0268
1973.0000 1951.1752 3.8608 35.0264
1975.0000 1953.1438 3.8541 35.0256
1977.0000 1955.1124 3.8502 35.0255
1979.0000 1957.0812 3.8483 35.0254
1981.0000 1959.0498 3.8485 35.0254
1983.0000 1961.0183 3.8458 35.0250
1985.0000 1962.9872 3.8350 35.0241
1987.0000 1964.9557 3.8339 35.0241
1989.0000 1966.9243 3.8330 35.0240
1991.0000 1968.8928 3.8299 35.0237
1993.0000 1970.8615 3.8244 35.0233
1995.0000 1972.8301 3.8226 35.0231
1997.0000 1974.7985 3.8212 35.0230
1999.0000 1976.7668 3.8217 35.0230
2001.0000 1978.7355 3.8212 35.0229
2003.0000 1980.7040 3.8194 35.0228
2005.0000 1982.6721 3.8155 35.0223
2007.0000 1984.6407 3.8125 35.0222
2009.0000 1986.6090 3.8082 35.0216
2011.0000 1988.5774 3.7962 35.0206
2013.0000 1990.5459 3.7914 35.0202
2015.0000 1992.5143 3.7802 35.0192
2017.0000 1994.4825 3.7793 35.0193
2019.0000 1996.4509 3.7773 35.0190
2021.0000 1998.4193 3.7750 35.0189
2023.0000 2000.3876 3.7756 35.0191
2025.0000 2002.3557 3.7735 35.0187
2027.0000 2004.3240 3.7720 35.0188
2029.0000 2006.2921 3.7714 35.0185
2031.0000 2008.2604 3.7679 35.0184
2033.0000 2010.2286 3.7585 35.0172
2035.0000 2012.1968 3.7424 35.0159
2037.0000 2014.1650 3.7394 35.0156
2039.0000 2016.1331 3.7227 35.0140
2041.0000 2018.1010 3.7095 35.0130
2043.0000 2020.0692 3.6971 35.0120
2045.0000 2022.0372 3.6866 35.0113
2047.0000 2024.0052 3.6851 35.0114
2049.0000 2025.9734 3.6849 35.0113
2051.0000 2027.9417 3.6838 35.0113
2053.0000 2029.9094 3.6829 35.0113
2055.0000 2031.8774 3.6800 35.0111
2057.0000 2033.8455 3.6755 35.0107
2059.0000 2035.8132 3.6680 35.0100
2061.0000 2037.7812 3.6617 35.0096
2063.0000 2039.7493 3.6584 35.0093
2065.0000 2041.7170 3.6536 35.0089
2067.0000 2043.6848 3.6477 35.0084
2069.0000 2045.6528 3.6415 35.0080
2071.0000 2047.6208 3.6390 35.0077
2073.0000 2049.5884 3.6384 35.0078
2075.0000 2051.5562 3.6356 35.0075
2077.0000 2053.5242 3.6297 35.0069
2079.0000 2055.4917 3.6207 35.0061
2081.0000 2057.4595 3.6139 35.0057
2083.0000 2059.4272 3.6123 35.0055
2085.0000 2061.3950 3.6080 35.0051
2087.0000 2063.3628 3.6047 35.0048
2089.0000 2065.3303 3.6013 35.0047
2091.0000 2067.2981 3.5987 35.0044
2093.0000 2069.2656 3.5952 35.0041
2095.0000 2071.2332 3.5924 35.0039
2097.0000 2073.2009 3.5922 35.0039
2099.0000 2075.1687 3.5903 35.0037
2101.0000 2077.1360 3.5885 35.0035
2103.0000 2079.1038 3.5875 35.0035
2105.0000 2081.0713 3.5852 35.0032
2107.0000 2083.0386 3.5820 35.0030
2109.0000 2085.0061 3.5774 35.0026
2111.0000 2086.9736 3.5753 35.0024
2113.0000 2088.9412 3.5755 35.0024
2115.0000 2090.9084 3.5740 35.0023
2117.0000 2092.8760 3.5729 35.0022
2119.0000 2094.8435 3.5724 35.0021
2121.0000 2096.8105 3.5713 35.0020
2123.0000 2098.7781 3.5666 35.0015
2125.0000 2100.7456 3.5587 35.0006
2127.0000 2102.7126 3.5491 35.0000
2129.0000 2104.6802 3.5356 34.9986
2131.0000 2106.6475 3.5240 34.9979
2133.0000 2108.6147 3.5208 34.9977
2135.0000 2110.5820 3.5181 34.9975
2137.0000 2112.5493 3.5137 34.9971
2139.0000 2114.5164 3.5080 34.9967
2141.0000 2116.4834 3.5074 34.9967
2143.0000 2118.4509 3.5069 34.9967
2145.0000 2120.4180 3.5025 34.9962
2147.0000 2122.3853 3.4973 34.9959
2149.0000 2124.3521 3.4965 34.9958
2151.0000 2126.3193 3.4950 34.9956
2153.0000 2128.2866 3.4926 34.9954
2155.0000 2130.2537 3.4874 34.9950
2157.0000 2132.2207 3.4828 34.9946
2159.0000 2134.1877 3.4812 34.9945
2161.0000 2136.1548 3.4799 34.9944
2163.0000 2138.1216 3.4781 34.9942
2165.0000 2140.0889 3.4740 34.9938
2167.0000 2142.0559 3.4655 34.9930
2169.0000 2144.0225 3.4614 34.9928
2171.0000 2145.9895 3.4592 34.9925
2173.0000 2147.9565 3.4585 34.9925
2175.0000 2149.9236 3.4582 34.9925
2177.0000 2151.8904 3.4578 34.9926
2179.0000 2153.8569 3.4575 34.9925
2181.0000 2155.8240 3.4564 34.9923
2183.0000 2157.7908 3.4538 34.9921
2185.0000 2159.7576 3.4530 34.9920
2187.0000 2161.7244 3.4519 34.9920
2189.0000 2163.6912 3.4502 34.9918
2191.0000 2165.6577 3.4485 34.9917
2193.0000 2167.6248 3.4474 34.9916
2195.0000 2169.5913 3.4460 34.9914
2197.0000 2171.5579 3.4439 34.9913
2199.0000 2173.5249 3.4417 34.9909
2201.0000 2175.4917 3.4398 34.9908
2203.0000 2177.4580 3.4366 34.9904
2205.0000 2179.4248 3.4255 34.9896
2207.0000 2181.3911 3.4219 34.9893
2209.0000 2183.3579 3.4197 34.9891
2211.0000 2185.3245 3.4184 34.9890
2213.0000 2187.2910 3.4160 34.9887
2215.0000 2189.2576 3.4149 34.9887
2217.0000 2191.2239 3.4122 34.9885
2219.0000 2193.1904 3.4092 34.9882
2221.0000 2195.1572 3.4072 34.9881
2223.0000 2197.1238 3.4046 34.9878
2225.0000 2199.0901 3.4006 34.9875
2227.0000 2201.0566 3.3985 34.9873
2229.0000 2203.0227 3.3953 34.9871
2231.0000 2204.9890 3.3945 34.9871
2233.0000 2206.9556 3.3932 34.9869
2235.0000 2208.9219 3.3916 34.9867
2237.0000 2210.8884 3.3853 34.9861
2239.0000 2212.8545 3.3838 34.9861
2241.0000 2214.8210 3.3835 34.9861
2243.0000 2216.7874 3.3831 34.9861
2245.0000 2218.7532 3.3804 34.9858
2247.0000 2220.7195 3.3772 34.9855
2249.0000 2222.6860 3.3731 34.9851
2251.0000 2224.6523 3.3686 34.9847
2253.0000 2226.6184 3.3620 34.9841
2255.0000 2228.5845 3.3569 34.9838
2257.0000 2230.5508 3.3554 34.9836
2259.0000 2232.5166 3.3542 34.9836
2261.0000 2234.4829 3.3534 34.9835
2263.0000 2236.4490 3.3525 34.9834
2265.0000 2238.4148 3.3520 34.9834
2267.0000 2240.3811 3.3512 34.9834
2269.0000 2242.3472 3.3502 34.9831
2271.0000 2244.3135 3.3488 34.9831
2273.0000 2246.2793 3.3482 34.9831
2275.0000 2248.2451 3.3447 34.9827
2277.0000 2250.2114 3.3340 34.9814
2279.0000 2252.1772 3.3272 34.9813
2281.0000 2254.1428 3.3227 34.9809
2283.0000 2256.1091 3.3181 34.9804
2285.0000 2258.0750 3.3155 34.9804
2287.0000 2260.0405 3.3128 34.9801
2289.0000 2262.0068 3.3094 34.9797
2291.0000 2263.9727 3.3049 34.9795
2293.0000 2265.9382 3.3046 34.9795
2295.0000 2267.9043 3.3041 34.9795
2297.0000 2269.8701 3.3029 34.9793
2299.0000 2271.8359 3.3017 34.9793
2301.0000 2273.8015 3.3005 34.9791
2303.0000 2275.7673 3.2985 34.9790
2305.0000 2277.7332 3.2949 34.9787
2307.0000 2279.6985 3.2935 34.9785
2309.0000 2281.6643 3.2923 34.9784
2311.0000 2283.6301 3.2913 34.9783
2313.0000 2285.5957 3.2908 34.9784
2315.0000 2287.5613 3.2890 34.9782
2317.0000 2289.5269 3.2883 34.9781
2319.0000 2291.4927 3.2869 34.9779
2321.0000 2293.4580 3.2852 34.9778
2323.0000 2295.4238 3.2842 34.9777
2325.0000 2297.3892 3.2827 34.9775
2327.0000 2299.3547 3.2795 34.9772
2329.0000 2301.3203 3.2771 34.9770
2331.0000 2303.2859 3.2743 34.9768
2333.0000 2305.2515 3.2730 34.9768
2335.0000 2307.2166 3.2723 34.9767
2337.0000 2309.1821 3.2715 34.9766
2339.0000 2311.1477 3.2704 34.9765
2341.0000 2313.1128 3.2671 34.9762
2343.0000 2315.0784 3.2633 34.9759
2345.0000 2317.0437 3.2610 34.9756
2347.0000 2319.0090 3.2557 34.9751
2349.0000 2320.9741 3.2510 34.9748
2351.0000 2322.9395 3.2500 34.9748
2353.0000 2324.9050 3.2496 34.9747
2355.0000 2326.8701 3.2486 34.9746
2357.0000 2328.8354 3.2462 34.9744
2359.0000 2330.8005 3.2429 34.9742
2361.0000 2332.7659 3.2413 34.9740
2363.0000 2334.7310 3.2396 34.9738
2365.0000 2336.6963 3.2369 34.9738
2367.0000 2338.6616 3.2326 34.9732
2369.0000 2340.6265 3.2269 34.9733
2371.0000 2342.5916 3.2208 34.9720
2373.0000 2344.5569 3.2182 34.9720
2375.0000 2346.5220 3.2137 34.9716
2377.0000 2348.4871 3.2102 34.9714
2379.0000 2350.4521 3.2081 34.9713
2381.0000 2352.4172 3.2073 34.9711
2383.0000 2354.3821 3.2068 34.9711
2385.0000 2356.3472 3.2028 34.9707
2387.0000 2358.3123 3.1961 34.9702
2389.0000 2360.2771 3.1920 34.9699
2391.0000 2362.2422 3.1901 34.9697
2393.0000 2364.2070 3.1893 34.9697
2395.0000 2366.1721 3.1851 34.9694
2397.0000 2368.1367 3.1827 34.9690
2399.0000 2370.1018 3.1790 34.9689
2401.0000 2372.0667 3.1785 34.9688
2403.0000 2374.0312 3.1776 34.9687
2405.0000 2375.9961 3.1776 34.9688
2407.0000 2377.9609 3.1777 34.9688
2409.0000 2379.9258 3.1777 34.9688
2411.0000 2381.8904 3.1757 34.9686
2413.0000 2383.8552 3.1741 34.9684
2415.0000 2385.8201 3.1718 34.9682
2417.0000 2387.7847 3.1697 34.9681
2419.0000 2389.7498 3.1687 34.9679
2421.0000 2391.7144 3.1667 34.9677
2423.0000 2393.6790 3.1648 34.9675
2425.0000 2395.6436 3.1612 34.9672
2427.0000 2397.6082 3.1572 34.9670
2429.0000 2399.5730 3.1568 34.9670
2431.0000 2401.5374 3.1568 34.9669
2433.0000 2403.5020 3.1572 34.9670
2435.0000 2405.4663 3.1579 34.9671
2437.0000 2407.4312 3.1562 34.9669
2439.0000 2409.3955 3.1529 34.9666
2441.0000 2411.3599 3.1475 34.9660
2443.0000 2413.3247 3.1457 34.9660
2445.0000 2415.2888 3.1422 34.9654
2447.0000 2417.2532 3.1375 34.9653
2449.0000 2419.2180 3.1357 34.9651
2451.0000 2421.1821 3.1335 34.9650
2453.0000 2423.1465 3.1324 34.9649
2455.0000 2425.1111 3.1331 34.9649
2457.0000 2427.0757 3.1318 34.9648
2459.0000 2429.0396 3.1305 34.9648
2461.0000 2431.0042 3.1261 34.9643
2463.0000 2432.9685 3.1232 34.9642
2465.0000 2434.9326 3.1228 34.9641
2467.0000 2436.8967 3.1228 34.9641
2469.0000 2438.8613 3.1220 34.9641
2471.0000 2440.8254 3.1212 34.9640
2473.0000 2442.7896 3.1207 34.9639
2475.0000 2444.7537 3.1205 34.9639
2477.0000 2446.7180 3.1199 34.9639
2479.0000 2448.6819 3.1184 34.9637
2481.0000 2450.6462 3.1159 34.9634
2483.0000 2452.6106 3.1135 34.9633
2485.0000 2454.5747 3.1125 34.9632
2487.0000 2456.5386 3.1108 34.9630
2489.0000 2458.5027 3.1088 34.9628
2491.0000 2460.4668 3.1074 34.9627
2493.0000 2462.4307 3.1051 34.9625
2495.0000 2464.3948 3.1042 34.9625
2497.0000 2466.3586 3.1038 34.9624
2499.0000 2468.3228 3.1024 34.9622
2501.0000 2470.2866 3.1011 34.9622
2503.0000 2472.2507 3.0989 34.9619
2505.0000 2474.2148 3.0961 34.9617
2507.0000 2476.1785 3.0919 34.9613
2509.0000 2478.1423 3.0887 34.9611
2511.0000 2480.1062 3.0855 34.9608
2513.0000 2482.0703 3.0836 34.9608
2515.0000 2484.0339 3.0815 34.9604
2517.0000 2485.9976 3.0760 34.9600
2519.0000 2487.9614 3.0748 34.9600
2521.0000 2489.9253 3.0743 34.9599
2523.0000 2491.8892 3.0735 34.9598
2525.0000 2493.8528 3.0731 34.9598
2527.0000 2495.8164 3.0727 34.9598
2529.0000 2497.7803 3.0708 34.9596
2531.0000 2499.7439 3.0685 34.9594
2533.0000 2501.7078 3.0656 34.9593
2535.0000 2503.6714 3.0660 34.9593
2537.0000 2505.6350 3.0660 34.9592
2539.0000 2507.5986 3.0658 34.9592
2541.0000 2509.5620 3.0652 34.9592
2543.0000 2511.5256 3.0629 34.9589
2545.0000 2513.4893 3.0591 34.9585
2547.0000 2515.4529 3.0559 34.9584
2549.0000 2517.4165 3.0540 34.9582
2551.0000 2519.3801 3.0533 34.9582
2553.0000 2521.3435 3.0537 34.9582
2555.0000 2523.3069 3.0538 34.9583
2557.0000 2525.2703 3.0525 34.9581
2559.0000 2527.2336 3.0524 34.9581
2561.0000 2529.1973 3.0514 34.9580
2563.0000 2531.1606 3.0509 34.9579
2565.0000 2533.1240 3.0491 34.9577
2567.0000 2535.0874 3.0461 34.9574
2569.0000 2537.0505 3.0435 34.9572
2571.0000 2539.0139 3.0400 34.9571
2573.0000 2540.9773 3.0385 34.9568
2575.0000 2542.9409 3.0374 34.9567
2577.0000 2544.9038 3.0371 34.9568
2579.0000 2546.8672 3.0375 34.9568
2581.0000 2548.8306 3.0374 34.9567
2583.0000 2550.7935 3.0374 34.9568
2585.0000 2552.7571 3.0376 34.9567
2587.0000 2554.7202 3.0355 34.9565
2589.0000 2556.6831 3.0322 34.9561
2591.0000 2558.6462 3.0273 34.9557
2593.0000 2560.6096 3.0213 34.9552
2595.0000 2562.5728 3.0177 34.9550
2597.0000 2564.5359 3.0136 34.9546
2599.0000 2566.4988 3.0094 34.9543
2601.0000 2568.4622 3.0089 34.9544
2603.0000 2570.4248 3.0092 34.9544
2605.0000 2572.3877 3.0087 34.9543
2607.0000 2574.3511 3.0039 34.9539
2609.0000 2576.3142 3.0007 34.9537
2611.0000 2578.2769 2.9997 34.9534
2613.0000 2580.2400 2.9959 34.9532
2615.0000 2582.2031 2.9930 34.9530
2617.0000 2584.1658 2.9924 34.9530
2619.0000 2586.1287 2.9919 34.9530
2621.0000 2588.0916 2.9915 34.9529
2623.0000 2590.0544 2.9912 34.9529
2625.0000 2592.0173 2.9908 34.9528
2627.0000 2593.9802 2.9900 34.9529
2629.0000 2595.9431 2.9886 34.9526
2631.0000 2597.9058 2.9869 34.9524
2633.0000 2599.8684 2.9823 34.9519
2635.0000 2601.8315 2.9752 34.9515
2637.0000 2603.7942 2.9733 34.9513
2639.0000 2605.7568 2.9711 34.9511
2641.0000 2607.7192 2.9701 34.9510
2643.0000 2609.6824 2.9651 34.9506
2645.0000 2611.6448 2.9636 34.9506
2647.0000 2613.6077 2.9623 34.9505
2649.0000 2615.5701 2.9616 34.9504
2651.0000 2617.5330 2.9613 34.9504
2653.0000 2619.4954 2.9608 34.9504
2655.0000 2621.4580 2.9602 34.9503
2657.0000 2623.4207 2.9566 34.9500
2659.0000 2625.3831 2.9562 34.9500
2661.0000 2627.3457 2.9563 34.9501
2663.0000 2629.3083 2.9567 34.9501
2665.0000 2631.2705 2.9567 34.9500
2667.0000 2633.2332 2.9571 34.9500
2669.0000 2635.1956 2.9550 34.9499
2671.0000 2637.1580 2.9520 34.9495
2673.0000 2639.1204 2.9492 34.9493
2675.0000 2641.0828 2.9485 34.9493
2677.0000 2643.0454 2.9492 34.9493
2679.0000 2645.0076 2.9488 34.9491
2681.0000 2646.9700 2.9485 34.9492
2683.0000 2648.9324 2.9485 34.9493
2685.0000 2650.8948 2.9483 34.9492
2687.0000 2652.8567 2.9481 34.9491
2689.0000 2654.8193 2.9484 34.9492
2691.0000 2656.7815 2.9488 34.9492
2693.0000 2658.7434 2.9488 34.9491
2695.0000 2660.7058 2.9485 34.9492
2697.0000 2662.6682 2.9483 34.9491
2699.0000 2664.6306 2.9486 34.9491
2701.0000 2666.5925 2.9495 34.9492
2703.0000 2668.5547 2.9512 34.9493
2705.0000 2670.5168 2.9516 34.9493
2707.0000 2672.4788 2.9522 34.9493
2709.0000 2674.4409 2.9520 34.9493
2711.0000 2676.4033 2.9506 34.9492
2713.0000 2678.3650 2.9500 34.9492
2715.0000 2680.3271 2.9519 34.9492
2717.0000 2682.2896 2.9493 34.9489
2719.0000 2684.2515 2.9477 34.9489
2721.0000 2686.2131 2.9471 34.9488
2723.0000 2688.1750 2.9469 34.9488
2725.0000 2690.1375 2.9470 34.9488
2727.0000 2692.0991 2.9473 34.9488
2729.0000 2694.0610 2.9473 34.9488
2731.0000 2696.0232 2.9470 34.9486
2733.0000 2697.9851 2.9454 34.9484
2735.0000 2699.9465 2.9371 34.9477
2737.0000 2701.9087 2.9343 34.9475
2739.0000 2703.8706 2.9336 34.9475
2741.0000 2705.8320 2.9326 34.9475
2743.0000 2707.7942 2.9307 34.9473
2745.0000 2709.7559 2.9301 34.9473
2747.0000 2711.7178 2.9295 34.9472
2749.0000 2713.6794 2.9287 34.9471
2751.0000 2715.6411 2.9264 34.9470
2753.0000 2717.6028 2.9249 34.9468
2755.0000 2719.5645 2.9246 34.9468
2757.0000 2721.5261 2.9248 34.9468
2759.0000 2723.4878 2.9245 34.9468
2761.0000 2725.4497 2.9245 34.9467
2763.0000 2727.4111 2.9248 34.9467
2765.0000 2729.3726 2.9246 34.9468
2767.0000 2731.3345 2.9248 34.9468
2769.0000 2733.2959 2.9247 34.9468
2771.0000 2735.2573 2.9248 34.9466
2773.0000 2737.2190 2.9245 34.9467
2775.0000 2739.1807 2.9245 34.9466
2777.0000 2741.1418 2.9234 34.9465
2779.0000 2743.1035 2.9229 34.9465
2781.0000 2745.0649 2.9199 34.9461
2783.0000 2747.0261 2.9160 34.9458
2785.0000 2748.9878 2.9135 34.9457
2787.0000 2750.9492 2.9112 34.9455
2789.0000 2752.9106 2.9103 34.9455
2791.0000 2754.8718 2.9096 34.9455
2793.0000 2756.8333 2.9090 34.9454
2795.0000 2758.7947 2.9087 34.9453
2797.0000 2760.7559 2.9088 34.9454
2799.0000 2762.7170 2.9088 34.9454
2801.0000 2764.6787 2.9075 34.9452
2803.0000 2766.6396 2.9063 34.9451
2805.0000 2768.6011 2.9049 34.9451
2807.0000 2770.5623 2.9044 34.9449
2809.0000 2772.5237 2.9037 34.9450
2811.0000 2774.4846 2.9035 34.9449
2813.0000 2776.4460 2.9030 34.9448
2815.0000 2778.4070 2.9033 34.9447
2817.0000 2780.3682 2.9028 34.9447
2819.0000 2782.3291 2.9027 34.9447
2821.0000 2784.2905 2.9022 34.9447
2823.0000 2786.2517 2.9011 34.9446
2825.0000 2788.2124 2.9003 34.9445
2827.0000 2790.1738 2.8991 34.9443
2829.0000 2792.1345 2.8956 34.9440
2831.0000 2794.0957 2.8914 34.9437
2833.0000 2796.0566 2.8898 34.9436
2835.0000 2798.0176 2.8892 34.9436
2837.0000 2799.9788 2.8894 34.9436
2839.0000 2801.9395 2.8891 34.9435
2841.0000 2803.9006 2.8853 34.9431
2843.0000 2805.8616 2.8824 34.9429
2845.0000 2807.8223 2.8824 34.9430
2847.0000 2809.7832 2.8824 34.9429
2849.0000 2811.7439 2.8790 34.9426
2851.0000 2813.7048 2.8787 34.9427
2853.0000 2815.6658 2.8790 34.9427
2855.0000 2817.6267 2.8786 34.9427
2857.0000 2819.5874 2.8766 34.9424
2859.0000 2821.5479 2.8735 34.9421
2861.0000 2823.5090 2.8727 34.9421
2863.0000 2825.4697 2.8724 34.9420
2865.0000 2827.4302 2.8724 34.9421
2867.0000 2829.3909 2.8730 34.9421
2869.0000 2831.3518 2.8727 34.9421
2871.0000 2833.3125 2.8725 34.9421
2873.0000 2835.2732 2.8712 34.9419
2875.0000 2837.2336 2.8712 34.9419
2877.0000 2839.1943 2.8718 34.9420
2879.0000 2841.1548 2.8707 34.9418
2881.0000 2843.1152 2.8664 34.9414
2883.0000 2845.0759 2.8654 34.9414
2885.0000 2847.0366 2.8660 34.9414
2887.0000 2848.9971 2.8649 34.9413
2889.0000 2850.9575 2.8640 34.9412
2891.0000 2852.9182 2.8637 34.9412
2893.0000 2854.8782 2.8619 34.9410
2895.0000 2856.8386 2.8591 34.9408
2897.0000 2858.7993 2.8594 34.9408
2899.0000 2860.7598 2.8628 34.9411
2901.0000 2862.7200 2.8630 34.9411
2903.0000 2864.6804 2.8639 34.9412
2905.0000 2866.6411 2.8641 34.9411
2907.0000 2868.6011 2.8604 34.9406
2909.0000 2870.5618 2.8542 34.9401
2911.0000 2872.5220 2.8505 34.9398
2913.0000 2874.4822 2.8494 34.9398
2915.0000 2876.4424 2.8488 34.9396
2917.0000 2878.4028 2.8473 34.9396
2919.0000 2880.3630 2.8462 34.9395
2921.0000 2882.3230 2.8439 34.9393
2923.0000 2884.2834 2.8420 34.9391
2925.0000 2886.2439 2.8410 34.9390
2927.0000 2888.2036 2.8397 34.9389
2929.0000 2890.1638 2.8373 34.9388
2931.0000 2892.1240 2.8375 34.9388
2933.0000 2894.0845 2.8375 34.9387
2935.0000 2896.0442 2.8376 34.9387
2937.0000 2898.0044 2.8377 34.9388
2939.0000 2899.9646 2.8375 34.9387
2941.0000 2901.9246 2.8376 34.9387
2943.0000 2903.8843 2.8374 34.9386
2945.0000 2905.8445 2.8371 34.9386
2947.0000 2907.8044 2.8357 34.9384
2949.0000 2909.7644 2.8349 34.9384
2951.0000 2911.7244 2.8346 34.9384
2953.0000 2913.6846 2.8348 34.9385
2955.0000 2915.6440 2.8350 34.9384
2957.0000 2917.6040 2.8346 34.9384
2959.0000 2919.5640 2.8341 34.9383
2961.0000 2921.5239 2.8324 34.9381
2963.0000 2923.4836 2.8302 34.9380
2965.0000 2925.4436 2.8299 34.9380
2967.0000 2927.4036 2.8296 34.9379
2969.0000 2929.3630 2.8284 34.9378
2971.0000 2931.3230 2.8275 34.9377
2973.0000 2933.2827 2.8265 34.9375
2975.0000 2935.2422 2.8262 34.9376
2977.0000 2937.2021 2.8261 34.9375
2979.0000 2939.1619 2.8251 34.9375
2981.0000 2941.1216 2.8248 34.9374
2983.0000 2943.0811 2.8227 34.9372
2985.0000 2945.0408 2.8200 34.9368
2987.0000 2947.0007 2.8196 34.9369
2989.0000 2948.9600 2.8195 34.9369
2991.0000 2950.9199 2.8171 34.9366
2993.0000 2952.8792 2.8142 34.9364
2995.0000 2954.8391 2.8122 34.9362
2997.0000 2956.7983 2.8103 34.9359
2999.0000 2958.7581 2.8056 34.9357
3001.0000 2960.7175 2.8026 34.9352
3003.0000 2962.6768 2.7970 34.9349
3005.0000 2964.6362 2.7937 34.9346
3007.0000 2966.5959 2.7903 34.9343
3009.0000 2968.5557 2.7882 34.9341
3011.0000 2970.5146 2.7874 34.9341
3013.0000 2972.4744 2.7867 34.9341
3015.0000 2974.4336 2.7861 34.9340
3017.0000 2976.3928 2.7859 34.9341
3019.0000 2978.3521 2.7845 34.9340
3021.0000 2980.3118 2.7839 34.9339
3023.0000 2982.2712 2.7835 34.9338
3025.0000 2984.2300 2.7833 34.9338
3027.0000 2986.1895 2.7827 34.9337
3029.0000 2988.1487 2.7818 34.9336
3031.0000 2990.1079 2.7807 34.9335
3033.0000 2992.0671 2.7759 34.9330
3035.0000 2994.0266 2.7684 34.9324
3037.0000 2995.9856 2.7656 34.9322
3039.0000 2997.9446 2.7660 34.9323
3041.0000 2999.9041 2.7664 34.9323
3043.0000 3001.8630 2.7661 34.9323
3045.0000 3003.8223 2.7656 34.9323
3047.0000 3005.7815 2.7666 34.9324
3049.0000 3007.7405 2.7669 34.9323
3051.0000 3009.6995 2.7675 34.9324
3053.0000 3011.6584 2.7668 34.9322
3055.0000 3013.6177 2.7659 34.9323
3057.0000 3015.5769 2.7636 34.9320
3059.0000 3017.5356 2.7633 34.9319
3061.0000 3019.4946 2.7632 34.9318
3063.0000 3021.4536 2.7632 34.9319
3065.0000 3023.4124 2.7634 34.9319
3067.0000 3025.3716 2.7633 34.9319
3069.0000 3027.3303 2.7636 34.9320
3071.0000 3029.2896 2.7638 34.9319
3073.0000 3031.2480 2.7640 34.9318
3075.0000 3033.2070 2.7640 34.9319
3077.0000 3035.1660 2.7642 34.9318
3079.0000 3037.1245 2.7638 34.9318
3081.0000 3039.0835 2.7620 34.9315
3083.0000 3041.0425 2.7510 34.9305
3085.0000 3043.0012 2.7478 34.9304
3087.0000 3044.9597 2.7469 34.9304
3089.0000 3046.9185 2.7468 34.9302
3091.0000 3048.8774 2.7417 34.9298
3093.0000 3050.8359 2.7390 34.9296
3095.0000 3052.7944 2.7365 34.9294
3097.0000 3054.7534 2.7354 34.9293
3099.0000 3056.7122 2.7355 34.9293
3101.0000 3058.6704 2.7348 34.9292
3103.0000 3060.6292 2.7328 34.9291
3105.0000 3062.5879 2.7318 34.9290
3107.0000 3064.5464 2.7314 34.9290
3109.0000 3066.5049 2.7318 34.9290
3111.0000 3068.4636 2.7316 34.9290
3113.0000 3070.4219 2.7312 34.9290
3115.0000 3072.3806 2.7299 34.9288
3117.0000 3074.3389 2.7278 34.9287
3119.0000 3076.2976 2.7272 34.9285
3121.0000 3078.2559 2.7256 34.9284
3123.0000 3080.2141 2.7243 34.9283
3125.0000 3082.1729 2.7224 34.9282
3127.0000 3084.1311 2.7224 34.9281
3129.0000 3086.0894 2.7226 34.9281
3131.0000 3088.0479 2.7221 34.9281
3133.0000 3090.0063 2.7219 34.9281
3135.0000 3091.9644 2.7218 34.9280
3137.0000 3093.9229 2.7219 34.9280
3139.0000 3095.8813 2.7210 34.9279
3141.0000 3097.8396 2.7193 34.9277
3143.0000 3099.7976 2.7167 34.9275
3145.0000 3101.7561 2.7136 34.9272
3147.0000 3103.7144 2.7113 34.9272
3149.0000 3105.6724 2.7108 34.9271
3151.0000 3107.6306 2.7099 34.9269
3153.0000 3109.5891 2.7095 34.9269
3155.0000 3111.5469 2.7093 34.9268
3157.0000 3113.5051 2.7085 34.9268
3159.0000 3115.4634 2.7079 34.9268
3161.0000 3117.4214 2.7072 34.9266
3163.0000 3119.3794 2.7068 34.9266
3165.0000 3121.3374 2.7068 34.9266
3167.0000 3123.2954 2.7058 34.9265
3169.0000 3125.2534 2.7039 34.9264
3171.0000 3127.2114 2.7036 34.9262
3173.0000 3129.1697 2.7036 34.9262
3175.0000 3131.1274 2.7037 34.9263
3177.0000 3133.0854 2.7031 34.9262
3179.0000 3135.0435 2.7026 34.9261
3181.0000 3137.0012 2.7019 34.9260
3183.0000 3138.9590 2.6971 34.9257
3185.0000 3140.9172 2.6963 34.9255
3187.0000 3142.8752 2.6963 34.9255
3189.0000 3144.8328 2.6956 34.9254
3191.0000 3146.7905 2.6942 34.9253
3193.0000 3148.7485 2.6934 34.9253
3195.0000 3150.7063 2.6931 34.9252
3197.0000 3152.6641 2.6920 34.9251
3199.0000 3154.6221 2.6919 34.9251
3201.0000 3156.5798 2.6912 34.9251
3203.0000 3158.5371 2.6911 34.9251
3205.0000 3160.4951 2.6908 34.9251
3207.0000 3162.4529 2.6903 34.9249
3209.0000 3164.4109 2.6896 34.9249
3211.0000 3166.3679 2.6895 34.9248
3213.0000 3168.3259 2.6880 34.9247
3215.0000 3170.2837 2.6876 34.9246
3217.0000 3172.2410 2.6872 34.9246
3219.0000 3174.1985 2.6872 34.9246
3221.0000 3176.1562 2.6869 34.9246
3223.0000 3178.1140 2.6866 34.9245
3225.0000 3180.0713 2.6869 34.9245
3227.0000 3182.0286 2.6871 34.9245
3229.0000 3183.9863 2.6860 34.9245
3231.0000 3185.9438 2.6858 34.9244
3233.0000 3187.9014 2.6860 34.9243
3235.0000 3189.8586 2.6855 34.9243
3237.0000 3191.8159 2.6852 34.9243
3239.0000 3193.7734 2.6835 34.9241
3241.0000 3195.7310 2.6823 34.9240
3243.0000 3197.6885 2.6824 34.9241
3245.0000 3199.6455 2.6770 34.9234
3247.0000 3201.6030 2.6719 34.9229
3249.0000 3203.5608 2.6685 34.9227
3251.0000 3205.5176 2.6676 34.9227
3253.0000 3207.4749 2.6668 34.9226
3255.0000 3209.4324 2.6643 34.9223
3257.0000 3211.3896 2.6634 34.9223
3259.0000 3213.3467 2.6630 34.9223
3261.0000 3215.3040 2.6621 34.9223
3263.0000 3217.2612 2.6617 34.9222
3265.0000 3219.2183 2.6613 34.9221
3267.0000 3221.1755 2.6602 34.9220
3269.0000 3223.1328 2.6582 34.9217
3271.0000 3225.0901 2.6543 34.9216
3273.0000 3227.0469 2.6545 34.9216
3275.0000 3229.0042 2.6521 34.9212
3277.0000 3230.9612 2.6486 34.9209
3279.0000 3232.9182 2.6433 34.9206
3281.0000 3234.8752 2.6417 34.9204
3283.0000 3236.8323 2.6414 34.9204
3285.0000 3238.7896 2.6410 34.9204
3287.0000 3240.7463 2.6410 34.9204
3289.0000 3242.7034 2.6405 34.9203
3291.0000 3244.6604 2.6394 34.9202
3293.0000 3246.6172 2.6384 34.9201
3295.0000 3248.5740 2.6377 34.9201
3297.0000 3250.5312 2.6367 34.9199
3299.0000 3252.4880 2.6358 34.9199
3301.0000 3254.4446 2.6351 34.9198
3303.0000 3256.4016 2.6300 34.9193
3305.0000 3258.3586 2.6281 34.9192
3307.0000 3260.3152 2.6275 34.9191
3309.0000 3262.2722 2.6267 34.9190
3311.0000 3264.2290 2.6264 34.9190
3313.0000 3266.1855 2.6263 34.9190
3315.0000 3268.1423 2.6237 34.9187
3317.0000 3270.0991 2.6208 34.9184
3319.0000 3272.0562 2.6178 34.9183
3321.0000 3274.0127 2.6174 34.9183
3323.0000 3275.9692 2.6161 34.9181
3325.0000 3277.9258 2.6144 34.9180
3327.0000 3279.8826 2.6141 34.9179
3329.0000 3281.8391 2.6130 34.9178
3331.0000 3283.7959 2.6130 34.9178
3333.0000 3285.7527 2.6127 34.9178
3335.0000 3287.7090 2.6121 34.9177
3337.0000 3289.6655 2.6120 34.9177
3339.0000 3291.6221 2.6115 34.9177
3341.0000 3293.5784 2.6119 34.9177
3343.0000 3295.5352 2.6118 34.9177
3345.0000 3297.4917 2.6120 34.9177
3347.0000 3299.4482 2.6126 34.9176
3349.0000 3301.4045 2.6129 34.9177
3351.0000 3303.3608 2.6128 34.9177
3353.0000 3305.3174 2.6137 34.9177
3355.0000 3307.2737 2.6137 34.9177
3357.0000 3309.2300 2.6129 34.9176
3359.0000 3311.1865 2.6065 34.9169
3361.0000 3313.1431 2.6026 34.9166
3363.0000 3315.0994 2.5970 34.9162
3365.0000 3317.0557 2.5908 34.9155
3367.0000 3319.0117 2.5875 34.9154
3369.0000 3320.9678 2.5844 34.9149
3371.0000 3322.9243 2.5780 34.9145
3373.0000 3324.8806 2.5736 34.9142
3375.0000 3326.8367 2.5714 34.9142
3377.0000 3328.7930 2.5702 34.9140
3379.0000 3330.7493 2.5684 34.9139
3381.0000 3332.7056 2.5685 34.9141
3383.0000 3334.6614 2.5686 34.9140
3385.0000 3336.6177 2.5690 34.9140
3387.0000 3338.5737 2.5692 34.9140
3389.0000 3340.5298 2.5682 34.9139
3391.0000 3342.4861 2.5657 34.9137
3393.0000 3344.4421 2.5647 34.9136
3395.0000 3346.3984 2.5630 34.9135
3397.0000 3348.3542 2.5631 34.9135
3399.0000 3350.3103 2.5625 34.9133
3401.0000 3352.2664 2.5630 34.9133
3403.0000 3354.2219 2.5632 34.9134
3405.0000 3356.1780 2.5630 34.9133
3407.0000 3358.1343 2.5625 34.9133
3409.0000 3360.0901 2.5598 34.9130
3411.0000 3362.0457 2.5583 34.9128
3413.0000 3364.0020 2.5559 34.9127
3415.0000 3365.9578 2.5547 34.9125
3417.0000 3367.9133 2.5511 34.9121
3419.0000 3369.8696 2.5477 34.9119
3421.0000 3371.8254 2.5465 34.9119
3423.0000 3373.7812 2.5465 34.9119
3425.0000 3375.7368 2.5447 34.9116
3427.0000 3377.6926 2.5440 34.9117
3429.0000 3379.6482 2.5438 34.9116
3431.0000 3381.6038 2.5432 34.9116
3433.0000 3383.5596 2.5425 34.9115
3435.0000 3385.5154 2.5418 34.9114
3437.0000 3387.4709 2.5413 34.9114
3439.0000 3389.4268 2.5395 34.9112
3441.0000 3391.3823 2.5377 34.9110
3443.0000 3393.3381 2.5367 34.9109
3445.0000 3395.2937 2.5345 34.9107
3447.0000 3397.2493 2.5309 34.9104
3449.0000 3399.2051 2.5287 34.9103
3451.0000 3401.1606 2.5282 34.9102
3453.0000 3403.1160 2.5280 34.9102
3455.0000 3405.0718 2.5279 34.9102
3457.0000 3407.0273 2.5280 34.9103
3459.0000 3408.9824 2.5280 34.9101
3461.0000 3410.9382 2.5274 34.9101
3463.0000 3412.8938 2.5266 34.9101
3465.0000 3414.8489 2.5262 34.9101
3467.0000 3416.8044 2.5252 34.9098
3469.0000 3418.7598 2.5249 34.9099
3471.0000 3420.7153 2.5248 34.9098
3473.0000 3422.6704 2.5244 34.9097
3475.0000 3424.6257 2.5220 34.9095
3477.0000 3426.5813 2.5226 34.9095
3479.0000 3428.5364 2.5202 34.9094
3481.0000 3430.4919 2.5197 34.9093
3483.0000 3432.4473 2.5189 34.9092
3485.0000 3434.4023 2.5185 34.9092
3487.0000 3436.3574 2.5173 34.9091
3489.0000 3438.3130 2.5154 34.9089
3491.0000 3440.2678 2.5129 34.9087
3493.0000 3442.2231 2.5116 34.9085
3495.0000 3444.1785 2.5102 34.9083
3497.0000 3446.1335 2.5076 34.9082
3499.0000 3448.0886 2.5065 34.9082
3501.0000 3450.0437 2.5064 34.9082
3503.0000 3451.9990 2.5057 34.9080
3505.0000 3453.9541 2.5021 34.9077
3507.0000 3455.9089 2.4998 34.9076
3509.0000 3457.8643 2.4980 34.9073
3511.0000 3459.8193 2.4970 34.9073
3513.0000 3461.7739 2.4942 34.9071
3515.0000 3463.7290 2.4905 34.9068
3517.0000 3465.6841 2.4887 34.9066
3519.0000 3467.6392 2.4882 34.9066
3521.0000 3469.5942 2.4874 34.9065
3523.0000 3471.5493 2.4865 34.9065
3525.0000 3473.5039 2.4843 34.9062
3527.0000 3475.4585 2.4824 34.9060
3529.0000 3477.4136 2.4801 34.9059
3531.0000 3479.3687 2.4782 34.9058
3533.0000 3481.3237 2.4760 34.9055
3535.0000 3483.2783 2.4699 34.9050
3537.0000 3485.2329 2.4681 34.9048
3539.0000 3487.1880 2.4666 34.9048
3541.0000 3489.1426 2.4646 34.9046
3543.0000 3491.0974 2.4618 34.9043
3545.0000 3493.0522 2.4600 34.9042
3547.0000 3495.0073 2.4588 34.9042
3549.0000 3496.9617 2.4574 34.9040
3551.0000 3498.9167 2.4560 34.9039
3553.0000 3500.8713 2.4554 34.9038
3555.0000 3502.8254 2.4516 34.9034
3557.0000 3504.7805 2.4479 34.9032
3559.0000 3506.7351 2.4469 34.9032
3561.0000 3508.6895 2.4459 34.9031
3563.0000 3510.6440 2.4451 34.9030
3565.0000 3512.5986 2.4439 34.9029
3567.0000 3514.5532 2.4433 34.9029
3569.0000 3516.5076 2.4396 34.9024
3571.0000 3518.4622 2.4347 34.9020
3573.0000 3520.4167 2.4277 34.9014
3575.0000 3522.3711 2.4266 34.9014
3577.0000 3524.3257 2.4263 34.9015
3579.0000 3526.2803 2.4257 34.9014
3581.0000 3528.2346 2.4245 34.9012
3583.0000 3530.1887 2.4191 34.9008
3585.0000 3532.1433 2.4174 34.9007
3587.0000 3534.0979 2.4172 34.9007
3589.0000 3536.0522 2.4148 34.9004
3591.0000 3538.0063 2.4134 34.9004
3593.0000 3539.9612 2.4129 34.9002
3595.0000 3541.9153 2.4101 34.9001
3597.0000 3543.8696 2.4081 34.8998
3599.0000 3545.8237 2.4050 34.8996
3601.0000 3547.7778 2.4032 34.8994
3603.0000 3549.7322 2.4033 34.8995
3605.0000 3551.6863 2.4036 34.8995
3607.0000 3553.6406 2.4036 34.8994
3609.0000 3555.5947 2.4040 34.8994
3611.0000 3557.5491 2.4043 34.8995
3613.0000 3559.5032 2.4044 34.8995
3615.0000 3561.4575 2.4047 34.8995
3617.0000 3563.4114 2.4030 34.8993
3619.0000 3565.3655 2.4007 34.8991
3621.0000 3567.3196 2.4005 34.8991
3623.0000 3569.2739 2.4001 34.8990
3625.0000 3571.2278 2.3998 34.8990
3627.0000 3573.1819 2.3997 34.8990
3629.0000 3575.1357 2.4000 34.8990
3631.0000 3577.0898 2.4004 34.8990
3633.0000 3579.0437 2.4008 34.8990
3635.0000 3580.9978 2.3987 34.8989
3637.0000 3582.9517 2.3993 34.8988
3639.0000 3584.9055 2.3975 34.8987
3641.0000 3586.8596 2.3953 34.8985
3643.0000 3588.8135 2.3946 34.8985
3645.0000 3590.7668 2.3936 34.8983
3647.0000 3592.7212 2.3923 34.8982
3649.0000 3594.6753 2.3905 34.8981
3651.0000 3596.6287 2.3883 34.8978
3653.0000 3598.5825 2.3867 34.8977
3655.0000 3600.5364 2.3859 34.8977
3657.0000 3602.4905 2.3860 34.8976
3659.0000 3604.4438 2.3859 34.8976
3661.0000 3606.3977 2.3855 34.8976
3663.0000 3608.3516 2.3849 34.8976
3665.0000 3610.3049 2.3844 34.8975
3667.0000 3612.2588 2.3843 34.8974
3669.0000 3614.2124 2.3840 34.8975
3671.0000 3616.1663 2.3832 34.8974
3673.0000 3618.1196 2.3825 34.8972
3675.0000 3620.0735 2.3816 34.8971
3677.0000 3622.0271 2.3809 34.8970
3679.0000 3623.9807 2.3802 34.8970
3681.0000 3625.9341 2.3801 34.8970
3683.0000 3627.8877 2.3800 34.8970
3685.0000 3629.8411 2.3799 34.8968
3687.0000 3631.7944 2.3799 34.8970
3689.0000 3633.7478 2.3800 34.8969
3691.0000 3635.7021 2.3799 34.8968
3693.0000 3637.6550 2.3796 34.8967
3695.0000 3639.6084 2.3787 34.8967
3697.0000 3641.5623 2.3789 34.8968
3699.0000 3643.5151 2.3794 34.8968
3701.0000 3645.4685 2.3786 34.8967
3703.0000 3647.4224 2.3784 34.8966
3705.0000 3649.3757 2.3786 34.8967
3707.0000 3651.3286 2.3784 34.8966
3709.0000 3653.2820 2.3786 34.8966
3711.0000 3655.2354 2.3782 34.8965
3713.0000 3657.1885 2.3778 34.8965
3715.0000 3659.1423 2.3778 34.8965
3717.0000 3661.0955 2.3777 34.8965
3719.0000 3663.0486 2.3778 34.8965
3721.0000 3665.0015 2.3778 34.8964
3723.0000 3666.9548 2.3771 34.8963
3725.0000 3668.9082 2.3771 34.8963
3727.0000 3670.8613 2.3774 34.8963
3729.0000 3672.8147 2.3776 34.8964
3731.0000 3674.7676 2.3775 34.8963
3733.0000 3676.7209 2.3775 34.8963
3735.0000 3678.6738 2.3778 34.8963
3737.0000 3680.6267 2.3779 34.8963
3739.0000 3682.5801 2.3782 34.8963
3741.0000 3684.5327 2.3779 34.8963
3743.0000 3686.4856 2.3768 34.8962
3745.0000 3688.4390 2.3766 34.8961
3747.0000 3690.3923 2.3767 34.8961
3749.0000 3692.3450 2.3766 34.8961
3751.0000 3694.2979 2.3752 34.8959
3753.0000 3696.2510 2.3740 34.8957
3755.0000 3698.2039 2.3725 34.8956
3757.0000 3700.1567 2.3713 34.8955
3759.0000 3702.1099 2.3708 34.8955
3761.0000 3704.0623 2.3707 34.8955
3763.0000 3706.0154 2.3709 34.8955
3765.0000 3707.9683 2.3709 34.8955
3767.0000 3709.9211 2.3712 34.8955
3769.0000 3711.8738 2.3714 34.8954
3771.0000 3713.8262 2.3712 34.8955
3773.0000 3715.7795 2.3713 34.8955
3775.0000 3717.7317 2.3708 34.8953
3777.0000 3719.6848 2.3699 34.8953
3779.0000 3721.6372 2.3697 34.8953
3781.0000 3723.5906 2.3694 34.8951
3783.0000 3725.5427 2.3691 34.8952
3785.0000 3727.4956 2.3689 34.8951
3787.0000 3729.4482 2.3685 34.8950
3789.0000 3731.4009 2.3681 34.8950
3791.0000 3733.3533 2.3667 34.8949
3793.0000 3735.3062 2.3655 34.8948
3795.0000 3737.2588 2.3652 34.8947
3797.0000 3739.2114 2.3650 34.8947
3799.0000 3741.1638 2.3647 34.8947
3801.0000 3743.1165 2.3652 34.8946
3803.0000 3745.0686 2.3637 34.8946
3805.0000 3747.0215 2.3634 34.8946
3807.0000 3748.9739 2.3629 34.8944
3809.0000 3750.9265 2.3628 34.8944
3811.0000 3752.8782 2.3624 34.8944
3813.0000 3754.8311 2.3627 34.8944
3815.0000 3756.7837 2.3627 34.8944
3817.0000 3758.7354 2.3624 34.8943
3819.0000 3760.6880 2.3624 34.8944
3821.0000 3762.6409 2.3626 34.8943
3823.0000 3764.5925 2.3625 34.8943
3825.0000 3766.5452 2.3626 34.8943
3827.0000 3768.4976 2.3626 34.8943
3829.0000 3770.4502 2.3623 34.8942
3831.0000 3772.4019 2.3613 34.8942
3833.0000 3774.3540 2.3608 34.8941
3835.0000 3776.3066 2.3587 34.8938
3837.0000 3778.2588 2.3576 34.8938
3839.0000 3780.2107 2.3572 34.8938
3841.0000 3782.1633 2.3574 34.8938
3843.0000 3784.1155 2.3576 34.8937
3845.0000 3786.0671 2.3572 34.8936
3847.0000 3788.0193 2.3557 34.8936
3849.0000 3789.9717 2.3561 34.8935
3851.0000 3791.9236 2.3544 34.8934
3853.0000 3793.8755 2.3523 34.8932
3855.0000 3795.8281 2.3513 34.8931
3857.0000 3797.7803 2.3510 34.8931
3859.0000 3799.7319 2.3502 34.8930
3861.0000 3801.6841 2.3497 34.8929
3863.0000 3803.6362 2.3494 34.8928
3865.0000 3805.5879 2.3491 34.8929
3867.0000 3807.5400 2.3493 34.8929
3869.0000 3809.4922 2.3494 34.8928
3871.0000 3811.4438 2.3495 34.8928
3873.0000 3813.3955 2.3495 34.8929
3875.0000 3815.3477 2.3497 34.8928
3877.0000 3817.2998 2.3501 34.8929
3879.0000 3819.2510 2.3500 34.8928
3881.0000 3821.2031 2.3499 34.8928
3883.0000 3823.1548 2.3498 34.8928
3885.0000 3825.1064 2.3496 34.8928
3887.0000 3827.0586 2.3498 34.8927
3889.0000 3829.0103 2.3494 34.8926
3891.0000 3830.9619 2.3494 34.8927
3893.0000 3832.9138 2.3498 34.8927
3895.0000 3834.8655 2.3501 34.8927
3897.0000 3836.8171 2.3504 34.8926
3899.0000 3838.7688 2.3505 34.8927
3901.0000 3840.7205 2.3508 34.8927
3903.0000 3842.6721 2.3506 34.8927
3905.0000 3844.6238 2.3507 34.8927
3907.0000 3846.5752 2.3507 34.8927
3909.0000 3848.5269 2.3505 34.8926
3911.0000 3850.4790 2.3508 34.8926
3913.0000 3852.4299 2.3511 34.8926
3915.0000 3854.3818 2.3516 34.8926
3917.0000 3856.3333 2.3517 34.8925
3919.0000 3858.2849 2.3516 34.8926
3921.0000 3860.2361 2.3518 34.8925
3923.0000 3862.1880 2.3514 34.8926
3925.0000 3864.1392 2.3515 34.8925
3927.0000 3866.0903 2.3515 34.8925
3929.0000 3868.0422 2.3503 34.8925
3931.0000 3869.9934 2.3495 34.8924
3933.0000 3871.9451 2.3490 34.8923
3935.0000 3873.8960 2.3480 34.8922
3937.0000 3875.8477 2.3469 34.8921
3939.0000 3877.7988 2.3469 34.8921
3941.0000 3879.7498 2.3463 34.8921
3943.0000 3881.7014 2.3448 34.8918
3945.0000 3883.6528 2.3396 34.8914
3947.0000 3885.6040 2.3392 34.8915
3949.0000 3887.5554 2.3393 34.8915
3951.0000 3889.5066 2.3396 34.8915
3953.0000 3891.4578 2.3392 34.8914
3955.0000 3893.4087 2.3379 34.8913
3957.0000 3895.3601 2.3374 34.8912
3959.0000 3897.3113 2.3374 34.8912
3961.0000 3899.2622 2.3377 34.8912
3963.0000 3901.2139 2.3375 34.8912
3965.0000 3903.1646 2.3362 34.8910
3967.0000 3905.1160 2.3334 34.8907
3969.0000 3907.0669 2.3289 34.8902
3971.0000 3909.0176 2.3263 34.8901
3973.0000 3910.9692 2.3241 34.8899
3975.0000 3912.9199 2.3241 34.8899
3977.0000 3914.8706 2.3252 34.8901
3979.0000 3916.8220 2.3205 34.8895
3981.0000 3918.7732 2.3184 34.8895
3983.0000 3920.7241 2.3198 34.8895
3985.0000 3922.6748 2.3201 34.8896
3987.0000 3924.6257 2.3207 34.8895
3989.0000 3926.5767 2.3177 34.8894
3991.0000 3928.5276 2.3155 34.8891
3993.0000 3930.4788 2.3153 34.8890
3995.0000 3932.4297 2.3146 34.8890
3997.0000 3934.3801 2.3141 34.8889
3999.0000 3936.3308 2.3117 34.8887
4001.0000 3938.2817 2.3087 34.8884
4003.0000 3940.2327 2.3071 34.8883
4005.0000 3942.1831 2.3050 34.8881
4007.0000 3944.1343 2.3052 34.8881
4009.0000 3946.0847 2.3054 34.8881
4011.0000 3948.0356 2.3054 34.8880
4013.0000 3949.9861 2.3049 34.8880
4015.0000 3951.9370 2.3016 34.8877
4017.0000 3953.8875 2.3000 34.8876
4019.0000 3955.8381 2.3005 34.8876
4021.0000 3957.7891 2.3000 34.8876
4023.0000 3959.7390 2.2997 34.8875
4025.0000 3961.6899 2.2989 34.8875
4027.0000 3963.6409 2.2988 34.8874
4029.0000 3965.5916 2.2976 34.8873
4031.0000 3967.5417 2.2975 34.8873
4033.0000 3969.4924 2.2976 34.8873
4035.0000 3971.4429 2.2983 34.8873
4037.0000 3973.3931 2.2985 34.8873
4039.0000 3975.3438 2.2988 34.8873
4041.0000 3977.2942 2.2993 34.8873
4043.0000 3979.2451 2.2988 34.8872
4045.0000 3981.1948 2.2986 34.8872
4047.0000 3983.1455 2.2981 34.8872
4049.0000 3985.0959 2.2979 34.8871
4051.0000 3987.0464 2.2972 34.8870
4053.0000 3988.9963 2.2971 34.8871
4055.0000 3990.9473 2.2971 34.8871
4057.0000 3992.8972 2.2972 34.8870
4059.0000 3994.8477 2.2967 34.8869
4061.0000 3996.7979 2.2918 34.8864
4063.0000 3998.7485 2.2894 34.8863
4065.0000 4000.6982 2.2894 34.8863
4067.0000 4002.6487 2.2896 34.8863
4069.0000 4004.5991 2.2897 34.8862
4071.0000 4006.5496 2.2899 34.8863
4073.0000 4008.4990 2.2904 34.8864
4075.0000 4010.4495 2.2905 34.8862
4077.0000 4012.3997 2.2906 34.8863
4079.0000 4014.3501 2.2907 34.8863
4081.0000 4016.3000 2.2907 34.8863
4083.0000 4018.2505 2.2905 34.8863
4085.0000 4020.2000 2.2894 34.8861
4087.0000 4022.1501 2.2875 34.8859
4089.0000 4024.1001 2.2871 34.8858
4091.0000 4026.0505 2.2870 34.8858
4093.0000 4028.0000 2.2860 34.8857
4095.0000 4029.9504 2.2858 34.8857
4097.0000 4031.9001 2.2861 34.8857
4099.0000 4033.8501 2.2858 34.8856
4101.0000 4035.8000 2.2860 34.8856
4103.0000 4037.7502 2.2859 34.8856
4105.0000 4039.7002 2.2860 34.8856
4107.0000 4041.6499 2.2833 34.8853
4109.0000 4043.5999 2.2814 34.8852
4111.0000 4045.5498 2.2815 34.8852
4113.0000 4047.4990 2.2813 34.8851
4115.0000 4049.4495 2.2812 34.8852
4117.0000 4051.3989 2.2812 34.8852
4119.0000 4053.3491 2.2814 34.8851
4121.0000 4055.2983 2.2814 34.8851
4123.0000 4057.2485 2.2814 34.8851
4125.0000 4059.1982 2.2813 34.8851
4127.0000 4061.1479 2.2812 34.8850
4129.0000 4063.0979 2.2813 34.8850
4131.0000 4065.0474 2.2823 34.8851
4133.0000 4066.9973 2.2827 34.8850
4135.0000 4068.9465 2.2831 34.8851
4137.0000 4070.8962 2.2829 34.8851
4139.0000 4072.8457 2.2826 34.8850
4141.0000 4074.7954 2.2820 34.8849
4143.0000 4076.7451 2.2825 34.8849
4145.0000 4078.6946 2.2829 34.8850
4147.0000 4080.6438 2.2829 34.8850
4149.0000 4082.5938 2.2822 34.8847
4151.0000 4084.5435 2.2815 34.8848
4153.0000 4086.4929 2.2797 34.8846
4155.0000 4088.4421 2.2781 34.8844
4157.0000 4090.3918 2.2775 34.8843
4159.0000 4092.3413 2.2771 34.8843
4161.0000 4094.2900 2.2766 34.8843
4163.0000 4096.2402 2.2716 34.8836
4165.0000 4098.1895 2.2701 34.8835
4167.0000 4100.1387 2.2706 34.8836
4169.0000 4102.0879 2.2697 34.8835
4171.0000 4104.0371 2.2676 34.8833
4173.0000 4105.9868 2.2674 34.8833
4175.0000 4107.9355 2.2687 34.8835
4177.0000 4109.8853 2.2677 34.8832
4179.0000 4111.8350 2.2659 34.8830
4181.0000 4113.7842 2.2651 34.8829
4183.0000 4115.7329 2.2651 34.8830
4185.0000 4117.6821 2.2653 34.8830
4187.0000 4119.6318 2.2652 34.8830
4189.0000 4121.5806 2.2649 34.8829
4191.0000 4123.5298 2.2638 34.8827
4193.0000 4125.4795 2.2637 34.8828
4195.0000 4127.4287 2.2637 34.8827
4197.0000 4129.3774 2.2641 34.8828
4199.0000 4131.3267 2.2640 34.8827
4201.0000 4133.2759 2.2640 34.8827
4203.0000 4135.2251 2.2633 34.8826
4205.0000 4137.1738 2.2616 34.8824
4207.0000 4139.1226 2.2615 34.8824
4209.0000 4141.0718 2.2621 34.8824
4211.0000 4143.0205 2.2619 34.8825
4213.0000 4144.9697 2.2618 34.8824
4215.0000 4146.9185 2.2609 34.8822
4217.0000 4148.8677 2.2610 34.8823
4219.0000 4150.8169 2.2625 34.8824
4221.0000 4152.7656 2.2627 34.8823
4223.0000 4154.7144 2.2624 34.8823
4225.0000 4156.6631 2.2615 34.8822
4227.0000 4158.6123 2.2611 34.8821
4229.0000 4160.5615 2.2606 34.8820
4231.0000 4162.5098 2.2600 34.8820
4233.0000 4164.4585 2.2596 34.8820
4235.0000 4166.4077 2.2595 34.8819
4237.0000 4168.3564 2.2595 34.8819
4239.0000 4170.3052 2.2591 34.8819
4241.0000 4172.2539 2.2588 34.8818
4243.0000 4174.2031 2.2589 34.8818
4245.0000 4176.1514 2.2592 34.8818
4247.0000 4178.1001 2.2594 34.8817
4249.0000 4180.0488 2.2596 34.8818
4251.0000 4181.9976 2.2596 34.8817
4253.0000 4183.9458 2.2597 34.8818
4255.0000 4185.8945 2.2599 34.8818
4257.0000 4187.8438 2.2604 34.8817
4259.0000 4189.7915 2.2607 34.8817
4261.0000 4191.7402 2.2594 34.8816
4263.0000 4193.6890 2.2589 34.8816
4265.0000 4195.6372 2.2588 34.8816
4267.0000 4197.5864 2.2585 34.8816
4269.0000 4199.5352 2.2590 34.8815
4271.0000 4201.4834 2.2594 34.8816
4273.0000 4203.4316 2.2598 34.8816
4275.0000 4205.3804 2.2603 34.8816
4277.0000 4207.3286 2.2605 34.8815
4279.0000 4209.2769 2.2604 34.8815
4281.0000 4211.2256 2.2608 34.8815
4283.0000 4213.1738 2.2607 34.8816
4285.0000 4215.1221 2.2610 34.8815
4287.0000 4217.0703 2.2609 34.8816
4289.0000 4219.0186 2.2607 34.8814
4291.0000 4220.9673 2.2609 34.8814
4293.0000 4222.9155 2.2603 34.8814
4295.0000 4224.8633 2.2599 34.8813
4297.0000 4226.8120 2.2605 34.8814
4299.0000 4228.7603 2.2620 34.8814
4301.0000 4230.7085 2.2608 34.8813
4303.0000 4232.6567 2.2594 34.8811
4305.0000 4234.6050 2.2502 34.8802
4307.0000 4236.5527 2.2515 34.8804
4309.0000 4238.5015 2.2533 34.8806
4311.0000 4240.4497 2.2532 34.8804
4313.0000 4242.3975 2.2533 34.8805
4315.0000 4244.3457 2.2530 34.8805
4317.0000 4246.2939 2.2529 34.8804
