CTD cast

DATE:  08-Jan-2016 22:02:59
latitude:  24.5024
longitude:  -35.5341
  P (db)  z (m)    T (^oC)  S (psu)
3.0000 2.9808 23.3307 37.4073
5.0000 4.9680 23.3280 37.4075
7.0000 6.9551 23.3299 37.4075
9.0000 8.9422 23.3319 37.4074
11.0000 10.9293 23.3345 37.4071
13.0000 12.9164 23.3344 37.4062
15.0000 14.9035 23.3242 37.4046
17.0000 16.8906 23.3033 37.4019
19.0000 18.8776 23.2644 37.3972
21.0000 20.8646 23.2556 37.3967
23.0000 22.8516 23.2494 37.3965
25.0000 24.8386 23.2451 37.3963
27.0000 26.8255 23.2442 37.3963
29.0000 28.8125 23.2435 37.3963
31.0000 30.7994 23.2431 37.3961
33.0000 32.7863 23.2420 37.3960
35.0000 34.7732 23.2406 37.3960
37.0000 36.7600 23.2405 37.3961
39.0000 38.7469 23.2401 37.3962
41.0000 40.7337 23.2390 37.3959
43.0000 42.7205 23.2386 37.3959
45.0000 44.7073 23.2382 37.3960
47.0000 46.6941 23.2378 37.3959
49.0000 48.6808 23.2368 37.3958
51.0000 50.6675 23.2362 37.3958
53.0000 52.6542 23.2361 37.3958
55.0000 54.6409 23.2360 37.3960
57.0000 56.6276 23.2365 37.3959
59.0000 58.6142 23.2351 37.3958
61.0000 60.6009 23.2351 37.3957
63.0000 62.5875 23.2339 37.3955
65.0000 64.5741 23.2341 37.3954
67.0000 66.5606 23.2339 37.3953
69.0000 68.5472 23.2334 37.3951
71.0000 70.5337 23.2334 37.3950
73.0000 72.5202 23.2321 37.3946
75.0000 74.5067 23.2319 37.3946
77.0000 76.4932 23.2320 37.3946
79.0000 78.4797 23.2321 37.3946
81.0000 80.4661 23.2325 37.3946
83.0000 82.4525 23.2327 37.3946
85.0000 84.4389 23.2323 37.3948
87.0000 86.4253 23.2329 37.3947
89.0000 88.4117 23.2327 37.3947
91.0000 90.3980 23.2336 37.3950
93.0000 92.3843 23.2340 37.3949
95.0000 94.3706 23.2330 37.3946
97.0000 96.3569 23.2329 37.3944
99.0000 98.3432 23.2333 37.3943
101.0000 100.3294 23.2327 37.3932
103.0000 102.3156 23.2338 37.3942
105.0000 104.3018 23.2304 37.3932
107.0000 106.2880 23.2299 37.3929
109.0000 108.2742 23.2276 37.3923
111.0000 110.2604 23.2270 37.3921
113.0000 112.2465 23.2103 37.3878
115.0000 114.2326 23.2020 37.3859
117.0000 116.2187 23.0703 37.3513
119.0000 118.2047 22.4094 37.2177
121.0000 120.1908 21.9821 37.1525
123.0000 122.1768 21.7107 37.1217
125.0000 124.1628 21.3394 37.0787
127.0000 126.1488 21.2579 37.0749
129.0000 128.1348 21.2155 37.0776
131.0000 130.1208 21.0400 37.0645
133.0000 132.1067 21.0127 37.0617
135.0000 134.0926 20.9631 37.0595
137.0000 136.0785 20.9248 37.0589
139.0000 138.0644 20.8793 37.0541
141.0000 140.0503 20.7876 37.0542
143.0000 142.0361 20.7651 37.0580
145.0000 144.0219 20.6832 37.0644
147.0000 146.0077 20.6389 37.0668
149.0000 147.9935 20.6558 37.0667
151.0000 149.9793 20.6312 37.0692
153.0000 151.9650 20.6242 37.0686
155.0000 153.9508 20.5890 37.0633
157.0000 155.9365 20.5177 37.0575
159.0000 157.9221 20.4696 37.0553
161.0000 159.9078 20.4350 37.0527
163.0000 161.8935 20.4026 37.0491
165.0000 163.8791 20.3665 37.0444
167.0000 165.8647 20.3183 37.0398
169.0000 167.8503 20.2820 37.0371
171.0000 169.8359 20.2618 37.0353
173.0000 171.8214 20.2026 37.0279
175.0000 173.8069 20.2134 37.0301
177.0000 175.7924 20.1211 37.0172
179.0000 177.7780 20.0763 37.0115
181.0000 179.7634 20.0500 37.0080
183.0000 181.7489 20.0171 37.0023
185.0000 183.7343 19.9514 36.9919
187.0000 185.7198 19.9362 36.9903
189.0000 187.7052 19.9138 36.9865
191.0000 189.6905 19.8729 36.9797
193.0000 191.6759 19.8415 36.9750
195.0000 193.6613 19.7986 36.9692
197.0000 195.6466 19.7549 36.9614
199.0000 197.6319 19.6881 36.9483
201.0000 199.6172 19.6007 36.9319
203.0000 201.6024 19.5614 36.9259
205.0000 203.5877 19.5400 36.9214
207.0000 205.5729 19.5140 36.9173
209.0000 207.5581 19.4959 36.9138
211.0000 209.5433 19.4724 36.9092
213.0000 211.5285 19.4235 36.8998
215.0000 213.5136 19.3805 36.8916
217.0000 215.4987 19.3632 36.8883
219.0000 217.4838 19.3371 36.8818
221.0000 219.4690 19.2664 36.8678
223.0000 221.4540 19.2348 36.8612
225.0000 223.4391 19.1836 36.8493
227.0000 225.4241 19.1368 36.8398
229.0000 227.4091 19.1095 36.8347
231.0000 229.3941 19.0525 36.8224
233.0000 231.3791 18.9980 36.8124
235.0000 233.3641 18.9933 36.8111
237.0000 235.3490 18.9591 36.8026
239.0000 237.3339 18.9202 36.7953
241.0000 239.3188 18.8966 36.7899
243.0000 241.3037 18.8407 36.7775
245.0000 243.2886 18.7904 36.7672
247.0000 245.2734 18.7482 36.7572
249.0000 247.2583 18.6770 36.7418
251.0000 249.2431 18.5974 36.7234
253.0000 251.2278 18.5306 36.7108
255.0000 253.2126 18.4595 36.6947
257.0000 255.1973 18.3990 36.6828
259.0000 257.1821 18.3558 36.6742
261.0000 259.1668 18.3205 36.6679
263.0000 261.1515 18.3016 36.6642
265.0000 263.1362 18.2544 36.6543
267.0000 265.1208 18.2157 36.6464
269.0000 267.1054 18.1711 36.6367
271.0000 269.0901 18.1207 36.6264
273.0000 271.0746 18.1006 36.6219
275.0000 273.0592 18.0670 36.6140
277.0000 275.0438 18.0023 36.5992
279.0000 277.0284 17.8751 36.5717
281.0000 279.0128 17.7766 36.5528
283.0000 280.9973 17.7321 36.5444
285.0000 282.9818 17.7159 36.5421
287.0000 284.9663 17.7058 36.5399
289.0000 286.9507 17.6778 36.5336
291.0000 288.9352 17.6597 36.5305
293.0000 290.9196 17.6536 36.5282
295.0000 292.9039 17.6301 36.5241
297.0000 294.8883 17.6395 36.5253
299.0000 296.8727 17.5506 36.5071
301.0000 298.8570 17.4640 36.4896
303.0000 300.8412 17.4254 36.4830
305.0000 302.8256 17.4287 36.4844
307.0000 304.8098 17.4020 36.4783
309.0000 306.7941 17.3765 36.4724
311.0000 308.7783 17.3259 36.4604
313.0000 310.7626 17.2725 36.4516
315.0000 312.7467 17.2222 36.4397
317.0000 314.7309 17.0972 36.4173
319.0000 316.7151 17.0128 36.3993
321.0000 318.6992 16.9510 36.3887
323.0000 320.6833 16.9174 36.3824
325.0000 322.6674 16.8687 36.3736
327.0000 324.6515 16.8068 36.3611
329.0000 326.6356 16.7439 36.3486
331.0000 328.6196 16.6544 36.3327
333.0000 330.6036 16.6024 36.3237
335.0000 332.5876 16.5671 36.3172
337.0000 334.5716 16.5269 36.3101
339.0000 336.5556 16.4750 36.3006
341.0000 338.5395 16.4380 36.2941
343.0000 340.5234 16.4240 36.2918
345.0000 342.5073 16.4140 36.2900
347.0000 344.4912 16.4022 36.2878
349.0000 346.4751 16.3629 36.2795
351.0000 348.4590 16.3250 36.2729
353.0000 350.4428 16.2697 36.2632
355.0000 352.4266 16.3142 36.2706
357.0000 354.4104 16.2066 36.2534
359.0000 356.3941 16.1768 36.2479
361.0000 358.3779 16.1319 36.2376
363.0000 360.3617 16.1068 36.2375
365.0000 362.3454 16.0939 36.2310
367.0000 364.3291 16.0141 36.2182
369.0000 366.3127 15.9835 36.2130
371.0000 368.2964 15.9361 36.2052
373.0000 370.2800 15.8932 36.1988
375.0000 372.2636 15.8682 36.1957
377.0000 374.2473 15.8648 36.1956
379.0000 376.2309 15.8637 36.1958
381.0000 378.2144 15.8420 36.1911
383.0000 380.1979 15.7874 36.1827
385.0000 382.1815 15.7383 36.1729
387.0000 384.1650 15.6346 36.1557
389.0000 386.1485 15.5653 36.1434
391.0000 388.1319 15.5200 36.1362
393.0000 390.1154 15.4819 36.1305
395.0000 392.0988 15.4550 36.1263
397.0000 394.0822 15.3879 36.1124
399.0000 396.0656 15.2616 36.0923
401.0000 398.0490 15.2053 36.0849
403.0000 400.0324 15.1878 36.0828
405.0000 402.0157 15.1721 36.0795
407.0000 403.9990 15.1104 36.0709
409.0000 405.9823 15.0867 36.0667
411.0000 407.9655 15.0518 36.0607
413.0000 409.9489 15.0169 36.0561
415.0000 411.9321 15.0101 36.0555
417.0000 413.9153 14.9954 36.0519
419.0000 415.8985 14.9776 36.0486
421.0000 417.8817 14.9556 36.0461
423.0000 419.8648 14.9515 36.0453
425.0000 421.8480 14.9270 36.0420
427.0000 423.8311 14.8821 36.0329
429.0000 425.8142 14.8069 36.0216
431.0000 427.7973 14.7769 36.0171
433.0000 429.7804 14.7526 36.0140
435.0000 431.7634 14.7392 36.0121
437.0000 433.7465 14.7181 36.0086
439.0000 435.7295 14.6943 36.0053
441.0000 437.7124 14.6773 36.0028
443.0000 439.6954 14.6546 35.9986
445.0000 441.6784 14.6033 35.9919
447.0000 443.6613 14.5485 35.9839
449.0000 445.6443 14.5077 35.9773
451.0000 447.6271 14.4077 35.9600
453.0000 449.6100 14.3617 35.9541
455.0000 451.5929 14.3362 35.9497
457.0000 453.5757 14.2555 35.9378
459.0000 455.5585 14.2125 35.9311
461.0000 457.5413 14.1900 35.9281
463.0000 459.5241 14.1639 35.9235
465.0000 461.5069 14.1307 35.9174
467.0000 463.4896 14.0860 35.9104
469.0000 465.4723 14.0590 35.9052
471.0000 467.4551 13.9958 35.8940
473.0000 469.4377 13.9406 35.8844
475.0000 471.4204 13.9096 35.8797
477.0000 473.4030 13.9100 35.8819
479.0000 475.3857 13.8979 35.8777
481.0000 477.3683 13.8491 35.8699
483.0000 479.3509 13.8062 35.8630
485.0000 481.3335 13.7659 35.8576
487.0000 483.3160 13.7579 35.8543
489.0000 485.2986 13.7029 35.8477
491.0000 487.2811 13.6963 35.8467
493.0000 489.2635 13.6567 35.8395
495.0000 491.2461 13.6327 35.8361
497.0000 493.2285 13.6075 35.8314
499.0000 495.2110 13.5475 35.8237
501.0000 497.1933 13.5339 35.8216
503.0000 499.1758 13.5129 35.8190
505.0000 501.1582 13.4919 35.8168
507.0000 503.1405 13.4573 35.8128
509.0000 505.1228 13.4431 35.8111
511.0000 507.1052 13.4244 35.8077
513.0000 509.0876 13.3389 35.7936
515.0000 511.0698 13.2866 35.7880
517.0000 513.0521 13.2686 35.7855
519.0000 515.0344 13.2475 35.7828
521.0000 517.0165 13.2317 35.7803
523.0000 518.9987 13.2209 35.7793
525.0000 520.9810 13.1999 35.7766
527.0000 522.9631 13.1883 35.7751
529.0000 524.9453 13.1747 35.7731
531.0000 526.9274 13.1686 35.7723
533.0000 528.9095 13.1320 35.7664
535.0000 530.8916 13.0853 35.7606
537.0000 532.8737 13.0590 35.7572
539.0000 534.8558 13.0470 35.7556
541.0000 536.8378 13.0095 35.7497
543.0000 538.8198 12.9640 35.7432
545.0000 540.8019 12.9286 35.7390
547.0000 542.7838 12.9192 35.7379
549.0000 544.7657 12.9117 35.7366
551.0000 546.7477 12.8561 35.7266
553.0000 548.7297 12.7734 35.7165
555.0000 550.7115 12.7267 35.7109
557.0000 552.6935 12.7148 35.7092
559.0000 554.6754 12.6850 35.7053
561.0000 556.6572 12.6641 35.7030
563.0000 558.6390 12.6470 35.7008
565.0000 560.6208 12.6466 35.7012
567.0000 562.6027 12.6449 35.7010
569.0000 564.5844 12.6441 35.7010
571.0000 566.5662 12.6368 35.7000
573.0000 568.5479 12.6290 35.6990
575.0000 570.5296 12.6269 35.6988
577.0000 572.5114 12.5971 35.6936
579.0000 574.4930 12.5490 35.6873
581.0000 576.4746 12.5216 35.6837
583.0000 578.4563 12.4857 35.6783
585.0000 580.4379 12.4675 35.6762
587.0000 582.4196 12.4374 35.6718
589.0000 584.4012 12.3924 35.6674
591.0000 586.3827 12.3599 35.6628
593.0000 588.3643 12.3364 35.6599
595.0000 590.3458 12.3130 35.6568
597.0000 592.3272 12.2930 35.6544
599.0000 594.3088 12.2588 35.6491
601.0000 596.2903 12.2234 35.6461
603.0000 598.2717 12.2151 35.6453
605.0000 600.2531 12.2021 35.6433
607.0000 602.2346 12.1493 35.6367
609.0000 604.2159 12.1080 35.6307
611.0000 606.1973 12.0908 35.6297
613.0000 608.1786 12.0758 35.6280
615.0000 610.1601 12.0586 35.6260
617.0000 612.1414 12.0413 35.6234
619.0000 614.1226 12.0125 35.6198
621.0000 616.1039 11.9950 35.6182
623.0000 618.0852 11.9888 35.6173
625.0000 620.0664 11.9680 35.6140
627.0000 622.0477 11.9074 35.6057
629.0000 624.0289 11.8615 35.6004
631.0000 626.0101 11.8104 35.5936
633.0000 627.9912 11.7773 35.5888
635.0000 629.9724 11.6813 35.5764
637.0000 631.9536 11.6360 35.5716
639.0000 633.9346 11.6169 35.5690
641.0000 635.9158 11.5929 35.5665
643.0000 637.8968 11.5706 35.5637
645.0000 639.8778 11.5407 35.5600
647.0000 641.8589 11.5172 35.5570
649.0000 643.8399 11.4921 35.5542
651.0000 645.8209 11.4771 35.5524
653.0000 647.8019 11.4586 35.5504
655.0000 649.7828 11.4464 35.5489
657.0000 651.7638 11.4003 35.5422
659.0000 653.7447 11.3290 35.5342
661.0000 655.7256 11.3077 35.5323
663.0000 657.7065 11.2832 35.5283
665.0000 659.6874 11.2410 35.5238
667.0000 661.6682 11.2182 35.5208
669.0000 663.6490 11.1779 35.5162
671.0000 665.6299 11.1480 35.5149
673.0000 667.6106 11.1176 35.5113
675.0000 669.5914 11.0985 35.5092
677.0000 671.5722 11.0683 35.5080
679.0000 673.5529 11.0680 35.5087
681.0000 675.5336 11.0539 35.5067
683.0000 677.5143 11.0200 35.5020
685.0000 679.4951 10.9875 35.4985
687.0000 681.4756 10.9765 35.4972
689.0000 683.4564 10.9729 35.4971
691.0000 685.4370 10.9725 35.4973
693.0000 687.4174 10.9646 35.4959
695.0000 689.3981 10.9570 35.4952
697.0000 691.3787 10.9518 35.4939
699.0000 693.3593 10.8907 35.4836
701.0000 695.3397 10.8429 35.4816
703.0000 697.3203 10.8177 35.4800
705.0000 699.3007 10.8062 35.4783
707.0000 701.2812 10.7751 35.4735
709.0000 703.2617 10.7489 35.4714
711.0000 705.2421 10.7323 35.4705
713.0000 707.2225 10.7201 35.4683
715.0000 709.2029 10.6871 35.4641
717.0000 711.1833 10.6546 35.4614
719.0000 713.1636 10.6415 35.4598
721.0000 715.1440 10.6324 35.4591
723.0000 717.1243 10.6322 35.4610
725.0000 719.1046 10.6319 35.4628
727.0000 721.0848 10.6204 35.4614
729.0000 723.0651 10.6085 35.4601
731.0000 725.0453 10.5715 35.4558
733.0000 727.0256 10.5604 35.4615
735.0000 729.0058 10.5553 35.4618
737.0000 730.9860 10.5369 35.4596
739.0000 732.9662 10.5174 35.4584
741.0000 734.9464 10.5078 35.4573
743.0000 736.9264 10.4598 35.4507
745.0000 738.9066 10.4045 35.4479
747.0000 740.8867 10.3947 35.4479
749.0000 742.8667 10.3852 35.4460
751.0000 744.8468 10.3503 35.4417
753.0000 746.8268 10.3303 35.4398
755.0000 748.8068 10.3181 35.4391
757.0000 750.7868 10.3025 35.4373
759.0000 752.7668 10.2679 35.4326
761.0000 754.7468 10.2289 35.4283
763.0000 756.7267 10.1879 35.4219
765.0000 758.7067 10.1740 35.4204
767.0000 760.6866 10.1275 35.4140
769.0000 762.6664 10.1091 35.4133
771.0000 764.6462 10.1048 35.4157
773.0000 766.6262 10.0852 35.4148
775.0000 768.6060 10.0472 35.4105
777.0000 770.5858 9.9878 35.4043
779.0000 772.5656 9.9576 35.4007
781.0000 774.5453 9.9182 35.3953
783.0000 776.5250 9.8690 35.3888
785.0000 778.5048 9.8362 35.3871
787.0000 780.4846 9.8186 35.3853
789.0000 782.4642 9.8308 35.3870
791.0000 784.4439 9.7787 35.3778
793.0000 786.4236 9.6903 35.3621
795.0000 788.4033 9.6298 35.3520
797.0000 790.3828 9.6185 35.3523
799.0000 792.3624 9.6218 35.3546
801.0000 794.3420 9.6324 35.3585
803.0000 796.3216 9.6545 35.3642
805.0000 798.3011 9.6645 35.3707
807.0000 800.2806 9.6230 35.3662
809.0000 802.2603 9.5859 35.3626
811.0000 804.2396 9.5897 35.3632
813.0000 806.2191 9.5571 35.3581
815.0000 808.1985 9.5088 35.3535
817.0000 810.1780 9.4894 35.3513
819.0000 812.1573 9.4745 35.3497
821.0000 814.1368 9.4654 35.3487
823.0000 816.1161 9.4498 35.3470
825.0000 818.0955 9.4126 35.3412
827.0000 820.0750 9.3429 35.3306
829.0000 822.0542 9.2728 35.3239
831.0000 824.0335 9.2456 35.3196
833.0000 826.0128 9.2039 35.3147
835.0000 827.9921 9.1681 35.3128
837.0000 829.9713 9.1367 35.3090
839.0000 831.9505 9.0743 35.3017
841.0000 833.9297 9.0519 35.2986
843.0000 835.9089 9.0122 35.2922
845.0000 837.8881 8.9417 35.2826
847.0000 839.8672 8.9176 35.2804
849.0000 841.8464 8.8930 35.2773
851.0000 843.8256 8.8345 35.2684
853.0000 845.8046 8.7960 35.2638
855.0000 847.7836 8.7803 35.2623
857.0000 849.7627 8.7665 35.2645
859.0000 851.7417 8.7511 35.2642
861.0000 853.7208 8.7362 35.2624
863.0000 855.6998 8.7303 35.2620
865.0000 857.6788 8.7289 35.2624
867.0000 859.6577 8.7039 35.2590
869.0000 861.6367 8.6712 35.2544
871.0000 863.6157 8.6167 35.2445
873.0000 865.5944 8.5934 35.2443
875.0000 867.5734 8.5957 35.2471
877.0000 869.5522 8.5924 35.2473
879.0000 871.5311 8.5652 35.2428
881.0000 873.5099 8.5066 35.2351
883.0000 875.4888 8.4439 35.2279
885.0000 877.4676 8.4156 35.2248
887.0000 879.4463 8.4012 35.2225
889.0000 881.4250 8.3669 35.2177
891.0000 883.4039 8.3376 35.2140
893.0000 885.3824 8.3242 35.2122
895.0000 887.3612 8.2866 35.2053
897.0000 889.3400 8.2492 35.2000
899.0000 891.3186 8.2260 35.1969
901.0000 893.2972 8.2115 35.1947
903.0000 895.2758 8.1747 35.1904
905.0000 897.2545 8.1616 35.1900
907.0000 899.2330 8.1542 35.1885
909.0000 901.2115 8.1147 35.1828
911.0000 903.1901 8.0621 35.1765
913.0000 905.1688 8.0315 35.1736
915.0000 907.1472 8.0219 35.1725
917.0000 909.1257 8.0127 35.1713
919.0000 911.1042 8.0032 35.1701
921.0000 913.0826 7.9670 35.1657
923.0000 915.0610 7.9439 35.1634
925.0000 917.0396 7.9101 35.1599
927.0000 919.0179 7.8659 35.1555
929.0000 920.9962 7.8529 35.1544
931.0000 922.9747 7.8375 35.1536
933.0000 924.9530 7.8324 35.1540
935.0000 926.9312 7.8295 35.1535
937.0000 928.9095 7.8083 35.1515
939.0000 930.8879 7.7983 35.1511
941.0000 932.8661 7.7939 35.1511
943.0000 934.8444 7.7807 35.1497
945.0000 936.8226 7.7627 35.1481
947.0000 938.8008 7.7278 35.1446
949.0000 940.7790 7.7040 35.1429
951.0000 942.7572 7.6854 35.1416
953.0000 944.7354 7.6718 35.1401
955.0000 946.7134 7.6629 35.1394
957.0000 948.6916 7.6588 35.1392
959.0000 950.6696 7.6458 35.1379
961.0000 952.6478 7.6290 35.1368
963.0000 954.6258 7.5951 35.1317
965.0000 956.6038 7.5293 35.1258
967.0000 958.5819 7.5156 35.1252
969.0000 960.5599 7.5076 35.1246
971.0000 962.5379 7.4966 35.1231
973.0000 964.5158 7.4794 35.1220
975.0000 966.4938 7.4533 35.1197
977.0000 968.4717 7.4273 35.1180
979.0000 970.4496 7.4193 35.1174
981.0000 972.4276 7.3995 35.1152
983.0000 974.4054 7.3754 35.1136
985.0000 976.3833 7.3417 35.1099
987.0000 978.3610 7.3074 35.1089
989.0000 980.3389 7.2870 35.1069
991.0000 982.3167 7.2798 35.1061
993.0000 984.2945 7.2445 35.1025
995.0000 986.2723 7.2137 35.0993
997.0000 988.2500 7.1990 35.0983
999.0000 990.2277 7.1872 35.0973
1001.0000 992.2054 7.1712 35.0955
1003.0000 994.1832 7.1479 35.0949
1005.0000 996.1608 7.1278 35.0946
1007.0000 998.1384 7.1096 35.0938
1009.0000 1000.1161 7.1036 35.0941
1011.0000 1002.0937 7.0858 35.0922
1013.0000 1004.0713 7.0676 35.0904
1015.0000 1006.0489 7.0508 35.0889
1017.0000 1008.0263 7.0396 35.0876
1019.0000 1010.0039 7.0212 35.0863
1021.0000 1011.9815 7.0129 35.0874
1023.0000 1013.9590 6.9986 35.0858
1025.0000 1015.9364 6.9799 35.0833
1027.0000 1017.9139 6.9570 35.0813
1029.0000 1019.8914 6.9453 35.0797
1031.0000 1021.8688 6.9219 35.0773
1033.0000 1023.8461 6.9024 35.0766
1035.0000 1025.8236 6.8855 35.0767
1037.0000 1027.8010 6.8820 35.0769
1039.0000 1029.7783 6.8811 35.0768
1041.0000 1031.7556 6.8785 35.0767
1043.0000 1033.7329 6.8742 35.0764
1045.0000 1035.7102 6.8559 35.0748
1047.0000 1037.6875 6.8256 35.0726
1049.0000 1039.6648 6.7973 35.0697
1051.0000 1041.6421 6.7699 35.0682
1053.0000 1043.6191 6.7578 35.0675
1055.0000 1045.5964 6.7350 35.0658
1057.0000 1047.5736 6.7235 35.0654
1059.0000 1049.5507 6.7141 35.0650
1061.0000 1051.5278 6.7127 35.0650
1063.0000 1053.5050 6.7019 35.0644
1065.0000 1055.4822 6.7027 35.0646
1067.0000 1057.4592 6.6892 35.0636
1069.0000 1059.4362 6.6516 35.0625
1071.0000 1061.4133 6.6322 35.0624
1073.0000 1063.3903 6.6260 35.0622
1075.0000 1065.3673 6.6185 35.0620
1077.0000 1067.3445 6.6118 35.0625
1079.0000 1069.3212 6.6091 35.0627
1081.0000 1071.2982 6.6017 35.0626
1083.0000 1073.2753 6.6039 35.0626
1085.0000 1075.2522 6.5906 35.0626
1087.0000 1077.2290 6.5744 35.0622
1089.0000 1079.2059 6.5572 35.0622
1091.0000 1081.1827 6.5420 35.0615
1093.0000 1083.1595 6.5084 35.0597
1095.0000 1085.1365 6.4918 35.0590
1097.0000 1087.1133 6.4839 35.0592
1099.0000 1089.0901 6.4757 35.0589
1101.0000 1091.0667 6.4714 35.0587
1103.0000 1093.0436 6.4665 35.0586
1105.0000 1095.0204 6.4635 35.0586
1107.0000 1096.9969 6.4583 35.0582
1109.0000 1098.9738 6.4499 35.0583
1111.0000 1100.9504 6.4387 35.0586
1113.0000 1102.9270 6.4326 35.0587
1115.0000 1104.9037 6.4263 35.0583
1117.0000 1106.8804 6.4120 35.0581
1119.0000 1108.8569 6.4054 35.0582
1121.0000 1110.8335 6.4032 35.0582
1123.0000 1112.8101 6.3997 35.0578
1125.0000 1114.7866 6.3889 35.0571
1127.0000 1116.7632 6.3723 35.0567
1129.0000 1118.7396 6.3600 35.0562
1131.0000 1120.7162 6.3469 35.0557
1133.0000 1122.6927 6.3240 35.0551
1135.0000 1124.6691 6.3011 35.0551
1137.0000 1126.6455 6.2945 35.0552
1139.0000 1128.6218 6.2885 35.0554
1141.0000 1130.5983 6.2813 35.0557
1143.0000 1132.5747 6.2648 35.0554
1145.0000 1134.5510 6.2533 35.0562
1147.0000 1136.5275 6.2505 35.0566
1149.0000 1138.5037 6.2442 35.0571
1151.0000 1140.4801 6.2324 35.0573
1153.0000 1142.4564 6.2278 35.0573
1155.0000 1144.4325 6.2312 35.0575
1157.0000 1146.4088 6.2192 35.0570
1159.0000 1148.3850 6.1908 35.0554
1161.0000 1150.3613 6.1757 35.0549
1163.0000 1152.3374 6.1694 35.0550
1165.0000 1154.3137 6.1612 35.0548
1167.0000 1156.2898 6.1235 35.0552
1169.0000 1158.2659 6.1111 35.0548
1171.0000 1160.2421 6.0994 35.0554
1173.0000 1162.2181 6.0888 35.0555
1175.0000 1164.1942 6.0780 35.0558
1177.0000 1166.1702 6.0695 35.0562
1179.0000 1168.1462 6.0615 35.0566
1181.0000 1170.1224 6.0597 35.0568
1183.0000 1172.0983 6.0576 35.0569
1185.0000 1174.0743 6.0562 35.0570
1187.0000 1176.0504 6.0526 35.0571
1189.0000 1178.0264 6.0509 35.0573
1191.0000 1180.0022 6.0476 35.0573
1193.0000 1181.9780 6.0364 35.0574
1195.0000 1183.9540 6.0248 35.0573
1197.0000 1185.9297 6.0075 35.0580
1199.0000 1187.9056 6.0005 35.0581
1201.0000 1189.8816 5.9893 35.0583
1203.0000 1191.8574 5.9857 35.0584
1205.0000 1193.8331 5.9817 35.0588
1207.0000 1195.8090 5.9710 35.0589
1209.0000 1197.7848 5.9609 35.0597
1211.0000 1199.7604 5.9588 35.0597
1213.0000 1201.7362 5.9547 35.0599
1215.0000 1203.7119 5.9512 35.0605
1217.0000 1205.6876 5.9506 35.0607
1219.0000 1207.6632 5.9453 35.0605
1221.0000 1209.6388 5.9315 35.0609
1223.0000 1211.6145 5.9252 35.0609
1225.0000 1213.5901 5.9052 35.0609
1227.0000 1215.5657 5.8733 35.0611
1229.0000 1217.5413 5.8442 35.0629
1231.0000 1219.5168 5.8289 35.0637
1233.0000 1221.4924 5.8181 35.0642
1235.0000 1223.4679 5.8131 35.0645
1237.0000 1225.4436 5.8110 35.0647
1239.0000 1227.4189 5.8102 35.0651
1241.0000 1229.3944 5.8068 35.0652
1243.0000 1231.3699 5.8027 35.0653
1245.0000 1233.3452 5.7982 35.0653
1247.0000 1235.3207 5.7940 35.0656
1249.0000 1237.2961 5.7922 35.0658
1251.0000 1239.2715 5.7877 35.0661
1253.0000 1241.2468 5.7821 35.0665
1255.0000 1243.2222 5.7735 35.0671
1257.0000 1245.1975 5.7719 35.0670
1259.0000 1247.1727 5.7683 35.0669
1261.0000 1249.1481 5.7647 35.0668
1263.0000 1251.1233 5.7619 35.0664
1265.0000 1253.0986 5.7613 35.0667
1267.0000 1255.0739 5.7596 35.0672
1269.0000 1257.0490 5.7544 35.0676
1271.0000 1259.0242 5.7485 35.0674
1273.0000 1260.9993 5.7404 35.0672
1275.0000 1262.9744 5.7243 35.0683
1277.0000 1264.9496 5.7183 35.0687
1279.0000 1266.9246 5.7125 35.0689
1281.0000 1268.8997 5.7020 35.0694
1283.0000 1270.8748 5.6894 35.0702
1285.0000 1272.8499 5.6810 35.0709
1287.0000 1274.8248 5.6737 35.0710
1289.0000 1276.7999 5.6668 35.0712
1291.0000 1278.7749 5.6632 35.0711
1293.0000 1280.7499 5.6587 35.0711
1295.0000 1282.7249 5.6571 35.0714
1297.0000 1284.6998 5.6538 35.0715
1299.0000 1286.6748 5.6468 35.0716
1301.0000 1288.6495 5.6415 35.0718
1303.0000 1290.6246 5.6357 35.0725
1305.0000 1292.5995 5.6256 35.0733
1307.0000 1294.5743 5.6289 35.0732
1309.0000 1296.5492 5.6195 35.0731
1311.0000 1298.5240 5.6141 35.0735
1313.0000 1300.4989 5.6118 35.0737
1315.0000 1302.4735 5.6120 35.0738
1317.0000 1304.4484 5.6107 35.0737
1319.0000 1306.4231 5.6113 35.0736
1321.0000 1308.3978 5.5988 35.0742
1323.0000 1310.3724 5.5920 35.0747
1325.0000 1312.3473 5.5800 35.0748
1327.0000 1314.3219 5.5685 35.0761
1329.0000 1316.2965 5.5635 35.0764
1331.0000 1318.2711 5.5505 35.0778
1333.0000 1320.2457 5.5442 35.0783
1335.0000 1322.2203 5.5426 35.0784
1337.0000 1324.1948 5.5423 35.0786
1339.0000 1326.1694 5.5411 35.0787
1341.0000 1328.1439 5.5408 35.0787
1343.0000 1330.1185 5.5397 35.0787
1345.0000 1332.0930 5.5390 35.0789
1347.0000 1334.0675 5.5339 35.0794
1349.0000 1336.0419 5.5287 35.0800
1351.0000 1338.0164 5.5226 35.0806
1353.0000 1339.9908 5.5134 35.0812
1355.0000 1341.9651 5.5036 35.0817
1357.0000 1343.9396 5.5014 35.0821
1359.0000 1345.9141 5.4976 35.0821
1361.0000 1347.8884 5.4937 35.0823
1363.0000 1349.8627 5.4846 35.0824
1365.0000 1351.8370 5.4654 35.0830
1367.0000 1353.8114 5.4566 35.0838
1369.0000 1355.7855 5.4487 35.0845
1371.0000 1357.7599 5.4544 35.0840
1373.0000 1359.7341 5.4429 35.0849
1375.0000 1361.7083 5.4364 35.0854
1377.0000 1363.6824 5.4318 35.0860
1379.0000 1365.6566 5.4296 35.0867
1381.0000 1367.6309 5.4251 35.0872
1383.0000 1369.6050 5.4228 35.0870
1385.0000 1371.5791 5.4184 35.0875
1387.0000 1373.5532 5.4139 35.0885
1389.0000 1375.5275 5.4085 35.0892
1391.0000 1377.5013 5.4074 35.0893
1393.0000 1379.4755 5.4061 35.0895
1395.0000 1381.4495 5.3994 35.0899
1397.0000 1383.4233 5.3886 35.0907
1399.0000 1385.3975 5.3851 35.0919
1401.0000 1387.3715 5.3837 35.0923
1403.0000 1389.3456 5.3814 35.0922
1405.0000 1391.3193 5.3796 35.0920
1407.0000 1393.2933 5.3741 35.0919
1409.0000 1395.2673 5.3641 35.0915
1411.0000 1397.2411 5.3584 35.0915
1413.0000 1399.2150 5.3548 35.0918
1415.0000 1401.1888 5.3506 35.0923
1417.0000 1403.1626 5.3453 35.0928
1419.0000 1405.1365 5.3375 35.0933
1421.0000 1407.1104 5.3328 35.0940
1423.0000 1409.0841 5.3313 35.0941
1425.0000 1411.0579 5.3289 35.0945
1427.0000 1413.0316 5.3279 35.0947
1429.0000 1415.0054 5.3275 35.0951
1431.0000 1416.9789 5.3271 35.0953
1433.0000 1418.9525 5.3269 35.0955
1435.0000 1420.9264 5.3266 35.0954
1437.0000 1422.9000 5.3251 35.0958
1439.0000 1424.8737 5.3232 35.0959
1441.0000 1426.8473 5.3196 35.0968
1443.0000 1428.8208 5.3179 35.0973
1445.0000 1430.7943 5.3149 35.0980
1447.0000 1432.7678 5.3110 35.0987
1449.0000 1434.7416 5.3106 35.0992
1451.0000 1436.7151 5.3115 35.1010
1453.0000 1438.6885 5.3135 35.1021
1455.0000 1440.6620 5.3148 35.1029
1457.0000 1442.6355 5.3158 35.1033
1459.0000 1444.6088 5.3176 35.1041
1461.0000 1446.5822 5.3127 35.1037
1463.0000 1448.5558 5.2993 35.1027
1465.0000 1450.5293 5.2876 35.1025
1467.0000 1452.5024 5.2860 35.1034
1469.0000 1454.4758 5.2871 35.1042
1471.0000 1456.4492 5.2791 35.1040
1473.0000 1458.4224 5.2790 35.1043
1475.0000 1460.3959 5.2797 35.1045
1477.0000 1462.3691 5.2777 35.1043
1479.0000 1464.3423 5.2673 35.1031
1481.0000 1466.3156 5.2635 35.1029
1483.0000 1468.2888 5.2621 35.1046
1485.0000 1470.2621 5.2614 35.1055
1487.0000 1472.2351 5.2612 35.1076
1489.0000 1474.2084 5.2621 35.1084
1491.0000 1476.1815 5.2607 35.1089
1493.0000 1478.1545 5.2562 35.1101
1495.0000 1480.1277 5.2560 35.1113
1497.0000 1482.1010 5.2301 35.1099
1499.0000 1484.0740 5.2285 35.1118
1501.0000 1486.0469 5.2281 35.1117
1503.0000 1488.0200 5.2274 35.1116
1505.0000 1489.9930 5.2290 35.1122
1507.0000 1491.9659 5.2306 35.1133
1509.0000 1493.9390 5.2238 35.1133
1511.0000 1495.9120 5.2194 35.1131
1513.0000 1497.8849 5.2110 35.1129
1515.0000 1499.8578 5.2053 35.1129
1517.0000 1501.8308 5.2036 35.1129
1519.0000 1503.8037 5.2008 35.1127
1521.0000 1505.7765 5.1960 35.1129
1523.0000 1507.7494 5.1947 35.1129
1525.0000 1509.7223 5.1935 35.1128
1527.0000 1511.6952 5.1910 35.1128
1529.0000 1513.6678 5.1862 35.1130
1531.0000 1515.6406 5.1856 35.1130
1533.0000 1517.6134 5.1734 35.1127
1535.0000 1519.5861 5.1626 35.1124
1537.0000 1521.5590 5.1580 35.1121
1539.0000 1523.5316 5.1530 35.1119
1541.0000 1525.5042 5.1506 35.1119
1543.0000 1527.4769 5.1464 35.1118
1545.0000 1529.4497 5.1443 35.1118
1547.0000 1531.4222 5.1388 35.1116
1549.0000 1533.3947 5.1338 35.1115
1551.0000 1535.3674 5.1305 35.1114
1553.0000 1537.3401 5.1257 35.1113
1555.0000 1539.3125 5.1200 35.1110
1557.0000 1541.2850 5.1115 35.1108
1559.0000 1543.2577 5.1086 35.1107
1561.0000 1545.2302 5.1046 35.1103
1563.0000 1547.2025 5.0855 35.1098
1565.0000 1549.1750 5.0787 35.1095
1567.0000 1551.1476 5.0758 35.1095
1569.0000 1553.1200 5.0724 35.1096
1571.0000 1555.0924 5.0644 35.1095
1573.0000 1557.0647 5.0599 35.1093
1575.0000 1559.0372 5.0567 35.1096
1577.0000 1561.0094 5.0491 35.1094
1579.0000 1562.9818 5.0403 35.1087
1581.0000 1564.9541 5.0270 35.1077
1583.0000 1566.9264 5.0122 35.1073
1585.0000 1568.8987 5.0038 35.1072
1587.0000 1570.8710 5.0005 35.1072
1589.0000 1572.8434 4.9957 35.1069
1591.0000 1574.8154 4.9925 35.1068
1593.0000 1576.7877 4.9869 35.1067
1595.0000 1578.7599 4.9826 35.1068
1597.0000 1580.7321 4.9748 35.1063
1599.0000 1582.7042 4.9649 35.1062
1601.0000 1584.6764 4.9652 35.1063
1603.0000 1586.6484 4.9547 35.1059
1605.0000 1588.6206 4.9481 35.1059
1607.0000 1590.5927 4.9450 35.1058
1609.0000 1592.5647 4.9420 35.1057
1611.0000 1594.5367 4.9393 35.1057
1613.0000 1596.5088 4.9330 35.1051
1615.0000 1598.4807 4.9241 35.1046
1617.0000 1600.4528 4.9204 35.1047
1619.0000 1602.4247 4.9133 35.1041
1621.0000 1604.3967 4.9034 35.1034
1623.0000 1606.3688 4.8974 35.1029
1625.0000 1608.3405 4.8955 35.1029
1627.0000 1610.3124 4.8927 35.1028
1629.0000 1612.2843 4.8878 35.1025
1631.0000 1614.2561 4.8837 35.1024
1633.0000 1616.2280 4.8826 35.1024
1635.0000 1618.1997 4.8818 35.1024
1637.0000 1620.1718 4.8807 35.1024
1639.0000 1622.1434 4.8787 35.1023
1641.0000 1624.1151 4.8739 35.1018
1643.0000 1626.0870 4.8616 35.1013
1645.0000 1628.0586 4.8596 35.1013
1647.0000 1630.0303 4.8566 35.1011
1649.0000 1632.0022 4.8500 35.1007
1651.0000 1633.9738 4.8427 35.1002
1653.0000 1635.9453 4.8315 35.1009
1655.0000 1637.9171 4.8340 35.1007
1657.0000 1639.8887 4.8281 35.1011
1659.0000 1641.8601 4.8280 35.1009
1661.0000 1643.8319 4.8264 35.1007
1663.0000 1645.8035 4.8240 35.1007
1665.0000 1647.7748 4.8170 35.0999
1667.0000 1649.7465 4.7964 35.0976
1669.0000 1651.7180 4.7836 35.0966
1671.0000 1653.6895 4.7738 35.0952
1673.0000 1655.6609 4.7661 35.0950
1675.0000 1657.6323 4.7547 35.0940
1677.0000 1659.6039 4.7491 35.0943
1679.0000 1661.5752 4.7497 35.0946
1681.0000 1663.5466 4.7508 35.0956
1683.0000 1665.5181 4.7509 35.0958
1685.0000 1667.4895 4.7495 35.0959
1687.0000 1669.4606 4.7490 35.0955
1689.0000 1671.4321 4.7254 35.0938
1691.0000 1673.4036 4.7198 35.0934
1693.0000 1675.3746 4.7127 35.0924
1695.0000 1677.3461 4.6993 35.0914
1697.0000 1679.3171 4.6924 35.0907
1699.0000 1681.2885 4.6806 35.0896
1701.0000 1683.2596 4.6690 35.0883
1703.0000 1685.2308 4.6560 35.0871
1705.0000 1687.2021 4.6492 35.0865
1707.0000 1689.1731 4.6435 35.0863
1709.0000 1691.1444 4.6380 35.0858
1711.0000 1693.1156 4.6341 35.0857
1713.0000 1695.0867 4.6338 35.0859
1715.0000 1697.0576 4.6314 35.0856
1717.0000 1699.0288 4.6235 35.0853
1719.0000 1700.9999 4.6223 35.0854
1721.0000 1702.9707 4.6134 35.0846
1723.0000 1704.9418 4.6099 35.0848
1725.0000 1706.9130 4.6055 35.0844
1727.0000 1708.8839 4.5970 35.0840
1729.0000 1710.8549 4.5932 35.0838
1731.0000 1712.8258 4.5903 35.0838
1733.0000 1714.7968 4.5875 35.0836
1735.0000 1716.7675 4.5859 35.0837
1737.0000 1718.7384 4.5830 35.0836
1739.0000 1720.7095 4.5787 35.0837
1741.0000 1722.6801 4.5765 35.0836
1743.0000 1724.6510 4.5703 35.0834
1745.0000 1726.6219 4.5664 35.0836
1747.0000 1728.5927 4.5663 35.0836
1749.0000 1730.5634 4.5617 35.0836
1751.0000 1732.5341 4.5582 35.0836
1753.0000 1734.5050 4.5580 35.0837
1755.0000 1736.4756 4.5538 35.0840
1757.0000 1738.4463 4.5488 35.0838
1759.0000 1740.4170 4.5471 35.0836
1761.0000 1742.3877 4.5428 35.0829
1763.0000 1744.3583 4.5383 35.0821
1765.0000 1746.3290 4.5262 35.0802
1767.0000 1748.2997 4.5152 35.0792
1769.0000 1750.2700 4.5175 35.0805
1771.0000 1752.2407 4.5130 35.0803
1773.0000 1754.2114 4.4978 35.0787
1775.0000 1756.1819 4.4901 35.0779
1777.0000 1758.1522 4.4828 35.0772
1779.0000 1760.1228 4.4803 35.0771
1781.0000 1762.0935 4.4801 35.0771
1783.0000 1764.0636 4.4795 35.0771
1785.0000 1766.0343 4.4776 35.0769
1787.0000 1768.0046 4.4692 35.0767
1789.0000 1769.9753 4.4641 35.0762
1791.0000 1771.9454 4.4594 35.0758
1793.0000 1773.9159 4.4545 35.0759
1795.0000 1775.8862 4.4522 35.0757
1797.0000 1777.8563 4.4497 35.0756
1799.0000 1779.8269 4.4446 35.0754
1801.0000 1781.7971 4.4437 35.0753
1803.0000 1783.7673 4.4421 35.0752
1805.0000 1785.7375 4.4395 35.0750
1807.0000 1787.7081 4.4374 35.0751
1809.0000 1789.6782 4.4368 35.0751
1811.0000 1791.6483 4.4362 35.0752
1813.0000 1793.6185 4.4421 35.0784
1815.0000 1795.5889 4.4480 35.0800
1817.0000 1797.5588 4.4274 35.0771
1819.0000 1799.5291 4.4180 35.0764
1821.0000 1801.4991 4.4168 35.0763
1823.0000 1803.4695 4.4139 35.0761
1825.0000 1805.4392 4.4131 35.0760
1827.0000 1807.4094 4.4120 35.0758
1829.0000 1809.3794 4.4107 35.0758
1831.0000 1811.3495 4.4102 35.0757
1833.0000 1813.3193 4.4101 35.0757
1835.0000 1815.2897 4.4090 35.0756
1837.0000 1817.2595 4.4068 35.0754
1839.0000 1819.2294 4.4049 35.0753
1841.0000 1821.1993 4.4042 35.0751
1843.0000 1823.1694 4.3975 35.0748
1845.0000 1825.1390 4.3937 35.0745
1847.0000 1827.1090 4.3895 35.0741
1849.0000 1829.0789 4.3828 35.0735
1851.0000 1831.0490 4.3790 35.0732
1853.0000 1833.0184 4.3701 35.0725
1855.0000 1834.9883 4.3675 35.0724
1857.0000 1836.9581 4.3642 35.0720
1859.0000 1838.9279 4.3577 35.0714
1861.0000 1840.8976 4.3537 35.0709
1863.0000 1842.8674 4.3470 35.0703
1865.0000 1844.8369 4.3357 35.0695
1867.0000 1846.8068 4.3277 35.0688
1869.0000 1848.7766 4.3242 35.0688
1871.0000 1850.7461 4.3233 35.0687
1873.0000 1852.7158 4.3226 35.0688
1875.0000 1854.6853 4.3194 35.0687
1877.0000 1856.6552 4.3099 35.0681
1879.0000 1858.6245 4.3021 35.0680
1881.0000 1860.5941 4.2963 35.0677
1883.0000 1862.5638 4.2902 35.0675
1885.0000 1864.5334 4.2812 35.0668
1887.0000 1866.5027 4.2780 35.0667
1889.0000 1868.4722 4.2710 35.0665
1891.0000 1870.4419 4.2688 35.0665
1893.0000 1872.4111 4.2681 35.0668
1895.0000 1874.3809 4.2679 35.0669
1897.0000 1876.3501 4.2679 35.0668
1899.0000 1878.3196 4.2680 35.0669
1901.0000 1880.2888 4.2676 35.0669
1903.0000 1882.2583 4.2657 35.0670
1905.0000 1884.2275 4.2646 35.0671
1907.0000 1886.1968 4.2617 35.0669
1909.0000 1888.1663 4.2578 35.0666
1911.0000 1890.1355 4.2525 35.0666
1913.0000 1892.1050 4.2419 35.0658
1915.0000 1894.0740 4.2339 35.0654
1917.0000 1896.0433 4.2301 35.0652
1919.0000 1898.0126 4.2277 35.0650
1921.0000 1899.9816 4.2231 35.0648
1923.0000 1901.9510 4.2209 35.0647
1925.0000 1903.9200 4.2179 35.0644
1927.0000 1905.8892 4.2151 35.0643
1929.0000 1907.8582 4.2154 35.0642
1931.0000 1909.8275 4.2133 35.0641
1933.0000 1911.7968 4.2108 35.0640
1935.0000 1913.7656 4.2087 35.0637
1937.0000 1915.7349 4.2028 35.0634
1939.0000 1917.7036 4.2016 35.0633
1941.0000 1919.6727 4.1892 35.0621
1943.0000 1921.6417 4.1820 35.0617
1945.0000 1923.6108 4.1787 35.0614
1947.0000 1925.5798 4.1716 35.0609
1949.0000 1927.5485 4.1640 35.0603
1951.0000 1929.5177 4.1582 35.0600
1953.0000 1931.4868 4.1567 35.0598
1955.0000 1933.4552 4.1524 35.0594
1957.0000 1935.4243 4.1474 35.0591
1959.0000 1937.3931 4.1451 35.0591
1961.0000 1939.3622 4.1431 35.0587
1963.0000 1941.3308 4.1344 35.0580
1965.0000 1943.2996 4.1304 35.0577
1967.0000 1945.2684 4.1265 35.0572
1969.0000 1947.2373 4.1191 35.0568
1971.0000 1949.2059 4.1150 35.0565
1973.0000 1951.1748 4.1091 35.0560
1975.0000 1953.1434 4.1062 35.0559
1977.0000 1955.1121 4.1054 35.0558
1979.0000 1957.0808 4.1004 35.0552
1981.0000 1959.0494 4.0987 35.0552
1983.0000 1961.0179 4.0981 35.0552
1985.0000 1962.9867 4.0966 35.0550
1987.0000 1964.9553 4.0935 35.0546
1989.0000 1966.9240 4.0909 35.0546
1991.0000 1968.8925 4.0898 35.0542
1993.0000 1970.8611 4.0809 35.0535
1995.0000 1972.8297 4.0749 35.0530
1997.0000 1974.7981 4.0731 35.0529
1999.0000 1976.7665 4.0731 35.0528
2001.0000 1978.7351 4.0727 35.0529
2003.0000 1980.7036 4.0723 35.0528
2005.0000 1982.6718 4.0705 35.0527
2007.0000 1984.6404 4.0693 35.0526
2009.0000 1986.6086 4.0662 35.0525
2011.0000 1988.5770 4.0642 35.0523
2013.0000 1990.5454 4.0569 35.0515
2015.0000 1992.5139 4.0489 35.0510
2017.0000 1994.4821 4.0472 35.0509
2019.0000 1996.4506 4.0461 35.0508
2021.0000 1998.4189 4.0449 35.0506
2023.0000 2000.3871 4.0418 35.0502
2025.0000 2002.3553 4.0256 35.0486
2027.0000 2004.3236 4.0178 35.0482
2029.0000 2006.2917 4.0158 35.0479
2031.0000 2008.2600 4.0122 35.0476
2033.0000 2010.2281 4.0028 35.0467
2035.0000 2012.1964 3.9912 35.0458
2037.0000 2014.1646 3.9854 35.0452
2039.0000 2016.1326 3.9716 35.0438
2041.0000 2018.1006 3.9646 35.0434
2043.0000 2020.0688 3.9604 35.0428
2045.0000 2022.0369 3.9522 35.0423
2047.0000 2024.0049 3.9491 35.0420
2049.0000 2025.9730 3.9468 35.0418
2051.0000 2027.9413 3.9460 35.0418
2053.0000 2029.9091 3.9455 35.0419
2055.0000 2031.8771 3.9446 35.0418
2057.0000 2033.8451 3.9435 35.0415
2059.0000 2035.8129 3.9437 35.0413
2061.0000 2037.7809 3.9332 35.0404
2063.0000 2039.7488 3.9298 35.0400
2065.0000 2041.7167 3.9128 35.0374
2067.0000 2043.6844 3.8929 35.0355
2069.0000 2045.6525 3.8820 35.0347
2071.0000 2047.6204 3.8788 35.0344
2073.0000 2049.5879 3.8771 35.0343
2075.0000 2051.5559 3.8747 35.0341
2077.0000 2053.5237 3.8721 35.0338
2079.0000 2055.4915 3.8692 35.0335
2081.0000 2057.4592 3.8613 35.0326
2083.0000 2059.4270 3.8533 35.0319
2085.0000 2061.3948 3.8487 35.0315
2087.0000 2063.3623 3.8420 35.0308
2089.0000 2065.3298 3.8378 35.0305
2091.0000 2067.2976 3.8363 35.0304
2093.0000 2069.2654 3.8309 35.0300
2095.0000 2071.2329 3.8246 35.0301
2097.0000 2073.2004 3.8242 35.0301
2099.0000 2075.1682 3.8236 35.0300
2101.0000 2077.1355 3.8211 35.0298
2103.0000 2079.1033 3.8196 35.0296
2105.0000 2081.0708 3.8173 35.0294
2107.0000 2083.0381 3.8152 35.0292
2109.0000 2085.0056 3.8148 35.0293
2111.0000 2086.9734 3.8125 35.0290
2113.0000 2088.9407 3.8097 35.0287
2115.0000 2090.9080 3.8072 35.0284
2117.0000 2092.8757 3.8019 35.0280
2119.0000 2094.8430 3.7981 35.0278
2121.0000 2096.8101 3.7947 35.0276
2123.0000 2098.7778 3.7909 35.0273
2125.0000 2100.7451 3.7789 35.0268
2127.0000 2102.7122 3.7754 35.0266
2129.0000 2104.6799 3.7746 35.0264
2131.0000 2106.6470 3.7755 35.0265
2133.0000 2108.6145 3.7727 35.0265
2135.0000 2110.5815 3.7699 35.0261
2137.0000 2112.5488 3.7694 35.0261
2139.0000 2114.5159 3.7665 35.0254
2141.0000 2116.4832 3.7592 35.0246
2143.0000 2118.4504 3.7495 35.0239
2145.0000 2120.4175 3.7491 35.0240
2147.0000 2122.3850 3.7483 35.0240
2149.0000 2124.3518 3.7482 35.0241
2151.0000 2126.3188 3.7486 35.0244
2153.0000 2128.2861 3.7435 35.0242
2155.0000 2130.2532 3.7419 35.0242
2157.0000 2132.2202 3.7344 35.0232
2159.0000 2134.1873 3.7266 35.0224
2161.0000 2136.1545 3.7168 35.0212
2163.0000 2138.1211 3.7127 35.0209
2165.0000 2140.0884 3.7104 35.0207
2167.0000 2142.0554 3.7065 35.0202
2169.0000 2144.0220 3.7037 35.0200
2171.0000 2145.9890 3.7022 35.0198
2173.0000 2147.9561 3.6989 35.0193
2175.0000 2149.9231 3.6977 35.0193
2177.0000 2151.8899 3.6898 35.0183
2179.0000 2153.8567 3.6842 35.0177
2181.0000 2155.8235 3.6750 35.0168
2183.0000 2157.7903 3.6766 35.0173
2185.0000 2159.7573 3.6768 35.0175
2187.0000 2161.7239 3.6732 35.0172
2189.0000 2163.6907 3.6695 35.0167
2191.0000 2165.6572 3.6643 35.0161
2193.0000 2167.6243 3.6633 35.0160
2195.0000 2169.5911 3.6616 35.0157
2197.0000 2171.5576 3.6597 35.0156
2199.0000 2173.5244 3.6600 35.0159
2201.0000 2175.4912 3.6589 35.0157
2203.0000 2177.4575 3.6576 35.0159
2205.0000 2179.4243 3.6535 35.0154
2207.0000 2181.3909 3.6459 35.0144
2209.0000 2183.3574 3.6420 35.0141
2211.0000 2185.3240 3.6390 35.0137
2213.0000 2187.2905 3.6352 35.0135
2215.0000 2189.2571 3.6316 35.0132
2217.0000 2191.2234 3.6304 35.0132
2219.0000 2193.1899 3.6301 35.0132
2221.0000 2195.1567 3.6286 35.0130
2223.0000 2197.1233 3.6275 35.0129
2225.0000 2199.0896 3.6258 35.0126
2227.0000 2201.0562 3.6236 35.0123
2229.0000 2203.0222 3.6204 35.0119
2231.0000 2204.9885 3.6167 35.0116
2233.0000 2206.9551 3.6124 35.0111
2235.0000 2208.9214 3.6033 35.0101
2237.0000 2210.8879 3.5985 35.0099
2239.0000 2212.8540 3.5946 35.0095
2241.0000 2214.8206 3.5914 35.0094
2243.0000 2216.7869 3.5901 35.0093
2245.0000 2218.7529 3.5854 35.0088
2247.0000 2220.7192 3.5830 35.0087
2249.0000 2222.6855 3.5812 35.0085
2251.0000 2224.6519 3.5806 35.0086
2253.0000 2226.6179 3.5763 35.0084
2255.0000 2228.5840 3.5728 35.0082
2257.0000 2230.5503 3.5710 35.0077
2259.0000 2232.5164 3.5652 35.0074
2261.0000 2234.4824 3.5634 35.0073
2263.0000 2236.4485 3.5521 35.0059
2265.0000 2238.4143 3.5433 35.0052
2267.0000 2240.3806 3.5413 35.0049
2269.0000 2242.3469 3.5431 35.0050
2271.0000 2244.3130 3.5367 35.0045
2273.0000 2246.2788 3.5295 35.0039
2275.0000 2248.2449 3.5211 35.0036
2277.0000 2250.2109 3.5174 35.0044
2279.0000 2252.1768 3.5175 35.0046
2281.0000 2254.1426 3.5162 35.0044
2283.0000 2256.1086 3.5165 35.0047
2285.0000 2258.0745 3.5131 35.0041
2287.0000 2260.0403 3.5091 35.0036
2289.0000 2262.0063 3.5043 35.0029
2291.0000 2263.9722 3.4983 35.0021
2293.0000 2265.9380 3.4900 35.0011
2295.0000 2267.9038 3.4872 35.0007
2297.0000 2269.8696 3.4855 35.0006
2299.0000 2271.8354 3.4832 35.0005
2301.0000 2273.8010 3.4831 35.0007
2303.0000 2275.7671 3.4813 35.0006
2305.0000 2277.7327 3.4810 35.0007
2307.0000 2279.6980 3.4806 35.0007
2309.0000 2281.6638 3.4799 35.0009
2311.0000 2283.6296 3.4790 35.0008
2313.0000 2285.5952 3.4789 35.0005
2315.0000 2287.5608 3.4750 35.0003
2317.0000 2289.5264 3.4714 34.9999
2319.0000 2291.4922 3.4691 34.9998
2321.0000 2293.4575 3.4657 34.9994
2323.0000 2295.4233 3.4622 34.9992
2325.0000 2297.3889 3.4599 34.9990
2327.0000 2299.3542 3.4586 34.9990
2329.0000 2301.3198 3.4559 34.9986
2331.0000 2303.2854 3.4523 34.9984
2333.0000 2305.2510 3.4498 34.9982
2335.0000 2307.2163 3.4475 34.9980
2337.0000 2309.1816 3.4457 34.9979
2339.0000 2311.1472 3.4440 34.9977
2341.0000 2313.1125 3.4436 34.9978
2343.0000 2315.0779 3.4424 34.9976
2345.0000 2317.0432 3.4433 34.9976
2347.0000 2319.0085 3.4384 34.9972
2349.0000 2320.9739 3.4295 34.9968
2351.0000 2322.9390 3.4218 34.9960
2353.0000 2324.9045 3.4161 34.9958
2355.0000 2326.8696 3.4160 34.9961
2357.0000 2328.8350 3.4150 34.9957
2359.0000 2330.8000 3.4144 34.9957
2361.0000 2332.7654 3.4133 34.9956
2363.0000 2334.7305 3.4108 34.9953
2365.0000 2336.6958 3.4081 34.9951
2367.0000 2338.6611 3.4054 34.9949
2369.0000 2340.6262 3.4017 34.9942
2371.0000 2342.5913 3.3930 34.9935
2373.0000 2344.5564 3.3863 34.9929
2375.0000 2346.5215 3.3805 34.9925
2377.0000 2348.4866 3.3793 34.9923
2379.0000 2350.4517 3.3786 34.9923
2381.0000 2352.4167 3.3767 34.9919
2383.0000 2354.3816 3.3716 34.9914
2385.0000 2356.3467 3.3695 34.9913
2387.0000 2358.3118 3.3673 34.9910
2389.0000 2360.2766 3.3649 34.9907
2391.0000 2362.2417 3.3631 34.9905
2393.0000 2364.2065 3.3617 34.9904
2395.0000 2366.1716 3.3556 34.9898
2397.0000 2368.1362 3.3524 34.9894
2399.0000 2370.1013 3.3480 34.9890
2401.0000 2372.0662 3.3439 34.9887
2403.0000 2374.0308 3.3389 34.9883
2405.0000 2375.9956 3.3356 34.9881
2407.0000 2377.9604 3.3320 34.9878
2409.0000 2379.9253 3.3297 34.9877
2411.0000 2381.8899 3.3293 34.9877
2413.0000 2383.8547 3.3271 34.9875
2415.0000 2385.8196 3.3254 34.9873
2417.0000 2387.7842 3.3243 34.9874
2419.0000 2389.7493 3.3233 34.9873
2421.0000 2391.7139 3.3190 34.9869
2423.0000 2393.6785 3.3149 34.9866
2425.0000 2395.6431 3.3133 34.9865
2427.0000 2397.6077 3.3110 34.9861
2429.0000 2399.5725 3.3101 34.9861
2431.0000 2401.5369 3.3091 34.9860
2433.0000 2403.5015 3.3072 34.9859
2435.0000 2405.4661 3.3065 34.9859
2437.0000 2407.4307 3.3052 34.9857
2439.0000 2409.3950 3.3038 34.9857
2441.0000 2411.3594 3.3035 34.9858
2443.0000 2413.3242 3.3021 34.9856
2445.0000 2415.2883 3.2990 34.9855
2447.0000 2417.2527 3.2982 34.9853
2449.0000 2419.2175 3.2948 34.9849
2451.0000 2421.1816 3.2869 34.9843
2453.0000 2423.1460 3.2813 34.9840
2455.0000 2425.1106 3.2802 34.9838
2457.0000 2427.0752 3.2761 34.9834
2459.0000 2429.0391 3.2766 34.9833
2461.0000 2431.0037 3.2711 34.9830
2463.0000 2432.9680 3.2704 34.9830
2465.0000 2434.9321 3.2683 34.9828
2467.0000 2436.8962 3.2666 34.9826
2469.0000 2438.8608 3.2619 34.9821
2471.0000 2440.8250 3.2560 34.9816
2473.0000 2442.7891 3.2536 34.9815
2475.0000 2444.7532 3.2522 34.9814
2477.0000 2446.7175 3.2518 34.9813
2479.0000 2448.6814 3.2521 34.9813
2481.0000 2450.6458 3.2512 34.9813
2483.0000 2452.6101 3.2514 34.9813
2485.0000 2454.5742 3.2510 34.9812
2487.0000 2456.5381 3.2498 34.9810
2489.0000 2458.5022 3.2465 34.9806
2491.0000 2460.4663 3.2438 34.9806
2493.0000 2462.4302 3.2418 34.9804
2495.0000 2464.3943 3.2366 34.9798
2497.0000 2466.3582 3.2329 34.9795
2499.0000 2468.3223 3.2315 34.9793
2501.0000 2470.2861 3.2278 34.9790
2503.0000 2472.2502 3.2253 34.9786
2505.0000 2474.2144 3.2235 34.9785
2507.0000 2476.1780 3.2225 34.9784
2509.0000 2478.1418 3.2208 34.9783
2511.0000 2480.1057 3.2178 34.9781
2513.0000 2482.0698 3.2136 34.9778
2515.0000 2484.0334 3.2102 34.9774
2517.0000 2485.9971 3.2045 34.9769
2519.0000 2487.9609 3.1979 34.9763
2521.0000 2489.9248 3.1956 34.9761
2523.0000 2491.8887 3.1923 34.9758
2525.0000 2493.8523 3.1888 34.9755
2527.0000 2495.8159 3.1860 34.9754
2529.0000 2497.7798 3.1841 34.9752
2531.0000 2499.7434 3.1793 34.9748
2533.0000 2501.7073 3.1748 34.9745
2535.0000 2503.6709 3.1716 34.9742
2537.0000 2505.6345 3.1702 34.9741
2539.0000 2507.5981 3.1685 34.9740
2541.0000 2509.5615 3.1672 34.9739
2543.0000 2511.5251 3.1670 34.9739
2545.0000 2513.4888 3.1656 34.9737
2547.0000 2515.4524 3.1639 34.9737
2549.0000 2517.4160 3.1606 34.9733
2551.0000 2519.3796 3.1601 34.9732
2553.0000 2521.3430 3.1584 34.9730
2555.0000 2523.3064 3.1561 34.9729
2557.0000 2525.2698 3.1556 34.9730
2559.0000 2527.2332 3.1565 34.9730
2561.0000 2529.1968 3.1564 34.9729
2563.0000 2531.1602 3.1561 34.9729
2565.0000 2533.1235 3.1560 34.9730
2567.0000 2535.0869 3.1561 34.9729
2569.0000 2537.0500 3.1509 34.9724
2571.0000 2539.0134 3.1501 34.9720
2573.0000 2540.9768 3.1462 34.9719
2575.0000 2542.9404 3.1452 34.9719
2577.0000 2544.9033 3.1443 34.9717
2579.0000 2546.8667 3.1436 34.9716
2581.0000 2548.8301 3.1377 34.9711
2583.0000 2550.7930 3.1336 34.9708
2585.0000 2552.7566 3.1328 34.9708
2587.0000 2554.7197 3.1314 34.9706
2589.0000 2556.6826 3.1285 34.9703
2591.0000 2558.6458 3.1271 34.9702
2593.0000 2560.6091 3.1265 34.9702
2595.0000 2562.5723 3.1257 34.9702
2597.0000 2564.5354 3.1255 34.9701
2599.0000 2566.4983 3.1240 34.9700
2601.0000 2568.4617 3.1233 34.9699
2603.0000 2570.4243 3.1213 34.9697
2605.0000 2572.3872 3.1209 34.9697
2607.0000 2574.3506 3.1196 34.9695
2609.0000 2576.3137 3.1168 34.9692
2611.0000 2578.2764 3.1153 34.9691
2613.0000 2580.2393 3.1130 34.9690
2615.0000 2582.2026 3.1094 34.9685
2617.0000 2584.1653 3.1037 34.9682
2619.0000 2586.1282 3.1027 34.9680
2621.0000 2588.0911 3.1019 34.9679
2623.0000 2590.0540 3.0951 34.9674
2625.0000 2592.0168 3.0927 34.9671
2627.0000 2593.9797 3.0900 34.9670
2629.0000 2595.9424 3.0861 34.9666
2631.0000 2597.9053 3.0826 34.9662
2633.0000 2599.8679 3.0781 34.9660
2635.0000 2601.8311 3.0772 34.9659
2637.0000 2603.7937 3.0765 34.9659
2639.0000 2605.7563 3.0753 34.9657
2641.0000 2607.7188 3.0739 34.9656
2643.0000 2609.6819 3.0719 34.9654
2645.0000 2611.6443 3.0694 34.9651
2647.0000 2613.6072 3.0665 34.9649
2649.0000 2615.5696 3.0589 34.9639
2651.0000 2617.5325 3.0503 34.9635
2653.0000 2619.4949 3.0490 34.9634
2655.0000 2621.4575 3.0480 34.9634
2657.0000 2623.4202 3.0478 34.9633
2659.0000 2625.3826 3.0474 34.9634
2661.0000 2627.3452 3.0476 34.9633
2663.0000 2629.3076 3.0461 34.9632
2665.0000 2631.2700 3.0437 34.9630
2667.0000 2633.2327 3.0419 34.9628
2669.0000 2635.1951 3.0358 34.9624
2671.0000 2637.1575 3.0353 34.9624
2673.0000 2639.1199 3.0337 34.9622
2675.0000 2641.0823 3.0332 34.9623
2677.0000 2643.0449 3.0325 34.9622
2679.0000 2645.0071 3.0316 34.9620
2681.0000 2646.9695 3.0315 34.9620
2683.0000 2648.9319 3.0300 34.9619
2685.0000 2650.8943 3.0271 34.9616
2687.0000 2652.8562 3.0208 34.9610
2689.0000 2654.8188 3.0180 34.9610
2691.0000 2656.7810 3.0163 34.9608
2693.0000 2658.7429 3.0145 34.9606
2695.0000 2660.7053 3.0091 34.9601
2697.0000 2662.6677 3.0074 34.9599
2699.0000 2664.6301 3.0075 34.9600
2701.0000 2666.5920 3.0042 34.9596
2703.0000 2668.5542 2.9991 34.9593
2705.0000 2670.5164 2.9980 34.9592
2707.0000 2672.4783 2.9976 34.9592
2709.0000 2674.4404 2.9939 34.9588
2711.0000 2676.4028 2.9926 34.9586
2713.0000 2678.3645 2.9911 34.9585
2715.0000 2680.3267 2.9881 34.9583
2717.0000 2682.2891 2.9869 34.9582
2719.0000 2684.2510 2.9851 34.9581
2721.0000 2686.2126 2.9841 34.9581
2723.0000 2688.1746 2.9837 34.9581
2725.0000 2690.1370 2.9838 34.9581
2727.0000 2692.0986 2.9841 34.9580
2729.0000 2694.0605 2.9831 34.9579
2731.0000 2696.0227 2.9820 34.9578
2733.0000 2697.9846 2.9814 34.9578
2735.0000 2699.9460 2.9823 34.9576
2737.0000 2701.9082 2.9781 34.9573
2739.0000 2703.8701 2.9737 34.9570
2741.0000 2705.8315 2.9719 34.9569
2743.0000 2707.7937 2.9711 34.9569
2745.0000 2709.7554 2.9708 34.9569
2747.0000 2711.7173 2.9704 34.9568
2749.0000 2713.6790 2.9690 34.9568
2751.0000 2715.6406 2.9680 34.9566
2753.0000 2717.6023 2.9658 34.9564
2755.0000 2719.5640 2.9628 34.9561
2757.0000 2721.5256 2.9617 34.9561
2759.0000 2723.4873 2.9608 34.9560
2761.0000 2725.4492 2.9606 34.9560
2763.0000 2727.4106 2.9606 34.9559
2765.0000 2729.3721 2.9607 34.9559
2767.0000 2731.3337 2.9610 34.9559
2769.0000 2733.2954 2.9611 34.9560
2771.0000 2735.2568 2.9609 34.9559
2773.0000 2737.2185 2.9610 34.9558
2775.0000 2739.1802 2.9600 34.9558
2777.0000 2741.1414 2.9584 34.9556
2779.0000 2743.1030 2.9539 34.9552
2781.0000 2745.0645 2.9485 34.9548
2783.0000 2747.0256 2.9419 34.9541
2785.0000 2748.9873 2.9368 34.9539
2787.0000 2750.9487 2.9353 34.9537
2789.0000 2752.9102 2.9340 34.9537
2791.0000 2754.8713 2.9340 34.9537
2793.0000 2756.8328 2.9344 34.9535
2795.0000 2758.7942 2.9333 34.9536
2797.0000 2760.7554 2.9329 34.9535
2799.0000 2762.7166 2.9307 34.9533
2801.0000 2764.6780 2.9305 34.9533
2803.0000 2766.6392 2.9275 34.9529
2805.0000 2768.6006 2.9239 34.9528
2807.0000 2770.5618 2.9229 34.9525
2809.0000 2772.5229 2.9222 34.9526
2811.0000 2774.4841 2.9219 34.9525
2813.0000 2776.4453 2.9217 34.9525
2815.0000 2778.4065 2.9212 34.9524
2817.0000 2780.3674 2.9213 34.9525
2819.0000 2782.3286 2.9212 34.9524
2821.0000 2784.2900 2.9211 34.9524
2823.0000 2786.2510 2.9211 34.9524
2825.0000 2788.2119 2.9209 34.9524
2827.0000 2790.1731 2.9204 34.9523
2829.0000 2792.1340 2.9194 34.9522
2831.0000 2794.0952 2.9189 34.9521
2833.0000 2796.0562 2.9188 34.9521
2835.0000 2798.0171 2.9185 34.9521
2837.0000 2799.9783 2.9186 34.9521
2839.0000 2801.9387 2.9186 34.9521
2841.0000 2803.9001 2.9187 34.9521
2843.0000 2805.8611 2.9190 34.9521
2845.0000 2807.8218 2.9185 34.9520
2847.0000 2809.7827 2.9172 34.9519
2849.0000 2811.7434 2.9159 34.9516
2851.0000 2813.7043 2.9124 34.9514
2853.0000 2815.6650 2.9109 34.9512
2855.0000 2817.6262 2.9119 34.9513
2857.0000 2819.5869 2.9117 34.9513
2859.0000 2821.5474 2.9111 34.9512
2861.0000 2823.5083 2.9086 34.9510
2863.0000 2825.4690 2.9053 34.9506
2865.0000 2827.4297 2.9051 34.9508
2867.0000 2829.3904 2.9038 34.9506
2869.0000 2831.3513 2.9018 34.9505
2871.0000 2833.3120 2.9021 34.9505
2873.0000 2835.2725 2.9022 34.9505
2875.0000 2837.2329 2.9000 34.9503
2877.0000 2839.1936 2.8980 34.9501
2879.0000 2841.1541 2.8959 34.9500
2881.0000 2843.1147 2.8942 34.9497
2883.0000 2845.0754 2.8888 34.9493
2885.0000 2847.0359 2.8823 34.9488
2887.0000 2848.9966 2.8823 34.9489
2889.0000 2850.9570 2.8837 34.9488
2891.0000 2852.9177 2.8836 34.9487
2893.0000 2854.8777 2.8828 34.9488
2895.0000 2856.8381 2.8823 34.9488
2897.0000 2858.7988 2.8818 34.9487
2899.0000 2860.7593 2.8817 34.9487
2901.0000 2862.7195 2.8820 34.9487
2903.0000 2864.6799 2.8822 34.9488
2905.0000 2866.6404 2.8825 34.9488
2907.0000 2868.6003 2.8828 34.9487
2909.0000 2870.5610 2.8825 34.9486
2911.0000 2872.5215 2.8828 34.9488
2913.0000 2874.4814 2.8815 34.9486
2915.0000 2876.4419 2.8784 34.9482
2917.0000 2878.4023 2.8772 34.9481
2919.0000 2880.3623 2.8768 34.9481
2921.0000 2882.3225 2.8764 34.9480
2923.0000 2884.2827 2.8757 34.9480
2925.0000 2886.2432 2.8755 34.9480
2927.0000 2888.2031 2.8753 34.9479
2929.0000 2890.1633 2.8750 34.9479
2931.0000 2892.1233 2.8741 34.9478
2933.0000 2894.0837 2.8734 34.9477
2935.0000 2896.0437 2.8732 34.9477
2937.0000 2898.0039 2.8727 34.9477
2939.0000 2899.9639 2.8709 34.9474
2941.0000 2901.9238 2.8687 34.9472
2943.0000 2903.8838 2.8683 34.9473
2945.0000 2905.8440 2.8686 34.9473
2947.0000 2907.8040 2.8650 34.9468
2949.0000 2909.7639 2.8625 34.9467
2951.0000 2911.7236 2.8609 34.9464
2953.0000 2913.6838 2.8611 34.9467
2955.0000 2915.6436 2.8607 34.9465
2957.0000 2917.6035 2.8592 34.9464
2959.0000 2919.5635 2.8576 34.9462
2961.0000 2921.5234 2.8565 34.9462
2963.0000 2923.4829 2.8546 34.9459
2965.0000 2925.4431 2.8515 34.9457
2967.0000 2927.4028 2.8488 34.9454
2969.0000 2929.3625 2.8459 34.9451
2971.0000 2931.3223 2.8438 34.9450
2973.0000 2933.2822 2.8417 34.9448
2975.0000 2935.2417 2.8410 34.9446
2977.0000 2937.2017 2.8404 34.9446
2979.0000 2939.1611 2.8401 34.9448
2981.0000 2941.1211 2.8394 34.9446
2983.0000 2943.0803 2.8394 34.9446
2985.0000 2945.0403 2.8401 34.9445
2987.0000 2947.0000 2.8392 34.9446
2989.0000 2948.9595 2.8386 34.9445
2991.0000 2950.9192 2.8375 34.9443
2993.0000 2952.8787 2.8383 34.9443
2995.0000 2954.8386 2.8339 34.9440
2997.0000 2956.7976 2.8326 34.9438
2999.0000 2958.7576 2.8312 34.9438
3001.0000 2960.7170 2.8308 34.9437
3003.0000 2962.6763 2.8308 34.9436
3005.0000 2964.6357 2.8291 34.9435
3007.0000 2966.5955 2.8278 34.9435
3009.0000 2968.5549 2.8268 34.9433
3011.0000 2970.5142 2.8267 34.9432
3013.0000 2972.4736 2.8268 34.9431
3015.0000 2974.4329 2.8218 34.9427
3017.0000 2976.3923 2.8176 34.9424
3019.0000 2978.3516 2.8153 34.9422
3021.0000 2980.3113 2.8165 34.9423
3023.0000 2982.2705 2.8131 34.9420
3025.0000 2984.2295 2.8127 34.9420
3027.0000 2986.1890 2.8115 34.9418
3029.0000 2988.1482 2.8098 34.9417
3031.0000 2990.1072 2.8085 34.9415
3033.0000 2992.0664 2.8075 34.9415
3035.0000 2994.0259 2.8075 34.9415
3037.0000 2995.9851 2.8067 34.9413
3039.0000 2997.9441 2.8040 34.9411
3041.0000 2999.9036 2.8036 34.9411
3043.0000 3001.8625 2.8034 34.9411
3045.0000 3003.8215 2.8028 34.9410
3047.0000 3005.7808 2.8020 34.9409
3049.0000 3007.7397 2.8018 34.9409
3051.0000 3009.6987 2.8014 34.9408
3053.0000 3011.6577 2.8006 34.9407
3055.0000 3013.6169 2.8005 34.9408
3057.0000 3015.5762 2.8001 34.9407
3059.0000 3017.5349 2.7998 34.9406
3061.0000 3019.4941 2.7995 34.9406
3063.0000 3021.4529 2.7989 34.9406
3065.0000 3023.4119 2.7991 34.9405
3067.0000 3025.3708 2.7973 34.9403
3069.0000 3027.3296 2.7944 34.9401
3071.0000 3029.2888 2.7946 34.9400
3073.0000 3031.2473 2.7937 34.9399
3075.0000 3033.2063 2.7929 34.9400
3077.0000 3035.1655 2.7908 34.9396
3079.0000 3037.1240 2.7860 34.9392
3081.0000 3039.0830 2.7840 34.9391
3083.0000 3041.0420 2.7836 34.9390
3085.0000 3043.0005 2.7831 34.9391
3087.0000 3044.9592 2.7827 34.9389
3089.0000 3046.9177 2.7813 34.9388
3091.0000 3048.8767 2.7808 34.9389
3093.0000 3050.8352 2.7793 34.9387
3095.0000 3052.7939 2.7789 34.9387
3097.0000 3054.7527 2.7790 34.9385
3099.0000 3056.7114 2.7781 34.9385
3101.0000 3058.6699 2.7748 34.9382
3103.0000 3060.6287 2.7697 34.9378
3105.0000 3062.5874 2.7693 34.9377
3107.0000 3064.5457 2.7688 34.9377
3109.0000 3066.5044 2.7672 34.9375
3111.0000 3068.4631 2.7668 34.9375
3113.0000 3070.4211 2.7667 34.9376
3115.0000 3072.3799 2.7665 34.9374
3117.0000 3074.3384 2.7667 34.9374
3119.0000 3076.2969 2.7666 34.9374
3121.0000 3078.2551 2.7659 34.9374
3123.0000 3080.2136 2.7627 34.9371
3125.0000 3082.1721 2.7640 34.9370
3127.0000 3084.1304 2.7576 34.9365
3129.0000 3086.0889 2.7567 34.9365
3131.0000 3088.0471 2.7552 34.9364
3133.0000 3090.0059 2.7574 34.9364
3135.0000 3091.9636 2.7527 34.9359
3137.0000 3093.9224 2.7516 34.9360
3139.0000 3095.8806 2.7516 34.9360
3141.0000 3097.8389 2.7518 34.9360
3143.0000 3099.7971 2.7519 34.9360
3145.0000 3101.7554 2.7515 34.9360
3147.0000 3103.7139 2.7510 34.9359
3149.0000 3105.6716 2.7480 34.9356
3151.0000 3107.6301 2.7464 34.9355
3153.0000 3109.5884 2.7446 34.9352
3155.0000 3111.5461 2.7394 34.9347
3157.0000 3113.5046 2.7345 34.9344
3159.0000 3115.4626 2.7319 34.9342
3161.0000 3117.4207 2.7304 34.9340
3163.0000 3119.3787 2.7299 34.9340
3165.0000 3121.3369 2.7298 34.9339
3167.0000 3123.2949 2.7293 34.9339
3169.0000 3125.2527 2.7283 34.9338
3171.0000 3127.2109 2.7280 34.9338
3173.0000 3129.1692 2.7276 34.9338
3175.0000 3131.1267 2.7270 34.9337
3177.0000 3133.0850 2.7267 34.9337
3179.0000 3135.0430 2.7262 34.9335
3181.0000 3137.0007 2.7258 34.9335
3183.0000 3138.9585 2.7260 34.9333
3185.0000 3140.9167 2.7219 34.9331
3187.0000 3142.8745 2.7191 34.9329
3189.0000 3144.8320 2.7157 34.9325
3191.0000 3146.7900 2.7066 34.9317
3193.0000 3148.7480 2.7026 34.9313
3195.0000 3150.7058 2.7018 34.9313
3197.0000 3152.6633 2.7018 34.9313
3199.0000 3154.6213 2.7020 34.9314
3201.0000 3156.5793 2.7021 34.9314
3203.0000 3158.5366 2.7020 34.9313
3205.0000 3160.4946 2.7018 34.9313
3207.0000 3162.4521 2.7021 34.9315
3209.0000 3164.4102 2.7016 34.9313
3211.0000 3166.3672 2.7002 34.9312
3213.0000 3168.3252 2.6993 34.9311
3215.0000 3170.2830 2.6979 34.9309
3217.0000 3172.2405 2.6969 34.9309
3219.0000 3174.1980 2.6947 34.9306
3221.0000 3176.1558 2.6941 34.9305
3223.0000 3178.1135 2.6937 34.9303
3225.0000 3180.0708 2.6876 34.9300
3227.0000 3182.0281 2.6858 34.9298
3229.0000 3183.9858 2.6838 34.9296
3231.0000 3185.9431 2.6797 34.9290
3233.0000 3187.9006 2.6774 34.9292
3235.0000 3189.8582 2.6775 34.9290
3237.0000 3191.8154 2.6775 34.9290
3239.0000 3193.7729 2.6777 34.9290
3241.0000 3195.7305 2.6782 34.9291
3243.0000 3197.6877 2.6787 34.9291
3245.0000 3199.6450 2.6786 34.9291
3247.0000 3201.6025 2.6784 34.9291
3249.0000 3203.5601 2.6787 34.9289
3251.0000 3205.5168 2.6776 34.9290
3253.0000 3207.4741 2.6765 34.9288
3255.0000 3209.4316 2.6756 34.9287
3257.0000 3211.3892 2.6730 34.9284
3259.0000 3213.3462 2.6730 34.9284
3261.0000 3215.3032 2.6724 34.9284
3263.0000 3217.2605 2.6716 34.9283
3265.0000 3219.2175 2.6712 34.9283
3267.0000 3221.1748 2.6717 34.9282
3269.0000 3223.1323 2.6693 34.9280
3271.0000 3225.0894 2.6683 34.9280
3273.0000 3227.0461 2.6678 34.9279
3275.0000 3229.0034 2.6671 34.9277
3277.0000 3230.9607 2.6656 34.9274
3279.0000 3232.9177 2.6632 34.9274
3281.0000 3234.8745 2.6620 34.9272
3283.0000 3236.8318 2.6614 34.9271
3285.0000 3238.7888 2.6611 34.9272
3287.0000 3240.7456 2.6602 34.9271
3289.0000 3242.7026 2.6597 34.9271
3291.0000 3244.6597 2.6594 34.9270
3293.0000 3246.6165 2.6583 34.9268
3295.0000 3248.5735 2.6572 34.9268
3297.0000 3250.5305 2.6570 34.9267
3299.0000 3252.4873 2.6567 34.9267
3301.0000 3254.4441 2.6560 34.9266
3303.0000 3256.4009 2.6550 34.9264
3305.0000 3258.3582 2.6538 34.9264
3307.0000 3260.3147 2.6528 34.9261
3309.0000 3262.2715 2.6518 34.9261
3311.0000 3264.2285 2.6506 34.9259
3313.0000 3266.1848 2.6487 34.9258
3315.0000 3268.1416 2.6458 34.9255
3317.0000 3270.0984 2.6423 34.9253
3319.0000 3272.0554 2.6414 34.9251
3321.0000 3274.0120 2.6398 34.9248
3323.0000 3275.9688 2.6419 34.9250
3325.0000 3277.9253 2.6395 34.9248
3327.0000 3279.8818 2.6389 34.9249
3329.0000 3281.8386 2.6391 34.9249
3331.0000 3283.7952 2.6391 34.9248
3333.0000 3285.7520 2.6387 34.9248
3335.0000 3287.7083 2.6389 34.9248
3337.0000 3289.6648 2.6392 34.9248
3339.0000 3291.6216 2.6395 34.9248
3341.0000 3293.5776 2.6400 34.9248
3343.0000 3295.5344 2.6398 34.9248
3345.0000 3297.4912 2.6391 34.9247
3347.0000 3299.4475 2.6390 34.9247
3349.0000 3301.4041 2.6390 34.9247
3351.0000 3303.3604 2.6389 34.9245
3353.0000 3305.3169 2.6385 34.9245
3355.0000 3307.2729 2.6366 34.9244
3357.0000 3309.2295 2.6359 34.9244
3359.0000 3311.1860 2.6351 34.9242
3361.0000 3313.1423 2.6349 34.9241
3363.0000 3315.0986 2.6328 34.9239
3365.0000 3317.0552 2.6300 34.9236
3367.0000 3319.0112 2.6290 34.9236
3369.0000 3320.9670 2.6273 34.9233
3371.0000 3322.9236 2.6253 34.9232
3373.0000 3324.8799 2.6249 34.9232
3375.0000 3326.8362 2.6235 34.9231
3377.0000 3328.7925 2.6225 34.9229
3379.0000 3330.7488 2.6223 34.9228
3381.0000 3332.7051 2.6191 34.9225
3383.0000 3334.6606 2.6185 34.9225
3385.0000 3336.6169 2.6182 34.9223
3387.0000 3338.5730 2.6166 34.9223
3389.0000 3340.5291 2.6160 34.9223
3391.0000 3342.4854 2.6158 34.9222
3393.0000 3344.4414 2.6158 34.9222
3395.0000 3346.3977 2.6159 34.9222
3397.0000 3348.3538 2.6156 34.9223
3399.0000 3350.3096 2.6155 34.9222
3401.0000 3352.2659 2.6150 34.9221
3403.0000 3354.2214 2.6133 34.9219
3405.0000 3356.1772 2.6125 34.9218
3407.0000 3358.1335 2.6132 34.9218
3409.0000 3360.0894 2.6115 34.9215
3411.0000 3362.0449 2.6103 34.9216
3413.0000 3364.0012 2.6104 34.9216
3415.0000 3365.9570 2.6104 34.9215
3417.0000 3367.9126 2.6109 34.9214
3419.0000 3369.8689 2.6108 34.9215
3421.0000 3371.8247 2.6082 34.9212
3423.0000 3373.7805 2.6095 34.9212
3425.0000 3375.7361 2.6059 34.9209
3427.0000 3377.6921 2.6056 34.9209
3429.0000 3379.6475 2.6057 34.9211
3431.0000 3381.6030 2.6051 34.9208
3433.0000 3383.5588 2.6061 34.9208
3435.0000 3385.5149 2.6048 34.9208
3437.0000 3387.4702 2.6049 34.9208
3439.0000 3389.4263 2.6045 34.9207
3441.0000 3391.3816 2.6034 34.9207
3443.0000 3393.3374 2.6039 34.9206
3445.0000 3395.2930 2.5996 34.9203
3447.0000 3397.2485 2.5973 34.9201
3449.0000 3399.2043 2.5942 34.9197
3451.0000 3401.1599 2.5936 34.9196
3453.0000 3403.1152 2.5923 34.9195
3455.0000 3405.0713 2.5922 34.9196
3457.0000 3407.0266 2.5927 34.9196
3459.0000 3408.9817 2.5915 34.9194
3461.0000 3410.9377 2.5897 34.9191
3463.0000 3412.8931 2.5896 34.9192
3465.0000 3414.8481 2.5876 34.9189
3467.0000 3416.8037 2.5865 34.9188
3469.0000 3418.7590 2.5826 34.9184
3471.0000 3420.7146 2.5799 34.9183
3473.0000 3422.6697 2.5805 34.9183
3475.0000 3424.6252 2.5816 34.9183
3477.0000 3426.5806 2.5805 34.9183
3479.0000 3428.5356 2.5792 34.9182
3481.0000 3430.4912 2.5797 34.9182
3483.0000 3432.4465 2.5795 34.9183
3485.0000 3434.4016 2.5792 34.9182
3487.0000 3436.3567 2.5799 34.9183
3489.0000 3438.3123 2.5806 34.9183
3491.0000 3440.2673 2.5807 34.9183
3493.0000 3442.2224 2.5809 34.9182
3495.0000 3444.1777 2.5811 34.9182
3497.0000 3446.1328 2.5812 34.9182
3499.0000 3448.0879 2.5812 34.9181
3501.0000 3450.0430 2.5814 34.9182
3503.0000 3451.9985 2.5814 34.9181
3505.0000 3453.9534 2.5816 34.9181
3507.0000 3455.9082 2.5821 34.9182
3509.0000 3457.8635 2.5823 34.9182
3511.0000 3459.8186 2.5823 34.9182
3513.0000 3461.7734 2.5820 34.9181
3515.0000 3463.7283 2.5814 34.9179
3517.0000 3465.6833 2.5782 34.9178
3519.0000 3467.6384 2.5786 34.9178
3521.0000 3469.5935 2.5775 34.9176
3523.0000 3471.5486 2.5743 34.9173
3525.0000 3473.5032 2.5733 34.9173
3527.0000 3475.4580 2.5732 34.9173
3529.0000 3477.4128 2.5733 34.9173
3531.0000 3479.3679 2.5733 34.9173
3533.0000 3481.3230 2.5731 34.9172
3535.0000 3483.2776 2.5723 34.9171
3537.0000 3485.2322 2.5720 34.9171
3539.0000 3487.1873 2.5714 34.9170
3541.0000 3489.1421 2.5703 34.9168
3543.0000 3491.0967 2.5697 34.9167
3545.0000 3493.0518 2.5677 34.9165
3547.0000 3495.0066 2.5673 34.9165
3549.0000 3496.9609 2.5660 34.9164
3551.0000 3498.9160 2.5657 34.9163
3553.0000 3500.8706 2.5659 34.9163
3555.0000 3502.8250 2.5658 34.9163
3557.0000 3504.7798 2.5657 34.9163
3559.0000 3506.7346 2.5656 34.9162
3561.0000 3508.6887 2.5653 34.9161
3563.0000 3510.6433 2.5652 34.9162
3565.0000 3512.5979 2.5641 34.9160
3567.0000 3514.5527 2.5624 34.9157
3569.0000 3516.5068 2.5613 34.9156
3571.0000 3518.4614 2.5602 34.9157
3573.0000 3520.4160 2.5599 34.9155
3575.0000 3522.3704 2.5591 34.9155
3577.0000 3524.3250 2.5588 34.9154
3579.0000 3526.2795 2.5590 34.9155
3581.0000 3528.2339 2.5590 34.9154
3583.0000 3530.1880 2.5590 34.9154
3585.0000 3532.1428 2.5586 34.9153
3587.0000 3534.0974 2.5578 34.9152
3589.0000 3536.0515 2.5574 34.9151
3591.0000 3538.0059 2.5571 34.9151
3593.0000 3539.9604 2.5572 34.9151
3595.0000 3541.9146 2.5568 34.9152
3597.0000 3543.8689 2.5565 34.9151
3599.0000 3545.8230 2.5558 34.9149
3601.0000 3547.7773 2.5544 34.9148
3603.0000 3549.7314 2.5529 34.9147
3605.0000 3551.6858 2.5526 34.9145
3607.0000 3553.6399 2.5520 34.9145
3609.0000 3555.5940 2.5516 34.9144
3611.0000 3557.5483 2.5518 34.9144
3613.0000 3559.5024 2.5519 34.9145
3615.0000 3561.4568 2.5519 34.9145
3617.0000 3563.4106 2.5517 34.9143
3619.0000 3565.3647 2.5493 34.9141
3621.0000 3567.3191 2.5481 34.9139
3623.0000 3569.2732 2.5469 34.9139
3625.0000 3571.2271 2.5468 34.9138
3627.0000 3573.1812 2.5468 34.9138
3629.0000 3575.1350 2.5470 34.9138
3631.0000 3577.0894 2.5471 34.9138
3633.0000 3579.0430 2.5468 34.9137
3635.0000 3580.9973 2.5465 34.9137
3637.0000 3582.9512 2.5452 34.9136
3639.0000 3584.9048 2.5451 34.9136
3641.0000 3586.8591 2.5460 34.9136
3643.0000 3588.8127 2.5461 34.9136
3645.0000 3590.7664 2.5460 34.9136
3647.0000 3592.7205 2.5433 34.9132
3649.0000 3594.6746 2.5414 34.9130
3651.0000 3596.6282 2.5401 34.9129
3653.0000 3598.5818 2.5388 34.9128
3655.0000 3600.5356 2.5381 34.9128
3657.0000 3602.4897 2.5365 34.9125
3659.0000 3604.4431 2.5369 34.9124
3661.0000 3606.3970 2.5341 34.9123
3663.0000 3608.3508 2.5328 34.9122
3665.0000 3610.3042 2.5310 34.9119
3667.0000 3612.2581 2.5297 34.9118
3669.0000 3614.2117 2.5278 34.9116
3671.0000 3616.1655 2.5279 34.9116
3673.0000 3618.1189 2.5279 34.9116
3675.0000 3620.0728 2.5278 34.9115
3677.0000 3622.0266 2.5246 34.9112
3679.0000 3623.9800 2.5239 34.9112
3681.0000 3625.9333 2.5239 34.9112
3683.0000 3627.8870 2.5241 34.9112
3685.0000 3629.8403 2.5247 34.9112
3687.0000 3631.7939 2.5248 34.9112
3689.0000 3633.7473 2.5245 34.9111
3691.0000 3635.7014 2.5229 34.9109
3693.0000 3637.6543 2.5225 34.9109
3695.0000 3639.6077 2.5222 34.9109
3697.0000 3641.5615 2.5219 34.9108
3699.0000 3643.5146 2.5223 34.9107
3701.0000 3645.4678 2.5199 34.9106
3703.0000 3647.4216 2.5195 34.9105
3705.0000 3649.3750 2.5190 34.9105
3707.0000 3651.3281 2.5181 34.9104
3709.0000 3653.2815 2.5195 34.9103
3711.0000 3655.2349 2.5152 34.9100
3713.0000 3657.1877 2.5136 34.9098
3715.0000 3659.1416 2.5129 34.9098
3717.0000 3661.0950 2.5125 34.9096
3719.0000 3663.0479 2.5124 34.9098
3721.0000 3665.0007 2.5125 34.9097
3723.0000 3666.9541 2.5126 34.9097
3725.0000 3668.9075 2.5120 34.9096
3727.0000 3670.8606 2.5118 34.9095
3729.0000 3672.8140 2.5120 34.9096
3731.0000 3674.7668 2.5113 34.9095
3733.0000 3676.7202 2.5115 34.9096
3735.0000 3678.6731 2.5115 34.9095
3737.0000 3680.6262 2.5119 34.9093
3739.0000 3682.5793 2.5111 34.9094
3741.0000 3684.5320 2.5107 34.9094
3743.0000 3686.4851 2.5105 34.9093
3745.0000 3688.4382 2.5100 34.9093
3747.0000 3690.3916 2.5090 34.9091
3749.0000 3692.3442 2.5084 34.9090
3751.0000 3694.2971 2.5076 34.9089
3753.0000 3696.2502 2.5063 34.9088
3755.0000 3698.2031 2.5062 34.9088
3757.0000 3700.1560 2.5055 34.9086
3759.0000 3702.1091 2.5051 34.9086
3761.0000 3704.0615 2.5049 34.9085
3763.0000 3706.0146 2.5039 34.9084
3765.0000 3707.9675 2.5024 34.9083
3767.0000 3709.9204 2.5011 34.9081
3769.0000 3711.8730 2.5005 34.9081
3771.0000 3713.8254 2.5000 34.9079
3773.0000 3715.7788 2.4978 34.9077
3775.0000 3717.7310 2.4978 34.9077
3777.0000 3719.6841 2.4977 34.9076
3779.0000 3721.6365 2.4957 34.9075
3781.0000 3723.5898 2.4945 34.9074
3783.0000 3725.5420 2.4938 34.9073
3785.0000 3727.4949 2.4935 34.9073
3787.0000 3729.4475 2.4937 34.9072
3789.0000 3731.4001 2.4937 34.9072
3791.0000 3733.3525 2.4933 34.9072
3793.0000 3735.3054 2.4937 34.9073
3795.0000 3737.2581 2.4937 34.9073
3797.0000 3739.2107 2.4932 34.9071
3799.0000 3741.1631 2.4919 34.9069
3801.0000 3743.1157 2.4914 34.9069
3803.0000 3745.0679 2.4911 34.9069
3805.0000 3747.0208 2.4912 34.9069
3807.0000 3748.9731 2.4917 34.9067
3809.0000 3750.9258 2.4907 34.9067
3811.0000 3752.8774 2.4907 34.9067
3813.0000 3754.8303 2.4895 34.9065
3815.0000 3756.7830 2.4878 34.9063
3817.0000 3758.7346 2.4865 34.9063
3819.0000 3760.6873 2.4856 34.9061
3821.0000 3762.6401 2.4848 34.9061
3823.0000 3764.5918 2.4842 34.9060
3825.0000 3766.5444 2.4838 34.9060
3827.0000 3768.4968 2.4837 34.9059
3829.0000 3770.4495 2.4838 34.9059
3831.0000 3772.4011 2.4836 34.9058
3833.0000 3774.3533 2.4833 34.9058
3835.0000 3776.3059 2.4833 34.9058
3837.0000 3778.2581 2.4835 34.9057
3839.0000 3780.2100 2.4837 34.9057
3841.0000 3782.1626 2.4838 34.9058
3843.0000 3784.1147 2.4836 34.9057
3845.0000 3786.0664 2.4840 34.9058
3847.0000 3788.0186 2.4839 34.9057
3849.0000 3789.9709 2.4828 34.9054
3851.0000 3791.9229 2.4824 34.9055
3853.0000 3793.8748 2.4816 34.9055
3855.0000 3795.8274 2.4804 34.9053
3857.0000 3797.7795 2.4794 34.9051
3859.0000 3799.7312 2.4791 34.9051
3861.0000 3801.6833 2.4793 34.9051
3863.0000 3803.6355 2.4795 34.9051
3865.0000 3805.5872 2.4789 34.9051
3867.0000 3807.5393 2.4769 34.9048
3869.0000 3809.4915 2.4740 34.9045
3871.0000 3811.4431 2.4711 34.9042
3873.0000 3813.3948 2.4696 34.9040
3875.0000 3815.3469 2.4673 34.9038
3877.0000 3817.2991 2.4666 34.9037
3879.0000 3819.2502 2.4654 34.9036
3881.0000 3821.2024 2.4653 34.9036
3883.0000 3823.1541 2.4641 34.9034
3885.0000 3825.1057 2.4627 34.9033
3887.0000 3827.0579 2.4621 34.9032
3889.0000 3829.0095 2.4614 34.9032
3891.0000 3830.9612 2.4604 34.9030
3893.0000 3832.9131 2.4592 34.9030
3895.0000 3834.8647 2.4590 34.9028
3897.0000 3836.8164 2.4559 34.9025
3899.0000 3838.7681 2.4532 34.9021
3901.0000 3840.7197 2.4521 34.9020
3903.0000 3842.6714 2.4518 34.9020
3905.0000 3844.6230 2.4504 34.9018
3907.0000 3846.5745 2.4500 34.9018
3909.0000 3848.5261 2.4496 34.9018
3911.0000 3850.4783 2.4486 34.9017
3913.0000 3852.4292 2.4466 34.9014
3915.0000 3854.3811 2.4456 34.9014
3917.0000 3856.3325 2.4451 34.9012
3919.0000 3858.2842 2.4451 34.9012
3921.0000 3860.2354 2.4453 34.9012
3923.0000 3862.1870 2.4452 34.9011
3925.0000 3864.1384 2.4440 34.9011
3927.0000 3866.0896 2.4441 34.9010
3929.0000 3868.0413 2.4443 34.9010
3931.0000 3869.9927 2.4444 34.9011
3933.0000 3871.9443 2.4441 34.9010
3935.0000 3873.8953 2.4440 34.9010
3937.0000 3875.8469 2.4440 34.9009
3939.0000 3877.7981 2.4441 34.9009
3941.0000 3879.7490 2.4434 34.9009
3943.0000 3881.7007 2.4425 34.9007
3945.0000 3883.6521 2.4407 34.9005
3947.0000 3885.6033 2.4383 34.9001
3949.0000 3887.5544 2.4353 34.8999
3951.0000 3889.5059 2.4333 34.8997
3953.0000 3891.4570 2.4326 34.8996
3955.0000 3893.4080 2.4330 34.8997
3957.0000 3895.3591 2.4332 34.8997
3959.0000 3897.3105 2.4334 34.8997
3961.0000 3899.2615 2.4337 34.8997
3963.0000 3901.2131 2.4337 34.8996
3965.0000 3903.1638 2.4334 34.8996
3967.0000 3905.1152 2.4336 34.8996
3969.0000 3907.0662 2.4338 34.8996
3971.0000 3909.0168 2.4334 34.8996
3973.0000 3910.9685 2.4332 34.8994
3975.0000 3912.9189 2.4327 34.8994
3977.0000 3914.8699 2.4326 34.8993
3979.0000 3916.8210 2.4327 34.8992
3981.0000 3918.7725 2.4326 34.8993
3983.0000 3920.7234 2.4326 34.8992
3985.0000 3922.6741 2.4328 34.8993
3987.0000 3924.6250 2.4321 34.8992
3989.0000 3926.5759 2.4318 34.8991
3991.0000 3928.5266 2.4307 34.8989
3993.0000 3930.4780 2.4276 34.8986
3995.0000 3932.4287 2.4273 34.8985
3997.0000 3934.3794 2.4272 34.8985
3999.0000 3936.3301 2.4266 34.8985
4001.0000 3938.2810 2.4264 34.8985
4003.0000 3940.2319 2.4267 34.8984
4005.0000 3942.1824 2.4267 34.8984
4007.0000 3944.1335 2.4270 34.8984
4009.0000 3946.0840 2.4263 34.8984
4011.0000 3948.0349 2.4259 34.8984
4013.0000 3949.9854 2.4260 34.8984
4015.0000 3951.9360 2.4262 34.8983
4017.0000 3953.8865 2.4262 34.8983
4019.0000 3955.8374 2.4263 34.8983
4021.0000 3957.7883 2.4260 34.8981
4023.0000 3959.7383 2.4258 34.8982
4025.0000 3961.6892 2.4262 34.8981
4027.0000 3963.6399 2.4266 34.8982
4029.0000 3965.5908 2.4261 34.8982
4031.0000 3967.5408 2.4263 34.8981
4033.0000 3969.4917 2.4267 34.8981
4035.0000 3971.4421 2.4268 34.8982
4037.0000 3973.3921 2.4268 34.8981
4039.0000 3975.3430 2.4268 34.8980
4041.0000 3977.2935 2.4268 34.8980
4043.0000 3979.2444 2.4272 34.8980
4045.0000 3981.1938 2.4272 34.8980
4047.0000 3983.1448 2.4271 34.8980
4049.0000 3985.0952 2.4267 34.8980
4051.0000 3987.0457 2.4265 34.8979
4053.0000 3988.9956 2.4265 34.8979
4055.0000 3990.9465 2.4263 34.8978
4057.0000 3992.8965 2.4259 34.8978
4059.0000 3994.8469 2.4258 34.8978
4061.0000 3996.7969 2.4257 34.8978
4063.0000 3998.7478 2.4252 34.8977
4065.0000 4000.6975 2.4252 34.8977
4067.0000 4002.6479 2.4247 34.8976
4069.0000 4004.5984 2.4245 34.8975
4071.0000 4006.5486 2.4249 34.8976
4073.0000 4008.4983 2.4247 34.8975
4075.0000 4010.4487 2.4245 34.8974
4077.0000 4012.3987 2.4243 34.8975
4079.0000 4014.3491 2.4243 34.8975
4081.0000 4016.2993 2.4243 34.8975
4083.0000 4018.2495 2.4237 34.8973
4085.0000 4020.1992 2.4229 34.8972
4087.0000 4022.1492 2.4225 34.8971
4089.0000 4024.0994 2.4213 34.8970
4091.0000 4026.0498 2.4210 34.8970
4093.0000 4027.9993 2.4210 34.8969
4095.0000 4029.9497 2.4212 34.8968
4097.0000 4031.8994 2.4212 34.8969
4099.0000 4033.8494 2.4211 34.8969
4101.0000 4035.7993 2.4209 34.8968
4103.0000 4037.7493 2.4211 34.8968
4105.0000 4039.6995 2.4209 34.8968
4107.0000 4041.6489 2.4203 34.8967
4109.0000 4043.5991 2.4205 34.8967
4111.0000 4045.5491 2.4208 34.8966
4113.0000 4047.4983 2.4207 34.8967
4115.0000 4049.4487 2.4208 34.8966
4117.0000 4051.3982 2.4206 34.8966
4119.0000 4053.3481 2.4206 34.8967
4121.0000 4055.2974 2.4205 34.8966
4123.0000 4057.2478 2.4206 34.8965
4125.0000 4059.1975 2.4206 34.8964
4127.0000 4061.1470 2.4210 34.8965
4129.0000 4063.0969 2.4210 34.8965
4131.0000 4065.0466 2.4211 34.8965
4133.0000 4066.9966 2.4213 34.8965
4135.0000 4068.9458 2.4214 34.8964
4137.0000 4070.8955 2.4215 34.8964
4139.0000 4072.8450 2.4211 34.8965
4141.0000 4074.7947 2.4212 34.8964
4143.0000 4076.7441 2.4213 34.8964
4145.0000 4078.6938 2.4204 34.8963
4147.0000 4080.6431 2.4201 34.8963
4149.0000 4082.5930 2.4205 34.8963
4151.0000 4084.5425 2.4205 34.8963
4153.0000 4086.4922 2.4209 34.8963
4155.0000 4088.4414 2.4209 34.8962
4157.0000 4090.3909 2.4210 34.8961
4159.0000 4092.3406 2.4207 34.8961
4161.0000 4094.2893 2.4205 34.8961
4163.0000 4096.2393 2.4202 34.8962
4165.0000 4098.1890 2.4205 34.8960
4167.0000 4100.1382 2.4208 34.8961
4169.0000 4102.0874 2.4213 34.8961
4171.0000 4104.0366 2.4216 34.8961
4173.0000 4105.9858 2.4215 34.8961
4175.0000 4107.9346 2.4203 34.8959
4177.0000 4109.8843 2.4196 34.8958
4179.0000 4111.8340 2.4189 34.8958
4181.0000 4113.7832 2.4192 34.8958
4183.0000 4115.7324 2.4192 34.8957
4185.0000 4117.6816 2.4191 34.8957
4187.0000 4119.6309 2.4184 34.8956
4189.0000 4121.5801 2.4182 34.8955
4191.0000 4123.5288 2.4174 34.8954
4193.0000 4125.4785 2.4167 34.8953
4195.0000 4127.4277 2.4159 34.8952
4197.0000 4129.3765 2.4155 34.8952
4199.0000 4131.3257 2.4156 34.8951
4201.0000 4133.2749 2.4155 34.8952
4203.0000 4135.2241 2.4158 34.8953
4205.0000 4137.1729 2.4159 34.8951
4207.0000 4139.1221 2.4157 34.8951
4209.0000 4141.0713 2.4157 34.8951
4211.0000 4143.0200 2.4148 34.8949
4213.0000 4144.9692 2.4145 34.8948
4215.0000 4146.9180 2.4152 34.8950
4217.0000 4148.8672 2.4157 34.8950
4219.0000 4150.8164 2.4154 34.8949
4221.0000 4152.7651 2.4149 34.8948
4223.0000 4154.7139 2.4154 34.8949
4225.0000 4156.6626 2.4155 34.8949
4227.0000 4158.6118 2.4154 34.8947
4229.0000 4160.5605 2.4148 34.8947
4231.0000 4162.5088 2.4132 34.8946
4233.0000 4164.4580 2.4130 34.8945
4235.0000 4166.4072 2.4125 34.8944
4237.0000 4168.3555 2.4117 34.8943
4239.0000 4170.3042 2.4109 34.8943
4241.0000 4172.2529 2.4107 34.8943
4243.0000 4174.2021 2.4102 34.8941
4245.0000 4176.1504 2.4107 34.8940
4247.0000 4178.0991 2.4100 34.8940
4249.0000 4180.0479 2.4098 34.8940
4251.0000 4181.9966 2.4097 34.8939
4253.0000 4183.9448 2.4096 34.8939
4255.0000 4185.8936 2.4096 34.8940
4257.0000 4187.8428 2.4099 34.8938
4259.0000 4189.7910 2.4100 34.8939
4261.0000 4191.7397 2.4102 34.8938
4263.0000 4193.6885 2.4102 34.8938
4265.0000 4195.6362 2.4100 34.8939
4267.0000 4197.5854 2.4100 34.8938
4269.0000 4199.5342 2.4103 34.8939
4271.0000 4201.4824 2.4104 34.8938
4273.0000 4203.4307 2.4097 34.8938
4275.0000 4205.3794 2.4091 34.8937
4277.0000 4207.3276 2.4091 34.8936
4279.0000 4209.2759 2.4093 34.8936
4281.0000 4211.2246 2.4077 34.8934
4283.0000 4213.1729 2.4047 34.8930
4285.0000 4215.1211 2.4045 34.8931
4287.0000 4217.0698 2.4046 34.8930
4289.0000 4219.0181 2.4043 34.8930
4291.0000 4220.9663 2.4038 34.8929
4293.0000 4222.9146 2.4031 34.8929
4295.0000 4224.8628 2.4029 34.8928
4297.0000 4226.8115 2.4022 34.8927
4299.0000 4228.7593 2.4014 34.8925
4301.0000 4230.7075 2.4009 34.8926
4303.0000 4232.6558 2.4010 34.8926
4305.0000 4234.6040 2.3998 34.8924
4307.0000 4236.5522 2.3992 34.8923
4309.0000 4238.5005 2.3992 34.8923
4311.0000 4240.4487 2.3994 34.8923
4313.0000 4242.3965 2.3996 34.8923
4315.0000 4244.3447 2.3998 34.8922
4317.0000 4246.2930 2.4000 34.8924
4319.0000 4248.2412 2.4001 34.8923
4321.0000 4250.1890 2.4002 34.8923
4323.0000 4252.1372 2.4002 34.8923
4325.0000 4254.0854 2.4004 34.8922
4327.0000 4256.0327 2.4007 34.8922
4329.0000 4257.9814 2.4007 34.8922
4331.0000 4259.9292 2.4008 34.8922
4333.0000 4261.8774 2.4000 34.8920
4335.0000 4263.8252 2.3997 34.8920
4337.0000 4265.7729 2.3988 34.8919
4339.0000 4267.7212 2.3992 34.8920
4341.0000 4269.6685 2.4006 34.8920
4343.0000 4271.6167 2.4017 34.8922
4345.0000 4273.5645 2.4023 34.8922
4347.0000 4275.5127 2.4013 34.8921
4349.0000 4277.4600 2.4018 34.8920
4351.0000 4279.4082 2.4016 34.8921
4353.0000 4281.3564 2.4015 34.8919
4355.0000 4283.3037 2.4013 34.8919
4357.0000 4285.2515 2.4004 34.8918
4359.0000 4287.1992 2.4011 34.8918
4361.0000 4289.1470 2.4014 34.8919
4363.0000 4291.0947 2.4008 34.8918
4365.0000 4293.0425 2.4000 34.8917
4367.0000 4294.9902 2.3993 34.8917
4369.0000 4296.9380 2.3992 34.8915
4371.0000 4298.8848 2.3994 34.8914
4373.0000 4300.8330 2.3991 34.8915
4375.0000 4302.7803 2.3988 34.8916
4377.0000 4304.7280 2.3990 34.8915
4379.0000 4306.6758 2.3994 34.8913
4381.0000 4308.6230 2.3999 34.8913
4383.0000 4310.5708 2.3999 34.8915
4385.0000 4312.5186 2.4001 34.8915
4387.0000 4314.4663 2.4002 34.8915
4389.0000 4316.4131 2.4004 34.8913
4391.0000 4318.3608 2.4007 34.8914
4393.0000 4320.3086 2.4011 34.8916
4395.0000 4322.2563 2.4013 34.8915
4397.0000 4324.2026 2.4012 34.8915
4399.0000 4326.1509 2.3995 34.8912
4401.0000 4328.0981 2.3995 34.8911
4403.0000 4330.0454 2.3996 34.8912
4405.0000 4331.9922 2.3995 34.8912
4407.0000 4333.9399 2.3986 34.8909
4409.0000 4335.8872 2.3985 34.8910
4411.0000 4337.8350 2.3986 34.8911
4413.0000 4339.7822 2.3986 34.8909
4415.0000 4341.7295 2.3973 34.8907
4417.0000 4343.6763 2.3955 34.8906
4419.0000 4345.6235 2.3957 34.8906
4421.0000 4347.5708 2.3953 34.8906
4423.0000 4349.5181 2.3951 34.8906
4425.0000 4351.4653 2.3954 34.8905
4427.0000 4353.4126 2.3950 34.8905
4429.0000 4355.3599 2.3947 34.8905
4431.0000 4357.3066 2.3949 34.8905
4433.0000 4359.2544 2.3950 34.8904
4435.0000 4361.2012 2.3949 34.8902
4437.0000 4363.1479 2.3947 34.8903
4439.0000 4365.0952 2.3949 34.8903
4441.0000 4367.0425 2.3949 34.8903
4443.0000 4368.9897 2.3955 34.8903
4445.0000 4370.9360 2.3959 34.8903
4447.0000 4372.8833 2.3954 34.8903
4449.0000 4374.8306 2.3954 34.8903
4451.0000 4376.7769 2.3959 34.8902
4453.0000 4378.7241 2.3956 34.8902
4455.0000 4380.6709 2.3947 34.8901
4457.0000 4382.6177 2.3947 34.8901
4459.0000 4384.5645 2.3943 34.8900
4461.0000 4386.5117 2.3942 34.8899
4463.0000 4388.4585 2.3936 34.8898
4465.0000 4390.4053 2.3920 34.8897
4467.0000 4392.3521 2.3912 34.8896
4469.0000 4394.2993 2.3911 34.8895
4471.0000 4396.2461 2.3911 34.8895
4473.0000 4398.1929 2.3905 34.8895
4475.0000 4400.1396 2.3899 34.8894
4477.0000 4402.0864 2.3894 34.8893
4479.0000 4404.0327 2.3898 34.8893
4481.0000 4405.9795 2.3889 34.8892
4483.0000 4407.9263 2.3887 34.8892
4485.0000 4409.8726 2.3888 34.8891
4487.0000 4411.8198 2.3889 34.8892
4489.0000 4413.7666 2.3893 34.8892
4491.0000 4415.7129 2.3891 34.8891
4493.0000 4417.6592 2.3891 34.8891
4495.0000 4419.6060 2.3893 34.8892
4497.0000 4421.5527 2.3896 34.8892
4499.0000 4423.4990 2.3901 34.8892
4501.0000 4425.4458 2.3902 34.8891
4503.0000 4427.3926 2.3893 34.8890
4505.0000 4429.3389 2.3885 34.8888
4507.0000 4431.2852 2.3884 34.8888
4509.0000 4433.2319 2.3891 34.8889
4511.0000 4435.1782 2.3887 34.8888
4513.0000 4437.1245 2.3886 34.8888
4515.0000 4439.0713 2.3884 34.8887
4517.0000 4441.0181 2.3886 34.8887
4519.0000 4442.9644 2.3891 34.8889
4521.0000 4444.9102 2.3897 34.8889
4523.0000 4446.8564 2.3897 34.8889
4525.0000 4448.8032 2.3898 34.8887
4527.0000 4450.7490 2.3901 34.8887
4529.0000 4452.6958 2.3903 34.8888
4531.0000 4454.6421 2.3903 34.8888
4533.0000 4456.5884 2.3902 34.8887
4535.0000 4458.5342 2.3902 34.8887
4537.0000 4460.4805 2.3899 34.8886
4539.0000 4462.4268 2.3898 34.8885
4541.0000 4464.3726 2.3897 34.8886
4543.0000 4466.3193 2.3900 34.8886
4545.0000 4468.2656 2.3901 34.8886
4547.0000 4470.2114 2.3901 34.8887
4549.0000 4472.1577 2.3901 34.8884
4551.0000 4474.1040 2.3891 34.8884
4553.0000 4476.0503 2.3883 34.8884
4555.0000 4477.9961 2.3885 34.8883
4557.0000 4479.9419 2.3888 34.8883
4559.0000 4481.8882 2.3885 34.8882
4561.0000 4483.8335 2.3882 34.8881
4563.0000 4485.7798 2.3876 34.8882
4565.0000 4487.7261 2.3875 34.8880
4567.0000 4489.6724 2.3872 34.8881
4569.0000 4491.6182 2.3874 34.8880
4571.0000 4493.5640 2.3872 34.8880
4573.0000 4495.5103 2.3873 34.8879
4575.0000 4497.4561 2.3875 34.8880
4577.0000 4499.4019 2.3878 34.8880
4579.0000 4501.3481 2.3877 34.8879
4581.0000 4503.2935 2.3877 34.8879
4583.0000 4505.2393 2.3880 34.8878
4585.0000 4507.1851 2.3881 34.8879
4587.0000 4509.1309 2.3883 34.8878
4589.0000 4511.0767 2.3884 34.8879
4591.0000 4513.0225 2.3871 34.8877
4593.0000 4514.9683 2.3868 34.8877
4595.0000 4516.9141 2.3869 34.8876
4597.0000 4518.8599 2.3870 34.8876
4599.0000 4520.8057 2.3871 34.8876
4601.0000 4522.7515 2.3870 34.8876
4603.0000 4524.6968 2.3872 34.8876
4605.0000 4526.6431 2.3873 34.8876
4607.0000 4528.5889 2.3876 34.8875
4609.0000 4530.5342 2.3877 34.8875
4611.0000 4532.4800 2.3880 34.8876
4613.0000 4534.4253 2.3879 34.8875
4615.0000 4536.3706 2.3876 34.8874
4617.0000 4538.3159 2.3875 34.8873
4619.0000 4540.2617 2.3871 34.8874
4621.0000 4542.2070 2.3861 34.8871
4623.0000 4544.1528 2.3858 34.8872
4625.0000 4546.0981 2.3850 34.8870
4627.0000 4548.0439 2.3846 34.8870
4629.0000 4549.9893 2.3832 34.8867
4631.0000 4551.9346 2.3817 34.8866
4633.0000 4553.8799 2.3819 34.8866
4635.0000 4555.8257 2.3819 34.8866
4637.0000 4557.7710 2.3819 34.8865
4639.0000 4559.7163 2.3818 34.8865
4641.0000 4561.6621 2.3811 34.8864
4643.0000 4563.6074 2.3811 34.8865
4645.0000 4565.5522 2.3810 34.8865
4647.0000 4567.4976 2.3813 34.8864
4649.0000 4569.4434 2.3816 34.8864
4651.0000 4571.3882 2.3820 34.8865
4653.0000 4573.3335 2.3828 34.8865
4655.0000 4575.2788 2.3834 34.8864
4657.0000 4577.2241 2.3836 34.8864
4659.0000 4579.1694 2.3840 34.8865
4661.0000 4581.1147 2.3839 34.8864
4663.0000 4583.0596 2.3821 34.8863
4665.0000 4585.0044 2.3804 34.8862
4667.0000 4586.9502 2.3803 34.8860
4669.0000 4588.8950 2.3810 34.8860
4671.0000 4590.8398 2.3810 34.8861
4673.0000 4592.7852 2.3809 34.8861
4675.0000 4594.7305 2.3809 34.8860
4677.0000 4596.6758 2.3807 34.8860
4679.0000 4598.6201 2.3805 34.8860
4681.0000 4600.5654 2.3807 34.8859
4683.0000 4602.5107 2.3808 34.8860
4685.0000 4604.4551 2.3809 34.8860
4687.0000 4606.3999 2.3805 34.8858
4689.0000 4608.3457 2.3790 34.8856
4691.0000 4610.2905 2.3787 34.8857
4693.0000 4612.2349 2.3788 34.8857
4695.0000 4614.1802 2.3789 34.8855
4697.0000 4616.1250 2.3787 34.8856
4699.0000 4618.0693 2.3789 34.8855
4701.0000 4620.0146 2.3793 34.8856
4703.0000 4621.9595 2.3798 34.8856
4705.0000 4623.9043 2.3796 34.8857
4707.0000 4625.8491 2.3797 34.8855
4709.0000 4627.7939 2.3798 34.8855
4711.0000 4629.7388 2.3800 34.8855
4713.0000 4631.6831 2.3799 34.8854
4715.0000 4633.6279 2.3796 34.8854
4717.0000 4635.5728 2.3788 34.8853
4719.0000 4637.5181 2.3790 34.8853
4721.0000 4639.4624 2.3786 34.8852
4723.0000 4641.4072 2.3776 34.8851
4725.0000 4643.3521 2.3782 34.8851
4727.0000 4645.2959 2.3783 34.8851
4729.0000 4647.2412 2.3782 34.8851
4731.0000 4649.1855 2.3779 34.8850
4733.0000 4651.1304 2.3775 34.8850
4735.0000 4653.0747 2.3774 34.8850
4737.0000 4655.0195 2.3788 34.8851
4739.0000 4656.9639 2.3791 34.8851
4741.0000 4658.9082 2.3785 34.8849
4743.0000 4660.8525 2.3782 34.8849
4745.0000 4662.7969 2.3772 34.8847
4747.0000 4664.7412 2.3770 34.8848
4749.0000 4666.6855 2.3759 34.8847
4751.0000 4668.6304 2.3761 34.8846
4753.0000 4670.5752 2.3764 34.8846
4755.0000 4672.5195 2.3768 34.8846
4757.0000 4674.4639 2.3769 34.8846
4759.0000 4676.4087 2.3763 34.8844
4761.0000 4678.3521 2.3758 34.8845
4763.0000 4680.2969 2.3758 34.8844
4765.0000 4682.2412 2.3760 34.8844
4767.0000 4684.1855 2.3763 34.8845
4769.0000 4686.1294 2.3760 34.8845
4771.0000 4688.0737 2.3763 34.8843
4773.0000 4690.0181 2.3760 34.8843
4775.0000 4691.9619 2.3757 34.8843
4777.0000 4693.9067 2.3755 34.8842
4779.0000 4695.8511 2.3754 34.8842
4781.0000 4697.7954 2.3755 34.8841
4783.0000 4699.7393 2.3760 34.8842
4785.0000 4701.6836 2.3761 34.8842
4787.0000 4703.6274 2.3760 34.8842
4789.0000 4705.5713 2.3761 34.8842
4791.0000 4707.5156 2.3763 34.8842
4793.0000 4709.4595 2.3766 34.8841
4795.0000 4711.4038 2.3770 34.8842
4797.0000 4713.3481 2.3773 34.8842
4799.0000 4715.2925 2.3774 34.8841
4801.0000 4717.2363 2.3776 34.8842
4803.0000 4719.1797 2.3781 34.8841
4805.0000 4721.1240 2.3783 34.8842
4807.0000 4723.0679 2.3784 34.8840
4809.0000 4725.0117 2.3788 34.8840
4811.0000 4726.9556 2.3787 34.8841
4813.0000 4728.8994 2.3788 34.8840
4815.0000 4730.8442 2.3789 34.8840
4817.0000 4732.7876 2.3791 34.8840
4819.0000 4734.7314 2.3792 34.8841
4821.0000 4736.6753 2.3794 34.8841
4823.0000 4738.6191 2.3795 34.8841
4825.0000 4740.5625 2.3796 34.8840
4827.0000 4742.5063 2.3791 34.8840
4829.0000 4744.4512 2.3790 34.8839
4831.0000 4746.3940 2.3792 34.8838
4833.0000 4748.3379 2.3798 34.8839
4835.0000 4750.2817 2.3801 34.8839
4837.0000 4752.2256 2.3804 34.8839
4839.0000 4754.1689 2.3805 34.8838
4841.0000 4756.1128 2.3806 34.8839
4843.0000 4758.0571 2.3809 34.8838
4845.0000 4760.0000 2.3809 34.8839
4847.0000 4761.9438 2.3811 34.8837
4849.0000 4763.8877 2.3811 34.8839
4851.0000 4765.8306 2.3813 34.8839
4853.0000 4767.7744 2.3814 34.8840
4855.0000 4769.7178 2.3813 34.8838
4857.0000 4771.6621 2.3811 34.8837
4859.0000 4773.6055 2.3809 34.8837
4861.0000 4775.5488 2.3810 34.8837
4863.0000 4777.4922 2.3807 34.8837
4865.0000 4779.4351 2.3806 34.8835
4867.0000 4781.3789 2.3805 34.8835
4869.0000 4783.3228 2.3804 34.8835
4871.0000 4785.2661 2.3802 34.8835
4873.0000 4787.2090 2.3800 34.8835
4875.0000 4789.1528 2.3802 34.8834
4877.0000 4791.0962 2.3786 34.8832
4879.0000 4793.0396 2.3785 34.8832
4881.0000 4794.9834 2.3786 34.8831
4883.0000 4796.9263 2.3789 34.8832
4885.0000 4798.8691 2.3790 34.8833
4887.0000 4800.8125 2.3790 34.8831
4889.0000 4802.7559 2.3794 34.8832
4891.0000 4804.6997 2.3791 34.8831
4893.0000 4806.6426 2.3790 34.8832
4895.0000 4808.5859 2.3792 34.8830
4897.0000 4810.5293 2.3792 34.8830
4899.0000 4812.4717 2.3792 34.8830
4901.0000 4814.4155 2.3795 34.8830
4903.0000 4816.3584 2.3796 34.8830
4905.0000 4818.3018 2.3798 34.8830
4907.0000 4820.2446 2.3800 34.8830
4909.0000 4822.1875 2.3803 34.8829
4911.0000 4824.1313 2.3805 34.8830
4913.0000 4826.0742 2.3806 34.8830
4915.0000 4828.0171 2.3806 34.8830
4917.0000 4829.9604 2.3810 34.8830
4919.0000 4831.9033 2.3811 34.8830
4921.0000 4833.8462 2.3812 34.8830
4923.0000 4835.7891 2.3812 34.8828
4925.0000 4837.7324 2.3809 34.8828
4927.0000 4839.6748 2.3814 34.8829
4929.0000 4841.6182 2.3816 34.8829
4931.0000 4843.5610 2.3816 34.8828
4933.0000 4845.5034 2.3813 34.8828
4935.0000 4847.4463 2.3814 34.8828
4937.0000 4849.3892 2.3818 34.8828
4939.0000 4851.3325 2.3821 34.8828
4941.0000 4853.2749 2.3824 34.8827
4943.0000 4855.2178 2.3825 34.8827
4945.0000 4857.1606 2.3827 34.8829
4947.0000 4859.1035 2.3832 34.8828
4949.0000 4861.0464 2.3833 34.8828
4951.0000 4862.9893 2.3833 34.8828
4953.0000 4864.9321 2.3833 34.8826
4955.0000 4866.8745 2.3829 34.8827
4957.0000 4868.8174 2.3832 34.8826
4959.0000 4870.7603 2.3836 34.8827
4961.0000 4872.7026 2.3835 34.8827
4963.0000 4874.6460 2.3835 34.8826
4965.0000 4876.5884 2.3834 34.8825
4967.0000 4878.5312 2.3832 34.8826
4969.0000 4880.4731 2.3832 34.8825
4971.0000 4882.4160 2.3834 34.8824
4973.0000 4884.3589 2.3835 34.8823
4975.0000 4886.3008 2.3837 34.8824
4977.0000 4888.2432 2.3839 34.8824
4979.0000 4890.1865 2.3841 34.8824
4981.0000 4892.1289 2.3842 34.8825
4983.0000 4894.0713 2.3844 34.8824
4985.0000 4896.0137 2.3848 34.8825
4987.0000 4897.9565 2.3852 34.8825
4989.0000 4899.8984 2.3851 34.8824
4991.0000 4901.8408 2.3854 34.8824
4993.0000 4903.7837 2.3852 34.8824
4995.0000 4905.7261 2.3855 34.8824
4997.0000 4907.6685 2.3857 34.8823
4999.0000 4909.6104 2.3858 34.8824
5001.0000 4911.5532 2.3853 34.8823
5003.0000 4913.4951 2.3855 34.8823
5005.0000 4915.4370 2.3857 34.8823
5007.0000 4917.3799 2.3860 34.8822
5009.0000 4919.3223 2.3863 34.8823
5011.0000 4921.2642 2.3863 34.8823
5013.0000 4923.2065 2.3864 34.8823
5015.0000 4925.1489 2.3868 34.8823
5017.0000 4927.0908 2.3872 34.8824
5019.0000 4929.0332 2.3874 34.8823
5021.0000 4930.9756 2.3875 34.8823
5023.0000 4932.9175 2.3878 34.8823
5025.0000 4934.8594 2.3879 34.8823
5027.0000 4936.8018 2.3880 34.8823
5029.0000 4938.7441 2.3883 34.8822
5031.0000 4940.6855 2.3884 34.8822
5033.0000 4942.6279 2.3882 34.8822
5035.0000 4944.5703 2.3881 34.8821
5037.0000 4946.5122 2.3879 34.8821
5039.0000 4948.4541 2.3880 34.8821
5041.0000 4950.3965 2.3878 34.8821
5043.0000 4952.3384 2.3875 34.8820
5045.0000 4954.2798 2.3874 34.8819
5047.0000 4956.2222 2.3876 34.8819
5049.0000 4958.1646 2.3875 34.8818
5051.0000 4960.1055 2.3875 34.8818
5053.0000 4962.0479 2.3877 34.8819
5055.0000 4963.9897 2.3870 34.8818
5057.0000 4965.9316 2.3869 34.8817
5059.0000 4967.8735 2.3872 34.8817
5061.0000 4969.8154 2.3876 34.8819
5063.0000 4971.7573 2.3877 34.8817
5065.0000 4973.6992 2.3878 34.8817
5067.0000 4975.6406 2.3880 34.8817
5069.0000 4977.5825 2.3882 34.8817
5071.0000 4979.5244 2.3884 34.8817
5073.0000 4981.4663 2.3883 34.8817
5075.0000 4983.4077 2.3885 34.8817
5077.0000 4985.3496 2.3883 34.8815
5079.0000 4987.2910 2.3885 34.8815
5081.0000 4989.2324 2.3888 34.8816
5083.0000 4991.1748 2.3888 34.8816
5085.0000 4993.1162 2.3887 34.8815
5087.0000 4995.0571 2.3889 34.8814
5089.0000 4997.0000 2.3889 34.8814
5091.0000 4998.9409 2.3888 34.8814
5093.0000 5000.8823 2.3888 34.8815
5095.0000 5002.8242 2.3889 34.8814
5097.0000 5004.7656 2.3894 34.8815
5099.0000 5006.7075 2.3896 34.8815
5101.0000 5008.6484 2.3896 34.8814
5103.0000 5010.5903 2.3895 34.8813
5105.0000 5012.5322 2.3894 34.8814
5107.0000 5014.4731 2.3895 34.8813
5109.0000 5016.4141 2.3895 34.8814
5111.0000 5018.3564 2.3892 34.8813
5113.0000 5020.2969 2.3886 34.8811
5115.0000 5022.2388 2.3886 34.8811
5117.0000 5024.1802 2.3894 34.8810
5119.0000 5026.1216 2.3897 34.8810
5121.0000 5028.0630 2.3887 34.8809
5123.0000 5030.0044 2.3875 34.8808
5125.0000 5031.9453 2.3875 34.8809
5127.0000 5033.8867 2.3866 34.8807
5129.0000 5035.8281 2.3857 34.8806
5131.0000 5037.7695 2.3850 34.8804
5133.0000 5039.7104 2.3849 34.8804
5135.0000 5041.6519 2.3845 34.8804
5137.0000 5043.5933 2.3847 34.8804
5139.0000 5045.5342 2.3846 34.8803
5141.0000 5047.4756 2.3847 34.8803
5143.0000 5049.4165 2.3849 34.8804
5145.0000 5051.3574 2.3851 34.8803
5147.0000 5053.2988 2.3851 34.8803
5149.0000 5055.2397 2.3850 34.8803
5151.0000 5057.1812 2.3850 34.8802
5153.0000 5059.1226 2.3852 34.8803
5155.0000 5061.0625 2.3849 34.8802
5157.0000 5063.0044 2.3850 34.8802
5159.0000 5064.9453 2.3853 34.8802
5161.0000 5066.8862 2.3855 34.8803
5163.0000 5068.8271 2.3857 34.8801
5165.0000 5070.7676 2.3859 34.8801
5167.0000 5072.7095 2.3862 34.8802
5169.0000 5074.6499 2.3865 34.8801
5171.0000 5076.5913 2.3865 34.8802
5173.0000 5078.5322 2.3869 34.8802
5175.0000 5080.4727 2.3869 34.8802
5177.0000 5082.4136 2.3870 34.8801
5179.0000 5084.3545 2.3875 34.8802
5181.0000 5086.2954 2.3876 34.8801
5183.0000 5088.2358 2.3878 34.8801
5185.0000 5090.1772 2.3881 34.8802
5187.0000 5092.1177 2.3884 34.8802
5189.0000 5094.0586 2.3883 34.8801
5191.0000 5095.9995 2.3887 34.8800
5193.0000 5097.9404 2.3885 34.8801
5195.0000 5099.8804 2.3886 34.8800
5197.0000 5101.8213 2.3882 34.8800
5199.0000 5103.7622 2.3879 34.8800
5201.0000 5105.7026 2.3881 34.8799
5203.0000 5107.6436 2.3882 34.8799
5205.0000 5109.5840 2.3884 34.8799
5207.0000 5111.5249 2.3887 34.8799
5209.0000 5113.4648 2.3890 34.8799
5211.0000 5115.4062 2.3889 34.8798
5213.0000 5117.3467 2.3891 34.8799
5215.0000 5119.2876 2.3890 34.8799
5217.0000 5121.2275 2.3888 34.8798
5219.0000 5123.1680 2.3889 34.8798
5221.0000 5125.1089 2.3899 34.8796
5223.0000 5127.0488 2.3900 34.8796
5225.0000 5128.9897 2.3902 34.8796
5227.0000 5130.9302 2.3902 34.8798
5229.0000 5132.8711 2.3904 34.8796
5231.0000 5134.8110 2.3906 34.8797
5233.0000 5136.7515 2.3910 34.8798
5235.0000 5138.6919 2.3914 34.8796
5237.0000 5140.6323 2.3916 34.8797
5239.0000 5142.5723 2.3918 34.8798
5241.0000 5144.5132 2.3920 34.8796
5243.0000 5146.4536 2.3920 34.8797
5245.0000 5148.3936 2.3923 34.8797
5247.0000 5150.3340 2.3927 34.8797
5249.0000 5152.2744 2.3926 34.8795
5251.0000 5154.2144 2.3922 34.8796
5253.0000 5156.1548 2.3926 34.8796
5255.0000 5158.0952 2.3929 34.8796
5257.0000 5160.0347 2.3933 34.8796
5259.0000 5161.9751 2.3934 34.8796
5261.0000 5163.9155 2.3940 34.8796
5263.0000 5165.8560 2.3942 34.8795
5265.0000 5167.7959 2.3941 34.8795
5267.0000 5169.7358 2.3937 34.8795
5269.0000 5171.6768 2.3941 34.8794
5271.0000 5173.6162 2.3934 34.8795
5273.0000 5175.5566 2.3928 34.8794
5275.0000 5177.4966 2.3929 34.8793
5277.0000 5179.4365 2.3934 34.8793
5279.0000 5181.3760 2.3932 34.8794
5281.0000 5183.3164 2.3933 34.8793
5283.0000 5185.2563 2.3936 34.8793
5285.0000 5187.1963 2.3938 34.8793
5287.0000 5189.1362 2.3940 34.8794
5289.0000 5191.0767 2.3941 34.8793
5291.0000 5193.0161 2.3945 34.8792
5293.0000 5194.9561 2.3946 34.8793
5295.0000 5196.8960 2.3944 34.8792
5297.0000 5198.8359 2.3946 34.8793
5299.0000 5200.7754 2.3947 34.8792
5301.0000 5202.7158 2.3955 34.8791
5303.0000 5204.6553 2.3958 34.8791
5305.0000 5206.5957 2.3957 34.8791
5307.0000 5208.5352 2.3954 34.8791
5309.0000 5210.4751 2.3952 34.8791
5311.0000 5212.4150 2.3956 34.8790
5313.0000 5214.3540 2.3954 34.8791
5315.0000 5216.2944 2.3958 34.8790
5317.0000 5218.2339 2.3959 34.8791
5319.0000 5220.1738 2.3962 34.8791
5321.0000 5222.1128 2.3965 34.8790
5323.0000 5224.0527 2.3966 34.8791
5325.0000 5225.9922 2.3970 34.8791
5327.0000 5227.9316 2.3973 34.8790
5329.0000 5229.8721 2.3975 34.8791
5331.0000 5231.8110 2.3977 34.8790
5333.0000 5233.7505 2.3966 34.8790
5335.0000 5235.6904 2.3959 34.8789
5337.0000 5237.6304 2.3971 34.8789
5339.0000 5239.5698 2.3968 34.8788
5341.0000 5241.5093 2.3963 34.8789
5343.0000 5243.4492 2.3973 34.8788
5345.0000 5245.3882 2.3975 34.8788
5347.0000 5247.3276 2.3979 34.8788
5349.0000 5249.2666 2.3976 34.8788
5351.0000 5251.2065 2.3977 34.8788
5353.0000 5253.1460 2.3981 34.8789
5355.0000 5255.0854 2.3985 34.8788
5357.0000 5257.0249 2.3987 34.8789
5359.0000 5258.9644 2.3990 34.8788
5361.0000 5260.9033 2.3991 34.8789
5363.0000 5262.8423 2.3997 34.8788
5365.0000 5264.7822 2.4000 34.8788
5367.0000 5266.7217 2.4004 34.8788
5369.0000 5268.6606 2.4006 34.8788
5371.0000 5270.6001 2.4007 34.8789
5373.0000 5272.5391 2.4009 34.8787
5375.0000 5274.4780 2.4009 34.8788
5377.0000 5276.4175 2.4011 34.8788
5379.0000 5278.3569 2.4015 34.8788
5381.0000 5280.2964 2.4016 34.8789
5383.0000 5282.2349 2.4020 34.8788
5385.0000 5284.1743 2.4023 34.8787
5387.0000 5286.1138 2.4031 34.8787
5389.0000 5288.0527 2.4031 34.8787
