CTD cast

DATE:  03-Jan-2016 15:34:59
latitude:  24.4993
longitude:  -47.1503
  P (db)  z (m)    T (^oC)  S (psu)
5.0000 4.9680 24.2114 37.3165
7.0000 6.9551 24.2374 37.3173
9.0000 8.9422 24.2357 37.3176
11.0000 10.9293 24.2310 37.3173
13.0000 12.9164 24.2037 37.3170
15.0000 14.9035 24.2033 37.3172
17.0000 16.8906 24.1961 37.3171
19.0000 18.8776 24.1900 37.3169
21.0000 20.8646 24.1877 37.3168
23.0000 22.8516 24.1808 37.3168
25.0000 24.8386 24.1786 37.3168
27.0000 26.8255 24.1772 37.3168
29.0000 28.8125 24.1766 37.3168
31.0000 30.7994 24.1768 37.3166
33.0000 32.7863 24.1758 37.3166
35.0000 34.7732 24.1759 37.3166
37.0000 36.7600 24.1762 37.3166
39.0000 38.7469 24.1762 37.3167
41.0000 40.7337 24.1768 37.3168
43.0000 42.7205 24.1770 37.3168
45.0000 44.7073 24.1767 37.3168
47.0000 46.6941 24.1773 37.3167
49.0000 48.6808 24.1776 37.3169
51.0000 50.6675 24.1780 37.3169
53.0000 52.6542 24.1784 37.3169
55.0000 54.6409 24.1779 37.3169
57.0000 56.6276 24.1780 37.3168
59.0000 58.6142 24.1777 37.3168
61.0000 60.6009 24.1776 37.3169
63.0000 62.5875 24.1782 37.3168
65.0000 64.5741 24.1787 37.3170
67.0000 66.5606 24.1793 37.3169
69.0000 68.5472 24.1795 37.3171
71.0000 70.5337 24.1801 37.3171
73.0000 72.5202 24.1805 37.3171
75.0000 74.5067 24.1809 37.3171
77.0000 76.4932 24.1809 37.3170
79.0000 78.4797 24.1780 37.3164
81.0000 80.4661 24.1784 37.3164
83.0000 82.4525 24.1757 37.3157
85.0000 84.4389 24.1698 37.3144
87.0000 86.4253 24.1610 37.3127
89.0000 88.4117 23.8819 37.2624
91.0000 90.3980 23.0721 37.1340
93.0000 92.3843 22.6785 37.0742
95.0000 94.3706 22.6824 37.0778
97.0000 96.3569 22.2042 36.9972
99.0000 98.3432 22.2270 37.0063
101.0000 100.3294 22.0111 36.9777
103.0000 102.3157 22.0087 36.9822
105.0000 104.3018 21.9554 36.9769
107.0000 106.2880 21.8952 36.9732
109.0000 108.2742 21.8564 36.9707
111.0000 110.2604 21.7470 36.9642
113.0000 112.2465 21.6664 36.9643
115.0000 114.2326 21.6356 36.9650
117.0000 116.2187 21.6447 36.9660
119.0000 118.2048 21.5756 36.9621
121.0000 120.1908 21.5776 36.9610
123.0000 122.1768 21.5030 36.9492
125.0000 124.1629 21.4277 36.9491
127.0000 126.1489 21.4202 36.9510
129.0000 128.1348 21.2564 36.9457
131.0000 130.1208 21.2142 36.9443
133.0000 132.1067 21.1834 36.9444
135.0000 134.0927 21.1188 36.9366
137.0000 136.0786 21.0600 36.9291
139.0000 138.0644 20.9794 36.9238
141.0000 140.0503 20.9078 36.9249
143.0000 142.0361 20.9127 36.9299
145.0000 144.0219 20.8891 36.9353
147.0000 146.0078 20.8919 36.9348
149.0000 147.9935 20.7751 36.9224
151.0000 149.9793 20.7275 36.9178
153.0000 151.9650 20.7035 36.9130
155.0000 153.9508 20.5930 36.8996
157.0000 155.9365 20.5234 36.8887
159.0000 157.9222 20.4373 36.8734
161.0000 159.9078 20.3279 36.8604
163.0000 161.8935 20.3100 36.8617
165.0000 163.8791 20.2872 36.8647
167.0000 165.8647 20.2910 36.8743
169.0000 167.8503 20.2875 36.8765
171.0000 169.8359 20.1832 36.8658
173.0000 171.8214 20.1452 36.8624
175.0000 173.8070 20.0921 36.8533
177.0000 175.7925 20.0234 36.8408
179.0000 177.7780 19.9757 36.8333
181.0000 179.7635 19.8655 36.8131
183.0000 181.7489 19.7548 36.7940
185.0000 183.7344 19.6901 36.7863
187.0000 185.7198 19.7073 36.7896
189.0000 187.7052 19.6057 36.7711
191.0000 189.6906 19.4805 36.7541
193.0000 191.6759 19.4439 36.7466
195.0000 193.6613 19.4226 36.7432
197.0000 195.6466 19.3674 36.7340
199.0000 197.6319 19.3122 36.7254
201.0000 199.6172 19.2329 36.7117
203.0000 201.6024 19.1240 36.6931
205.0000 203.5877 19.0838 36.6850
207.0000 205.5729 19.0045 36.6683
209.0000 207.5581 18.9052 36.6527
211.0000 209.5433 18.8945 36.6525
213.0000 211.5285 18.8788 36.6488
215.0000 213.5136 18.8459 36.6419
217.0000 215.4988 18.7260 36.6227
219.0000 217.4839 18.7074 36.6211
221.0000 219.4690 18.7010 36.6201
223.0000 221.4540 18.6725 36.6143
225.0000 223.4391 18.6454 36.6107
227.0000 225.4241 18.5727 36.5970
229.0000 227.4092 18.5435 36.5932
231.0000 229.3941 18.5271 36.5903
233.0000 231.3791 18.4990 36.5852
235.0000 233.3641 18.4778 36.5816
237.0000 235.3490 18.4721 36.5807
239.0000 237.3339 18.4688 36.5799
241.0000 239.3188 18.4659 36.5792
243.0000 241.3037 18.4348 36.5734
245.0000 243.2886 18.3873 36.5658
247.0000 245.2734 18.3585 36.5626
249.0000 247.2583 18.3358 36.5594
251.0000 249.2431 18.3097 36.5561
253.0000 251.2278 18.2722 36.5543
255.0000 253.2126 18.2550 36.5531
257.0000 255.1974 18.1467 36.5423
259.0000 257.1821 18.1248 36.5392
261.0000 259.1668 18.1122 36.5371
263.0000 261.1515 18.1034 36.5357
265.0000 263.1362 18.0929 36.5340
267.0000 265.1208 18.0749 36.5314
269.0000 267.1054 18.0673 36.5307
271.0000 269.0901 18.0592 36.5294
273.0000 271.0746 18.0504 36.5284
275.0000 273.0593 18.0467 36.5280
277.0000 275.0438 18.0347 36.5257
279.0000 277.0284 17.9803 36.5174
281.0000 279.0128 17.9329 36.5108
283.0000 280.9974 17.8993 36.5052
285.0000 282.9818 17.8765 36.5011
287.0000 284.9663 17.8190 36.4923
289.0000 286.9507 17.7852 36.4880
291.0000 288.9352 17.7680 36.4852
293.0000 290.9196 17.7439 36.4812
295.0000 292.9040 17.7136 36.4770
297.0000 294.8883 17.6996 36.4749
299.0000 296.8727 17.6870 36.4731
301.0000 298.8570 17.6779 36.4718
303.0000 300.8413 17.6713 36.4708
305.0000 302.8256 17.6640 36.4695
307.0000 304.8099 17.6420 36.4654
309.0000 306.7941 17.5767 36.4556
311.0000 308.7784 17.5606 36.4536
313.0000 310.7626 17.5527 36.4527
315.0000 312.7467 17.5365 36.4493
317.0000 314.7309 17.4858 36.4413
319.0000 316.7151 17.4496 36.4335
321.0000 318.6992 17.4398 36.4343
323.0000 320.6833 17.4004 36.4261
325.0000 322.6674 17.3749 36.4231
327.0000 324.6515 17.3728 36.4226
329.0000 326.6356 17.3615 36.4206
331.0000 328.6196 17.3445 36.4175
333.0000 330.6036 17.2990 36.4110
335.0000 332.5876 17.2793 36.4076
337.0000 334.5716 17.2596 36.4047
339.0000 336.5556 17.2520 36.4032
341.0000 338.5396 17.2413 36.4018
343.0000 340.5235 17.2159 36.3974
345.0000 342.5074 17.1815 36.3921
347.0000 344.4913 17.1699 36.3901
349.0000 346.4751 17.1566 36.3873
351.0000 348.4590 17.1347 36.3839
353.0000 350.4428 17.1188 36.3812
355.0000 352.4266 17.1084 36.3796
357.0000 354.4104 17.0903 36.3762
359.0000 356.3942 17.0833 36.3755
361.0000 358.3779 17.0658 36.3727
363.0000 360.3617 17.0599 36.3715
365.0000 362.3454 17.0574 36.3709
367.0000 364.3291 17.0523 36.3697
369.0000 366.3127 17.0236 36.3637
371.0000 368.2964 17.0082 36.3619
373.0000 370.2801 16.9731 36.3570
375.0000 372.2637 16.9162 36.3486
377.0000 374.2473 16.8885 36.3454
379.0000 376.2309 16.8344 36.3356
381.0000 378.2145 16.7996 36.3286
383.0000 380.1980 16.7716 36.3260
385.0000 382.1815 16.7530 36.3233
387.0000 384.1650 16.7309 36.3183
389.0000 386.1485 16.7049 36.3126
391.0000 388.1320 16.6650 36.3065
393.0000 390.1154 16.6710 36.3076
395.0000 392.0989 16.6175 36.2975
397.0000 394.0822 16.5691 36.2890
399.0000 396.0656 16.5356 36.2849
401.0000 398.0490 16.5035 36.2799
403.0000 400.0324 16.4549 36.2730
405.0000 402.0157 16.3786 36.2616
407.0000 403.9990 16.3483 36.2567
409.0000 405.9823 16.3353 36.2541
411.0000 407.9656 16.3486 36.2573
413.0000 409.9489 16.3302 36.2525
415.0000 411.9321 16.2883 36.2473
417.0000 413.9154 16.2801 36.2455
419.0000 415.8985 16.2795 36.2458
421.0000 417.8817 16.2827 36.2449
423.0000 419.8649 16.2030 36.2315
425.0000 421.8480 16.1096 36.2162
427.0000 423.8311 16.0429 36.2081
429.0000 425.8143 16.1290 36.2213
431.0000 427.7973 15.9766 36.1955
433.0000 429.7804 15.9109 36.1845
435.0000 431.7635 15.8934 36.1822
437.0000 433.7465 15.9201 36.1885
439.0000 435.7295 15.8937 36.1793
441.0000 437.7125 15.7931 36.1654
443.0000 439.6955 15.7674 36.1615
445.0000 441.6784 15.7218 36.1536
447.0000 443.6614 15.6779 36.1470
449.0000 445.6443 15.6485 36.1418
451.0000 447.6272 15.6157 36.1363
453.0000 449.6100 15.5763 36.1295
455.0000 451.5929 15.5218 36.1219
457.0000 453.5757 15.5024 36.1191
459.0000 455.5585 15.4437 36.1086
461.0000 457.5414 15.3839 36.1003
463.0000 459.5242 15.3680 36.0976
465.0000 461.5069 15.3505 36.0936
467.0000 463.4897 15.2993 36.0864
469.0000 465.4724 15.2770 36.0828
471.0000 467.4551 15.2611 36.0809
473.0000 469.4378 15.2525 36.0793
475.0000 471.4204 15.2252 36.0751
477.0000 473.4031 15.1920 36.0692
479.0000 475.3858 15.1634 36.0655
481.0000 477.3683 15.1605 36.0641
483.0000 479.3510 15.1279 36.0596
485.0000 481.3335 15.0979 36.0542
487.0000 483.3161 15.0701 36.0495
489.0000 485.2986 15.0147 36.0404
491.0000 487.2811 14.9575 36.0315
493.0000 489.2636 14.9307 36.0271
495.0000 491.2461 14.8859 36.0209
497.0000 493.2286 14.8656 36.0175
499.0000 495.2110 14.8152 36.0094
501.0000 497.1934 14.7622 35.9999
503.0000 499.1758 14.6884 35.9879
505.0000 501.1582 14.6455 35.9837
507.0000 503.1405 14.6254 35.9805
509.0000 505.1229 14.5801 35.9739
511.0000 507.1053 14.5540 35.9694
513.0000 509.0876 14.5030 35.9608
515.0000 511.0698 14.4683 35.9557
517.0000 513.0521 14.4159 35.9477
519.0000 515.0344 14.3564 35.9393
521.0000 517.0165 14.3079 35.9318
523.0000 518.9988 14.2780 35.9278
525.0000 520.9810 14.2351 35.9198
527.0000 522.9632 14.1639 35.9100
529.0000 524.9453 14.0986 35.9000
531.0000 526.9275 14.0376 35.8922
533.0000 528.9096 14.0155 35.8897
535.0000 530.8917 13.9940 35.8863
537.0000 532.8737 13.9314 35.8772
539.0000 534.8558 13.9067 35.8752
541.0000 536.8379 13.9016 35.8745
543.0000 538.8199 13.8561 35.8663
545.0000 540.8019 13.8189 35.8623
547.0000 542.7839 13.7947 35.8579
549.0000 544.7658 13.7307 35.8484
551.0000 546.7478 13.6911 35.8448
553.0000 548.7297 13.6512 35.8384
555.0000 550.7115 13.6153 35.8334
557.0000 552.6935 13.5907 35.8300
559.0000 554.6754 13.5672 35.8274
561.0000 556.6573 13.5470 35.8247
563.0000 558.6390 13.5374 35.8239
565.0000 560.6209 13.5325 35.8235
567.0000 562.6027 13.5199 35.8215
569.0000 564.5844 13.5085 35.8200
571.0000 566.5662 13.4946 35.8178
573.0000 568.5480 13.4884 35.8172
575.0000 570.5297 13.4788 35.8153
577.0000 572.5114 13.4327 35.8071
579.0000 574.4930 13.3511 35.7937
581.0000 576.4747 13.2950 35.7858
583.0000 578.4564 13.2540 35.7791
585.0000 580.4380 13.2042 35.7708
587.0000 582.4197 13.1573 35.7651
589.0000 584.4012 13.1344 35.7622
591.0000 586.3828 13.1072 35.7586
593.0000 588.3643 13.0199 35.7449
595.0000 590.3458 12.8829 35.7253
597.0000 592.3273 12.8088 35.7172
599.0000 594.3088 12.7322 35.7030
601.0000 596.2903 12.6380 35.6911
603.0000 598.2718 12.6282 35.6898
605.0000 600.2532 12.6158 35.6883
607.0000 602.2346 12.6068 35.6867
609.0000 604.2160 12.5759 35.6824
611.0000 606.1974 12.5539 35.6806
613.0000 608.1787 12.5475 35.6798
615.0000 610.1602 12.5291 35.6771
617.0000 612.1415 12.4907 35.6727
619.0000 614.1227 12.4805 35.6716
621.0000 616.1040 12.4711 35.6705
623.0000 618.0853 12.4371 35.6650
625.0000 620.0665 12.4098 35.6613
627.0000 622.0477 12.3869 35.6573
629.0000 624.0289 12.3142 35.6482
631.0000 626.0101 12.2935 35.6455
633.0000 627.9913 12.2824 35.6444
635.0000 629.9724 12.2732 35.6441
637.0000 631.9536 12.2651 35.6450
639.0000 633.9347 12.1959 35.6367
641.0000 635.9158 12.1368 35.6286
643.0000 637.8969 12.1109 35.6271
645.0000 639.8779 12.0370 35.6147
647.0000 641.8589 11.9877 35.6119
649.0000 643.8400 11.9794 35.6121
651.0000 645.8210 11.9815 35.6143
653.0000 647.8019 11.9424 35.6080
655.0000 649.7829 11.8542 35.5973
657.0000 651.7639 11.8257 35.5953
659.0000 653.7448 11.7790 35.5924
661.0000 655.7257 11.7355 35.5880
663.0000 657.7066 11.7125 35.5839
665.0000 659.6874 11.6682 35.5779
667.0000 661.6683 11.6306 35.5744
669.0000 663.6491 11.5989 35.5712
671.0000 665.6299 11.5476 35.5659
673.0000 667.6107 11.5031 35.5569
675.0000 669.5915 11.4700 35.5518
677.0000 671.5723 11.4522 35.5484
679.0000 673.5530 11.4011 35.5388
681.0000 675.5337 11.3495 35.5321
683.0000 677.5144 11.3160 35.5276
685.0000 679.4951 11.2919 35.5253
687.0000 681.4757 11.2695 35.5232
689.0000 683.4564 11.2611 35.5229
691.0000 685.4370 11.2439 35.5209
693.0000 687.4175 11.2136 35.5160
695.0000 689.3982 11.1927 35.5128
697.0000 691.3787 11.1508 35.5057
699.0000 693.3594 11.1053 35.5014
701.0000 695.3398 11.0994 35.5009
703.0000 697.3203 11.0898 35.4997
705.0000 699.3008 11.0627 35.4949
707.0000 701.2812 11.0083 35.4863
709.0000 703.2617 10.9327 35.4754
711.0000 705.2422 10.8822 35.4701
713.0000 707.2226 10.8648 35.4680
715.0000 709.2030 10.8597 35.4676
717.0000 711.1833 10.8546 35.4672
719.0000 713.1637 10.8453 35.4660
721.0000 715.1440 10.8331 35.4644
723.0000 717.1243 10.7566 35.4569
725.0000 719.1047 10.7329 35.4567
727.0000 721.0850 10.7262 35.4559
729.0000 723.0652 10.7055 35.4532
731.0000 725.0455 10.6809 35.4495
733.0000 727.0257 10.6371 35.4407
735.0000 729.0059 10.5649 35.4318
737.0000 730.9861 10.5568 35.4310
739.0000 732.9662 10.5517 35.4306
741.0000 734.9465 10.5372 35.4286
743.0000 736.9265 10.5197 35.4260
745.0000 738.9066 10.4960 35.4226
747.0000 740.8868 10.4765 35.4200
749.0000 742.8668 10.4500 35.4163
751.0000 744.8469 10.4263 35.4127
753.0000 746.8269 10.3862 35.4084
755.0000 748.8068 10.3370 35.4029
757.0000 750.7869 10.3120 35.4011
759.0000 752.7669 10.2850 35.4010
761.0000 754.7469 10.2209 35.3962
763.0000 756.7267 10.0869 35.3775
765.0000 758.7067 10.0379 35.3740
767.0000 760.6866 10.0190 35.3760
769.0000 762.6664 9.9963 35.3731
771.0000 764.6463 9.9845 35.3753
773.0000 766.6262 9.9724 35.3788
775.0000 768.6061 9.9396 35.3747
777.0000 770.5858 9.9378 35.3739
779.0000 772.5656 9.9072 35.3709
781.0000 774.5454 9.8978 35.3689
783.0000 776.5251 9.8882 35.3669
785.0000 778.5049 9.8531 35.3601
787.0000 780.4847 9.8184 35.3563
789.0000 782.4644 9.8205 35.3584
791.0000 784.4440 9.7973 35.3562
793.0000 786.4236 9.7591 35.3509
795.0000 788.4033 9.6652 35.3365
797.0000 790.3829 9.6221 35.3327
799.0000 792.3625 9.5959 35.3292
801.0000 794.3420 9.5690 35.3273
803.0000 796.3217 9.5316 35.3210
805.0000 798.3011 9.4562 35.3075
807.0000 800.2808 9.3532 35.2931
809.0000 802.2603 9.2778 35.2840
811.0000 804.2397 9.2166 35.2767
813.0000 806.2192 9.1981 35.2744
815.0000 808.1987 9.1810 35.2719
817.0000 810.1780 9.0938 35.2560
819.0000 812.1574 9.0381 35.2486
821.0000 814.1369 8.9519 35.2348
823.0000 816.1163 8.8853 35.2253
825.0000 818.0956 8.8258 35.2184
827.0000 820.0750 8.7855 35.2142
829.0000 822.0543 8.7708 35.2131
831.0000 824.0336 8.7563 35.2112
833.0000 826.0128 8.6915 35.2014
835.0000 827.9921 8.6194 35.1942
837.0000 829.9714 8.5543 35.1908
839.0000 831.9506 8.5084 35.1870
841.0000 833.9299 8.4989 35.1861
843.0000 835.9090 8.4817 35.1840
845.0000 837.8881 8.4781 35.1839
847.0000 839.8673 8.4722 35.1824
849.0000 841.8465 8.4467 35.1776
851.0000 843.8257 8.3884 35.1706
853.0000 845.8046 8.3605 35.1669
855.0000 847.7837 8.3411 35.1652
857.0000 849.7628 8.3261 35.1654
859.0000 851.7418 8.2813 35.1625
861.0000 853.7209 8.2398 35.1589
863.0000 855.6999 8.2191 35.1568
865.0000 857.6788 8.2059 35.1548
867.0000 859.6577 8.1869 35.1520
869.0000 861.6368 8.1500 35.1473
871.0000 863.6158 8.0964 35.1401
873.0000 865.5945 8.0382 35.1323
875.0000 867.5735 8.0149 35.1304
877.0000 869.5524 8.0050 35.1295
879.0000 871.5312 8.0021 35.1292
881.0000 873.5100 7.9605 35.1230
883.0000 875.4888 7.8999 35.1183
885.0000 877.4677 7.8905 35.1171
887.0000 879.4464 7.8961 35.1176
889.0000 881.4251 7.8192 35.1086
891.0000 883.4040 7.7767 35.1046
893.0000 885.3825 7.7675 35.1034
895.0000 887.3613 7.7508 35.1008
897.0000 889.3400 7.7143 35.0955
899.0000 891.3187 7.6696 35.0909
901.0000 893.2972 7.6154 35.0843
903.0000 895.2759 7.5820 35.0815
905.0000 897.2545 7.5517 35.0776
907.0000 899.2331 7.5468 35.0779
909.0000 901.2117 7.5333 35.0778
911.0000 903.1902 7.5161 35.0750
913.0000 905.1688 7.4801 35.0725
915.0000 907.1473 7.4681 35.0746
917.0000 909.1257 7.4776 35.0798
919.0000 911.1043 7.4726 35.0809
921.0000 913.0827 7.4789 35.0860
923.0000 915.0611 7.4826 35.0888
925.0000 917.0396 7.4454 35.0837
927.0000 919.0179 7.4258 35.0818
929.0000 920.9963 7.3980 35.0784
931.0000 922.9747 7.3480 35.0703
933.0000 924.9531 7.3213 35.0663
935.0000 926.9313 7.3041 35.0632
937.0000 928.9097 7.2549 35.0545
939.0000 930.8880 7.1904 35.0499
941.0000 932.8662 7.1854 35.0511
943.0000 934.8445 7.1793 35.0511
945.0000 936.8227 7.1773 35.0512
947.0000 938.8009 7.1676 35.0497
949.0000 940.7791 7.1081 35.0438
951.0000 942.7573 7.0660 35.0409
953.0000 944.7354 7.0532 35.0390
955.0000 946.7136 7.0213 35.0360
957.0000 948.6917 6.9970 35.0337
959.0000 950.6697 6.9781 35.0327
961.0000 952.6478 6.9008 35.0276
963.0000 954.6259 6.8932 35.0272
965.0000 956.6039 6.8781 35.0256
967.0000 958.5820 6.8628 35.0241
969.0000 960.5599 6.8074 35.0202
971.0000 962.5380 6.7882 35.0198
973.0000 964.5159 6.7533 35.0189
975.0000 966.4939 6.7292 35.0180
977.0000 968.4719 6.7238 35.0175
979.0000 970.4496 6.7091 35.0165
981.0000 972.4277 6.6816 35.0155
983.0000 974.4055 6.6662 35.0165
985.0000 976.3834 6.6606 35.0164
987.0000 978.3611 6.6504 35.0164
989.0000 980.3391 6.6353 35.0160
991.0000 982.3168 6.6266 35.0154
993.0000 984.2946 6.5934 35.0152
995.0000 986.2724 6.5701 35.0175
997.0000 988.2501 6.5682 35.0187
999.0000 990.2278 6.5728 35.0213
1001.0000 992.2055 6.5772 35.0232
1003.0000 994.1832 6.5804 35.0248
1005.0000 996.1608 6.5833 35.0265
1007.0000 998.1385 6.5848 35.0285
1009.0000 1000.1161 6.5824 35.0321
1011.0000 1002.0938 6.5757 35.0327
1013.0000 1004.0714 6.5646 35.0315
1015.0000 1006.0490 6.5630 35.0331
1017.0000 1008.0264 6.5694 35.0350
1019.0000 1010.0040 6.5691 35.0355
1021.0000 1011.9816 6.5599 35.0349
1023.0000 1013.9591 6.5528 35.0354
1025.0000 1015.9365 6.5115 35.0408
1027.0000 1017.9140 6.5091 35.0411
1029.0000 1019.8915 6.5053 35.0411
1031.0000 1021.8689 6.4987 35.0406
1033.0000 1023.8462 6.4755 35.0388
1035.0000 1025.8237 6.4494 35.0393
1037.0000 1027.8010 6.4326 35.0415
1039.0000 1029.7783 6.4339 35.0424
1041.0000 1031.7556 6.4333 35.0422
1043.0000 1033.7329 6.4270 35.0433
1045.0000 1035.7102 6.4219 35.0438
1047.0000 1037.6875 6.4136 35.0446
1049.0000 1039.6649 6.4031 35.0443
1051.0000 1041.6421 6.3926 35.0444
1053.0000 1043.6193 6.3841 35.0450
1055.0000 1045.5966 6.3687 35.0469
1057.0000 1047.5737 6.3607 35.0485
1059.0000 1049.5508 6.3516 35.0496
1061.0000 1051.5280 6.3451 35.0504
1063.0000 1053.5051 6.3248 35.0486
1065.0000 1055.4823 6.3088 35.0483
1067.0000 1057.4594 6.2980 35.0478
1069.0000 1059.4363 6.2771 35.0458
1071.0000 1061.4133 6.2451 35.0434
1073.0000 1063.3904 6.2287 35.0435
1075.0000 1065.3674 6.2194 35.0439
1077.0000 1067.3445 6.2176 35.0446
1079.0000 1069.3213 6.2167 35.0452
1081.0000 1071.2983 6.2143 35.0454
1083.0000 1073.2754 6.2111 35.0458
1085.0000 1075.2523 6.2083 35.0460
1087.0000 1077.2291 6.2057 35.0461
1089.0000 1079.2061 6.1931 35.0455
1091.0000 1081.1829 6.1535 35.0446
1093.0000 1083.1597 6.1462 35.0446
1095.0000 1085.1366 6.1446 35.0447
1097.0000 1087.1134 6.1412 35.0450
1099.0000 1089.0902 6.1363 35.0457
1101.0000 1091.0668 6.1347 35.0459
1103.0000 1093.0437 6.1318 35.0463
1105.0000 1095.0205 6.1274 35.0470
1107.0000 1096.9971 6.1249 35.0472
1109.0000 1098.9739 6.1200 35.0474
1111.0000 1100.9506 6.1180 35.0479
1113.0000 1102.9271 6.1155 35.0484
1115.0000 1104.9038 6.1146 35.0485
1117.0000 1106.8805 6.1106 35.0490
1119.0000 1108.8571 6.1062 35.0498
1121.0000 1110.8335 6.1044 35.0501
1123.0000 1112.8102 6.1018 35.0503
1125.0000 1114.7866 6.0962 35.0504
1127.0000 1116.7632 6.0879 35.0506
1129.0000 1118.7397 6.0664 35.0497
1131.0000 1120.7163 6.0511 35.0500
1133.0000 1122.6929 6.0373 35.0499
1135.0000 1124.6692 6.0229 35.0520
1137.0000 1126.6456 6.0235 35.0527
1139.0000 1128.6219 6.0253 35.0531
1141.0000 1130.5984 6.0165 35.0549
1143.0000 1132.5748 6.0118 35.0556
1145.0000 1134.5511 6.0087 35.0559
1147.0000 1136.5276 6.0044 35.0561
1149.0000 1138.5038 6.0015 35.0565
1151.0000 1140.4802 5.9985 35.0567
1153.0000 1142.4565 5.9941 35.0568
1155.0000 1144.4326 5.9852 35.0571
1157.0000 1146.4089 5.9780 35.0575
1159.0000 1148.3851 5.9599 35.0578
1161.0000 1150.3615 5.9553 35.0577
1163.0000 1152.3375 5.9524 35.0578
1165.0000 1154.3138 5.9502 35.0578
1167.0000 1156.2899 5.9510 35.0577
1169.0000 1158.2660 5.9480 35.0580
1171.0000 1160.2422 5.9462 35.0581
1173.0000 1162.2183 5.9392 35.0578
1175.0000 1164.1943 5.8959 35.0577
1177.0000 1166.1703 5.8814 35.0580
1179.0000 1168.1464 5.8711 35.0584
1181.0000 1170.1226 5.8569 35.0590
1183.0000 1172.0984 5.8506 35.0605
1185.0000 1174.0745 5.8458 35.0612
1187.0000 1176.0505 5.8210 35.0602
1189.0000 1178.0265 5.8014 35.0608
1191.0000 1180.0023 5.7929 35.0617
1193.0000 1181.9781 5.7873 35.0631
1195.0000 1183.9541 5.7844 35.0638
1197.0000 1185.9298 5.7833 35.0642
1199.0000 1187.9058 5.7814 35.0646
1201.0000 1189.8817 5.7818 35.0650
1203.0000 1191.8575 5.7822 35.0654
1205.0000 1193.8333 5.7820 35.0656
1207.0000 1195.8091 5.7814 35.0656
1209.0000 1197.7849 5.7794 35.0658
1211.0000 1199.7605 5.7769 35.0662
1213.0000 1201.7363 5.7740 35.0662
1215.0000 1203.7120 5.7687 35.0664
1217.0000 1205.6877 5.7652 35.0665
1219.0000 1207.6633 5.7629 35.0667
1221.0000 1209.6389 5.7599 35.0668
1223.0000 1211.6146 5.7574 35.0669
1225.0000 1213.5902 5.7565 35.0670
1227.0000 1215.5658 5.7518 35.0670
1229.0000 1217.5414 5.7475 35.0672
1231.0000 1219.5170 5.7463 35.0672
1233.0000 1221.4926 5.7434 35.0675
1235.0000 1223.4680 5.7422 35.0675
1237.0000 1225.4437 5.7330 35.0681
1239.0000 1227.4191 5.7232 35.0690
1241.0000 1229.3945 5.7122 35.0705
1243.0000 1231.3700 5.7066 35.0711
1245.0000 1233.3453 5.6982 35.0713
1247.0000 1235.3208 5.6981 35.0716
1249.0000 1237.2963 5.6965 35.0716
1251.0000 1239.2716 5.6923 35.0717
1253.0000 1241.2469 5.6873 35.0721
1255.0000 1243.2223 5.6824 35.0725
1257.0000 1245.1976 5.6758 35.0732
1259.0000 1247.1729 5.6713 35.0735
1261.0000 1249.1482 5.6615 35.0739
1263.0000 1251.1234 5.6450 35.0748
1265.0000 1253.0988 5.6368 35.0754
1267.0000 1255.0740 5.6333 35.0756
1269.0000 1257.0491 5.6318 35.0758
1271.0000 1259.0243 5.6263 35.0761
1273.0000 1260.9994 5.6133 35.0771
1275.0000 1262.9745 5.6080 35.0774
1277.0000 1264.9497 5.6029 35.0781
1279.0000 1266.9247 5.6004 35.0784
1281.0000 1268.8998 5.5862 35.0803
1283.0000 1270.8749 5.5816 35.0807
1285.0000 1272.8500 5.5771 35.0808
1287.0000 1274.8250 5.5731 35.0809
1289.0000 1276.8000 5.5610 35.0815
1291.0000 1278.7750 5.5525 35.0818
1293.0000 1280.7500 5.5498 35.0818
1295.0000 1282.7250 5.5465 35.0823
1297.0000 1284.7000 5.5429 35.0831
1299.0000 1286.6749 5.5389 35.0841
1301.0000 1288.6497 5.5280 35.0862
1303.0000 1290.6248 5.5272 35.0866
1305.0000 1292.5996 5.5269 35.0867
1307.0000 1294.5745 5.5210 35.0879
1309.0000 1296.5493 5.5066 35.0914
1311.0000 1298.5243 5.5061 35.0915
1313.0000 1300.4990 5.5017 35.0923
1315.0000 1302.4736 5.5008 35.0926
1317.0000 1304.4485 5.4987 35.0933
1319.0000 1306.4232 5.4949 35.0944
1321.0000 1308.3979 5.4921 35.0949
1323.0000 1310.3726 5.4909 35.0949
1325.0000 1312.3474 5.4904 35.0951
1327.0000 1314.3220 5.4901 35.0949
1329.0000 1316.2966 5.4877 35.0948
1331.0000 1318.2712 5.4893 35.0948
1333.0000 1320.2458 5.4863 35.0950
1335.0000 1322.2205 5.4793 35.0955
1337.0000 1324.1951 5.4778 35.0961
1339.0000 1326.1696 5.4782 35.0968
1341.0000 1328.1440 5.4770 35.0975
1343.0000 1330.1187 5.4733 35.0982
1345.0000 1332.0931 5.4705 35.0988
1347.0000 1334.0676 5.4675 35.0991
1349.0000 1336.0420 5.4611 35.0997
1351.0000 1338.0165 5.4561 35.0999
1353.0000 1339.9910 5.4512 35.0998
1355.0000 1341.9652 5.4268 35.0982
1357.0000 1343.9398 5.4169 35.0980
1359.0000 1345.9142 5.3987 35.0964
1361.0000 1347.8885 5.3709 35.0932
1363.0000 1349.8628 5.3662 35.0929
1365.0000 1351.8372 5.3618 35.0928
1367.0000 1353.8115 5.3512 35.0921
1369.0000 1355.7856 5.3371 35.0925
1371.0000 1357.7600 5.3271 35.0929
1373.0000 1359.7343 5.3170 35.0933
1375.0000 1361.7084 5.3095 35.0937
1377.0000 1363.6825 5.3052 35.0939
1379.0000 1365.6569 5.3028 35.0943
1381.0000 1367.6310 5.3009 35.0945
1383.0000 1369.6051 5.2988 35.0949
1385.0000 1371.5792 5.2980 35.0951
1387.0000 1373.5535 5.2979 35.0953
1389.0000 1375.5276 5.2960 35.0959
1391.0000 1377.5015 5.2936 35.0963
1393.0000 1379.4756 5.2910 35.0965
1395.0000 1381.4496 5.2807 35.0967
1397.0000 1383.4236 5.2592 35.0972
1399.0000 1385.3976 5.2495 35.0978
1401.0000 1387.3716 5.2518 35.0978
1403.0000 1389.3457 5.2378 35.0976
1405.0000 1391.3195 5.2292 35.0982
1407.0000 1393.2935 5.2248 35.0981
1409.0000 1395.2675 5.2217 35.0982
1411.0000 1397.2412 5.2202 35.0984
1413.0000 1399.2151 5.2153 35.0982
1415.0000 1401.1890 5.2054 35.0980
1417.0000 1403.1627 5.1969 35.0980
1419.0000 1405.1366 5.1791 35.0974
1421.0000 1407.1105 5.1633 35.0960
1423.0000 1409.0842 5.1614 35.0960
1425.0000 1411.0580 5.1607 35.0972
1427.0000 1413.0317 5.1617 35.0981
1429.0000 1415.0055 5.1634 35.0992
1431.0000 1416.9791 5.1630 35.0992
1433.0000 1418.9528 5.1566 35.0985
1435.0000 1420.9265 5.1535 35.0984
1437.0000 1422.9001 5.1460 35.0984
1439.0000 1424.8738 5.1160 35.0957
1441.0000 1426.8474 5.1095 35.0951
1443.0000 1428.8209 5.1203 35.0973
1445.0000 1430.7944 5.1311 35.1021
1447.0000 1432.7679 5.1283 35.1027
1449.0000 1434.7417 5.1229 35.1022
1451.0000 1436.7153 5.1212 35.1019
1453.0000 1438.6887 5.1199 35.1020
1455.0000 1440.6621 5.0992 35.0990
1457.0000 1442.6356 5.0883 35.0984
1459.0000 1444.6089 5.0867 35.0987
1461.0000 1446.5824 5.0471 35.0946
1463.0000 1448.5560 5.0360 35.0947
1465.0000 1450.5294 5.0306 35.0956
1467.0000 1452.5026 5.0274 35.0956
1469.0000 1454.4761 5.0207 35.0949
1471.0000 1456.4493 5.0088 35.0939
1473.0000 1458.4225 4.9954 35.0926
1475.0000 1460.3960 4.9742 35.0907
1477.0000 1462.3693 4.9569 35.0887
1479.0000 1464.3424 4.9428 35.0883
1481.0000 1466.3157 4.9381 35.0881
1483.0000 1468.2889 4.9342 35.0879
1485.0000 1470.2622 4.9299 35.0877
1487.0000 1472.2354 4.9249 35.0873
1489.0000 1474.2085 4.9190 35.0867
1491.0000 1476.1816 4.9150 35.0867
1493.0000 1478.1548 4.9135 35.0867
1495.0000 1480.1278 4.9106 35.0869
1497.0000 1482.1011 4.9082 35.0869
1499.0000 1484.0742 4.9025 35.0866
1501.0000 1486.0470 4.8973 35.0863
1503.0000 1488.0201 4.8828 35.0865
1505.0000 1489.9932 4.8747 35.0862
1507.0000 1491.9662 4.8652 35.0863
1509.0000 1493.9392 4.8615 35.0869
1511.0000 1495.9121 4.8604 35.0877
1513.0000 1497.8851 4.8588 35.0878
1515.0000 1499.8579 4.8573 35.0879
1517.0000 1501.8309 4.8558 35.0878
1519.0000 1503.8038 4.8544 35.0877
1521.0000 1505.7766 4.8519 35.0875
1523.0000 1507.7495 4.8499 35.0873
1525.0000 1509.7224 4.8381 35.0860
1527.0000 1511.6953 4.8256 35.0854
1529.0000 1513.6680 4.8208 35.0856
1531.0000 1515.6407 4.8214 35.0870
1533.0000 1517.6135 4.8229 35.0873
1535.0000 1519.5863 4.8226 35.0874
1537.0000 1521.5591 4.8204 35.0893
1539.0000 1523.5317 4.8172 35.0894
1541.0000 1525.5043 4.8011 35.0878
1543.0000 1527.4771 4.7789 35.0847
1545.0000 1529.4498 4.7648 35.0840
1547.0000 1531.4224 4.7634 35.0841
1549.0000 1533.3949 4.7638 35.0844
1551.0000 1535.3677 4.7604 35.0843
1553.0000 1537.3402 4.7514 35.0845
1555.0000 1539.3126 4.7480 35.0845
1557.0000 1541.2852 4.7460 35.0844
1559.0000 1543.2578 4.7407 35.0842
1561.0000 1545.2303 4.7392 35.0841
1563.0000 1547.2026 4.7374 35.0839
1565.0000 1549.1752 4.7322 35.0834
1567.0000 1551.1478 4.7258 35.0830
1569.0000 1553.1201 4.7224 35.0828
1571.0000 1555.0925 4.7180 35.0824
1573.0000 1557.0649 4.7128 35.0822
1575.0000 1559.0374 4.7083 35.0817
1577.0000 1561.0096 4.6992 35.0815
1579.0000 1562.9819 4.6937 35.0818
1581.0000 1564.9542 4.6882 35.0827
1583.0000 1566.9266 4.6879 35.0826
1585.0000 1568.8989 4.6874 35.0823
1587.0000 1570.8712 4.6839 35.0823
1589.0000 1572.8435 4.6765 35.0821
1591.0000 1574.8156 4.6651 35.0810
1593.0000 1576.7878 4.6578 35.0809
1595.0000 1578.7600 4.6460 35.0796
1597.0000 1580.7322 4.6274 35.0789
1599.0000 1582.7043 4.6109 35.0778
1601.0000 1584.6765 4.6003 35.0772
1603.0000 1586.6487 4.5917 35.0768
1605.0000 1588.6207 4.5848 35.0765
1607.0000 1590.5928 4.5824 35.0765
1609.0000 1592.5648 4.5809 35.0764
1611.0000 1594.5369 4.5805 35.0764
1613.0000 1596.5089 4.5767 35.0764
1615.0000 1598.4810 4.5765 35.0765
1617.0000 1600.4529 4.5757 35.0765
1619.0000 1602.4249 4.5734 35.0762
1621.0000 1604.3969 4.5733 35.0761
1623.0000 1606.3689 4.5678 35.0758
1625.0000 1608.3407 4.5627 35.0753
1627.0000 1610.3125 4.5615 35.0753
1629.0000 1612.2844 4.5591 35.0749
1631.0000 1614.2562 4.5560 35.0747
1633.0000 1616.2281 4.5442 35.0745
1635.0000 1618.2000 4.5182 35.0718
1637.0000 1620.1719 4.5073 35.0709
1639.0000 1622.1436 4.4965 35.0700
1641.0000 1624.1154 4.4905 35.0698
1643.0000 1626.0872 4.4828 35.0693
1645.0000 1628.0588 4.4782 35.0694
1647.0000 1630.0304 4.4766 35.0693
1649.0000 1632.0023 4.4766 35.0693
1651.0000 1633.9740 4.4754 35.0694
1653.0000 1635.9454 4.4718 35.0697
1655.0000 1637.9172 4.4713 35.0705
1657.0000 1639.8889 4.4758 35.0728
1659.0000 1641.8602 4.4801 35.0745
1661.0000 1643.8320 4.4727 35.0739
1663.0000 1645.8036 4.4670 35.0730
1665.0000 1647.7751 4.4583 35.0719
1667.0000 1649.7466 4.4546 35.0719
1669.0000 1651.7181 4.4580 35.0728
1671.0000 1653.6896 4.4657 35.0745
1673.0000 1655.6611 4.4606 35.0742
1675.0000 1657.6326 4.4539 35.0740
1677.0000 1659.6041 4.4586 35.0758
1679.0000 1661.5753 4.4629 35.0767
1681.0000 1663.5469 4.4710 35.0793
1683.0000 1665.5183 4.4729 35.0803
1685.0000 1667.4896 4.4695 35.0801
1687.0000 1669.4608 4.4704 35.0800
1689.0000 1671.4324 4.4590 35.0780
1691.0000 1673.4037 4.4207 35.0720
1693.0000 1675.3749 4.4028 35.0701
1695.0000 1677.3462 4.3979 35.0694
1697.0000 1679.3174 4.3949 35.0689
1699.0000 1681.2887 4.3832 35.0670
1701.0000 1683.2599 4.3683 35.0653
1703.0000 1685.2310 4.3476 35.0632
1705.0000 1687.2023 4.3361 35.0627
1707.0000 1689.1732 4.3294 35.0620
1709.0000 1691.1447 4.3252 35.0617
1711.0000 1693.1157 4.3099 35.0607
1713.0000 1695.0869 4.3012 35.0603
1715.0000 1697.0579 4.3058 35.0609
1717.0000 1699.0289 4.3005 35.0606
1719.0000 1701.0001 4.3006 35.0608
1721.0000 1702.9708 4.3003 35.0610
1723.0000 1704.9420 4.3001 35.0611
1725.0000 1706.9131 4.3001 35.0611
1727.0000 1708.8840 4.2997 35.0614
1729.0000 1710.8550 4.3010 35.0624
1731.0000 1712.8259 4.3029 35.0630
1733.0000 1714.7969 4.3032 35.0632
1735.0000 1716.7676 4.3047 35.0635
1737.0000 1718.7385 4.3049 35.0635
1739.0000 1720.7097 4.3050 35.0633
1741.0000 1722.6802 4.3057 35.0637
1743.0000 1724.6511 4.3064 35.0640
1745.0000 1726.6221 4.3068 35.0645
1747.0000 1728.5928 4.3053 35.0646
1749.0000 1730.5635 4.3042 35.0646
1751.0000 1732.5343 4.2934 35.0637
1753.0000 1734.5051 4.2897 35.0633
1755.0000 1736.4757 4.2859 35.0630
1757.0000 1738.4464 4.2875 35.0632
1759.0000 1740.4171 4.2725 35.0612
1761.0000 1742.3878 4.2587 35.0599
1763.0000 1744.3584 4.2448 35.0588
1765.0000 1746.3291 4.2407 35.0583
1767.0000 1748.2998 4.2395 35.0583
1769.0000 1750.2701 4.2369 35.0578
1771.0000 1752.2408 4.2365 35.0579
1773.0000 1754.2115 4.2261 35.0562
1775.0000 1756.1821 4.2078 35.0546
1777.0000 1758.1525 4.2081 35.0550
1779.0000 1760.1229 4.2084 35.0550
1781.0000 1762.0936 4.2093 35.0555
1783.0000 1764.0637 4.2105 35.0558
1785.0000 1766.0344 4.2093 35.0560
1787.0000 1768.0048 4.1903 35.0547
1789.0000 1769.9755 4.1839 35.0541
1791.0000 1771.9456 4.1810 35.0540
1793.0000 1773.9161 4.1747 35.0534
1795.0000 1775.8865 4.1725 35.0534
1797.0000 1777.8566 4.1624 35.0528
1799.0000 1779.8270 4.1602 35.0522
1801.0000 1781.7974 4.1472 35.0514
1803.0000 1783.7675 4.1473 35.0514
1805.0000 1785.7378 4.1484 35.0512
1807.0000 1787.7083 4.1202 35.0487
1809.0000 1789.6783 4.1030 35.0475
1811.0000 1791.6484 4.1031 35.0475
1813.0000 1793.6188 4.1015 35.0473
1815.0000 1795.5891 4.1028 35.0475
1817.0000 1797.5590 4.0993 35.0471
1819.0000 1799.5293 4.0980 35.0471
1821.0000 1801.4994 4.0976 35.0471
1823.0000 1803.4696 4.0973 35.0471
1825.0000 1805.4393 4.0961 35.0470
1827.0000 1807.4097 4.0961 35.0470
1829.0000 1809.3795 4.0960 35.0470
1831.0000 1811.3496 4.0946 35.0469
1833.0000 1813.3196 4.0940 35.0468
1835.0000 1815.2898 4.0942 35.0468
1837.0000 1817.2596 4.0936 35.0467
1839.0000 1819.2296 4.0934 35.0466
1841.0000 1821.1995 4.0930 35.0466
1843.0000 1823.1696 4.0926 35.0466
1845.0000 1825.1393 4.0922 35.0465
1847.0000 1827.1091 4.0916 35.0464
1849.0000 1829.0790 4.0905 35.0463
1851.0000 1831.0491 4.0876 35.0460
1853.0000 1833.0186 4.0859 35.0459
1855.0000 1834.9885 4.0841 35.0457
1857.0000 1836.9584 4.0802 35.0454
1859.0000 1838.9281 4.0752 35.0450
1861.0000 1840.8977 4.0735 35.0449
1863.0000 1842.8676 4.0714 35.0447
1865.0000 1844.8372 4.0613 35.0438
1867.0000 1846.8070 4.0541 35.0437
1869.0000 1848.7769 4.0520 35.0431
1871.0000 1850.7463 4.0478 35.0428
1873.0000 1852.7161 4.0451 35.0428
1875.0000 1854.6854 4.0453 35.0428
1877.0000 1856.6554 4.0454 35.0428
1879.0000 1858.6246 4.0451 35.0427
1881.0000 1860.5944 4.0445 35.0427
1883.0000 1862.5640 4.0447 35.0428
1885.0000 1864.5337 4.0447 35.0428
1887.0000 1866.5029 4.0412 35.0424
1889.0000 1868.4724 4.0356 35.0414
1891.0000 1870.4420 4.0024 35.0392
1893.0000 1872.4114 4.0000 35.0389
1895.0000 1874.3810 3.9967 35.0388
1897.0000 1876.3502 3.9939 35.0386
1899.0000 1878.3197 3.9926 35.0384
1901.0000 1880.2889 3.9900 35.0383
1903.0000 1882.2584 3.9864 35.0381
1905.0000 1884.2277 3.9846 35.0379
1907.0000 1886.1970 3.9836 35.0379
1909.0000 1888.1664 3.9821 35.0376
1911.0000 1890.1357 3.9724 35.0362
1913.0000 1892.1051 3.9370 35.0336
1915.0000 1894.0742 3.9236 35.0332
1917.0000 1896.0435 3.9135 35.0320
1919.0000 1898.0127 3.9023 35.0309
1921.0000 1899.9818 3.8893 35.0301
1923.0000 1901.9513 3.8861 35.0299
1925.0000 1903.9203 3.8830 35.0298
1927.0000 1905.8894 3.8802 35.0296
1929.0000 1907.8584 3.8772 35.0295
1931.0000 1909.8276 3.8691 35.0286
1933.0000 1911.7969 3.8577 35.0277
1935.0000 1913.7657 3.8481 35.0271
1937.0000 1915.7350 3.8460 35.0269
1939.0000 1917.7039 3.8449 35.0270
1941.0000 1919.6729 3.8438 35.0268
1943.0000 1921.6420 3.8380 35.0262
1945.0000 1923.6110 3.8342 35.0261
1947.0000 1925.5801 3.8371 35.0263
1949.0000 1927.5487 3.8280 35.0252
1951.0000 1929.5179 3.8119 35.0241
1953.0000 1931.4869 3.8097 35.0240
1955.0000 1933.4554 3.8080 35.0238
1957.0000 1935.4244 3.8058 35.0236
1959.0000 1937.3933 3.8025 35.0232
1961.0000 1939.3623 3.7984 35.0230
1963.0000 1941.3309 3.7843 35.0216
1965.0000 1943.2998 3.7740 35.0210
1967.0000 1945.2687 3.7686 35.0205
1969.0000 1947.2374 3.7611 35.0199
1971.0000 1949.2061 3.7571 35.0199
1973.0000 1951.1749 3.7564 35.0197
1975.0000 1953.1436 3.7547 35.0196
1977.0000 1955.1122 3.7536 35.0195
1979.0000 1957.0811 3.7526 35.0194
1981.0000 1959.0497 3.7477 35.0189
1983.0000 1961.0181 3.7430 35.0185
1985.0000 1962.9869 3.7368 35.0180
1987.0000 1964.9556 3.7304 35.0174
1989.0000 1966.9242 3.7216 35.0165
1991.0000 1968.8926 3.7100 35.0156
1993.0000 1970.8612 3.6991 35.0148
1995.0000 1972.8298 3.6944 35.0144
1997.0000 1974.7983 3.6882 35.0140
1999.0000 1976.7667 3.6845 35.0137
2001.0000 1978.7354 3.6808 35.0135
2003.0000 1980.7037 3.6775 35.0132
2005.0000 1982.6720 3.6771 35.0132
2007.0000 1984.6406 3.6769 35.0131
2009.0000 1986.6088 3.6771 35.0132
2011.0000 1988.5773 3.6752 35.0129
2013.0000 1990.5457 3.6722 35.0127
2015.0000 1992.5140 3.6688 35.0125
2017.0000 1994.4823 3.6651 35.0120
2019.0000 1996.4507 3.6606 35.0118
2021.0000 1998.4191 3.6602 35.0117
2023.0000 2000.3873 3.6598 35.0117
2025.0000 2002.3556 3.6595 35.0117
2027.0000 2004.3237 3.6593 35.0117
2029.0000 2006.2920 3.6584 35.0116
2031.0000 2008.2601 3.6581 35.0116
2033.0000 2010.2284 3.6561 35.0112
2035.0000 2012.1965 3.6522 35.0108
2037.0000 2014.1648 3.6488 35.0107
2039.0000 2016.1328 3.6365 35.0089
2041.0000 2018.1008 3.5999 35.0059
2043.0000 2020.0690 3.5839 35.0047
2045.0000 2022.0370 3.5799 35.0043
2047.0000 2024.0050 3.5737 35.0040
2049.0000 2025.9733 3.5684 35.0037
2051.0000 2027.9414 3.5623 35.0032
2053.0000 2029.9092 3.5546 35.0025
2055.0000 2031.8772 3.5482 35.0021
2057.0000 2033.8452 3.5461 35.0020
2059.0000 2035.8130 3.5426 35.0018
2061.0000 2037.7810 3.5403 35.0016
2063.0000 2039.7490 3.5368 35.0012
2065.0000 2041.7168 3.5346 35.0011
2067.0000 2043.6846 3.5338 35.0011
2069.0000 2045.6526 3.5324 35.0009
2071.0000 2047.6206 3.5304 35.0006
2073.0000 2049.5881 3.5277 35.0005
2075.0000 2051.5559 3.5235 35.0002
2077.0000 2053.5239 3.5224 35.0001
2079.0000 2055.4915 3.5200 34.9997
2081.0000 2057.4595 3.5184 34.9997
2083.0000 2059.4272 3.5175 34.9996
2085.0000 2061.3950 3.5153 34.9994
2087.0000 2063.3625 3.5114 34.9990
2089.0000 2065.3301 3.5083 34.9987
2091.0000 2067.2979 3.5059 34.9986
2093.0000 2069.2654 3.5042 34.9984
2095.0000 2071.2332 3.5042 34.9982
2097.0000 2073.2007 3.4963 34.9976
2099.0000 2075.1685 3.4918 34.9973
2101.0000 2077.1357 3.4937 34.9974
2103.0000 2079.1035 3.4884 34.9968
2105.0000 2081.0710 3.4866 34.9968
2107.0000 2083.0383 3.4859 34.9967
2109.0000 2085.0059 3.4851 34.9966
2111.0000 2086.9734 3.4792 34.9960
2113.0000 2088.9409 3.4706 34.9954
2115.0000 2090.9082 3.4616 34.9943
2117.0000 2092.8757 3.4515 34.9938
2119.0000 2094.8433 3.4472 34.9935
2121.0000 2096.8103 3.4462 34.9934
2123.0000 2098.7778 3.4409 34.9928
2125.0000 2100.7454 3.4369 34.9926
2127.0000 2102.7124 3.4317 34.9919
2129.0000 2104.6802 3.4235 34.9912
2131.0000 2106.6472 3.4095 34.9901
2133.0000 2108.6145 3.4055 34.9900
2135.0000 2110.5818 3.4093 34.9902
2137.0000 2112.5491 3.4033 34.9898
2139.0000 2114.5161 3.3982 34.9893
2141.0000 2116.4832 3.3960 34.9892
2143.0000 2118.4507 3.3939 34.9889
2145.0000 2120.4177 3.3835 34.9880
2147.0000 2122.3853 3.3781 34.9876
2149.0000 2124.3518 3.3729 34.9871
2151.0000 2126.3191 3.3700 34.9870
2153.0000 2128.2864 3.3689 34.9871
2155.0000 2130.2534 3.3689 34.9869
2157.0000 2132.2205 3.3683 34.9869
2159.0000 2134.1875 3.3670 34.9868
2161.0000 2136.1545 3.3661 34.9867
2163.0000 2138.1213 3.3664 34.9867
2165.0000 2140.0886 3.3653 34.9867
2167.0000 2142.0557 3.3655 34.9865
2169.0000 2144.0222 3.3650 34.9866
2171.0000 2145.9893 3.3639 34.9864
2173.0000 2147.9563 3.3608 34.9859
2175.0000 2149.9233 3.3600 34.9859
2177.0000 2151.8901 3.3517 34.9852
2179.0000 2153.8569 3.3497 34.9852
2181.0000 2155.8237 3.3500 34.9852
2183.0000 2157.7905 3.3503 34.9852
2185.0000 2159.7576 3.3490 34.9851
2187.0000 2161.7241 3.3487 34.9850
2189.0000 2163.6909 3.3476 34.9850
2191.0000 2165.6575 3.3479 34.9850
2193.0000 2167.6245 3.3476 34.9849
2195.0000 2169.5911 3.3476 34.9849
2197.0000 2171.5576 3.3478 34.9849
2199.0000 2173.5247 3.3478 34.9849
2201.0000 2175.4915 3.3460 34.9846
2203.0000 2177.4578 3.3409 34.9843
2205.0000 2179.4246 3.3405 34.9840
2207.0000 2181.3911 3.3369 34.9840
2209.0000 2183.3577 3.3349 34.9837
2211.0000 2185.3242 3.3332 34.9835
2213.0000 2187.2908 3.3325 34.9833
2215.0000 2189.2573 3.3320 34.9834
2217.0000 2191.2236 3.3319 34.9834
2219.0000 2193.1902 3.3308 34.9834
2221.0000 2195.1570 3.3304 34.9833
2223.0000 2197.1235 3.3282 34.9830
2225.0000 2199.0898 3.3240 34.9826
2227.0000 2201.0564 3.3227 34.9825
2229.0000 2203.0225 3.3177 34.9821
2231.0000 2204.9888 3.3200 34.9822
2233.0000 2206.9553 3.3164 34.9820
2235.0000 2208.9216 3.3152 34.9818
2237.0000 2210.8882 3.3101 34.9815
2239.0000 2212.8542 3.3029 34.9806
2241.0000 2214.8208 3.2923 34.9799
2243.0000 2216.7871 3.2900 34.9798
2245.0000 2218.7532 3.2894 34.9797
2247.0000 2220.7195 3.2887 34.9798
2249.0000 2222.6858 3.2884 34.9798
2251.0000 2224.6521 3.2888 34.9799
2253.0000 2226.6182 3.2888 34.9798
2255.0000 2228.5842 3.2891 34.9798
2257.0000 2230.5505 3.2893 34.9798
2259.0000 2232.5164 3.2897 34.9798
2261.0000 2234.4827 3.2897 34.9798
2263.0000 2236.4487 3.2896 34.9798
2265.0000 2238.4146 3.2900 34.9796
2267.0000 2240.3809 3.2883 34.9796
2269.0000 2242.3472 3.2858 34.9794
2271.0000 2244.3132 3.2836 34.9791
2273.0000 2246.2791 3.2829 34.9790
2275.0000 2248.2449 3.2818 34.9790
2277.0000 2250.2112 3.2810 34.9789
2279.0000 2252.1770 3.2796 34.9788
2281.0000 2254.1426 3.2786 34.9787
2283.0000 2256.1089 3.2779 34.9786
2285.0000 2258.0747 3.2771 34.9785
2287.0000 2260.0405 3.2710 34.9779
2289.0000 2262.0066 3.2603 34.9769
2291.0000 2263.9724 3.2591 34.9770
2293.0000 2265.9380 3.2589 34.9769
2295.0000 2267.9041 3.2573 34.9768
2297.0000 2269.8699 3.2544 34.9766
2299.0000 2271.8357 3.2513 34.9763
2301.0000 2273.8013 3.2484 34.9760
2303.0000 2275.7673 3.2491 34.9760
2305.0000 2277.7329 3.2437 34.9756
2307.0000 2279.6982 3.2382 34.9750
2309.0000 2281.6641 3.2335 34.9748
2311.0000 2283.6299 3.2350 34.9747
2313.0000 2285.5955 3.2278 34.9744
2315.0000 2287.5610 3.2226 34.9738
2317.0000 2289.5266 3.2163 34.9734
2319.0000 2291.4924 3.2119 34.9731
2321.0000 2293.4578 3.2082 34.9727
2323.0000 2295.4236 3.2072 34.9727
2325.0000 2297.3889 3.2093 34.9728
2327.0000 2299.3545 3.2045 34.9725
2329.0000 2301.3201 3.2023 34.9724
2331.0000 2303.2856 3.2020 34.9723
2333.0000 2305.2512 3.2019 34.9723
2335.0000 2307.2166 3.2026 34.9724
2337.0000 2309.1819 3.2017 34.9723
2339.0000 2311.1475 3.2006 34.9722
2341.0000 2313.1128 3.1980 34.9719
2343.0000 2315.0781 3.1979 34.9717
2345.0000 2317.0435 3.1977 34.9719
2347.0000 2319.0088 3.1982 34.9720
2349.0000 2320.9741 3.1973 34.9717
2351.0000 2322.9392 3.1862 34.9709
2353.0000 2324.9048 3.1856 34.9708
2355.0000 2326.8699 3.1866 34.9709
2357.0000 2328.8352 3.1859 34.9709
2359.0000 2330.8003 3.1839 34.9706
2361.0000 2332.7656 3.1819 34.9705
2363.0000 2334.7307 3.1787 34.9700
2365.0000 2336.6960 3.1778 34.9701
2367.0000 2338.6614 3.1770 34.9702
2369.0000 2340.6262 3.1772 34.9700
2371.0000 2342.5913 3.1738 34.9697
2373.0000 2344.5566 3.1722 34.9697
2375.0000 2346.5217 3.1717 34.9696
2377.0000 2348.4868 3.1710 34.9695
2379.0000 2350.4519 3.1693 34.9694
2381.0000 2352.4170 3.1700 34.9694
2383.0000 2354.3818 3.1701 34.9695
2385.0000 2356.3469 3.1703 34.9694
2387.0000 2358.3120 3.1697 34.9693
2389.0000 2360.2769 3.1705 34.9695
2391.0000 2362.2419 3.1703 34.9694
2393.0000 2364.2068 3.1701 34.9693
2395.0000 2366.1719 3.1672 34.9689
2397.0000 2368.1365 3.1571 34.9677
2399.0000 2370.1016 3.1478 34.9673
2401.0000 2372.0664 3.1369 34.9665
2403.0000 2374.0310 3.1318 34.9660
2405.0000 2375.9958 3.1268 34.9655
2407.0000 2377.9607 3.1150 34.9645
2409.0000 2379.9255 3.1088 34.9641
2411.0000 2381.8901 3.1063 34.9641
2413.0000 2383.8550 3.1051 34.9639
2415.0000 2385.8198 3.1049 34.9640
2417.0000 2387.7844 3.1047 34.9641
2419.0000 2389.7495 3.1037 34.9640
2421.0000 2391.7141 3.1021 34.9639
2423.0000 2393.6787 3.1010 34.9638
2425.0000 2395.6433 3.0985 34.9635
2427.0000 2397.6079 3.0964 34.9633
2429.0000 2399.5728 3.0892 34.9627
2431.0000 2401.5371 3.0862 34.9625
2433.0000 2403.5017 3.0842 34.9623
2435.0000 2405.4663 3.0812 34.9620
2437.0000 2407.4309 3.0781 34.9618
2439.0000 2409.3953 3.0772 34.9617
2441.0000 2411.3596 3.0765 34.9617
2443.0000 2413.3245 3.0759 34.9616
2445.0000 2415.2886 3.0749 34.9616
2447.0000 2417.2529 3.0747 34.9615
2449.0000 2419.2178 3.0743 34.9615
2451.0000 2421.1819 3.0737 34.9614
2453.0000 2423.1462 3.0735 34.9614
2455.0000 2425.1108 3.0706 34.9611
2457.0000 2427.0754 3.0689 34.9610
2459.0000 2429.0393 3.0682 34.9609
2461.0000 2431.0039 3.0673 34.9608
2463.0000 2432.9683 3.0610 34.9600
2465.0000 2434.9324 3.0557 34.9598
2467.0000 2436.8965 3.0540 34.9596
2469.0000 2438.8611 3.0506 34.9594
2471.0000 2440.8252 3.0435 34.9586
2473.0000 2442.7893 3.0339 34.9579
2475.0000 2444.7534 3.0335 34.9580
2477.0000 2446.7178 3.0315 34.9578
2479.0000 2448.6816 3.0201 34.9565
2481.0000 2450.6460 3.0088 34.9560
2483.0000 2452.6104 3.0090 34.9559
2485.0000 2454.5745 3.0077 34.9560
2487.0000 2456.5383 3.0077 34.9559
2489.0000 2458.5024 3.0052 34.9556
2491.0000 2460.4666 2.9996 34.9552
2493.0000 2462.4304 2.9959 34.9549
2495.0000 2464.3945 2.9952 34.9549
2497.0000 2466.3584 2.9941 34.9548
2499.0000 2468.3225 2.9942 34.9547
2501.0000 2470.2864 2.9939 34.9548
2503.0000 2472.2505 2.9931 34.9547
2505.0000 2474.2146 2.9927 34.9546
2507.0000 2476.1782 2.9928 34.9548
2509.0000 2478.1421 2.9929 34.9548
2511.0000 2480.1060 2.9930 34.9546
2513.0000 2482.0701 2.9927 34.9546
2515.0000 2484.0337 2.9922 34.9545
2517.0000 2485.9973 2.9922 34.9545
2519.0000 2487.9612 2.9907 34.9543
2521.0000 2489.9250 2.9893 34.9543
2523.0000 2491.8889 2.9888 34.9542
2525.0000 2493.8525 2.9865 34.9538
2527.0000 2495.8162 2.9821 34.9536
2529.0000 2497.7800 2.9832 34.9536
2531.0000 2499.7437 2.9821 34.9535
2533.0000 2501.7075 2.9816 34.9536
2535.0000 2503.6711 2.9809 34.9534
2537.0000 2505.6348 2.9799 34.9533
2539.0000 2507.5984 2.9796 34.9534
2541.0000 2509.5618 2.9796 34.9534
2543.0000 2511.5254 2.9793 34.9533
2545.0000 2513.4890 2.9792 34.9532
2547.0000 2515.4526 2.9787 34.9532
2549.0000 2517.4163 2.9784 34.9531
2551.0000 2519.3799 2.9782 34.9531
2553.0000 2521.3433 2.9776 34.9530
2555.0000 2523.3066 2.9765 34.9529
2557.0000 2525.2700 2.9752 34.9529
2559.0000 2527.2334 2.9744 34.9527
2561.0000 2529.1970 2.9737 34.9527
2563.0000 2531.1604 2.9730 34.9526
2565.0000 2533.1238 2.9725 34.9525
2567.0000 2535.0872 2.9725 34.9526
2569.0000 2537.0503 2.9723 34.9526
2571.0000 2539.0137 2.9722 34.9526
2573.0000 2540.9771 2.9688 34.9522
2575.0000 2542.9407 2.9668 34.9521
2577.0000 2544.9036 2.9661 34.9520
2579.0000 2546.8669 2.9656 34.9520
2581.0000 2548.8303 2.9647 34.9518
2583.0000 2550.7932 2.9627 34.9517
2585.0000 2552.7568 2.9595 34.9512
2587.0000 2554.7200 2.9557 34.9511
2589.0000 2556.6829 2.9548 34.9509
2591.0000 2558.6460 2.9546 34.9509
2593.0000 2560.6094 2.9542 34.9509
2595.0000 2562.5725 2.9542 34.9509
2597.0000 2564.5356 2.9541 34.9510
2599.0000 2566.4985 2.9540 34.9509
2601.0000 2568.4619 2.9534 34.9507
2603.0000 2570.4246 2.9516 34.9507
2605.0000 2572.3875 2.9492 34.9504
2607.0000 2574.3508 2.9467 34.9501
2609.0000 2576.3140 2.9449 34.9499
2611.0000 2578.2766 2.9437 34.9499
2613.0000 2580.2395 2.9405 34.9496
2615.0000 2582.2029 2.9394 34.9495
2617.0000 2584.1655 2.9371 34.9494
2619.0000 2586.1284 2.9347 34.9491
2621.0000 2588.0913 2.9341 34.9492
2623.0000 2590.0542 2.9341 34.9492
2625.0000 2592.0171 2.9335 34.9491
2627.0000 2593.9800 2.9333 34.9491
2629.0000 2595.9429 2.9317 34.9489
2631.0000 2597.9055 2.9297 34.9487
2633.0000 2599.8682 2.9276 34.9485
2635.0000 2601.8313 2.9247 34.9483
2637.0000 2603.7939 2.9233 34.9482
2639.0000 2605.7566 2.9232 34.9481
2641.0000 2607.7190 2.9226 34.9481
2643.0000 2609.6821 2.9214 34.9480
2645.0000 2611.6445 2.9214 34.9479
2647.0000 2613.6074 2.9208 34.9480
2649.0000 2615.5698 2.9206 34.9479
2651.0000 2617.5327 2.9204 34.9478
2653.0000 2619.4951 2.9192 34.9477
2655.0000 2621.4578 2.9181 34.9476
2657.0000 2623.4204 2.9174 34.9475
2659.0000 2625.3828 2.9170 34.9476
2661.0000 2627.3455 2.9168 34.9476
2663.0000 2629.3079 2.9164 34.9474
2665.0000 2631.2703 2.9150 34.9474
2667.0000 2633.2329 2.9135 34.9472
2669.0000 2635.1953 2.9107 34.9468
2671.0000 2637.1577 2.9079 34.9466
2673.0000 2639.1201 2.9048 34.9464
2675.0000 2641.0825 2.9029 34.9463
2677.0000 2643.0452 2.9009 34.9461
2679.0000 2645.0073 2.8989 34.9459
2681.0000 2646.9697 2.8980 34.9459
2683.0000 2648.9321 2.8980 34.9459
2685.0000 2650.8945 2.8979 34.9458
2687.0000 2652.8564 2.8967 34.9457
2689.0000 2654.8191 2.8965 34.9458
2691.0000 2656.7812 2.8957 34.9457
2693.0000 2658.7432 2.8947 34.9455
2695.0000 2660.7056 2.8932 34.9454
2697.0000 2662.6680 2.8930 34.9454
2699.0000 2664.6304 2.8926 34.9453
2701.0000 2666.5923 2.8931 34.9454
2703.0000 2668.5544 2.8931 34.9454
2705.0000 2670.5166 2.8916 34.9452
2707.0000 2672.4785 2.8914 34.9450
2709.0000 2674.4407 2.8900 34.9451
2711.0000 2676.4031 2.8895 34.9450
2713.0000 2678.3647 2.8896 34.9450
2715.0000 2680.3269 2.8886 34.9449
2717.0000 2682.2893 2.8876 34.9448
2719.0000 2684.2512 2.8887 34.9448
2721.0000 2686.2129 2.8853 34.9446
2723.0000 2688.1748 2.8836 34.9446
2725.0000 2690.1372 2.8839 34.9444
2727.0000 2692.0989 2.8835 34.9444
2729.0000 2694.0608 2.8774 34.9437
2731.0000 2696.0229 2.8721 34.9436
2733.0000 2697.9849 2.8684 34.9431
2735.0000 2699.9463 2.8673 34.9432
2737.0000 2701.9084 2.8698 34.9431
2739.0000 2703.8704 2.8615 34.9425
2741.0000 2705.8318 2.8593 34.9425
2743.0000 2707.7939 2.8587 34.9424
2745.0000 2709.7556 2.8588 34.9425
2747.0000 2711.7175 2.8613 34.9425
2749.0000 2713.6792 2.8554 34.9421
2751.0000 2715.6409 2.8552 34.9421
2753.0000 2717.6025 2.8531 34.9419
2755.0000 2719.5642 2.8565 34.9421
2757.0000 2721.5259 2.8521 34.9418
2759.0000 2723.4875 2.8505 34.9417
2761.0000 2725.4495 2.8499 34.9416
2763.0000 2727.4109 2.8513 34.9416
2765.0000 2729.3723 2.8494 34.9414
2767.0000 2731.3342 2.8474 34.9413
2769.0000 2733.2957 2.8457 34.9412
2771.0000 2735.2571 2.8443 34.9411
2773.0000 2737.2188 2.8433 34.9410
2775.0000 2739.1802 2.8397 34.9406
2777.0000 2741.1416 2.8376 34.9405
2779.0000 2743.1033 2.8321 34.9397
2781.0000 2745.0647 2.8282 34.9397
2783.0000 2747.0259 2.8237 34.9392
2785.0000 2748.9875 2.8196 34.9389
2787.0000 2750.9490 2.8180 34.9389
2789.0000 2752.9104 2.8187 34.9390
2791.0000 2754.8716 2.8187 34.9390
2793.0000 2756.8330 2.8173 34.9390
2795.0000 2758.7944 2.8181 34.9388
2797.0000 2760.7556 2.8161 34.9387
2799.0000 2762.7168 2.8101 34.9383
2801.0000 2764.6785 2.8088 34.9380
2803.0000 2766.6394 2.8110 34.9381
2805.0000 2768.6008 2.8049 34.9377
2807.0000 2770.5620 2.8044 34.9377
2809.0000 2772.5234 2.8038 34.9377
2811.0000 2774.4844 2.8031 34.9375
2813.0000 2776.4456 2.8026 34.9376
2815.0000 2778.4067 2.8029 34.9375
2817.0000 2780.3679 2.8021 34.9375
2819.0000 2782.3289 2.8022 34.9375
2821.0000 2784.2903 2.8022 34.9375
2823.0000 2786.2512 2.8024 34.9374
2825.0000 2788.2122 2.8006 34.9372
2827.0000 2790.1733 2.7994 34.9371
2829.0000 2792.1343 2.7997 34.9371
2831.0000 2794.0955 2.7995 34.9371
2833.0000 2796.0564 2.7986 34.9370
2835.0000 2798.0173 2.7988 34.9371
2837.0000 2799.9785 2.7989 34.9371
2839.0000 2801.9392 2.7988 34.9370
2841.0000 2803.9004 2.7988 34.9370
2843.0000 2805.8613 2.7989 34.9370
2845.0000 2807.8220 2.7977 34.9368
2847.0000 2809.7830 2.7962 34.9367
2849.0000 2811.7437 2.7955 34.9365
2851.0000 2813.7046 2.7953 34.9365
2853.0000 2815.6653 2.7940 34.9364
2855.0000 2817.6265 2.7920 34.9362
2857.0000 2819.5872 2.7912 34.9363
2859.0000 2821.5476 2.7913 34.9362
2861.0000 2823.5088 2.7904 34.9361
2863.0000 2825.4692 2.7894 34.9360
2865.0000 2827.4299 2.7887 34.9360
2867.0000 2829.3906 2.7894 34.9360
2869.0000 2831.3516 2.7886 34.9359
2871.0000 2833.3123 2.7882 34.9359
2873.0000 2835.2727 2.7873 34.9358
2875.0000 2837.2334 2.7877 34.9358
2877.0000 2839.1941 2.7858 34.9355
2879.0000 2841.1543 2.7856 34.9355
2881.0000 2843.1150 2.7861 34.9357
2883.0000 2845.0757 2.7860 34.9356
2885.0000 2847.0361 2.7839 34.9353
2887.0000 2848.9968 2.7849 34.9353
2889.0000 2850.9573 2.7833 34.9353
2891.0000 2852.9180 2.7819 34.9350
2893.0000 2854.8779 2.7813 34.9351
2895.0000 2856.8384 2.7801 34.9349
2897.0000 2858.7991 2.7765 34.9346
2899.0000 2860.7595 2.7739 34.9344
2901.0000 2862.7197 2.7733 34.9344
2903.0000 2864.6802 2.7735 34.9344
2905.0000 2866.6406 2.7730 34.9343
2907.0000 2868.6008 2.7718 34.9342
2909.0000 2870.5613 2.7710 34.9341
2911.0000 2872.5217 2.7716 34.9341
2913.0000 2874.4819 2.7713 34.9342
2915.0000 2876.4421 2.7710 34.9341
2917.0000 2878.4026 2.7689 34.9340
2919.0000 2880.3625 2.7689 34.9338
2921.0000 2882.3228 2.7663 34.9337
2923.0000 2884.2832 2.7661 34.9336
2925.0000 2886.2437 2.7661 34.9337
2927.0000 2888.2034 2.7660 34.9336
2929.0000 2890.1636 2.7665 34.9338
2931.0000 2892.1235 2.7666 34.9337
2933.0000 2894.0842 2.7667 34.9337
2935.0000 2896.0439 2.7667 34.9335
2937.0000 2898.0042 2.7663 34.9336
2939.0000 2899.9641 2.7667 34.9336
2941.0000 2901.9241 2.7673 34.9337
2943.0000 2903.8840 2.7674 34.9336
2945.0000 2905.8442 2.7674 34.9336
2947.0000 2907.8042 2.7674 34.9336
2949.0000 2909.7642 2.7672 34.9336
2951.0000 2911.7239 2.7667 34.9334
2953.0000 2913.6843 2.7667 34.9335
2955.0000 2915.6438 2.7667 34.9335
2957.0000 2917.6038 2.7666 34.9334
2959.0000 2919.5637 2.7662 34.9333
2961.0000 2921.5237 2.7659 34.9331
2963.0000 2923.4834 2.7650 34.9332
2965.0000 2925.4434 2.7651 34.9332
2967.0000 2927.4031 2.7649 34.9332
2969.0000 2929.3628 2.7649 34.9331
2971.0000 2931.3225 2.7652 34.9332
2973.0000 2933.2825 2.7653 34.9332
2975.0000 2935.2419 2.7654 34.9332
2977.0000 2937.2019 2.7645 34.9332
2979.0000 2939.1614 2.7641 34.9331
2981.0000 2941.1213 2.7640 34.9329
2983.0000 2943.0806 2.7624 34.9328
2985.0000 2945.0405 2.7595 34.9324
2987.0000 2947.0002 2.7576 34.9325
2989.0000 2948.9597 2.7571 34.9324
2991.0000 2950.9194 2.7556 34.9322
2993.0000 2952.8789 2.7548 34.9322
2995.0000 2954.8389 2.7548 34.9323
2997.0000 2956.7979 2.7545 34.9321
2999.0000 2958.7578 2.7542 34.9320
3001.0000 2960.7173 2.7542 34.9320
3003.0000 2962.6765 2.7543 34.9320
3005.0000 2964.6360 2.7545 34.9321
3007.0000 2966.5957 2.7545 34.9320
3009.0000 2968.5552 2.7543 34.9320
3011.0000 2970.5144 2.7538 34.9320
3013.0000 2972.4741 2.7530 34.9319
3015.0000 2974.4333 2.7515 34.9317
3017.0000 2976.3926 2.7486 34.9315
3019.0000 2978.3518 2.7450 34.9311
3021.0000 2980.3115 2.7411 34.9308
3023.0000 2982.2710 2.7375 34.9304
3025.0000 2984.2297 2.7346 34.9303
3027.0000 2986.1892 2.7343 34.9302
3029.0000 2988.1484 2.7317 34.9301
3031.0000 2990.1077 2.7300 34.9298
3033.0000 2992.0669 2.7291 34.9297
3035.0000 2994.0261 2.7264 34.9296
3037.0000 2995.9854 2.7261 34.9295
3039.0000 2997.9443 2.7245 34.9294
3041.0000 2999.9038 2.7236 34.9293
3043.0000 3001.8628 2.7234 34.9294
3045.0000 3003.8220 2.7234 34.9293
3047.0000 3005.7812 2.7211 34.9290
3049.0000 3007.7402 2.7206 34.9290
3051.0000 3009.6990 2.7196 34.9288
3053.0000 3011.6582 2.7191 34.9289
3055.0000 3013.6172 2.7181 34.9288
3057.0000 3015.5764 2.7169 34.9286
3059.0000 3017.5352 2.7162 34.9286
3061.0000 3019.4944 2.7161 34.9286
3063.0000 3021.4534 2.7158 34.9285
3065.0000 3023.4121 2.7158 34.9285
3067.0000 3025.3711 2.7167 34.9286
3069.0000 3027.3301 2.7158 34.9285
3071.0000 3029.2893 2.7158 34.9285
3073.0000 3031.2478 2.7163 34.9285
3075.0000 3033.2068 2.7149 34.9284
3077.0000 3035.1658 2.7146 34.9283
3079.0000 3037.1243 2.7146 34.9283
3081.0000 3039.0833 2.7148 34.9283
3083.0000 3041.0422 2.7139 34.9282
3085.0000 3043.0007 2.7119 34.9281
3087.0000 3044.9595 2.7116 34.9279
3089.0000 3046.9182 2.7106 34.9279
3091.0000 3048.8772 2.7100 34.9279
3093.0000 3050.8357 2.7097 34.9279
3095.0000 3052.7942 2.7089 34.9277
3097.0000 3054.7529 2.7068 34.9275
3099.0000 3056.7119 2.7075 34.9274
3101.0000 3058.6702 2.7068 34.9274
3103.0000 3060.6289 2.7064 34.9275
3105.0000 3062.5876 2.7063 34.9274
3107.0000 3064.5459 2.7063 34.9275
3109.0000 3066.5046 2.7054 34.9273
3111.0000 3068.4634 2.7057 34.9274
3113.0000 3070.4214 2.7056 34.9273
3115.0000 3072.3804 2.7051 34.9272
3117.0000 3074.3386 2.7048 34.9272
3119.0000 3076.2971 2.7043 34.9272
3121.0000 3078.2556 2.7043 34.9271
3123.0000 3080.2139 2.7036 34.9270
3125.0000 3082.1724 2.7030 34.9270
3127.0000 3084.1309 2.7010 34.9268
3129.0000 3086.0891 2.7013 34.9267
3131.0000 3088.0476 2.7000 34.9267
3133.0000 3090.0061 2.6998 34.9267
3135.0000 3091.9641 2.6975 34.9264
3137.0000 3093.9226 2.6977 34.9265
3139.0000 3095.8809 2.6971 34.9263
3141.0000 3097.8394 2.6957 34.9262
3143.0000 3099.7974 2.6957 34.9262
3145.0000 3101.7559 2.6958 34.9262
3147.0000 3103.7141 2.6958 34.9262
3149.0000 3105.6721 2.6964 34.9263
3151.0000 3107.6304 2.6957 34.9261
3153.0000 3109.5889 2.6936 34.9260
3155.0000 3111.5464 2.6920 34.9259
3157.0000 3113.5049 2.6908 34.9258
3159.0000 3115.4629 2.6900 34.9257
3161.0000 3117.4209 2.6893 34.9255
3163.0000 3119.3792 2.6889 34.9255
3165.0000 3121.3372 2.6865 34.9253
3167.0000 3123.2952 2.6850 34.9252
3169.0000 3125.2529 2.6822 34.9250
3171.0000 3127.2112 2.6810 34.9249
3173.0000 3129.1694 2.6793 34.9247
3175.0000 3131.1270 2.6767 34.9245
3177.0000 3133.0852 2.6763 34.9244
3179.0000 3135.0432 2.6713 34.9240
3181.0000 3137.0010 2.6705 34.9241
3183.0000 3138.9587 2.6699 34.9238
3185.0000 3140.9170 2.6702 34.9239
3187.0000 3142.8750 2.6701 34.9239
3189.0000 3144.8323 2.6695 34.9239
3191.0000 3146.7903 2.6686 34.9237
3193.0000 3148.7483 2.6687 34.9236
3195.0000 3150.7061 2.6657 34.9234
3197.0000 3152.6638 2.6610 34.9230
3199.0000 3154.6216 2.6586 34.9228
3201.0000 3156.5796 2.6533 34.9224
3203.0000 3158.5369 2.6568 34.9226
3205.0000 3160.4949 2.6543 34.9224
3207.0000 3162.4526 2.6522 34.9223
3209.0000 3164.4106 2.6523 34.9222
3211.0000 3166.3677 2.6525 34.9223
3213.0000 3168.3254 2.6518 34.9222
3215.0000 3170.2832 2.6520 34.9223
3217.0000 3172.2407 2.6520 34.9222
3219.0000 3174.1982 2.6521 34.9221
3221.0000 3176.1560 2.6518 34.9221
3223.0000 3178.1138 2.6512 34.9221
3225.0000 3180.0710 2.6504 34.9220
3227.0000 3182.0283 2.6497 34.9219
3229.0000 3183.9861 2.6467 34.9217
3231.0000 3185.9436 2.6470 34.9216
3233.0000 3187.9011 2.6472 34.9216
3235.0000 3189.8584 2.6476 34.9218
3237.0000 3191.8157 2.6473 34.9217
3239.0000 3193.7732 2.6473 34.9217
3241.0000 3195.7307 2.6470 34.9215
3243.0000 3197.6880 2.6470 34.9216
3245.0000 3199.6453 2.6468 34.9216
3247.0000 3201.6028 2.6467 34.9215
3249.0000 3203.5603 2.6469 34.9215
3251.0000 3205.5171 2.6471 34.9215
3253.0000 3207.4746 2.6467 34.9214
3255.0000 3209.4321 2.6454 34.9214
3257.0000 3211.3894 2.6450 34.9213
3259.0000 3213.3464 2.6449 34.9213
3261.0000 3215.3035 2.6451 34.9213
3263.0000 3217.2610 2.6452 34.9213
3265.0000 3219.2178 2.6451 34.9213
3267.0000 3221.1753 2.6451 34.9213
3269.0000 3223.1326 2.6446 34.9211
3271.0000 3225.0896 2.6431 34.9211
3273.0000 3227.0464 2.6431 34.9210
3275.0000 3229.0039 2.6434 34.9210
3277.0000 3230.9609 2.6435 34.9210
3279.0000 3232.9180 2.6437 34.9210
3281.0000 3234.8750 2.6440 34.9210
3283.0000 3236.8320 2.6443 34.9210
3285.0000 3238.7891 2.6441 34.9209
3287.0000 3240.7458 2.6440 34.9209
3289.0000 3242.7031 2.6440 34.9209
3291.0000 3244.6599 2.6446 34.9210
3293.0000 3246.6167 2.6449 34.9211
3295.0000 3248.5737 2.6447 34.9209
3297.0000 3250.5308 2.6436 34.9208
3299.0000 3252.4875 2.6442 34.9206
3301.0000 3254.4443 2.6438 34.9208
3303.0000 3256.4014 2.6437 34.9207
3305.0000 3258.3584 2.6423 34.9207
3307.0000 3260.3149 2.6426 34.9207
3309.0000 3262.2720 2.6427 34.9206
3311.0000 3264.2288 2.6429 34.9206
3313.0000 3266.1853 2.6427 34.9206
3315.0000 3268.1418 2.6368 34.9199
3317.0000 3270.0989 2.6336 34.9199
3319.0000 3272.0557 2.6346 34.9198
3321.0000 3274.0122 2.6328 34.9197
3323.0000 3275.9690 2.6311 34.9195
3325.0000 3277.9255 2.6293 34.9194
3327.0000 3279.8821 2.6301 34.9194
3329.0000 3281.8389 2.6298 34.9195
3331.0000 3283.7957 2.6297 34.9195
3333.0000 3285.7522 2.6292 34.9194
3335.0000 3287.7087 2.6281 34.9193
3337.0000 3289.6650 2.6279 34.9193
3339.0000 3291.6218 2.6261 34.9190
3341.0000 3293.5781 2.6227 34.9187
3343.0000 3295.5347 2.6204 34.9185
3345.0000 3297.4915 2.6202 34.9185
3347.0000 3299.4480 2.6190 34.9184
3349.0000 3301.4043 2.6164 34.9183
3351.0000 3303.3606 2.6181 34.9182
3353.0000 3305.3171 2.6130 34.9177
3355.0000 3307.2732 2.6109 34.9177
3357.0000 3309.2297 2.6099 34.9175
3359.0000 3311.1863 2.6090 34.9176
3361.0000 3313.1428 2.6100 34.9175
3363.0000 3315.0989 2.6082 34.9173
3365.0000 3317.0554 2.6074 34.9174
3367.0000 3319.0115 2.6069 34.9173
3369.0000 3320.9675 2.6066 34.9172
3371.0000 3322.9241 2.6060 34.9172
3373.0000 3324.8804 2.6057 34.9172
3375.0000 3326.8364 2.6050 34.9171
3377.0000 3328.7927 2.6028 34.9169
3379.0000 3330.7490 2.6025 34.9168
3381.0000 3332.7053 2.6026 34.9167
3383.0000 3334.6611 2.6021 34.9169
3385.0000 3336.6174 2.6017 34.9169
3387.0000 3338.5735 2.6018 34.9169
3389.0000 3340.5293 2.6017 34.9169
3391.0000 3342.4856 2.6016 34.9168
3393.0000 3344.4417 2.6009 34.9167
3395.0000 3346.3979 2.5991 34.9165
3397.0000 3348.3540 2.5964 34.9163
3399.0000 3350.3098 2.5966 34.9163
3401.0000 3352.2661 2.5939 34.9159
3403.0000 3354.2217 2.5903 34.9157
3405.0000 3356.1775 2.5891 34.9156
3407.0000 3358.1338 2.5894 34.9156
3409.0000 3360.0896 2.5882 34.9155
3411.0000 3362.0452 2.5879 34.9155
3413.0000 3364.0015 2.5864 34.9154
3415.0000 3365.9575 2.5854 34.9152
3417.0000 3367.9128 2.5818 34.9149
3419.0000 3369.8691 2.5803 34.9148
3421.0000 3371.8252 2.5806 34.9147
3423.0000 3373.7810 2.5794 34.9146
3425.0000 3375.7366 2.5798 34.9147
3427.0000 3377.6924 2.5796 34.9147
3429.0000 3379.6479 2.5724 34.9138
3431.0000 3381.6033 2.5655 34.9136
3433.0000 3383.5593 2.5633 34.9134
3435.0000 3385.5151 2.5611 34.9131
3437.0000 3387.4707 2.5606 34.9132
3439.0000 3389.4265 2.5577 34.9128
3441.0000 3391.3821 2.5557 34.9127
3443.0000 3393.3379 2.5560 34.9127
3445.0000 3395.2935 2.5556 34.9127
3447.0000 3397.2488 2.5554 34.9127
3449.0000 3399.2046 2.5541 34.9125
3451.0000 3401.1602 2.5519 34.9124
3453.0000 3403.1157 2.5509 34.9122
3455.0000 3405.0715 2.5507 34.9123
3457.0000 3407.0271 2.5517 34.9124
3459.0000 3408.9822 2.5514 34.9124
3461.0000 3410.9380 2.5519 34.9121
3463.0000 3412.8933 2.5476 34.9119
3465.0000 3414.8486 2.5465 34.9119
3467.0000 3416.8040 2.5446 34.9115
3469.0000 3418.7595 2.5423 34.9114
3471.0000 3420.7148 2.5415 34.9115
3473.0000 3422.6699 2.5415 34.9114
3475.0000 3424.6255 2.5412 34.9113
3477.0000 3426.5808 2.5373 34.9109
3479.0000 3428.5361 2.5351 34.9108
3481.0000 3430.4915 2.5308 34.9103
3483.0000 3432.4470 2.5264 34.9100
3485.0000 3434.4021 2.5249 34.9099
3487.0000 3436.3572 2.5243 34.9099
3489.0000 3438.3125 2.5237 34.9099
3491.0000 3440.2676 2.5228 34.9097
3493.0000 3442.2227 2.5226 34.9097
3495.0000 3444.1782 2.5224 34.9097
3497.0000 3446.1333 2.5185 34.9093
3499.0000 3448.0884 2.5156 34.9090
3501.0000 3450.0432 2.5112 34.9087
3503.0000 3451.9988 2.5102 34.9086
3505.0000 3453.9539 2.5062 34.9082
3507.0000 3455.9084 2.5008 34.9079
3509.0000 3457.8640 2.4994 34.9077
3511.0000 3459.8191 2.4996 34.9078
3513.0000 3461.7737 2.4988 34.9077
3515.0000 3463.7288 2.4953 34.9074
3517.0000 3465.6838 2.4931 34.9072
3519.0000 3467.6387 2.4910 34.9070
3521.0000 3469.5940 2.4893 34.9070
3523.0000 3471.5488 2.4881 34.9068
3525.0000 3473.5034 2.4865 34.9067
3527.0000 3475.4583 2.4864 34.9067
3529.0000 3477.4133 2.4858 34.9066
3531.0000 3479.3684 2.4847 34.9065
3533.0000 3481.3232 2.4843 34.9065
3535.0000 3483.2781 2.4832 34.9063
3537.0000 3485.2327 2.4817 34.9062
3539.0000 3487.1877 2.4771 34.9057
3541.0000 3489.1423 2.4744 34.9056
3543.0000 3491.0969 2.4728 34.9055
3545.0000 3493.0520 2.4724 34.9054
3547.0000 3495.0071 2.4719 34.9054
3549.0000 3496.9612 2.4691 34.9050
3551.0000 3498.9163 2.4654 34.9048
3553.0000 3500.8708 2.4609 34.9044
3555.0000 3502.8252 2.4624 34.9044
3557.0000 3504.7803 2.4598 34.9044
3559.0000 3506.7349 2.4599 34.9044
3561.0000 3508.6892 2.4604 34.9042
3563.0000 3510.6438 2.4581 34.9041
3565.0000 3512.5984 2.4545 34.9039
3567.0000 3514.5530 2.4532 34.9038
3569.0000 3516.5073 2.4521 34.9036
3571.0000 3518.4619 2.4516 34.9037
3573.0000 3520.4165 2.4516 34.9036
3575.0000 3522.3708 2.4514 34.9036
3577.0000 3524.3254 2.4505 34.9036
3579.0000 3526.2800 2.4494 34.9034
3581.0000 3528.2341 2.4475 34.9032
3583.0000 3530.1885 2.4464 34.9032
3585.0000 3532.1431 2.4460 34.9030
3587.0000 3534.0977 2.4454 34.9030
3589.0000 3536.0520 2.4441 34.9029
3591.0000 3538.0061 2.4417 34.9027
3593.0000 3539.9607 2.4370 34.9022
3595.0000 3541.9150 2.4330 34.9019
3597.0000 3543.8691 2.4304 34.9017
3599.0000 3545.8235 2.4292 34.9016
3601.0000 3547.7776 2.4289 34.9015
3603.0000 3549.7319 2.4256 34.9014
3605.0000 3551.6860 2.4232 34.9010
3607.0000 3553.6401 2.4230 34.9012
3609.0000 3555.5945 2.4221 34.9010
3611.0000 3557.5486 2.4216 34.9009
3613.0000 3559.5029 2.4210 34.9009
3615.0000 3561.4570 2.4223 34.9012
3617.0000 3563.4109 2.4193 34.9007
3619.0000 3565.3652 2.4206 34.9007
3621.0000 3567.3193 2.4209 34.9006
3623.0000 3569.2734 2.4176 34.9005
3625.0000 3571.2273 2.4173 34.9005
3627.0000 3573.1816 2.4120 34.8998
3629.0000 3575.1353 2.4002 34.8989
3631.0000 3577.0896 2.3959 34.8986
3633.0000 3579.0435 2.3928 34.8983
3635.0000 3580.9976 2.3902 34.8982
3637.0000 3582.9514 2.3889 34.8981
3639.0000 3584.9053 2.3886 34.8981
3641.0000 3586.8594 2.3862 34.8979
3643.0000 3588.8132 2.3859 34.8979
3645.0000 3590.7666 2.3859 34.8979
3647.0000 3592.7207 2.3853 34.8978
3649.0000 3594.6750 2.3839 34.8978
3651.0000 3596.6284 2.3829 34.8976
3653.0000 3598.5823 2.3823 34.8976
3655.0000 3600.5359 2.3811 34.8974
3657.0000 3602.4902 2.3791 34.8972
3659.0000 3604.4436 2.3781 34.8972
3661.0000 3606.3975 2.3754 34.8968
3663.0000 3608.3511 2.3709 34.8966
3665.0000 3610.3044 2.3716 34.8966
3667.0000 3612.2583 2.3710 34.8965
3669.0000 3614.2122 2.3701 34.8964
3671.0000 3616.1658 2.3708 34.8964
3673.0000 3618.1194 2.3703 34.8964
3675.0000 3620.0730 2.3710 34.8966
3677.0000 3622.0269 2.3718 34.8965
3679.0000 3623.9802 2.3710 34.8965
3681.0000 3625.9336 2.3710 34.8965
3683.0000 3627.8875 2.3698 34.8962
3685.0000 3629.8408 2.3683 34.8961
3687.0000 3631.7942 2.3681 34.8961
3689.0000 3633.7476 2.3689 34.8962
3691.0000 3635.7017 2.3679 34.8960
3693.0000 3637.6548 2.3676 34.8960
3695.0000 3639.6082 2.3669 34.8959
3697.0000 3641.5618 2.3688 34.8959
3699.0000 3643.5149 2.3665 34.8957
3701.0000 3645.4683 2.3628 34.8954
3703.0000 3647.4221 2.3632 34.8955
3705.0000 3649.3755 2.3633 34.8956
3707.0000 3651.3284 2.3633 34.8956
3709.0000 3653.2817 2.3634 34.8954
3711.0000 3655.2351 2.3618 34.8954
3713.0000 3657.1880 2.3606 34.8952
3715.0000 3659.1418 2.3603 34.8953
3717.0000 3661.0952 2.3595 34.8952
3719.0000 3663.0481 2.3588 34.8950
3721.0000 3665.0012 2.3590 34.8950
3723.0000 3666.9546 2.3597 34.8951
3725.0000 3668.9080 2.3601 34.8952
3727.0000 3670.8608 2.3600 34.8952
3729.0000 3672.8142 2.3605 34.8950
3731.0000 3674.7671 2.3605 34.8951
3733.0000 3676.7205 2.3608 34.8951
3735.0000 3678.6736 2.3611 34.8951
3737.0000 3680.6265 2.3610 34.8950
3739.0000 3682.5798 2.3610 34.8951
3741.0000 3684.5325 2.3611 34.8951
3743.0000 3686.4854 2.3621 34.8952
3745.0000 3688.4387 2.3621 34.8952
3747.0000 3690.3921 2.3634 34.8952
3749.0000 3692.3447 2.3639 34.8952
3751.0000 3694.2976 2.3645 34.8953
3753.0000 3696.2505 2.3649 34.8953
3755.0000 3698.2036 2.3648 34.8952
3757.0000 3700.1565 2.3648 34.8952
3759.0000 3702.1094 2.3652 34.8951
3761.0000 3704.0620 2.3654 34.8951
3763.0000 3706.0149 2.3660 34.8950
3765.0000 3707.9678 2.3662 34.8950
3767.0000 3709.9209 2.3665 34.8952
3769.0000 3711.8733 2.3668 34.8951
3771.0000 3713.8259 2.3672 34.8953
3773.0000 3715.7793 2.3672 34.8951
3775.0000 3717.7314 2.3672 34.8951
3777.0000 3719.6843 2.3671 34.8951
3779.0000 3721.6370 2.3642 34.8948
3781.0000 3723.5901 2.3659 34.8951
3783.0000 3725.5425 2.3643 34.8948
3785.0000 3727.4954 2.3639 34.8948
3787.0000 3729.4478 2.3638 34.8948
3789.0000 3731.4004 2.3631 34.8947
3791.0000 3733.3530 2.3633 34.8947
3793.0000 3735.3059 2.3647 34.8947
3795.0000 3737.2583 2.3645 34.8947
